20 30
84 12 15 20 23 
18 1 15 16 17 21 23 24 25 27 
37 11 14 18 19 22 26 27 
12 17 19 20 21 24 27 
14 14 15 17 18 22 23 24 27 30 
67 25 26 
49 30 
7 12 14 17 26 27 30 
97 1 12 13 15 17 23 27 28 
11 11 13 16 19 27 
50 11 13 14 15 19 20 25 29 
39 16 22 26 28 
27 1 14 15 16 17 
69 15 17 18 23 26 28 29 
37 11 15 17 19 26 28 
54 15 22 25 30 
46 20 29 
55 1 16 17 21 22 29 
34 11 13 15 18 20 25 
62 11 21 23 25 26 30 
88 9 3 43 90 29 85 12 51 87 84 39 60 68 63 74 64 66 1 10 56 72 71 96 72 47 20 38 90 82 
