204 306
262 123 129 131 135 140 142 144 155 172 189 195 204 221 233 241 246 249 265 269 275 287 290 
7 106 109 113 122 125 126 133 136 138 139 143 144 151 152 153 159 161 170 173 175 177 179 181 183 184 185 186 189 190 200 203 204 205 210 212 213 215 218 223 225 227 229 231 232 236 237 243 251 264 268 269 271 272 274 276 278 280 281 287 294 296 300 304 306 
67 241 
214 105 107 111 114 115 122 127 128 136 137 138 141 144 145 148 153 159 162 169 175 181 182 184 187 188 189 191 197 198 199 205 208 210 211 213 215 220 226 227 231 232 233 234 242 246 250 252 255 257 258 259 260 261 262 266 268 270 279 281 282 283 287 288 289 290 296 298 301 302 303 304 305 306 
187 118 128 136 138 141 148 153 156 157 158 183 189 195 197 211 225 238 240 259 268 274 278 285 287 292 297 299 304 305 
30 109 115 133 135 141 174 189 192 194 199 202 216 221 231 237 246 283 286 
65 1 104 111 114 117 118 119 123 126 135 140 141 142 143 144 146 151 153 155 163 164 167 171 175 178 182 184 189 192 194 196 201 203 205 206 209 213 215 216 222 223 225 226 228 233 237 240 242 245 246 249 250 251 252 256 259 260 261 262 269 272 273 279 282 286 290 292 297 301 302 304 
224 1 104 119 123 127 129 134 135 139 140 143 147 151 153 156 162 166 169 190 194 196 200 201 203 213 216 220 221 226 230 232 234 235 239 244 256 260 261 267 268 271 279 280 283 284 287 288 296 301 
99 1 103 106 108 109 112 113 115 116 118 121 126 129 130 131 133 137 138 139 140 142 143 147 156 160 167 170 179 183 184 188 190 194 195 196 207 209 215 216 217 219 223 229 232 234 235 237 239 243 245 257 262 263 264 266 270 274 275 278 280 284 286 287 289 290 293 294 295 297 298 300 302 305 306 
155 1 115 121 131 132 133 134 141 143 151 153 156 169 171 173 178 184 198 209 210 214 217 219 229 235 238 246 261 262 263 267 271 276 278 280 281 297 298 299 302 303 306 
24 108 128 129 130 138 141 143 147 158 159 167 174 182 185 186 187 220 232 233 240 242 248 262 263 282 283 305 
95 143 148 164 172 302 
121 123 127 133 173 188 212 219 239 244 250 263 302 
148 105 107 110 111 116 119 122 127 133 138 143 160 162 163 164 167 168 176 177 179 181 183 186 190 193 194 195 196 197 200 205 206 209 213 216 218 219 223 224 228 235 239 240 245 248 252 263 265 271 275 280 283 286 288 291 295 297 299 301 304 305 
146 106 111 113 114 115 120 122 125 128 134 135 136 138 140 142 144 149 150 157 158 159 165 167 168 172 175 178 180 182 183 187 188 190 191 194 195 196 197 201 202 203 205 206 207 208 210 212 227 228 229 233 241 242 251 252 253 260 262 263 264 266 267 268 271 272 273 274 275 277 278 281 289 292 294 296 297 298 300 301 303 304 
96 108 109 110 112 113 119 125 132 137 145 147 149 151 154 177 178 180 184 185 189 194 196 209 211 220 228 230 237 238 240 243 258 259 260 271 272 275 277 278 280 282 284 285 286 288 293 298 299 300 301 302 305 
128 107 109 110 117 129 130 131 132 137 145 149 155 159 168 177 182 197 206 208 215 219 223 228 236 238 245 261 266 276 279 283 284 291 294 297 305 
173 103 107 115 117 123 125 126 129 133 135 138 144 145 156 157 158 159 163 167 170 174 176 177 182 185 190 192 197 199 203 209 210 215 219 220 223 225 226 227 232 238 245 248 249 255 274 279 287 288 289 294 300 304 305 
152 120 129 139 211 235 275 306 
188 119 171 200 242 243 286 
192 103 104 107 112 120 122 123 124 127 130 136 142 147 148 157 158 162 164 166 167 174 183 190 192 195 196 199 200 202 204 206 211 212 213 217 218 219 223 224 232 233 235 242 247 248 250 251 253 255 261 263 265 273 274 279 280 283 285 286 291 292 294 303 306 
285 107 115 122 124 131 132 137 140 143 144 146 150 151 153 155 156 157 158 160 161 162 164 165 167 169 171 173 175 176 183 187 191 194 197 198 199 200 209 210 211 214 215 218 221 225 226 227 236 237 239 243 245 250 256 257 259 263 264 277 278 287 292 293 297 298 299 300 302 306 
15 105 106 108 109 118 119 125 130 132 133 135 138 141 146 147 148 156 158 165 166 174 175 179 186 187 188 196 197 199 202 205 206 207 212 213 214 216 217 224 226 227 230 231 235 238 240 241 243 249 251 252 254 257 260 261 262 264 265 267 268 277 280 281 283 289 290 292 296 301 305 306 
220 104 107 115 120 121 122 125 130 145 152 160 161 162 174 182 183 186 190 209 221 228 229 230 237 241 248 250 251 260 264 273 282 288 293 294 297 299 300 304 
5 116 131 140 162 169 179 219 237 261 267 282 287 296 300 
50 103 108 112 113 114 121 128 129 134 136 137 140 141 146 149 154 155 157 158 159 167 171 172 173 182 184 185 192 212 225 226 238 248 249 251 252 253 256 264 273 274 278 279 280 282 285 286 295 296 300 305 
250 108 112 116 117 118 122 127 128 131 133 136 138 140 141 143 146 149 153 154 159 163 165 169 172 179 184 195 201 204 216 219 223 224 226 228 231 232 237 238 251 253 254 263 267 268 272 276 277 278 281 289 290 291 292 294 301 302 304 
62 1 104 106 113 120 123 131 133 142 144 145 146 148 150 154 156 159 165 166 167 170 177 182 184 190 191 194 195 196 202 204 207 210 211 216 221 223 224 227 236 238 240 243 246 247 249 250 255 256 258 259 263 265 271 273 277 280 283 286 287 288 294 295 299 300 303 304 
181 1 108 111 117 119 121 124 126 127 134 135 140 141 143 146 150 151 153 157 159 160 164 166 167 169 173 174 176 178 182 183 186 190 197 198 199 202 203 205 207 210 221 229 231 232 234 238 240 246 247 248 250 255 257 259 260 263 271 276 279 281 289 294 303 
23 1 103 109 118 119 124 125 128 130 132 133 134 137 139 142 146 150 151 153 154 160 165 166 167 169 170 176 177 186 188 190 194 195 199 200 204 205 206 208 210 211 212 222 228 239 241 246 248 250 252 253 254 259 260 261 264 267 268 269 273 274 275 276 277 278 281 283 284 285 292 293 302 
159 1 107 117 119 121 123 127 142 148 152 157 199 204 210 213 225 246 253 254 255 277 291 292 303 304 
158 115 119 122 126 128 131 137 138 141 143 145 146 148 150 153 156 163 164 166 168 176 177 180 183 186 189 194 195 200 206 213 215 216 218 219 220 226 228 230 235 236 238 240 241 245 250 252 255 261 264 266 270 273 274 275 276 286 287 292 294 300 304 306 
245 122 135 144 149 151 152 191 206 208 269 270 
294 108 112 123 128 132 172 212 219 241 248 269 275 282 286 296 
68 143 144 147 155 167 197 218 232 258 261 296 
116 106 111 114 118 121 125 130 131 139 141 151 160 163 164 165 168 169 170 182 183 193 194 195 199 200 201 205 206 208 211 213 217 218 230 233 243 245 246 253 261 273 275 278 283 286 293 306 
170 1 139 161 232 234 241 242 247 273 
257 104 107 112 114 115 116 123 124 125 126 128 133 140 142 144 145 147 149 152 156 157 160 161 162 166 168 172 173 179 180 185 187 188 190 191 201 213 215 216 217 218 226 230 231 236 238 239 244 245 246 247 248 249 250 251 253 255 256 259 260 261 263 267 268 269 271 272 279 280 284 285 288 290 293 294 301 302 306 
226 113 123 127 133 146 152 154 156 169 171 182 185 200 209 235 239 240 243 249 263 270 274 288 289 293 294 
17 116 163 175 183 192 215 232 245 246 268 272 276 288 
90 103 106 109 111 113 118 123 124 131 132 136 138 141 142 143 144 145 146 147 151 152 154 162 164 165 166 167 168 170 172 173 175 177 180 181 186 190 195 197 199 203 205 206 208 210 211 214 219 224 227 228 230 232 233 234 236 237 238 239 240 242 247 250 251 252 254 255 257 258 272 275 277 278 279 280 281 283 288 294 296 299 300 302 304 
294 120 137 156 216 219 234 255 262 264 269 280 283 287 
63 104 109 111 112 113 114 118 120 127 129 131 143 158 159 165 167 169 176 180 182 185 186 191 192 193 194 196 198 199 201 203 206 211 213 214 215 220 226 229 231 233 242 259 264 267 269 273 274 277 280 283 287 289 296 298 301 302 305 306 
83 103 106 111 114 130 132 136 140 141 143 145 146 147 150 152 154 158 163 166 167 168 170 173 177 188 192 196 202 207 211 214 215 220 221 224 227 232 235 242 245 248 249 251 252 253 257 279 280 281 288 292 295 301 302 306 
159 104 110 116 123 124 125 126 130 132 133 140 143 153 155 163 164 166 167 168 182 189 202 208 211 242 249 256 259 260 266 292 293 
3 175 243 244 273 289 
139 110 113 118 123 130 136 139 140 145 147 148 153 157 162 164 170 176 179 180 197 200 202 203 212 214 217 220 225 228 231 234 237 238 240 241 242 243 245 249 257 259 266 269 274 279 281 283 285 287 295 296 302 304 
276 103 104 106 110 114 115 116 119 121 123 124 130 136 137 138 139 154 155 156 157 159 161 165 166 167 168 172 173 178 179 183 188 192 195 198 199 209 215 216 227 230 231 234 236 239 241 244 246 249 250 252 253 260 262 263 275 279 281 287 289 293 296 301 302 305 306 
166 1 104 107 113 115 121 122 123 125 127 128 132 133 134 136 140 141 145 154 157 159 160 163 166 170 177 180 182 183 184 188 193 197 198 199 200 201 202 203 204 205 214 217 225 227 228 233 234 235 239 240 244 252 253 255 258 260 263 265 267 272 273 276 281 284 286 289 290 291 293 298 299 306 
216 105 109 110 119 133 155 167 187 206 225 229 232 238 248 266 269 
191 111 114 118 121 122 127 129 149 155 156 157 167 168 169 171 172 176 178 192 205 209 217 225 227 228 242 251 259 261 262 263 267 285 288 300 302 
52 103 114 138 143 148 155 175 177 185 191 198 206 211 213 214 218 236 241 251 257 261 269 283 289 301 
255 157 170 178 196 199 207 220 233 236 246 259 274 277 280 289 300 
144 106 108 110 116 119 123 132 144 148 152 158 161 170 172 183 187 189 193 194 203 207 216 218 220 222 227 230 232 233 235 236 239 244 248 250 255 260 266 267 275 279 280 281 284 285 290 295 296 
19 110 124 146 152 155 161 169 170 176 177 182 183 222 224 225 237 242 249 254 273 279 298 
72 103 106 108 111 118 121 141 142 143 155 158 165 171 173 176 179 180 196 197 199 203 205 210 211 218 227 231 235 238 241 249 259 276 278 286 288 306 
64 106 111 131 144 162 174 192 199 209 211 220 225 226 237 238 244 274 277 283 287 292 299 304 
218 104 105 107 109 125 134 137 140 153 154 165 166 171 174 186 190 201 202 204 209 221 222 223 232 233 236 242 248 249 250 257 263 268 270 275 280 281 282 287 297 
123 106 108 111 119 120 123 135 161 165 166 170 171 183 190 193 199 200 210 212 221 232 239 255 259 262 263 264 266 269 275 283 289 294 
114 104 111 113 115 119 123 124 137 138 140 151 154 155 159 174 181 185 192 200 202 210 216 217 222 226 237 239 240 243 253 258 263 267 269 273 275 285 286 287 295 297 301 302 305 
20 109 113 117 119 131 133 136 140 143 154 156 161 165 166 170 171 179 181 183 196 199 201 215 216 218 220 225 239 242 246 248 255 267 274 279 282 287 289 294 299 302 
202 1 144 163 165 204 246 265 266 287 293 
248 103 105 111 113 156 169 187 191 200 201 206 222 227 228 236 238 240 244 249 258 260 261 264 269 277 279 286 294 303 
227 108 114 119 139 173 190 191 213 214 215 218 219 235 240 243 244 246 249 255 283 290 305 306 
127 130 171 267 
250 109 111 122 138 143 146 147 160 168 171 190 191 208 221 236 241 243 254 259 261 266 270 285 287 294 301 306 
203 104 105 109 110 117 118 120 125 132 137 151 156 171 177 178 185 192 200 202 211 216 217 233 236 240 247 248 252 259 268 283 295 296 305 
150 169 246 287 298 
79 110 121 132 145 163 165 169 175 190 193 196 200 207 209 214 219 245 248 258 261 271 279 280 285 287 288 292 306 
167 116 117 118 120 127 130 131 132 140 144 146 147 149 153 155 166 167 169 173 174 176 181 183 184 185 191 198 200 204 207 213 216 217 220 222 224 226 229 230 232 245 252 253 254 257 259 260 262 266 268 269 270 272 274 275 276 279 282 284 286 287 293 296 297 298 299 304 
174 108 109 110 111 114 115 116 119 123 128 129 140 141 145 148 149 166 168 169 171 172 178 180 186 197 209 211 217 222 225 236 238 240 241 242 252 256 258 260 263 264 274 278 286 287 288 289 293 294 296 299 302 303 305 306 
40 119 131 144 151 152 158 168 178 179 189 197 213 246 267 268 276 294 
127 104 114 120 123 132 140 143 148 172 195 198 228 241 249 250 272 278 295 302 
57 1 107 122 123 124 127 133 134 135 136 137 140 147 152 153 154 158 161 163 174 178 179 185 186 192 193 196 199 201 205 208 217 219 221 225 228 237 242 244 248 249 250 252 259 261 267 269 270 277 278 280 287 291 295 299 304 306 
56 104 105 110 111 112 115 117 119 124 130 135 136 137 138 142 144 151 154 157 164 169 172 176 177 178 185 187 189 194 197 206 212 217 225 227 238 239 240 242 244 247 253 257 261 265 270 273 282 287 293 296 302 304 305 
260 1 103 106 109 111 117 120 121 126 128 130 131 132 135 136 137 140 143 144 148 152 154 155 156 157 158 161 162 163 167 169 176 178 179 182 183 184 185 186 189 191 195 196 197 198 205 210 215 216 217 230 235 237 238 242 248 249 258 260 261 262 266 268 270 272 283 284 285 286 287 290 295 296 297 299 302 303 304 
183 106 107 108 111 112 114 121 122 123 125 128 133 134 135 137 145 183 184 187 189 191 193 208 217 227 232 233 237 242 244 247 249 253 256 258 261 267 269 277 287 288 292 293 297 301 
83 104 107 108 112 115 119 124 125 127 128 129 134 136 137 139 150 152 158 162 163 168 177 179 183 184 193 195 203 205 229 232 234 239 248 250 253 258 259 268 278 280 284 286 288 290 295 302 304 305 
44 103 104 106 108 109 110 120 121 126 127 128 129 130 140 142 144 145 146 149 150 152 154 159 160 165 166 167 172 173 178 180 182 187 191 192 197 198 200 204 206 207 208 211 214 217 224 225 227 229 230 235 236 240 242 245 250 253 255 257 258 262 266 272 273 275 277 279 280 286 290 297 299 300 302 
280 104 108 109 122 133 136 140 142 147 149 150 170 171 178 180 181 186 187 194 197 198 201 204 206 209 214 222 225 226 229 237 241 244 245 247 249 250 252 256 259 262 264 265 266 270 276 290 291 294 298 299 301 
224 104 112 133 137 139 150 153 169 172 173 174 178 179 188 193 195 199 212 215 216 220 230 232 233 238 244 246 249 261 262 263 268 276 282 285 286 287 289 293 295 297 299 300 303 
285 107 112 115 116 121 123 149 163 167 174 175 180 186 187 188 191 197 207 214 221 228 231 235 243 244 250 263 265 276 279 280 283 291 298 302 
134 1 107 108 110 111 112 113 115 116 120 121 127 138 144 145 151 156 157 159 162 163 164 165 166 169 172 173 175 176 179 181 183 184 186 188 190 192 193 200 205 207 208 210 211 212 215 217 223 225 226 229 234 236 240 242 244 247 248 252 255 256 262 263 264 267 269 272 273 277 278 282 285 286 288 289 295 304 305 
32 164 273 
278 1 108 109 119 126 128 130 131 135 138 141 146 151 153 158 159 160 166 171 172 175 177 180 182 185 192 194 195 197 201 204 209 216 217 219 223 224 226 227 228 231 235 240 254 255 257 258 260 265 271 272 273 274 275 276 282 284 286 289 290 291 293 295 296 298 
147 104 109 110 111 114 119 121 135 152 157 160 174 179 186 188 189 191 193 197 199 202 205 210 212 215 216 233 238 262 263 267 270 272 273 274 275 276 282 283 284 288 297 299 303 
53 1 104 105 106 113 114 115 117 119 123 126 128 129 131 135 136 139 141 143 145 147 151 153 154 155 158 161 162 166 169 170 182 187 188 190 191 197 201 203 205 206 208 210 220 222 223 227 228 231 232 233 234 235 239 240 246 247 248 249 251 252 253 255 256 258 263 265 267 270 274 275 280 285 286 295 296 302 303 305 
278 127 129 134 142 154 176 179 180 223 227 239 247 254 269 273 277 279 280 
238 1 103 104 107 119 123 124 125 131 132 133 138 142 146 150 151 154 158 160 161 169 170 171 174 176 177 180 181 189 190 191 192 195 199 209 210 212 213 216 220 221 225 227 237 242 245 246 249 252 253 258 260 267 269 272 273 274 276 281 282 283 284 285 287 288 289 293 295 301 302 303 305 
262 117 128 143 147 156 176 197 202 206 237 246 279 285 
131 103 104 106 108 111 114 117 118 122 123 133 137 139 141 142 143 153 154 158 159 165 169 171 173 175 184 190 191 192 194 199 202 203 206 209 210 212 214 220 222 226 227 229 232 234 237 239 240 242 257 259 260 267 270 274 275 279 283 285 286 290 294 299 
172 1 112 113 118 121 122 123 124 130 132 133 147 149 150 151 164 168 175 178 181 182 184 186 193 196 198 201 206 211 212 213 215 216 218 220 225 229 230 231 232 237 239 241 243 248 249 252 258 260 261 262 263 264 265 270 273 276 278 282 283 285 289 290 294 295 299 
57 108 135 213 231 238 255 260 291 299 
205 1 106 109 110 111 116 117 120 127 128 129 132 139 145 149 154 159 160 175 181 183 184 189 191 199 201 205 208 210 212 213 214 215 216 224 228 231 235 244 250 262 267 269 274 280 282 293 296 297 299 300 306 
276 122 124 126 135 136 146 162 164 171 173 178 179 184 189 196 198 202 206 211 217 220 222 228 232 235 239 241 246 249 254 262 263 265 267 269 283 292 298 303 
77 1 104 107 110 112 119 129 133 137 140 141 142 145 147 148 149 150 156 160 167 174 175 180 185 190 192 196 205 208 209 214 218 225 228 230 236 242 246 250 251 271 273 281 282 287 294 295 296 304 
259 1 104 109 113 114 117 120 121 123 125 129 131 132 137 139 142 144 145 152 155 157 159 160 163 164 167 174 175 176 184 186 188 193 195 196 200 205 206 213 216 219 225 226 233 236 238 242 248 250 251 255 256 259 261 262 263 264 267 269 272 281 284 285 286 288 289 290 292 293 294 298 299 301 304 
135 107 114 115 116 119 120 121 122 125 126 135 137 142 143 148 154 158 160 171 173 185 187 192 193 194 195 198 199 200 204 234 236 239 247 248 250 255 259 266 268 270 272 274 275 276 279 281 286 292 293 297 298 299 305 
206 112 114 123 127 131 133 139 142 144 147 149 153 157 159 161 163 165 171 174 175 178 182 183 184 187 193 195 200 201 207 209 213 220 221 222 227 228 238 241 243 247 252 261 262 266 267 274 276 279 293 299 302 303 304 
104 117 145 150 156 165 198 204 208 219 224 228 249 265 287 301 
130 108 109 130 139 142 145 167 169 176 180 189 205 211 215 216 219 220 242 246 248 250 261 270 278 279 280 281 284 286 293 298 302 304 305 
72 140 155 160 164 193 211 218 223 228 263 273 301 
250 111 116 118 121 123 125 130 133 140 143 156 166 170 176 178 193 198 202 206 213 218 222 223 224 227 235 236 243 245 247 251 252 255 257 264 269 271 274 275 286 287 295 300 303 304 
285 103 104 105 106 108 111 115 116 117 118 119 133 134 138 155 156 157 164 173 175 179 180 183 185 187 190 193 196 197 198 200 201 203 205 208 210 222 226 229 231 234 235 238 240 243 248 252 257 262 265 267 270 272 274 276 279 283 288 290 291 292 297 298 301 304 305 
100 131 144 218 220 235 275 
199 104 106 107 108 112 113 114 115 118 119 123 124 125 126 131 141 142 146 149 150 152 158 170 173 174 176 183 184 185 190 192 195 197 199 206 209 210 213 216 219 224 233 236 242 245 247 250 251 253 254 255 257 258 262 270 273 275 280 282 284 285 286 289 291 292 294 297 301 306 
95 135 180 257 
164 105 110 116 118 121 123 132 136 144 147 160 164 177 180 185 186 192 195 198 201 203 207 213 218 219 239 244 245 249 250 254 255 256 257 264 274 278 280 284 288 292 294 300 302 303 306 
215 103 108 113 116 121 124 127 133 135 144 145 147 152 154 158 175 176 179 181 182 188 189 193 197 207 212 213 218 224 243 248 258 259 272 273 276 294 301 303 
185 108 116 118 124 129 135 137 139 140 148 150 159 168 174 181 184 191 192 193 197 198 200 208 211 217 221 224 232 233 236 239 241 243 247 250 252 256 259 260 263 268 269 271 272 279 287 289 290 293 295 298 299 303 305 
100 110 118 120 121 123 125 128 147 150 152 168 170 171 190 196 199 205 208 210 211 224 229 237 249 258 275 279 282 288 
241 104 109 114 117 122 123 124 129 130 132 133 136 139 144 146 147 148 149 150 152 157 162 164 165 174 175 179 182 183 190 192 195 197 198 201 212 214 215 216 217 224 225 227 229 231 233 235 239 243 245 246 247 249 252 264 267 268 271 287 290 295 297 298 303 304 
96 106 111 119 120 135 136 147 149 164 180 181 183 188 195 196 211 216 220 222 223 256 266 278 283 295 
9 106 108 109 110 111 124 125 130 132 133 138 140 141 143 150 154 155 157 162 166 170 172 174 177 178 184 187 188 195 196 200 201 203 207 208 209 210 211 213 216 217 223 224 225 227 228 231 232 233 234 240 246 248 252 259 267 280 285 288 290 292 293 295 297 299 301 303 305 
281 111 116 126 127 137 141 149 151 154 155 163 169 170 178 180 183 195 199 203 204 205 206 208 211 219 220 229 230 231 235 236 237 252 265 266 267 270 272 279 281 285 289 293 297 299 
116 113 115 117 125 132 138 141 143 144 148 168 170 178 179 182 187 188 190 192 194 199 201 204 208 209 218 221 224 225 231 234 235 238 245 247 248 249 251 257 258 262 267 268 271 277 283 284 292 297 299 
23 110 115 120 134 141 150 152 155 164 168 175 180 193 208 216 223 228 232 240 251 252 254 266 270 271 272 273 294 
87 1 107 108 115 117 120 124 131 135 136 144 148 150 179 180 186 187 188 189 196 203 204 212 214 219 225 237 241 243 244 246 248 250 255 264 268 269 273 277 279 281 288 304 
155 1 103 108 117 125 128 130 133 140 143 144 151 155 156 161 164 165 167 170 172 177 178 180 182 185 186 189 191 192 198 200 203 204 208 211 215 220 221 223 226 227 230 233 239 243 244 248 250 251 253 254 257 258 266 276 279 280 285 287 288 295 302 303 304 305 306 
278 1 112 115 119 121 124 130 131 134 135 137 139 141 142 143 144 149 151 152 157 163 165 167 168 169 171 174 175 176 191 193 195 196 199 201 202 208 211 213 215 216 218 220 221 225 228 229 232 235 236 238 239 240 242 246 248 253 254 256 257 267 275 276 277 278 281 282 286 292 293 294 306 
147 105 106 108 110 116 127 128 136 140 141 146 155 160 164 167 174 176 185 186 191 202 203 204 205 209 211 212 213 214 216 230 231 235 238 239 242 243 246 250 251 252 255 256 259 260 262 263 266 267 271 278 281 283 286 288 292 294 298 299 300 305 306 
76 164 246 259 298 
164 1 103 104 111 124 133 134 136 138 140 141 152 153 155 164 167 168 169 170 171 176 178 184 187 189 191 192 193 196 198 200 201 208 212 219 224 225 229 230 232 235 236 240 243 244 256 259 263 265 271 282 284 286 293 294 298 306 
134 103 106 107 111 113 128 130 134 135 139 140 144 147 148 155 157 159 184 192 198 201 205 207 210 211 233 234 241 243 245 253 257 258 268 285 292 301 
76 109 113 117 127 141 161 180 196 201 211 214 229 251 255 258 263 278 
103 1 104 105 112 114 116 123 124 130 140 151 155 157 161 163 165 171 178 182 190 192 193 198 199 204 215 221 228 230 231 238 241 242 244 246 250 251 253 255 267 269 271 275 280 281 284 288 291 299 
233 134 136 145 146 246 287 288 292 
234 127 163 186 194 242 262 305 
208 108 114 127 171 175 176 211 225 232 254 268 302 
135 147 256 261 
150 111 141 174 194 209 210 243 245 283 303 
95 115 130 138 140 142 155 158 169 187 195 211 214 220 227 240 243 249 251 254 264 266 270 277 279 282 285 287 291 298 
280 109 111 114 124 132 136 140 142 143 148 152 156 157 160 161 165 186 187 191 202 203 208 212 231 232 241 243 249 250 251 253 259 260 266 275 279 286 292 
19 103 109 115 122 124 125 129 130 132 135 150 152 153 154 157 159 162 164 175 178 179 184 189 191 197 198 203 207 211 222 224 225 229 230 249 252 254 255 256 257 258 267 269 273 275 281 284 290 291 293 298 299 306 
50 104 108 124 127 134 139 140 143 158 163 178 181 182 194 196 211 213 221 232 242 250 252 256 260 263 265 266 268 272 275 285 294 296 300 301 304 
130 105 113 119 120 121 130 131 135 137 140 143 169 175 176 177 178 186 199 202 204 206 216 225 229 233 238 244 246 247 248 251 257 262 263 273 281 287 297 298 302 303 
255 104 106 108 110 111 113 115 117 119 121 122 126 127 129 130 131 135 136 137 139 143 152 155 159 162 163 173 176 177 180 185 187 189 190 192 198 201 218 219 220 225 226 230 231 233 235 237 244 253 258 261 264 265 266 267 271 274 277 290 292 294 295 296 300 301 303 306 
293 137 168 195 201 
270 1 104 106 107 110 112 115 118 120 124 127 129 134 135 136 140 144 151 152 158 171 172 179 180 190 191 192 194 199 201 202 205 211 213 217 222 224 234 240 244 245 253 255 260 261 262 273 275 276 279 282 284 288 291 300 
279 104 105 106 108 109 126 130 132 133 135 137 140 151 155 159 168 170 172 177 191 193 198 207 208 210 214 224 234 235 238 240 241 243 244 245 250 253 255 260 261 264 265 267 271 274 276 279 284 286 290 293 296 300 304 305 306 
94 109 110 123 130 136 154 158 159 160 175 181 191 197 200 240 242 279 284 303 
188 103 108 117 127 163 165 169 178 182 190 197 198 224 226 231 237 245 252 255 261 264 265 280 283 285 294 
29 112 114 121 122 123 132 135 141 151 153 154 157 166 169 179 183 184 218 224 226 231 244 259 270 282 288 295 298 299 
51 103 138 139 169 185 192 193 206 222 234 271 
115 104 113 115 119 121 123 133 171 176 185 196 197 201 204 214 216 218 231 232 239 240 252 253 271 272 278 291 293 304 
120 1 103 104 107 108 110 111 112 116 117 118 119 121 122 123 125 126 127 128 130 132 133 135 147 149 150 151 152 159 160 162 163 172 173 174 175 180 181 182 184 188 189 194 197 203 204 216 223 227 228 230 231 233 236 237 239 245 249 252 257 260 263 264 266 276 277 280 282 283 288 292 296 297 298 300 303 304 
239 114 119 130 137 139 140 144 148 153 154 160 162 165 166 167 178 181 182 184 185 186 188 189 192 196 198 202 205 206 207 209 210 211 212 220 224 225 230 231 232 233 238 240 245 247 248 250 251 252 253 255 258 261 263 264 266 269 272 277 284 286 290 293 302 303 306 
126 113 115 118 120 126 139 142 157 164 173 175 179 183 184 200 204 216 218 223 242 249 253 261 266 275 284 288 291 300 302 
202 104 105 107 113 114 115 120 125 126 130 138 140 144 149 154 158 163 166 168 175 176 188 189 194 205 209 211 218 219 220 221 225 226 227 229 231 234 235 239 242 243 245 250 251 252 260 261 262 265 270 274 277 278 283 284 286 287 288 290 291 292 293 299 305 
245 109 120 144 151 189 192 208 210 216 223 224 231 233 242 253 256 262 268 306 
281 104 106 109 111 112 121 126 128 130 133 138 140 144 146 148 150 154 160 163 164 167 169 172 173 176 179 181 186 187 188 190 191 193 195 196 197 199 200 209 210 211 216 218 225 226 228 229 231 235 236 238 240 242 243 244 246 250 252 253 256 258 259 261 262 267 270 274 276 278 279 285 286 287 291 293 294 303 305 
174 1 103 105 107 110 113 116 117 130 131 135 137 145 146 147 152 155 156 161 162 168 174 178 179 183 186 187 188 189 190 193 196 203 204 206 207 210 212 217 226 231 233 235 239 241 246 250 253 254 256 259 260 266 268 271 272 273 276 277 283 299 
22 115 116 129 130 144 149 157 182 191 207 212 223 239 247 248 275 279 281 286 291 
125 108 116 123 133 134 138 172 175 176 178 181 182 185 202 217 222 225 234 241 242 253 262 268 286 287 297 
281 1 117 133 153 169 175 199 215 225 230 248 256 263 287 306 
3 104 107 108 109 111 114 120 124 126 127 128 133 140 141 143 145 146 154 155 161 163 164 167 172 175 176 180 182 183 189 198 201 205 206 207 210 212 213 215 218 221 226 228 234 236 237 239 243 244 247 248 252 253 257 261 264 271 273 275 282 283 284 287 289 290 292 293 296 298 
245 104 113 114 116 119 121 125 127 128 138 143 147 149 153 164 168 176 180 181 182 188 191 195 198 199 210 211 213 215 216 217 218 224 227 228 229 230 233 234 236 245 256 260 262 264 266 267 274 275 276 279 283 290 291 295 299 302 303 306 
225 123 124 139 158 176 183 188 201 215 237 251 268 273 288 289 297 298 299 
168 112 131 136 141 142 158 169 171 175 176 181 195 209 211 258 261 266 274 280 283 288 290 293 
213 1 109 115 119 125 127 133 143 150 153 154 165 167 168 172 178 179 184 196 204 208 210 216 223 224 233 237 240 244 254 257 265 273 274 303 
158 103 104 105 106 107 109 113 115 117 119 120 124 129 131 138 144 148 151 153 156 160 162 163 166 168 169 171 175 177 178 182 184 185 188 190 191 193 196 197 200 203 211 213 214 215 219 223 226 227 228 230 231 236 237 238 239 244 249 250 256 258 260 265 267 269 271 274 275 279 281 285 287 289 291 292 300 301 306 
110 1 105 113 121 125 128 135 140 144 145 153 154 155 156 158 161 164 169 184 200 212 214 215 221 222 224 227 232 236 239 244 250 252 255 262 270 272 274 280 283 286 289 305 
86 120 121 125 134 141 143 151 154 161 172 174 188 198 206 216 221 226 229 251 252 255 256 259 263 267 268 269 276 287 292 294 299 301 
66 108 119 138 143 164 169 170 199 213 219 225 250 255 264 279 280 283 285 
155 1 106 108 113 114 116 117 123 125 126 132 133 135 138 139 141 143 144 147 150 154 163 171 175 178 181 182 184 191 195 197 198 200 209 213 218 226 227 231 234 238 241 244 246 248 252 256 260 263 264 265 276 278 285 289 292 293 300 305 
6 106 110 113 115 116 125 127 128 129 130 131 132 134 135 141 145 147 149 160 163 165 169 174 176 177 178 183 186 187 189 194 200 204 206 207 211 212 214 216 217 219 220 223 224 227 228 229 230 231 235 236 238 243 244 245 249 250 251 258 261 263 266 268 269 270 271 277 283 287 289 293 294 298 301 302 303 306 
155 118 132 161 171 190 192 197 208 215 227 231 255 282 300 301 
24 103 106 109 113 116 117 120 125 128 131 135 136 137 139 143 146 148 165 166 170 171 177 179 180 181 183 184 185 186 193 200 202 204 207 216 217 219 220 223 229 234 237 240 242 247 251 254 258 263 265 269 271 272 273 274 280 285 288 289 292 293 298 300 301 302 305 
29 109 117 124 128 130 131 137 138 139 146 147 153 155 163 174 175 179 181 191 201 209 249 253 260 295 302 306 
122 110 112 115 128 130 152 155 163 169 191 216 217 230 232 245 251 252 277 278 280 300 
39 103 112 113 118 121 123 126 130 133 134 139 141 144 156 161 165 166 176 179 188 192 194 200 203 206 207 211 216 220 221 230 232 233 234 236 237 243 251 256 257 258 260 263 267 272 273 277 289 302 
95 105 106 107 110 111 120 126 127 129 131 139 147 152 153 158 160 162 163 164 167 169 174 175 177 179 180 183 184 185 189 190 191 193 195 196 198 204 205 206 208 211 215 219 221 223 224 225 229 230 245 250 251 252 255 256 263 267 269 270 271 272 277 278 280 281 282 283 287 290 291 292 297 300 302 303 304 306 
174 119 173 194 219 233 295 
103 103 110 121 138 148 186 212 258 
123 105 118 120 123 128 132 134 141 143 148 154 158 167 173 177 178 180 183 185 186 189 194 196 199 200 203 209 211 214 220 222 228 229 232 233 236 237 238 241 243 250 251 252 264 265 267 269 275 280 285 293 294 300 301 305 306 
249 1 104 105 106 108 110 112 114 116 120 122 130 131 136 139 140 144 145 146 151 153 158 163 165 169 173 175 176 181 182 187 189 191 194 195 196 202 208 211 214 215 216 218 222 223 224 226 228 230 232 235 237 239 240 241 244 245 247 248 251 257 262 263 271 272 273 274 277 280 281 284 285 286 287 295 296 300 301 305 306 
293 116 124 132 136 150 155 159 162 164 168 169 171 188 190 194 206 208 210 217 221 227 228 229 283 289 290 297 303 305 
270 103 110 111 113 114 116 119 120 121 122 127 128 131 136 137 139 149 151 155 158 160 164 168 170 174 175 176 177 178 181 182 183 187 188 191 197 203 205 210 211 215 216 218 221 222 223 226 227 228 229 230 231 232 235 237 238 239 248 253 254 258 262 264 265 268 269 271 272 273 274 275 278 279 280 283 287 288 291 298 299 300 302 303 306 
184 109 110 120 135 139 153 166 180 182 194 239 251 257 261 265 279 
24 162 165 168 177 194 203 231 234 246 250 256 262 274 275 300 306 
73 107 109 113 115 116 119 120 128 129 131 134 138 139 141 149 154 155 158 159 162 164 166 168 171 172 178 180 181 188 190 200 204 206 210 213 219 234 236 245 250 252 257 264 267 268 277 278 284 289 293 300 301 
94 105 107 113 116 119 126 129 136 137 138 143 149 153 154 159 172 180 183 190 196 197 202 211 212 218 219 239 246 247 250 252 266 271 275 277 282 284 293 304 
270 104 106 117 125 147 148 164 165 177 179 183 184 206 207 208 212 219 224 235 240 244 253 259 265 275 277 281 287 294 
48 106 125 150 181 192 234 250 253 263 272 276 300 
188 106 110 120 121 129 132 134 136 149 176 178 180 181 183 184 192 201 205 210 227 238 248 267 275 277 278 286 288 290 297 302 304 305 306 
265 112 116 118 119 123 124 125 127 129 138 148 149 151 155 162 166 168 172 174 176 181 189 197 198 199 200 201 203 208 210 211 213 221 222 232 236 240 241 244 257 260 274 291 304 305 
205 103 107 122 123 124 129 131 135 141 150 155 157 159 160 163 170 171 173 175 187 190 196 198 205 206 208 210 212 217 220 223 224 231 237 242 246 247 253 256 258 259 260 261 265 275 276 277 278 282 283 298 300 
100 104 114 115 118 123 129 131 133 134 143 149 151 154 165 168 171 174 176 182 186 187 192 196 198 211 212 214 242 246 248 265 269 270 271 280 282 293 
183 104 108 122 123 137 140 149 154 155 160 162 166 176 183 186 187 193 198 200 202 204 205 212 221 236 239 249 271 273 277 283 284 285 287 302 303 
80 108 109 112 120 121 122 134 137 138 139 141 158 162 165 167 169 175 178 179 181 182 183 184 192 193 196 198 199 201 204 211 218 219 226 232 237 239 240 241 244 249 251 256 259 263 264 273 277 283 287 292 293 299 303 304 306 
76 106 107 110 113 122 124 126 134 137 139 146 147 153 155 161 163 168 170 176 177 184 198 206 209 216 220 222 225 232 236 238 239 243 251 258 271 276 280 286 288 291 295 298 299 303 304 
229 1 105 125 128 136 144 151 153 164 169 173 174 177 180 182 186 189 193 194 197 199 201 206 211 213 225 233 235 236 245 246 248 251 255 256 260 262 263 266 268 271 281 285 287 291 300 
64 105 107 109 110 123 130 133 142 145 152 154 156 157 159 167 169 170 171 174 175 176 181 183 186 189 191 192 202 204 205 209 210 212 214 215 217 227 229 233 234 236 238 242 243 245 248 250 251 257 259 260 261 263 264 266 269 272 278 282 288 289 292 295 296 302 305 
73 112 113 114 117 118 119 120 124 126 128 129 145 148 153 155 156 160 178 183 191 202 208 210 212 213 215 219 220 221 223 225 230 234 238 239 243 255 256 257 262 267 270 276 278 282 290 296 297 299 305 
126 221 
8 124 125 130 140 143 144 145 146 164 166 170 180 184 185 187 188 201 210 217 245 253 255 260 261 269 274 276 277 
65 121 133 148 156 158 162 163 200 238 305 
283 104 106 107 113 115 119 120 139 140 141 142 144 145 150 151 152 156 157 158 159 160 162 171 176 178 179 183 189 190 195 196 201 203 207 209 211 212 213 220 221 223 224 225 226 227 231 232 233 235 237 243 245 247 249 251 253 255 258 260 262 264 265 271 273 276 277 281 282 283 285 288 290 292 294 295 298 301 
55 112 114 116 119 124 126 143 147 149 154 156 158 160 161 162 167 168 174 180 185 193 195 196 199 210 212 223 226 231 234 235 237 239 240 242 243 260 264 273 274 277 286 287 289 290 292 299 301 302 303 304 
18 104 109 112 121 125 128 131 132 134 136 138 140 142 145 147 149 154 164 168 173 177 183 185 186 189 190 193 196 198 202 206 208 210 220 226 227 230 231 236 246 247 248 250 251 252 256 257 259 267 269 271 274 280 282 286 287 289 290 291 294 296 297 302 
5 105 106 111 117 133 144 148 158 160 165 170 174 176 178 179 182 183 184 185 193 195 201 202 215 218 225 226 228 232 238 239 242 244 250 253 258 262 265 271 276 277 283 290 291 298 300 
114 106 114 121 123 124 125 127 128 130 131 134 136 162 170 171 174 178 181 193 194 195 196 199 207 211 221 228 235 241 242 246 253 257 260 261 262 264 265 266 268 271 275 276 279 283 286 289 290 294 295 296 298 300 
233 157 162 215 264 301 
44 103 106 107 109 113 115 117 118 119 124 125 131 132 134 138 146 147 148 149 150 153 158 162 163 164 169 170 171 173 176 178 179 180 181 182 183 184 186 189 190 192 196 201 202 204 208 214 215 226 229 230 232 235 237 238 239 241 242 249 257 258 259 263 264 265 270 277 279 283 284 285 288 289 291 292 298 300 301 302 303 305 306 
95 57 195 26 257 14 140 266 189 128 263 3 246 203 102 111 5 113 212 21 51 140 81 226 228 3 134 64 51 220 274 181 258 147 194 255 192 212 55 299 15 26 80 118 233 174 18 107 215 277 200 4 48 30 178 28 167 298 151 88 205 226 91 139 61 63 296 152 38 88 256 270 171 35 180 192 246 241 103 10 272 296 162 152 197 260 294 104 80 127 153 130 251 64 206 66 93 8 147 151 222 251 245 86 150 253 137 27 204 265 176 51 77 267 286 112 71 11 85 50 215 40 273 27 248 234 142 178 281 299 230 279 139 35 16 26 136 87 286 194 284 67 165 58 150 272 239 196 71 228 100 136 249 191 174 265 230 240 15 116 63 26 200 244 231 140 38 160 64 74 245 81 167 233 282 19 122 157 200 297 221 96 204 15 104 254 79 54 211 59 201 70 254 196 166 56 81 274 164 50 141 20 212 205 236 117 89 114 51 130 86 209 295 118 43 53 297 84 156 280 292 54 141 187 100 260 69 87 213 59 24 65 11 77 208 234 25 37 57 65 207 150 67 203 152 265 286 244 281 84 73 236 116 99 251 231 127 69 66 201 26 135 96 80 166 78 122 84 133 34 15 131 15 260 217 31 290 213 77 267 216 263 90 5 98 1 243 259 55 240 6 160 33 78 26 216 279 162 104 183 127 202 56 70 70 291 
