206 309
284 104 109 134 137 141 144 145 148 150 152 153 154 158 160 163 167 168 170 176 180 181 184 189 199 216 217 223 226 227 228 231 236 238 242 251 257 259 267 279 281 292 295 297 299 
236 105 110 111 124 126 129 131 135 136 137 141 143 146 151 153 154 155 158 162 164 167 168 169 174 178 179 181 182 185 186 187 189 192 194 197 200 201 202 203 207 211 213 219 220 221 222 226 227 230 232 233 234 236 237 239 240 247 249 250 251 254 256 258 261 266 269 271 272 275 282 283 286 293 299 303 304 308 
271 116 128 132 147 158 159 164 170 174 185 193 210 212 214 218 219 236 243 244 247 248 250 259 269 277 279 287 288 291 292 299 307 309 
190 1 106 113 138 145 152 169 171 188 208 217 238 273 292 304 
249 134 141 145 146 149 154 173 190 192 194 200 217 226 235 240 249 250 252 258 272 291 
285 106 110 117 120 122 125 127 130 133 135 139 149 150 151 167 170 176 178 182 183 188 190 191 192 198 202 214 217 218 220 226 227 232 233 243 246 248 255 257 258 260 267 268 269 274 276 283 298 305 309 
264 104 134 135 146 163 182 185 207 246 263 277 280 303 
2 109 113 117 119 123 125 127 128 132 135 136 151 152 154 160 162 163 171 172 177 180 181 183 190 205 207 220 228 246 248 252 253 254 258 259 263 270 274 275 277 278 281 286 293 301 302 
225 1 105 110 111 121 127 132 133 135 139 142 145 146 150 151 152 155 158 159 161 164 166 167 168 173 174 180 181 185 186 187 192 193 200 205 208 220 223 225 227 229 231 233 235 248 250 251 252 253 259 265 266 267 274 278 282 284 285 286 291 296 297 298 301 303 309 
200 197 218 233 246 
20 115 125 130 151 194 205 215 221 244 283 
105 118 129 144 154 156 165 167 194 224 257 272 301 306 
27 105 106 108 113 117 119 121 126 128 129 133 138 139 142 144 147 148 153 154 155 161 164 165 166 168 173 178 179 180 182 188 190 192 193 196 199 201 204 206 210 212 214 215 220 223 227 229 230 234 238 244 253 254 255 256 257 258 260 264 265 267 270 271 275 276 278 279 282 283 284 287 289 290 291 296 300 307 308 
269 143 177 189 196 219 287 
143 152 178 186 198 214 215 244 268 
93 108 109 110 112 115 118 119 126 127 129 130 131 132 135 137 141 143 144 154 158 161 162 163 165 173 176 181 183 184 185 186 189 191 192 196 201 202 203 206 210 211 223 224 233 234 241 242 247 248 249 257 258 259 262 263 265 266 267 268 269 277 284 289 292 301 302 304 305 
164 105 106 107 111 113 114 115 116 118 120 124 127 130 131 133 134 136 137 138 143 144 147 150 152 155 156 159 161 164 165 168 169 170 174 175 178 183 187 194 197 200 202 206 214 215 219 221 222 228 230 234 236 237 244 251 255 263 266 267 271 280 281 283 284 285 287 290 293 297 298 301 302 307 
181 111 118 137 145 150 156 173 176 183 188 191 196 200 204 206 214 224 237 240 242 244 249 250 252 261 271 274 278 281 284 287 292 293 296 301 303 305 307 
23 1 113 114 115 123 124 132 134 137 148 150 162 164 165 170 177 184 198 203 204 216 222 224 227 232 234 239 247 249 252 254 256 257 258 260 262 263 273 278 289 292 299 304 306 309 
287 112 120 122 124 125 127 129 130 131 132 134 141 142 145 154 155 158 161 164 166 173 175 176 177 181 184 185 193 196 197 198 202 204 206 207 208 212 215 218 221 222 223 224 227 230 233 236 241 243 245 246 247 249 250 255 257 259 261 262 265 270 273 274 276 281 284 285 288 289 290 293 294 299 300 304 308 
289 1 106 114 115 127 130 131 135 140 142 150 156 157 162 169 172 176 182 186 190 198 199 200 202 217 220 221 223 225 226 227 228 229 231 237 242 246 253 255 256 257 258 262 263 264 266 270 272 274 276 280 286 288 292 294 297 300 301 
85 1 105 106 109 114 118 119 130 133 134 136 140 142 147 150 151 156 159 160 161 162 168 171 172 174 181 184 187 189 190 193 198 203 208 209 215 216 223 225 227 228 231 232 233 239 243 244 245 247 248 256 262 268 269 271 279 288 290 296 299 300 301 307 
174 1 104 111 112 114 115 117 121 124 127 130 131 137 141 143 145 149 150 155 159 164 168 177 182 185 189 197 204 209 210 212 222 223 224 226 229 235 246 251 255 258 261 267 269 270 274 279 285 286 288 295 296 302 306 309 
91 106 115 119 134 135 139 145 146 147 159 161 163 169 176 183 187 189 191 193 199 204 211 214 215 220 222 227 231 232 233 237 243 245 246 251 253 255 257 258 261 264 266 269 276 281 282 286 291 
43 119 124 138 141 158 164 165 166 193 201 211 214 250 254 256 268 308 
136 105 109 113 114 115 118 125 126 131 132 136 138 142 143 145 148 150 152 153 156 161 167 175 177 179 181 184 188 189 192 193 195 204 205 206 211 213 216 218 222 228 231 238 252 254 262 263 270 279 280 281 284 291 299 304 
234 133 
162 105 106 107 111 113 114 118 121 127 128 130 137 139 141 147 156 157 159 163 165 169 170 173 179 181 182 183 186 188 190 191 195 199 200 204 208 209 210 211 213 217 218 219 220 229 246 255 258 261 262 263 267 268 281 285 286 295 298 
125 107 118 127 129 148 155 157 161 172 211 213 216 229 230 240 249 269 277 282 288 
157 105 107 110 113 121 127 128 130 131 132 133 135 139 141 146 152 154 159 163 165 166 167 171 176 178 181 182 190 194 196 197 198 200 202 203 206 218 222 224 225 226 237 238 240 242 247 248 250 253 259 260 267 268 269 272 274 275 277 282 290 293 298 301 302 306 307 309 
227 1 104 113 114 116 125 131 132 134 142 143 148 152 156 157 168 178 179 182 189 192 194 198 206 213 215 216 218 219 221 222 226 235 237 239 240 245 257 271 277 287 290 291 293 306 307 309 
248 151 
137 112 115 123 132 139 141 144 151 156 163 178 187 188 198 201 206 219 223 229 232 237 239 243 248 259 262 270 273 275 277 283 289 298 306 307 308 309 
279 104 108 114 123 124 130 135 136 144 151 152 159 168 174 176 178 184 190 191 196 200 202 212 215 218 223 225 231 240 243 244 248 261 263 267 270 271 272 275 283 285 288 291 299 307 309 
163 1 104 109 113 116 124 128 129 130 131 134 138 143 147 151 155 157 158 160 161 163 164 166 167 177 178 181 184 188 189 190 193 195 199 203 206 208 209 210 216 219 220 222 223 227 229 230 232 240 243 244 248 249 254 256 262 264 265 267 270 280 282 283 285 287 289 290 292 295 297 300 302 304 
230 1 105 106 109 110 118 120 121 126 129 131 132 141 145 148 149 151 152 154 163 170 178 180 182 183 188 193 201 204 207 212 218 221 222 223 224 228 232 237 238 240 241 247 252 259 261 264 266 268 271 273 275 276 277 279 280 284 288 291 292 295 296 297 298 305 309 
263 107 108 112 120 121 126 138 139 140 144 147 153 162 168 170 173 176 178 180 181 182 184 185 186 191 193 199 203 209 217 219 220 221 225 230 232 233 236 241 245 249 250 253 254 256 257 259 266 269 273 281 285 286 287 293 296 297 300 301 303 307 308 
152 105 110 111 113 115 127 131 134 135 139 141 142 151 157 158 159 160 161 162 164 169 171 176 181 182 183 185 186 188 189 190 194 197 205 206 209 211 215 218 219 224 229 231 237 239 240 243 246 249 251 252 253 257 261 263 264 265 269 270 274 281 283 289 291 294 297 299 300 301 303 306 307 309 
2 106 109 110 114 117 119 129 136 140 141 143 147 155 157 165 175 176 180 183 185 189 195 198 201 202 205 219 222 223 225 226 234 237 240 245 247 251 252 253 254 258 260 262 268 273 280 281 290 294 295 296 303 305 306 
113 1 105 107 108 122 123 124 142 144 145 148 155 157 160 163 167 170 173 177 181 187 191 215 223 225 227 231 235 238 240 246 248 249 252 253 260 268 279 283 287 288 290 292 296 301 302 305 307 
187 105 108 111 113 120 124 125 127 137 141 143 151 153 156 167 170 172 174 176 179 180 181 183 191 200 205 207 209 214 216 217 220 221 227 231 236 238 243 245 247 251 252 254 256 258 259 260 263 267 270 273 282 284 288 289 292 295 301 
249 106 107 113 120 123 139 140 141 148 159 175 186 187 205 209 230 231 241 248 268 270 272 276 281 282 298 309 
132 105 106 108 109 110 112 113 115 117 118 121 123 124 125 126 143 147 148 149 151 152 154 155 156 157 158 160 161 165 170 171 172 173 176 178 180 181 183 184 185 187 188 192 194 195 197 200 203 206 207 209 224 229 230 233 235 240 242 244 248 252 257 258 260 263 267 274 276 279 280 281 285 286 288 293 297 300 304 305 308 309 
230 1 108 111 112 114 115 116 117 121 123 124 129 130 132 134 136 138 139 140 146 150 153 155 156 157 158 159 161 167 168 169 172 177 180 185 186 187 192 193 198 199 203 204 209 210 212 215 217 218 223 224 225 228 234 235 249 255 260 261 262 263 264 266 268 272 275 279 284 286 290 291 293 295 296 298 302 303 306 
261 108 110 111 115 120 121 125 129 131 140 142 143 144 145 150 151 156 159 161 166 170 171 174 181 189 203 217 225 232 236 248 250 255 260 265 270 271 275 280 284 285 288 289 290 292 296 297 299 308 309 
139 126 148 149 169 
242 105 122 135 154 155 156 157 173 182 193 194 198 203 205 241 242 246 254 256 273 274 280 286 289 298 
262 1 104 108 110 111 114 121 127 133 134 139 140 143 146 147 149 150 154 157 161 164 167 168 173 176 182 186 192 193 195 203 207 214 220 223 231 235 238 242 243 245 246 247 256 258 259 261 262 264 267 269 270 271 272 273 276 280 285 287 288 292 293 295 301 306 
267 1 109 110 118 125 126 129 138 139 144 145 150 154 157 161 163 170 171 178 183 184 194 196 204 205 207 210 211 213 216 218 220 222 223 229 232 243 246 247 249 257 259 263 265 274 275 276 282 284 288 289 291 300 303 304 
202 104 112 114 119 123 129 130 141 143 147 148 151 158 160 162 166 169 176 178 180 185 188 191 194 195 196 198 199 207 210 211 216 222 223 231 233 237 238 243 245 246 255 261 264 267 268 271 275 283 284 294 296 
277 106 116 119 126 132 147 155 158 159 163 166 174 175 180 199 204 211 212 217 220 240 241 243 245 250 253 255 263 264 265 273 276 279 289 293 294 296 307 
246 105 106 110 113 114 123 125 126 128 129 137 142 151 155 163 164 165 167 168 170 182 183 184 191 198 200 205 207 210 211 213 214 217 220 223 226 228 235 236 239 241 246 250 256 257 259 260 262 263 266 270 272 274 278 279 280 282 284 289 290 291 294 296 297 298 301 303 305 
273 108 115 132 147 271 286 287 295 297 304 306 309 
274 110 131 136 222 229 239 250 273 278 
36 104 112 117 126 131 146 148 153 159 165 168 169 171 183 186 203 205 218 221 226 231 232 233 234 245 256 257 265 275 278 301 307 
284 106 111 114 118 119 126 130 132 136 139 147 150 153 158 161 164 165 169 172 178 186 191 197 198 206 207 210 211 215 222 230 231 232 234 235 240 242 243 245 246 247 249 251 261 264 266 270 275 277 278 281 285 291 293 309 
96 107 116 142 151 152 169 182 183 185 199 218 227 256 262 265 279 298 
165 104 106 142 165 182 185 190 191 234 240 262 292 294 296 
238 1 106 110 126 151 152 169 184 187 188 198 202 209 210 222 228 234 237 256 258 275 291 292 294 297 303 
225 109 133 171 206 217 218 249 254 258 282 284 
162 141 144 145 147 156 177 178 193 234 260 266 299 302 
44 119 153 192 204 284 298 301 
294 105 107 110 122 131 135 143 147 155 156 162 173 178 186 190 191 195 199 202 207 214 216 220 223 224 227 238 241 243 261 265 269 270 271 275 277 283 290 308 
290 107 109 110 113 117 119 126 132 133 138 149 152 155 156 157 161 162 164 166 170 174 182 184 187 191 195 197 201 202 204 212 214 217 220 223 224 225 227 232 235 239 243 244 250 251 253 256 263 264 265 274 275 277 278 281 283 288 289 294 296 297 300 301 305 306 307 309 
156 1 104 105 107 110 114 117 118 125 126 127 130 132 136 138 139 142 144 145 146 149 150 155 158 161 166 167 175 177 178 179 181 185 186 187 188 189 192 194 198 200 202 209 210 212 213 223 228 231 233 244 250 251 252 257 258 259 263 264 266 267 269 270 276 281 283 288 289 292 301 302 
281 1 104 105 108 113 114 116 120 123 124 126 128 129 131 140 141 144 145 148 149 155 156 160 161 162 164 168 171 173 174 175 177 178 186 187 188 189 191 192 193 197 201 202 204 205 206 210 211 212 213 217 218 220 222 226 229 233 236 237 238 239 240 244 250 254 255 260 264 268 269 271 278 281 284 286 287 289 290 291 296 304 306 308 
184 105 109 110 113 116 124 128 129 132 136 153 161 162 165 167 171 172 173 177 203 205 207 213 218 219 220 223 225 230 234 242 244 255 256 259 260 271 277 284 285 291 299 
47 104 106 115 125 127 142 144 156 165 176 178 191 197 200 211 219 224 229 231 232 233 234 236 249 259 263 264 267 277 278 279 281 286 288 291 308 
191 1 105 108 114 115 118 119 120 121 125 129 137 139 145 152 153 154 160 161 162 187 191 196 197 198 201 203 204 214 216 222 224 227 229 230 231 232 238 239 241 244 248 251 254 262 263 266 268 269 270 272 273 274 276 278 280 284 287 288 291 296 298 300 301 302 304 
61 104 111 112 116 117 123 127 128 129 134 135 136 137 139 141 143 144 145 146 147 148 150 151 152 153 158 164 168 174 175 176 178 180 182 188 190 193 194 195 196 197 200 202 205 208 209 213 216 220 223 228 229 233 234 235 238 239 251 252 255 258 261 263 266 271 272 273 276 283 295 297 300 303 304 305 306 308 
141 109 110 114 120 123 124 128 132 136 138 142 144 154 160 166 167 181 184 197 198 203 204 215 221 229 231 235 245 253 255 263 271 272 274 277 278 280 285 287 289 295 296 297 
182 1 104 107 111 115 120 122 129 141 147 152 154 160 171 177 181 184 185 186 192 198 200 205 214 218 220 243 244 245 249 252 254 255 260 261 263 270 273 294 300 303 308 309 
158 105 106 109 111 113 114 116 119 120 123 127 133 134 136 137 138 139 143 146 147 148 150 151 154 156 160 162 165 170 173 174 178 179 180 181 182 183 185 186 187 190 195 199 202 204 205 206 207 209 211 214 224 226 228 233 238 240 244 245 247 251 256 257 258 267 268 270 271 276 280 288 290 295 298 299 300 309 
50 105 107 112 113 115 117 119 121 122 127 129 133 134 141 144 147 155 159 160 164 165 168 174 176 178 179 180 181 182 187 190 192 195 196 203 205 206 213 215 216 221 224 225 228 229 231 232 233 237 246 247 259 260 262 264 268 274 277 280 281 283 284 288 290 294 295 301 
299 112 117 120 128 129 130 148 158 159 166 188 193 196 199 204 208 217 225 239 248 251 279 287 296 300 305 
86 110 123 173 188 190 197 199 212 225 229 233 248 255 258 269 282 293 307 
33 138 156 175 194 232 260 274 
35 107 114 119 124 126 127 142 146 148 158 169 182 187 193 194 195 208 211 227 232 245 254 266 267 276 285 288 289 296 298 304 306 307 
131 138 223 251 261 296 
38 118 131 169 187 190 192 210 228 246 255 279 288 289 308 
53 110 111 113 114 115 116 118 119 124 126 127 128 131 133 134 137 138 140 142 144 148 150 153 159 160 162 167 172 174 175 177 178 179 188 189 190 191 192 193 202 206 207 211 225 230 233 234 235 237 240 241 242 249 250 251 257 258 265 268 272 273 284 287 291 292 294 295 296 299 300 302 306 307 309 
48 121 122 141 162 163 172 190 224 236 245 246 247 255 256 267 283 287 288 289 
135 115 117 125 128 138 140 145 158 160 162 170 171 184 200 203 206 207 219 223 224 225 228 272 274 276 277 284 295 296 301 306 
188 109 111 115 117 120 121 125 126 127 131 132 133 135 137 141 142 145 150 153 160 162 165 166 168 169 172 181 183 185 186 187 188 190 191 199 202 203 206 211 212 220 223 232 233 234 235 239 240 242 243 246 247 249 253 256 262 268 270 275 276 278 279 280 281 284 287 289 290 292 294 295 296 299 304 305 307 
81 108 114 118 138 149 159 160 161 162 167 172 174 184 185 189 196 197 198 211 217 223 227 244 245 247 248 258 259 266 267 270 271 273 279 285 287 289 291 299 305 306 309 
109 106 107 111 113 116 118 122 126 140 144 147 149 157 161 166 169 170 178 188 193 196 201 203 209 213 218 220 221 225 226 235 237 242 243 246 248 249 255 261 265 266 269 272 279 280 292 298 302 307 308 
73 111 119 122 137 141 149 156 162 163 176 177 189 201 250 253 256 260 277 309 
300 1 105 106 107 111 113 116 120 124 125 127 130 132 135 137 145 147 148 152 153 156 159 164 165 166 168 169 170 175 178 181 183 185 188 189 196 201 204 208 211 213 215 216 221 222 224 226 230 231 233 235 237 238 239 240 243 245 249 252 260 261 265 270 271 275 277 279 281 291 292 294 297 298 301 302 303 304 305 309 
138 107 113 114 130 134 135 140 143 144 145 149 152 160 164 169 182 194 196 201 202 217 220 222 223 250 257 258 260 266 269 270 278 281 282 295 307 
3 107 114 121 130 140 144 147 150 151 154 159 165 167 169 172 175 185 187 188 193 196 210 219 227 238 259 260 270 277 278 280 296 298 301 306 308 
286 112 115 123 125 131 134 149 150 151 156 161 162 163 172 178 181 183 189 194 196 200 203 213 220 229 232 238 240 241 247 249 254 264 270 271 279 281 283 286 292 298 
33 105 108 114 115 122 124 126 127 133 136 138 139 140 145 150 153 154 155 156 158 159 165 170 171 177 178 180 183 186 193 197 202 203 208 209 212 218 219 224 225 226 227 231 234 240 243 247 251 252 257 258 260 263 265 274 281 299 301 
285 115 116 127 128 131 136 139 140 141 146 148 149 151 152 153 154 157 162 164 166 167 171 175 177 180 184 185 186 188 192 193 196 197 199 207 208 209 211 212 219 222 225 228 232 234 235 236 237 241 243 244 249 251 252 255 256 257 258 259 262 267 270 273 274 275 277 278 279 281 283 285 287 288 291 293 294 301 305 306 
182 105 111 117 119 127 128 131 144 154 155 163 168 191 195 215 221 239 256 261 264 265 267 274 280 281 282 287 296 307 
136 110 125 127 154 208 213 220 305 
168 1 107 108 114 116 125 126 127 136 142 147 151 157 158 161 163 164 168 174 175 180 184 194 197 198 199 206 207 210 214 217 221 229 230 236 237 241 247 251 254 261 264 265 270 280 282 292 294 299 300 306 308 309 
165 106 107 112 116 119 124 125 136 161 162 166 175 203 210 216 231 243 245 263 265 279 299 309 
191 106 119 122 128 131 140 141 154 159 160 162 170 183 186 190 193 194 196 199 202 205 211 220 225 241 250 255 256 257 261 263 267 274 284 286 291 299 
117 113 114 122 126 128 131 133 134 136 139 142 144 147 150 153 162 163 165 167 171 172 175 178 183 186 190 191 192 194 195 197 202 204 206 208 209 218 221 222 233 234 235 243 247 251 252 258 263 268 270 272 278 279 280 283 284 285 296 297 300 304 306 308 
13 174 187 200 251 253 256 
225 1 105 113 115 116 121 124 128 131 132 135 137 143 145 146 149 152 158 169 179 181 182 186 187 189 193 202 205 209 210 211 217 219 220 221 224 228 232 234 236 241 244 249 251 252 268 270 276 277 290 291 293 297 303 304 305 309 
243 1 110 113 115 122 125 126 144 149 155 156 166 178 184 187 196 205 207 210 211 212 213 215 221 228 229 232 236 239 242 248 254 260 261 265 271 272 273 275 276 289 292 294 300 308 309 
203 1 105 110 111 112 116 120 121 122 124 127 130 131 133 138 141 144 146 148 150 154 155 157 158 162 166 167 170 173 176 179 181 188 189 190 194 195 196 197 202 208 209 213 214 232 234 236 237 241 244 247 254 258 279 280 284 286 287 302 308 
153 104 108 115 124 130 132 133 148 150 152 165 167 168 181 195 196 199 209 214 219 226 227 230 241 242 251 253 265 289 291 296 299 301 302 306 308 309 
81 124 130 238 
128 104 108 115 116 117 119 120 124 127 128 132 136 137 139 140 141 144 145 146 147 153 156 159 162 167 168 169 171 180 183 185 186 188 190 194 198 200 201 202 203 206 217 218 221 224 229 230 231 234 235 237 240 242 245 246 247 248 249 250 251 253 254 255 256 258 259 263 264 270 271 274 275 279 280 282 286 289 293 300 301 304 306 307 
195 1 112 122 129 137 144 152 166 169 183 184 185 199 202 205 237 245 251 254 257 265 274 275 281 282 284 292 293 294 306 307 
111 115 120 127 128 130 139 140 143 144 147 148 151 152 161 166 173 175 182 187 190 191 194 195 199 201 215 216 222 223 244 249 255 261 263 264 265 274 281 285 286 294 309 
174 1 105 107 112 119 124 135 136 139 143 144 150 154 156 158 162 165 166 179 182 184 185 201 202 204 209 220 224 226 227 228 229 233 238 246 252 255 256 261 269 275 291 303 307 
289 122 125 130 133 135 143 147 150 170 171 180 188 190 193 194 197 204 208 210 211 213 215 219 221 226 231 232 234 237 238 244 255 256 257 260 284 286 287 291 292 295 300 301 302 303 304 305 
159 106 108 109 113 114 116 122 124 127 130 144 148 164 172 175 186 190 191 192 194 195 201 203 207 208 219 220 223 225 231 239 247 251 261 262 267 271 273 275 278 286 288 291 292 294 302 303 306 308 309 
99 110 141 161 223 261 
264 107 108 109 110 112 117 118 125 133 136 139 145 146 148 149 150 152 154 156 164 172 174 175 181 184 187 190 195 204 205 206 228 229 240 244 258 260 261 264 266 267 273 279 283 288 289 294 297 299 
228 108 112 114 115 116 119 120 121 123 124 126 128 129 131 135 139 142 143 146 147 148 156 170 172 173 176 178 179 183 188 189 190 199 200 218 219 223 226 227 228 231 232 237 239 241 242 245 250 251 255 256 257 263 266 267 273 275 276 282 290 292 293 298 302 
64 104 108 109 115 116 120 122 124 129 137 139 141 142 143 145 148 149 150 151 158 161 163 168 169 175 180 188 194 200 204 211 215 218 231 235 241 247 250 252 254 256 257 261 268 270 271 278 279 280 282 287 289 290 291 296 302 303 308 
270 1 108 110 113 114 116 122 124 125 136 146 151 152 153 154 158 165 177 180 184 185 187 189 191 197 199 200 206 207 210 211 213 217 230 235 246 250 254 261 263 267 270 277 281 283 286 289 
141 112 115 120 142 153 158 165 168 175 180 181 183 198 206 207 208 215 220 221 223 228 233 245 246 251 257 262 271 274 276 282 287 289 293 
225 127 160 181 188 193 212 274 287 296 309 
27 111 112 114 129 133 135 138 159 164 165 175 179 180 196 199 200 208 209 214 230 235 248 262 278 282 291 302 
131 137 152 154 172 178 202 218 250 260 262 279 298 307 
180 111 115 117 120 123 125 126 130 132 135 139 140 142 143 146 155 162 163 164 167 168 170 172 173 175 192 193 195 198 204 205 206 208 211 212 214 222 223 226 231 233 238 240 241 243 246 248 250 262 263 277 283 284 288 289 298 299 301 303 
181 1 124 129 137 162 171 173 174 211 220 225 242 248 250 261 262 267 268 288 
154 1 105 108 109 110 114 115 119 121 129 133 137 151 153 160 162 168 171 173 176 180 181 186 187 189 192 198 200 202 203 208 209 210 212 213 216 218 230 231 233 240 245 246 251 252 256 261 262 264 271 273 274 281 285 289 290 292 297 
163 1 109 113 125 155 206 237 264 277 298 305 308 
24 104 107 111 112 115 118 120 121 122 123 125 127 131 133 137 139 142 148 149 151 152 154 157 158 167 168 170 173 174 178 179 180 189 191 196 198 201 211 212 216 219 221 226 227 229 232 233 237 238 247 248 249 250 251 252 256 257 258 259 263 265 276 279 285 286 289 293 302 304 305 307 
208 106 122 128 139 146 148 149 163 171 172 174 182 185 194 195 201 210 228 234 252 253 274 277 280 285 288 292 293 300 
77 109 113 120 124 129 132 136 138 139 140 151 162 167 170 173 175 177 179 183 184 191 195 196 198 203 206 211 215 216 221 227 230 236 244 247 248 257 267 272 273 274 277 279 281 284 285 286 288 289 291 292 293 302 303 304 305 307 
55 1 108 115 119 121 125 129 132 136 138 143 145 148 149 152 154 158 176 177 184 185 187 195 196 204 208 210 212 215 216 221 227 235 237 239 243 246 247 252 256 258 261 262 266 267 268 270 273 280 281 282 289 297 299 303 309 
246 1 104 105 111 113 115 120 123 125 130 131 133 136 144 147 151 152 153 158 159 166 170 172 174 176 178 181 183 184 185 189 191 194 195 196 202 204 206 207 208 209 210 211 214 215 220 221 222 223 228 229 232 237 240 246 257 259 262 263 269 276 279 281 282 286 287 288 291 293 294 306 
172 106 107 108 109 110 113 114 116 119 121 127 128 129 133 135 148 151 154 159 161 162 163 164 165 166 169 170 174 176 179 181 185 186 188 192 196 204 205 218 221 222 223 224 225 229 233 236 237 238 242 244 246 251 253 254 255 257 258 261 263 266 269 281 282 286 289 292 296 298 302 303 304 305 
82 112 129 139 151 159 166 178 191 198 211 222 235 240 254 263 277 288 297 308 
193 115 119 136 152 157 164 166 183 184 187 189 196 201 206 220 222 225 228 230 232 241 249 250 251 253 255 256 258 260 267 273 275 276 283 285 292 304 307 
39 1 106 108 109 114 139 144 146 151 152 156 157 166 170 174 182 223 226 230 237 242 245 251 252 259 266 268 269 270 285 290 291 299 307 
136 105 108 119 120 121 122 125 126 128 133 134 136 143 144 145 148 149 151 163 164 166 167 169 178 180 185 187 188 193 204 205 207 216 219 222 234 235 238 241 243 248 249 254 261 266 276 277 281 283 289 297 298 308 
98 1 104 105 106 107 110 112 113 115 120 122 124 125 127 130 135 137 139 140 142 143 145 148 153 155 156 159 163 164 167 168 169 173 174 175 176 181 183 185 186 191 192 193 198 201 202 205 209 214 217 221 223 225 226 229 231 232 237 241 250 251 252 258 261 265 272 273 284 293 294 296 297 300 304 307 
161 130 132 136 140 144 146 147 148 150 153 156 165 166 175 176 183 197 198 201 202 205 211 220 223 225 227 228 230 231 235 241 243 256 275 290 304 308 
279 104 105 112 113 116 117 123 124 127 137 139 140 151 160 161 173 184 185 188 195 201 207 215 218 231 236 249 261 269 280 283 301 
41 105 107 114 118 119 121 122 124 126 129 133 135 136 137 138 139 148 149 150 153 155 156 159 160 164 165 170 173 174 183 185 186 190 191 194 204 208 213 216 218 220 222 228 232 235 236 237 239 242 246 248 251 252 253 261 265 266 267 269 270 274 275 282 283 287 292 293 294 295 296 297 300 302 303 306 308 309 
265 109 117 120 126 127 130 131 132 136 137 142 150 154 155 159 175 186 188 190 191 200 209 210 211 212 218 223 226 230 234 237 239 243 245 251 253 254 256 269 274 290 293 298 302 304 307 
41 140 149 162 167 177 229 238 263 288 304 305 
151 105 109 114 123 130 131 132 142 148 155 157 160 168 170 171 193 194 199 204 205 221 225 227 229 234 239 240 250 254 255 256 261 265 276 278 283 289 300 301 307 
99 135 161 164 230 262 270 271 
23 110 115 120 131 133 135 140 142 144 152 154 157 165 168 170 173 181 187 208 211 218 230 239 247 254 260 264 269 271 276 279 289 291 299 304 305 307 
91 110 111 113 121 132 137 149 153 159 174 184 186 192 199 207 213 223 227 237 245 246 248 252 253 266 270 279 280 288 290 291 299 309 
251 1 106 107 112 113 114 118 121 122 130 132 134 137 143 151 153 154 161 169 174 180 190 193 194 196 198 207 210 214 221 224 231 232 234 235 241 243 244 245 248 251 252 256 257 259 269 271 272 275 277 282 283 290 291 293 305 306 
281 1 115 159 160 163 217 224 249 261 262 280 292 295 302 306 
126 121 131 139 142 154 167 176 178 181 200 211 214 215 222 254 267 268 270 285 300 303 
225 104 110 111 112 118 131 133 135 136 141 142 143 144 145 151 154 159 164 165 178 181 182 188 193 194 196 203 204 208 210 214 222 225 229 235 236 237 244 245 250 251 253 255 257 260 263 276 278 285 286 292 303 
295 132 137 139 143 166 169 175 177 185 188 196 201 205 210 212 213 219 220 222 232 235 237 239 258 261 272 273 276 281 288 289 291 300 301 303 309 
229 110 111 123 128 130 137 147 158 165 168 171 180 186 190 193 197 202 205 206 207 246 248 253 279 283 284 292 299 
81 107 120 125 142 151 175 182 206 207 211 219 234 239 253 275 280 290 306 
89 112 164 167 171 257 261 285 
295 1 105 108 110 111 112 113 116 117 119 121 124 129 130 131 132 133 141 145 149 150 159 160 174 181 182 183 185 186 187 192 194 199 204 206 207 209 211 217 222 228 232 235 239 240 244 247 250 255 259 262 264 267 273 282 283 284 286 291 292 294 295 296 299 300 304 
200 106 122 130 148 152 156 161 169 187 188 201 205 210 229 250 253 256 260 267 278 281 294 298 302 303 304 305 
11 105 110 112 116 117 124 125 129 133 136 137 142 144 148 150 151 152 156 159 164 166 172 173 175 178 179 183 185 187 189 193 196 199 201 203 204 206 207 211 212 215 219 220 221 230 232 234 236 237 239 241 244 246 247 250 252 256 260 261 271 273 275 278 279 281 284 287 288 304 305 306 307 
182 108 111 114 123 128 129 135 137 139 140 141 146 148 152 154 162 164 168 170 176 187 190 193 194 199 200 203 209 213 214 216 217 218 219 223 224 225 226 230 233 236 239 240 250 255 259 266 269 273 275 281 284 285 286 288 290 294 295 297 301 304 
164 1 104 108 124 129 131 146 147 148 149 150 162 168 172 176 204 210 212 218 232 248 251 252 257 263 283 288 296 305 306 
44 105 109 111 112 117 121 122 125 134 142 147 148 156 159 169 171 172 174 193 205 208 209 211 213 214 216 221 228 231 242 255 260 265 268 275 276 279 283 293 297 301 302 305 309 
138 118 142 197 207 212 217 223 231 250 267 285 299 307 
202 105 106 111 112 115 122 123 127 128 130 131 132 137 138 145 147 148 149 151 155 156 157 158 159 163 166 172 173 174 176 178 179 190 191 197 198 204 206 211 212 216 217 219 221 224 225 228 234 235 238 241 245 247 248 251 253 255 257 260 265 266 268 271 275 278 281 282 285 286 287 290 291 295 299 300 301 304 
99 105 119 128 135 144 146 147 155 162 175 185 189 206 212 221 231 251 277 284 297 298 
155 106 108 110 114 119 130 133 134 135 136 137 142 144 145 146 147 149 152 155 156 157 162 171 175 177 179 182 185 192 193 197 199 203 207 214 219 221 222 223 229 239 245 248 249 255 265 267 268 270 271 275 278 285 287 288 291 295 296 298 299 301 302 305 309 
226 107 108 120 122 127 133 149 159 164 169 175 181 187 194 197 198 209 220 228 239 242 251 254 262 263 271 278 281 288 299 300 
147 106 111 117 121 124 129 134 138 140 146 147 150 154 156 159 160 164 165 168 171 178 185 187 192 193 199 201 205 212 217 218 222 232 241 244 245 247 254 255 260 263 267 268 269 271 273 275 277 285 287 296 299 301 
137 105 114 116 118 124 126 128 132 135 146 148 158 162 167 169 170 176 177 178 179 182 186 193 195 197 199 200 204 205 207 209 215 219 222 233 234 235 238 240 241 242 248 250 253 258 265 269 271 273 285 288 293 296 300 302 
17 106 111 113 121 127 136 137 146 147 153 158 160 163 164 168 172 175 179 187 188 191 195 197 201 203 205 212 221 226 228 234 242 244 245 246 248 249 254 255 262 263 266 267 271 273 274 283 284 286 288 292 295 297 305 307 309 
45 195 
202 105 106 109 116 117 119 120 121 122 125 128 130 135 136 138 139 140 141 159 161 163 164 166 167 170 172 176 177 178 179 180 181 187 194 199 201 203 205 206 209 212 216 220 221 225 227 232 233 235 238 239 240 242 244 247 249 252 257 260 261 264 265 266 269 270 273 283 287 288 290 293 296 299 303 304 305 307 
141 105 106 107 114 117 118 120 124 126 127 128 135 136 138 140 142 145 146 150 164 169 172 176 177 178 180 182 188 193 195 196 197 198 205 207 208 209 210 211 212 220 225 228 232 233 236 237 238 240 241 243 248 250 252 253 256 258 259 261 263 264 265 266 268 271 278 282 290 298 299 304 
195 1 109 111 121 124 125 126 127 129 141 142 148 150 152 154 155 160 163 165 166 168 169 171 173 175 177 179 182 183 185 187 188 193 202 204 207 208 212 215 216 217 218 219 221 222 223 225 226 227 237 240 243 245 248 251 253 254 256 257 258 260 263 264 267 273 284 285 286 288 292 296 297 299 300 301 305 307 308 
148 104 125 157 171 176 184 186 199 204 230 232 238 239 246 251 258 266 280 286 290 291 304 
294 108 111 116 121 124 130 133 135 139 140 141 144 148 151 152 156 171 173 174 175 176 182 186 190 191 193 195 204 209 211 214 217 219 220 223 224 225 235 240 244 249 252 256 259 260 261 264 269 271 273 274 278 281 284 286 287 290 295 296 297 298 300 301 308 
29 111 114 119 125 132 133 139 141 143 144 157 161 164 168 170 171 174 175 181 205 209 213 218 219 243 247 249 258 261 265 276 280 284 288 297 299 301 303 304 
189 120 123 136 149 151 153 161 168 176 178 181 187 191 204 214 224 225 227 242 255 262 272 280 291 
215 105 107 111 115 116 120 121 122 125 129 131 133 144 150 151 155 162 167 172 175 183 188 193 202 204 206 207 229 230 242 251 256 257 258 260 261 263 264 277 282 284 285 287 294 297 298 303 304 
127 105 106 108 110 111 114 121 127 128 133 136 137 144 145 150 154 160 161 162 163 164 170 176 177 178 180 181 185 188 189 195 202 203 204 205 206 210 215 217 220 230 237 238 240 241 244 246 247 249 250 251 256 257 262 266 267 269 271 272 273 278 283 287 298 301 307 
243 1 106 111 116 122 127 132 146 149 151 152 165 168 169 171 174 175 177 180 187 189 194 195 201 203 204 212 213 220 223 224 226 232 243 245 247 248 249 250 251 253 254 258 264 265 266 269 272 276 277 279 287 292 295 299 303 307 308 
144 108 110 112 116 117 119 123 124 127 131 132 133 139 141 145 149 151 153 154 161 163 165 167 172 173 181 185 195 196 203 205 208 209 211 212 215 217 218 224 229 233 234 236 238 241 245 247 251 253 254 256 257 258 260 262 265 267 268 269 278 280 282 285 291 293 295 296 299 301 306 308 
225 1 110 111 112 116 118 120 122 124 125 127 129 131 132 133 134 139 140 142 146 151 153 157 158 164 165 171 175 178 179 182 187 194 198 202 207 208 209 212 213 215 218 220 229 232 235 236 238 244 246 247 251 252 255 256 258 259 261 264 266 267 268 270 271 272 275 277 282 288 294 295 297 299 302 304 305 306 307 308 
198 106 110 111 118 120 121 137 140 141 143 150 158 160 163 171 173 175 179 187 188 191 200 207 208 216 218 221 224 233 238 239 240 241 247 248 249 253 258 259 261 266 270 272 274 275 280 282 283 286 291 295 296 299 303 309 
124 142 237 256 269 
163 110 112 117 119 121 123 126 127 129 130 132 133 136 139 140 145 146 147 149 152 154 155 157 158 159 161 163 164 165 167 169 171 183 184 186 191 193 194 196 198 202 205 206 208 209 212 213 218 229 232 235 236 241 242 244 249 252 255 258 260 261 262 266 267 271 272 273 277 281 282 285 286 290 291 293 296 297 302 303 305 
66 110 112 117 120 121 123 126 130 131 135 136 141 143 154 158 159 162 165 167 171 174 175 176 178 191 193 207 211 214 229 233 234 236 241 243 245 259 261 274 283 292 293 297 301 303 306 
281 108 109 112 114 116 117 126 128 129 136 138 143 144 145 155 160 163 164 165 166 169 170 176 177 179 180 185 187 190 192 195 196 201 205 211 212 213 215 216 220 221 223 229 231 232 236 237 239 240 241 242 244 247 248 249 251 256 258 259 264 266 267 268 271 273 275 276 277 278 279 281 282 284 289 290 292 293 294 299 300 303 304 305 306 307 
52 108 113 121 124 131 133 140 143 144 150 156 159 160 163 169 170 173 182 205 227 229 237 239 245 250 255 258 260 261 268 270 278 284 295 299 306 
28 108 109 111 113 115 117 119 120 121 123 125 127 130 131 132 135 139 143 148 153 155 161 163 165 167 171 185 188 194 195 198 200 203 205 209 211 212 214 215 217 218 220 222 224 229 232 233 237 241 242 254 257 260 261 263 264 268 269 278 280 282 283 286 287 291 293 299 300 301 302 305 
55 111 113 114 116 117 119 123 128 129 135 136 142 143 144 150 152 171 173 177 186 194 198 199 203 209 214 215 223 224 233 234 244 248 249 253 256 258 264 267 272 285 288 293 301 
185 105 114 126 141 150 173 174 177 184 192 198 201 208 220 223 225 229 239 242 246 248 252 256 259 262 264 268 282 283 290 291 295 300 306 
78 202 
244 104 106 112 114 115 116 119 120 125 127 128 129 132 134 138 139 142 143 145 149 151 153 158 163 164 165 170 172 175 176 179 183 187 188 192 194 197 198 201 204 206 208 210 211 215 216 217 218 221 224 225 226 228 236 241 244 246 247 248 249 251 254 257 258 259 260 262 264 268 270 277 281 282 285 289 295 297 306 309 
285 105 106 111 112 115 118 119 122 124 125 132 133 138 140 142 143 144 145 147 153 161 162 164 169 170 171 175 176 180 181 187 191 192 193 197 203 204 208 209 213 215 216 221 222 224 227 232 233 235 237 238 241 242 246 247 248 264 265 267 268 269 271 272 280 281 282 283 287 288 289 295 298 299 301 302 307 
196 245 296 
158 108 112 115 120 126 130 132 135 136 139 141 148 152 156 159 160 163 164 171 179 180 181 183 186 187 189 190 194 195 197 198 200 201 202 209 215 220 229 232 239 241 243 248 252 256 263 269 270 276 280 281 283 289 290 293 297 303 305 
2 104 106 109 114 115 117 118 119 120 133 134 135 136 138 142 149 151 152 153 157 160 161 165 171 176 177 182 187 189 191 193 194 197 201 203 206 208 210 211 213 215 217 220 221 222 225 226 231 232 239 245 250 252 254 255 258 259 263 266 267 268 273 274 278 285 286 290 291 297 300 304 309 
272 113 120 122 127 129 130 137 138 142 152 155 160 162 164 166 181 184 190 193 194 196 200 201 204 221 227 228 235 236 238 250 256 265 266 267 277 278 281 292 297 298 309 
130 104 109 112 113 121 122 126 130 131 141 160 165 170 184 186 193 194 200 203 206 207 210 213 218 232 237 238 240 246 248 256 265 269 271 279 280 281 283 288 291 292 296 
1 113 138 141 153 164 170 171 174 189 195 200 201 203 209 210 213 218 220 221 227 228 240 244 246 258 260 262 273 282 288 299 309 
262 114 122 133 138 146 150 157 161 162 169 172 180 184 191 196 198 211 213 215 221 222 223 224 230 231 237 247 250 253 256 257 270 274 277 285 292 295 297 298 302 
94 110 114 115 118 127 130 139 140 157 163 167 208 212 217 218 219 224 225 227 240 253 257 282 284 291 293 300 306 
123 1 106 107 110 113 117 123 129 132 133 137 141 142 146 152 154 161 165 167 168 171 175 189 190 193 195 200 203 204 208 211 212 220 222 224 234 235 242 245 250 251 260 262 266 273 274 279 282 283 285 286 288 289 291 296 297 298 302 303 306 308 
26 104 106 107 108 109 110 111 113 115 117 119 122 126 127 128 137 139 141 145 146 147 149 153 156 160 165 182 186 195 197 198 200 201 205 206 208 211 213 217 220 223 229 230 234 235 238 239 244 246 260 261 266 271 272 275 276 281 283 286 290 293 297 299 304 
167 106 109 177 263 289 
237 110 113 115 116 117 118 119 121 125 144 146 152 159 160 171 173 175 178 179 184 185 189 195 196 197 201 210 213 220 223 224 225 226 230 233 234 237 238 241 242 244 247 250 253 256 259 262 263 264 266 270 273 274 276 277 278 279 281 282 283 285 292 299 301 303 
68 104 105 108 110 121 122 132 134 135 138 139 143 146 147 149 150 151 152 153 156 157 163 167 169 173 178 184 189 194 195 197 200 201 202 206 208 209 212 213 214 218 219 224 225 226 227 232 233 235 244 247 252 253 257 258 260 262 263 269 270 272 273 274 275 282 284 286 287 289 292 294 297 298 299 300 304 305 309 
282 267 293 301 
288 104 112 117 120 124 128 132 133 146 148 149 156 157 170 172 173 177 179 180 184 186 192 198 202 203 206 207 213 216 217 220 223 232 238 241 242 243 246 256 257 262 265 266 269 282 286 288 292 307 
120 229 286 145 33 228 258 254 152 257 235 188 248 50 62 97 117 256 172 256 54 208 67 233 222 267 22 184 165 89 211 39 224 178 42 233 16 81 208 279 219 269 210 296 267 20 203 253 239 216 259 24 295 284 112 130 134 247 188 226 35 245 300 20 43 199 247 246 81 114 103 77 45 40 108 3 175 16 72 158 74 157 82 102 177 266 55 77 16 271 269 252 299 275 220 289 230 100 244 223 249 136 187 264 64 293 233 230 189 39 28 59 248 17 61 179 10 117 184 182 229 286 12 177 294 12 257 261 157 126 229 103 292 185 62 204 205 162 35 227 170 224 179 271 148 176 177 73 290 47 163 174 155 206 226 12 127 228 204 137 46 261 60 4 244 289 142 250 18 14 59 185 285 202 51 212 71 183 190 180 243 204 117 236 245 200 199 7 260 98 235 281 71 152 242 288 119 133 281 296 60 234 118 219 219 154 70 179 187 299 67 29 32 38 55 56 3 196 159 273 89 66 250 142 19 55 253 269 37 144 275 38 147 211 30 241 169 152 182 199 47 117 52 98 198 111 249 16 16 82 95 224 249 185 40 122 207 9 81 200 295 64 53 57 262 299 209 142 199 3 76 163 212 162 269 228 295 152 185 210 218 208 227 83 162 73 87 268 259 26 51 140 44 225 174 97 176 42 203 84 93 84 106 2 175 183 7 299 52 
