210 315
126 1 106 107 109 110 112 115 118 119 121 122 123 124 125 126 129 131 132 136 138 144 145 153 158 159 166 167 175 178 179 181 182 184 186 189 192 193 195 198 199 201 202 204 210 214 220 222 224 226 229 233 235 237 238 239 246 250 251 255 256 260 264 269 274 275 277 278 283 291 295 299 305 312 314 
35 1 109 113 115 116 126 129 131 133 135 136 138 139 141 143 144 149 150 152 155 156 160 162 175 176 182 184 185 188 196 200 203 206 209 221 223 224 229 230 232 237 240 241 242 249 251 252 253 256 258 259 260 263 264 271 273 274 282 285 288 291 295 296 297 299 301 304 305 309 310 311 315 
140 126 129 130 136 158 161 177 182 199 200 210 212 214 227 254 266 271 278 283 286 292 294 307 313 
117 106 109 112 113 116 119 121 126 127 131 137 140 142 145 147 148 154 157 163 167 169 175 178 182 185 187 190 193 194 195 198 202 204 207 212 213 215 216 218 219 221 226 234 235 238 243 244 250 251 252 253 254 255 260 262 263 264 266 267 269 270 274 275 280 281 287 297 298 299 303 306 307 312 313 
177 106 107 110 118 126 128 130 131 138 139 141 142 148 150 154 157 158 162 164 167 168 169 170 176 177 178 188 190 191 193 199 203 205 210 215 216 218 220 221 229 230 234 237 238 241 243 244 245 253 256 257 268 269 271 272 274 275 277 280 286 288 292 293 295 302 303 306 312 313 315 
15 1 107 115 119 121 123 124 129 130 136 137 140 144 150 152 153 159 163 164 165 171 172 176 178 179 182 186 188 192 196 203 207 211 215 220 223 225 227 228 233 236 237 238 241 242 243 244 246 249 250 251 254 255 260 268 271 274 278 282 285 288 290 295 296 299 302 
245 122 123 124 127 130 140 143 147 151 152 165 170 176 191 202 205 220 223 228 229 237 255 259 260 268 279 284 302 314 
270 1 106 109 113 114 124 126 128 131 134 135 136 139 141 142 143 146 149 150 151 152 155 159 160 161 167 170 171 173 176 177 178 180 182 183 186 188 195 197 198 203 219 221 224 226 229 230 235 237 241 245 251 253 254 255 256 260 261 265 270 277 278 279 280 282 285 287 290 292 298 301 304 307 311 314 
213 106 118 128 135 136 158 161 173 179 180 190 204 212 217 220 227 231 242 246 247 264 276 278 
227 106 111 139 140 147 149 164 171 176 186 196 197 199 224 247 262 274 284 299 
77 115 118 124 125 132 133 134 136 138 144 153 164 168 187 195 215 253 298 300 304 313 
17 123 127 169 194 204 205 227 234 235 236 241 247 249 264 266 276 288 295 
289 1 109 110 118 119 125 126 133 134 139 141 142 143 147 149 151 152 153 154 155 158 160 163 165 166 167 170 172 173 178 180 184 186 191 194 195 205 206 210 213 219 220 221 224 226 229 234 237 239 240 244 245 247 249 250 254 259 265 269 272 273 276 278 280 288 289 290 291 292 295 298 300 302 305 306 310 312 314 
58 108 109 117 123 130 132 133 142 143 144 147 150 160 193 195 209 214 216 225 228 231 232 245 254 266 269 272 275 280 287 288 289 292 300 306 314 
163 1 109 112 113 116 120 121 124 131 134 136 137 139 141 142 144 149 153 154 155 156 158 159 160 161 164 168 169 172 174 176 178 181 182 184 185 190 193 198 201 202 205 209 213 215 218 221 235 236 237 240 242 243 245 248 249 254 262 264 268 277 278 279 282 286 287 288 290 299 301 306 309 311 313 314 
257 1 106 107 109 112 118 119 120 121 126 128 129 137 139 141 149 150 154 155 163 165 173 174 176 184 185 188 189 195 196 199 200 202 205 206 210 214 215 216 218 219 221 222 226 229 237 239 243 247 248 252 258 264 266 268 270 272 273 274 286 289 291 294 299 300 304 306 310 311 315 
57 107 108 115 116 122 123 146 154 157 162 166 168 177 178 184 185 205 214 215 218 220 224 227 240 243 247 250 252 254 261 267 270 276 283 285 291 293 295 305 307 310 312 313 
227 1 107 117 118 120 126 128 130 135 137 138 141 144 146 153 160 162 165 166 167 168 172 173 179 180 181 182 184 189 194 207 208 212 227 233 235 237 240 242 243 245 246 247 249 251 253 254 255 258 261 262 263 266 268 270 272 273 282 284 287 288 290 291 294 295 298 299 301 303 304 307 309 314 
168 1 109 110 117 119 120 126 133 140 144 148 150 155 156 157 166 167 168 170 171 174 176 178 185 186 187 189 191 193 194 198 201 204 205 211 212 213 214 217 219 221 226 227 230 236 237 238 240 243 246 248 249 250 251 257 259 266 270 274 279 281 282 283 284 288 289 293 297 304 309 312 
217 1 106 114 124 127 128 129 130 133 140 142 143 145 152 153 154 156 159 168 175 182 185 186 187 188 190 194 197 199 201 202 208 209 210 215 217 220 224 225 226 232 234 235 240 241 251 252 255 257 262 264 269 271 279 285 287 291 292 301 309 314 
75 1 106 108 110 114 118 121 122 123 125 126 127 137 142 145 153 158 159 160 169 170 176 177 182 183 190 194 199 201 203 208 209 226 227 229 230 231 237 238 239 242 247 248 254 257 260 264 267 268 270 271 276 277 279 280 282 285 289 291 294 297 299 300 303 306 308 309 
110 109 110 122 127 128 129 132 134 140 145 149 150 152 157 162 164 165 167 174 177 178 187 196 198 206 207 214 225 227 229 233 236 237 240 241 242 243 247 250 263 265 269 270 275 278 279 286 294 296 298 303 309 313 
25 106 112 116 136 145 153 158 159 162 169 171 173 176 179 180 187 188 208 211 214 227 236 242 246 248 258 263 266 271 274 275 276 280 283 293 294 298 299 303 306 310 311 312 314 
146 124 129 139 165 180 181 194 197 207 209 230 245 247 262 268 273 281 290 292 294 297 304 
79 121 132 152 161 163 196 232 237 249 310 312 
208 1 107 109 111 115 127 133 134 135 137 138 140 141 146 150 154 155 157 159 160 163 164 166 167 168 170 171 172 177 180 186 189 194 195 197 198 204 209 212 214 215 220 222 227 233 239 240 242 243 245 246 247 254 257 258 262 263 264 267 271 272 275 280 283 286 287 289 292 294 295 301 302 306 312 313 
1 1 111 112 116 118 120 128 130 142 143 144 151 153 163 166 167 168 169 175 184 190 201 206 207 209 214 218 224 229 233 238 239 244 245 257 259 262 269 272 277 279 283 290 292 298 301 309 314 315 
52 110 113 118 176 177 225 
144 201 
300 113 115 116 117 126 132 135 136 142 147 153 159 169 170 174 175 176 177 180 181 184 186 193 199 211 216 217 222 225 231 240 246 254 258 259 264 265 266 270 272 274 277 288 289 295 296 309 
280 107 121 132 135 160 166 167 168 178 179 196 200 222 233 235 241 251 273 278 279 289 300 305 306 310 314 
68 106 113 131 133 143 144 146 147 152 154 155 168 169 174 179 193 194 205 211 221 230 231 232 233 240 248 252 258 269 274 280 282 285 293 296 300 301 305 
188 1 111 116 119 121 123 126 128 130 132 135 138 140 145 152 154 155 161 165 174 175 176 178 187 194 200 201 204 205 207 210 213 220 222 228 229 231 233 235 241 242 248 249 255 256 259 260 262 267 269 273 275 280 283 291 292 297 299 303 304 307 309 311 313 314 
105 163 221 228 232 251 261 267 
230 208 226 266 286 302 
180 107 108 109 110 111 112 118 122 123 128 130 135 144 145 149 150 155 157 168 169 170 175 185 186 190 192 193 205 211 212 213 214 216 225 230 235 240 243 249 254 265 267 268 271 276 277 278 284 290 295 296 298 300 301 304 306 313 314 
16 114 115 116 120 121 130 134 138 139 144 146 150 151 158 164 173 174 176 194 201 204 214 215 221 224 228 230 236 237 238 240 244 248 251 260 265 266 272 275 280 281 284 285 287 290 292 293 301 310 
222 119 138 166 175 197 244 246 254 275 279 284 297 
42 110 113 123 130 133 136 145 152 164 174 175 176 180 184 185 200 207 213 216 220 236 241 243 249 250 261 267 279 281 283 291 294 296 301 304 309 311 312 
293 112 130 138 145 174 190 192 218 255 257 309 
273 1 109 114 115 116 123 128 130 138 139 143 149 151 156 166 170 171 175 177 180 190 194 197 201 208 209 211 212 213 219 224 226 227 231 232 234 240 242 246 251 270 271 276 278 285 287 291 294 297 299 301 302 307 310 
259 1 114 115 120 122 124 125 127 130 139 142 155 158 168 170 179 182 188 191 192 195 200 201 209 211 213 214 216 217 223 224 225 226 232 233 234 242 250 255 260 267 272 274 275 278 280 290 292 300 307 308 
136 110 116 119 126 146 149 157 158 170 171 227 238 253 254 266 299 
201 113 114 122 124 128 129 131 132 139 142 146 151 155 157 160 161 179 180 183 184 187 188 193 198 200 201 206 208 209 210 212 216 230 237 249 254 260 271 276 279 281 283 286 291 292 293 294 300 302 307 309 311 
1 1 110 111 112 122 140 142 144 149 158 166 172 177 178 179 183 187 191 193 203 204 206 209 213 217 220 222 230 233 234 237 242 243 248 252 254 258 259 273 277 289 290 296 298 299 300 308 311 
110 106 112 114 116 118 123 126 127 129 132 133 134 135 136 137 140 150 151 152 153 160 161 170 174 179 180 181 182 184 188 189 197 198 205 208 210 218 219 220 221 222 227 228 230 232 233 235 237 242 243 245 250 252 253 255 260 266 270 276 280 281 282 283 286 293 295 298 299 302 308 313 314 
49 1 107 113 116 119 122 124 126 128 131 132 133 136 139 140 142 143 145 154 157 159 160 161 163 169 178 179 184 188 190 193 198 204 207 208 210 212 214 218 219 221 231 234 240 243 244 245 251 252 259 264 267 268 270 274 275 280 281 282 290 292 298 299 300 303 305 307 313 
215 1 107 108 115 117 118 120 121 122 124 127 134 152 163 174 175 176 186 187 191 192 197 205 221 225 228 230 231 244 255 263 264 267 268 272 273 279 281 287 288 289 294 295 299 301 306 307 309 
222 106 107 108 113 114 120 122 123 128 135 143 145 147 153 156 158 160 163 165 171 173 174 178 186 191 192 201 203 208 214 217 225 230 240 241 242 243 251 253 255 257 261 267 269 271 274 276 280 281 282 285 288 290 292 293 297 298 303 304 308 309 310 315 
5 1 115 117 118 121 123 124 136 138 139 141 142 147 150 151 154 158 160 162 163 165 168 171 172 174 177 178 180 182 189 190 192 193 194 196 200 209 211 212 213 216 217 220 221 222 223 224 225 228 230 231 237 240 241 247 249 252 253 256 257 259 261 267 271 278 279 280 282 285 286 287 288 292 295 301 303 305 307 310 311 313 
271 106 109 116 119 124 129 130 131 140 143 145 146 150 154 160 164 165 169 170 175 181 198 199 202 205 206 208 212 216 225 227 228 229 230 231 233 235 236 237 243 246 249 257 265 276 277 285 287 291 302 304 306 307 308 309 311 312 313 314 
232 108 114 120 126 132 139 144 146 151 157 162 163 176 182 186 204 207 213 214 222 234 235 243 260 262 264 271 273 276 286 290 298 304 305 306 312 313 
252 110 112 120 121 135 157 161 181 183 195 217 219 233 249 252 263 277 306 309 
27 107 110 111 112 113 115 117 118 121 124 127 129 130 133 134 139 141 145 146 153 157 158 160 165 166 169 175 178 182 185 190 199 202 206 217 219 223 224 225 228 229 237 240 241 242 244 249 250 253 254 255 259 260 262 263 267 272 276 278 286 287 288 289 296 298 302 303 311 313 314 
79 1 107 108 110 111 113 115 117 123 131 134 135 139 146 147 148 149 161 168 177 179 183 184 191 193 197 202 206 208 214 221 225 228 231 233 235 239 241 242 244 252 255 258 266 267 270 273 277 280 282 290 293 294 296 297 304 307 
95 1 106 108 113 114 122 124 127 140 141 149 150 157 163 164 166 167 171 175 179 180 183 187 189 193 194 196 199 202 219 220 224 227 230 231 233 234 235 240 244 248 250 260 265 268 269 274 277 286 287 288 289 295 296 297 304 
190 119 127 142 147 177 188 224 243 256 261 262 277 284 302 
45 106 113 120 132 145 146 147 150 164 170 178 199 241 267 286 287 288 307 310 313 
130 109 110 112 115 123 127 128 130 134 138 144 164 165 166 168 182 187 194 195 197 208 209 212 214 215 216 224 228 237 243 247 250 263 266 269 279 280 284 294 306 311 312 
253 1 106 109 114 125 132 133 135 138 142 143 149 150 151 152 162 163 164 171 174 175 178 181 185 193 198 199 205 209 212 215 216 218 222 224 225 227 230 241 246 252 255 263 268 277 289 291 293 298 304 307 308 309 
203 106 107 112 113 116 119 123 127 129 131 140 150 151 152 153 154 157 158 163 164 165 167 172 173 179 182 183 187 188 190 193 195 198 208 212 213 214 215 217 218 219 220 228 231 243 257 261 262 268 272 279 280 283 287 292 295 297 301 307 309 312 
96 107 110 112 116 118 120 121 128 131 136 143 144 146 147 159 161 163 167 172 173 174 180 183 187 189 195 200 203 207 213 220 222 223 225 231 245 246 248 251 262 267 271 273 276 279 284 290 292 293 301 302 304 315 
18 106 113 116 126 128 136 138 142 145 146 148 163 165 168 172 176 179 180 183 185 189 190 197 198 199 202 209 219 226 232 235 236 237 240 241 248 253 262 263 265 274 275 283 284 287 291 295 297 300 310 313 
286 107 108 116 120 122 123 132 138 139 140 144 147 148 151 153 156 157 158 160 161 172 173 183 192 195 199 200 206 209 210 219 222 225 226 227 234 235 236 238 245 246 249 250 252 256 257 259 262 269 270 271 276 277 280 282 289 292 293 297 299 300 302 306 312 313 
3 1 106 109 110 112 113 114 121 122 124 127 129 132 133 134 136 141 144 145 146 149 150 151 154 157 158 160 171 172 173 175 178 179 180 182 183 185 189 193 195 196 199 201 202 203 204 205 208 211 213 214 215 217 223 224 225 226 227 230 231 232 235 239 242 244 245 248 251 252 257 260 262 265 275 282 286 289 290 297 300 306 309 310 311 313 314 
172 109 118 119 127 129 153 160 161 166 173 174 192 202 203 226 229 231 248 259 271 286 292 293 295 
99 1 113 119 128 129 137 138 139 141 149 163 168 176 181 192 197 211 213 214 219 228 230 232 245 251 254 256 263 267 268 276 286 302 305 309 
276 106 113 114 116 117 119 121 129 130 131 134 135 139 141 142 143 147 154 162 163 166 168 172 175 179 180 181 182 183 186 187 189 196 197 198 204 213 217 219 220 221 222 224 230 231 236 238 239 243 246 250 256 260 262 264 266 270 272 275 281 283 284 285 295 299 303 305 310 315 
96 107 110 112 117 120 122 123 126 127 131 140 141 143 145 149 151 153 156 164 168 183 184 186 187 195 198 203 205 208 209 212 213 217 219 227 228 229 237 243 244 246 247 249 251 258 259 260 268 271 272 273 274 277 280 282 284 292 
38 128 129 174 179 181 256 259 295 
88 128 265 
247 107 112 116 117 119 132 139 145 148 152 163 176 187 188 200 208 209 211 212 213 217 222 230 231 232 235 242 251 253 260 265 267 271 273 275 280 281 283 285 286 288 292 293 297 301 302 308 309 
17 115 117 125 133 146 148 154 157 158 161 162 163 165 166 169 175 183 185 186 189 192 194 201 202 206 209 211 214 216 217 222 223 224 225 229 231 232 234 235 237 245 246 249 252 255 264 267 272 275 281 282 284 288 290 297 298 304 309 310 313 
50 118 132 147 160 178 188 189 244 246 250 269 281 291 307 
246 107 113 117 122 124 125 126 127 128 129 133 144 146 155 157 158 162 164 169 178 182 185 189 191 197 199 200 202 205 211 214 219 225 236 241 242 244 254 259 261 265 267 268 279 283 285 287 293 296 300 306 310 314 315 
220 268 
223 106 121 134 143 150 156 157 159 163 166 168 169 180 182 185 187 192 203 218 226 237 245 266 270 277 283 294 297 302 308 
80 1 109 110 112 115 116 117 120 121 124 125 127 128 130 134 136 151 152 153 159 162 163 164 169 173 175 182 184 190 198 202 203 208 210 211 212 213 225 230 236 244 245 246 249 252 254 256 257 258 261 263 266 267 270 271 272 277 284 287 292 293 294 296 297 300 302 308 310 314 
129 107 108 109 110 111 115 120 127 128 130 133 138 141 143 145 148 149 150 153 156 158 160 163 165 166 167 168 174 175 176 177 178 180 182 183 189 192 193 195 200 201 203 207 212 214 215 217 221 224 226 228 230 233 235 238 239 242 243 245 246 250 253 256 259 260 263 265 269 270 271 272 275 277 278 280 281 282 286 288 291 294 296 298 300 304 309 311 312 
150 1 108 110 111 114 115 116 119 120 124 143 148 151 153 157 160 161 162 174 176 182 185 186 188 193 197 200 202 209 210 211 212 219 220 224 225 231 232 239 240 241 242 247 250 253 256 260 261 263 264 265 268 269 270 273 274 275 277 290 291 294 295 298 302 303 309 310 311 312 315 
72 106 114 120 126 133 134 141 145 151 152 154 159 162 167 174 176 182 191 192 207 219 220 223 232 234 254 255 263 270 278 279 294 298 311 315 
257 109 110 116 119 121 122 126 130 133 134 136 138 149 152 153 156 157 160 177 178 180 181 185 187 193 195 197 200 204 205 210 214 215 219 226 228 235 237 239 241 242 246 248 250 251 252 261 266 267 274 276 277 288 294 295 296 297 298 301 302 303 305 306 308 312 
219 110 113 114 115 116 122 131 132 137 138 143 145 151 153 155 157 158 160 165 176 179 188 189 193 194 199 202 208 212 216 218 227 229 232 235 243 247 249 251 252 263 270 278 291 294 298 301 303 305 306 307 312 
264 149 154 
120 108 114 117 119 120 121 123 124 127 128 131 133 136 137 138 140 144 147 149 153 159 170 176 179 184 197 199 202 207 209 212 213 215 216 220 222 223 224 225 228 229 238 240 242 243 245 248 250 253 258 260 262 266 267 272 278 280 289 290 294 295 297 298 299 300 301 302 303 304 311 312 
235 110 115 117 122 131 136 137 138 140 145 146 153 154 159 163 164 167 169 171 172 173 176 181 185 187 191 195 198 200 202 204 206 208 209 210 215 216 217 220 221 222 225 226 234 235 245 249 261 266 270 271 272 276 277 279 281 295 299 300 309 
127 109 115 116 117 122 123 127 131 132 133 134 138 141 143 145 146 147 152 154 157 158 159 160 164 165 170 173 174 177 178 180 181 183 202 205 208 210 211 219 222 223 227 228 230 232 234 235 236 239 240 246 247 258 262 266 277 279 281 286 290 296 299 300 303 307 313 314 
151 1 111 113 122 127 130 133 134 137 141 143 148 149 153 155 156 157 158 159 160 165 168 181 184 187 188 191 198 202 205 208 209 211 213 217 220 222 223 224 230 231 232 234 235 236 237 238 240 243 250 253 254 255 256 263 265 266 267 269 272 275 277 281 283 287 289 293 298 299 302 304 305 310 314 
122 150 163 189 191 251 267 
114 125 132 153 157 164 171 174 176 181 183 195 215 219 230 231 240 254 272 275 276 287 296 298 301 308 
118 107 109 125 127 136 137 138 152 154 156 166 167 168 170 175 183 187 188 191 192 213 217 222 225 236 245 250 251 269 274 280 287 291 297 299 301 304 307 312 
114 107 113 115 119 120 123 124 133 135 136 145 147 148 150 151 156 162 170 171 172 177 178 180 187 188 189 190 191 194 195 198 199 202 203 211 212 215 217 219 224 227 230 232 238 239 240 242 243 246 247 249 251 252 262 264 267 268 272 273 275 276 277 283 284 285 286 288 289 290 291 295 297 298 299 305 310 312 314 
257 1 112 113 115 123 125 128 133 136 138 145 147 149 150 151 152 153 154 156 168 172 176 177 183 192 198 201 208 213 216 217 222 230 235 236 242 247 249 253 254 265 266 269 270 278 280 281 285 287 291 295 299 300 303 304 306 307 309 315 
16 110 111 114 118 123 125 126 129 132 137 139 140 146 150 154 158 160 161 163 168 176 177 178 179 182 183 185 186 189 192 193 196 198 202 203 204 209 213 214 218 219 223 225 230 231 232 238 239 241 246 247 249 252 255 257 258 260 262 264 265 274 277 282 287 295 303 304 306 307 309 314 
183 112 115 116 118 120 121 122 127 128 130 131 133 134 135 138 145 152 153 154 161 163 165 167 171 172 177 178 179 184 185 190 191 194 200 205 206 209 213 216 219 222 223 225 226 232 234 236 237 241 244 245 246 249 257 259 264 272 275 280 284 290 291 292 293 294 295 296 297 299 306 307 309 315 
116 107 118 119 125 133 138 146 151 171 201 222 227 269 281 292 299 305 308 309 
292 1 113 115 117 121 122 124 134 136 137 139 142 144 149 151 152 155 159 173 175 177 183 184 187 198 202 206 213 215 222 228 229 234 237 239 241 242 243 254 260 261 265 272 277 280 283 286 288 291 292 293 295 297 298 299 302 303 306 
17 1 106 109 114 115 116 119 121 122 124 125 126 128 132 133 134 135 137 147 149 151 152 154 158 161 166 168 179 183 186 194 198 199 201 202 204 205 206 208 210 211 212 214 216 220 222 229 231 232 235 238 239 240 242 244 247 249 253 258 262 266 270 272 285 288 299 303 304 305 312 
164 159 164 187 221 232 281 
182 111 115 118 119 120 133 143 149 150 157 165 176 179 187 191 196 201 212 216 217 224 228 259 261 271 283 285 312 
212 110 113 115 116 125 133 149 152 154 166 168 178 180 186 187 210 214 219 226 228 233 239 248 249 266 275 276 287 292 294 300 302 303 305 311 313 
251 111 122 124 125 128 135 138 139 145 146 147 149 154 163 166 190 203 215 222 224 231 242 243 245 247 249 250 251 252 258 259 262 270 272 273 274 283 290 298 301 302 
288 106 107 120 122 125 131 132 133 135 137 146 147 148 156 160 163 164 166 168 178 182 184 187 188 189 195 199 200 201 207 211 215 220 224 230 238 241 246 248 253 254 258 262 264 267 269 272 276 279 282 284 285 286 288 298 303 307 311 
263 107 113 115 117 120 123 125 128 135 145 147 155 157 158 161 164 166 167 179 181 183 184 185 190 199 205 207 219 223 225 229 233 236 237 241 248 251 253 254 258 260 261 266 268 273 276 280 284 287 290 293 295 296 297 306 307 310 312 
63 1 106 110 111 118 120 122 124 125 133 134 136 145 146 157 162 166 169 171 178 179 181 189 193 194 195 196 206 208 209 217 224 226 228 231 233 234 235 239 241 242 247 265 267 273 274 275 277 278 289 291 294 296 297 302 306 307 
276 1 106 107 109 111 112 115 121 123 125 132 136 137 140 142 145 148 149 155 158 159 160 162 163 164 166 169 171 172 176 180 184 186 187 189 190 191 192 194 195 197 199 203 207 209 210 213 215 216 217 221 225 226 228 229 230 232 234 238 239 244 245 248 249 251 257 258 266 268 271 272 276 278 280 283 284 286 291 292 294 295 302 306 307 308 310 311 312 315 
231 231 237 249 257 292 
76 1 109 124 136 142 145 148 149 156 160 163 165 166 167 169 171 172 174 175 177 179 180 181 183 187 193 196 202 206 208 217 220 223 225 226 227 230 231 233 234 235 239 240 241 244 256 261 262 265 266 268 271 274 279 283 287 289 290 292 297 302 304 307 
115 1 106 110 111 112 114 121 122 123 126 128 129 131 132 134 135 142 145 146 147 148 153 157 159 160 163 164 166 168 169 171 172 176 183 186 187 192 202 203 206 207 212 214 216 223 234 236 241 242 244 246 247 251 253 263 267 271 278 279 281 282 288 290 292 293 294 302 307 309 312 313 
247 106 112 129 130 133 135 137 143 145 146 173 175 182 188 191 241 247 282 290 292 306 308 
166 113 131 141 158 160 193 208 250 257 268 282 292 
157 106 112 119 123 125 126 128 137 143 151 158 159 165 168 171 172 181 184 195 196 198 200 202 204 205 206 207 221 227 231 233 234 235 237 239 244 246 247 256 257 266 270 279 280 282 292 296 300 302 306 314 
112 108 114 117 121 127 131 141 155 164 167 180 190 203 210 212 217 220 223 226 247 249 259 271 283 288 299 303 305 309 311 
196 109 128 161 188 198 204 208 221 243 248 252 261 266 287 293 295 298 299 307 
250 107 108 109 113 115 116 120 124 125 127 128 131 135 136 142 145 146 147 149 151 153 157 159 160 161 162 163 166 168 169 172 177 179 183 188 189 192 196 197 198 204 209 211 212 215 216 219 225 227 232 237 239 245 246 247 248 249 251 256 257 258 259 264 265 270 272 274 278 281 287 289 292 293 295 296 299 301 305 306 307 310 313 
83 114 121 124 130 154 162 178 180 191 203 204 214 235 265 274 285 293 299 
83 1 108 122 140 165 182 247 278 290 296 306 311 
240 1 114 119 133 138 144 148 152 154 159 164 166 168 173 178 179 182 195 200 204 205 207 209 212 220 221 225 226 258 268 270 273 276 281 283 289 291 298 301 302 307 
40 108 111 121 123 127 128 131 134 136 143 144 146 147 150 153 163 165 170 172 176 177 178 180 181 183 190 191 192 193 200 201 202 205 211 212 213 215 216 218 221 224 225 229 230 232 233 236 241 245 250 255 263 269 280 285 286 288 293 294 303 305 309 310 311 
56 108 110 114 119 129 132 133 138 147 156 159 162 168 174 181 183 186 187 190 196 202 212 219 226 233 238 252 257 264 275 278 281 286 287 293 296 301 303 306 309 311 313 
115 112 114 116 129 130 150 151 157 183 193 194 197 199 206 213 215 217 231 235 257 258 259 260 264 275 278 286 290 292 313 
229 111 113 116 131 134 138 153 161 167 176 180 187 188 189 191 199 206 255 257 258 259 268 271 272 282 304 308 309 311 312 
236 119 122 129 134 135 139 163 173 175 185 189 200 201 202 221 225 227 248 249 262 271 272 279 
122 106 108 113 114 129 130 133 134 135 142 143 144 146 147 148 150 154 162 165 167 168 169 176 177 179 180 181 182 183 189 190 191 192 198 199 204 209 210 211 215 226 229 233 234 238 243 248 252 253 255 260 263 267 272 281 284 287 290 293 297 
62 163 164 202 215 217 248 254 258 266 276 287 291 
67 1 106 108 110 117 119 122 123 130 135 136 137 139 145 146 147 157 158 160 162 166 167 171 175 177 178 183 188 191 192 194 197 198 199 201 204 205 208 209 218 220 223 228 230 232 233 234 237 238 240 241 243 247 249 250 256 262 264 265 266 267 272 273 275 277 280 281 285 288 293 294 295 298 301 302 304 305 308 311 
266 106 108 110 120 131 139 140 146 151 160 165 175 197 208 209 222 230 239 249 253 263 264 265 277 282 285 286 294 301 303 
147 108 110 112 113 115 118 121 127 128 129 131 135 138 142 144 148 152 155 156 157 158 161 162 164 172 173 175 177 183 184 187 191 192 195 198 199 201 205 206 209 214 215 218 219 221 222 228 229 232 233 238 248 251 255 257 262 267 271 282 285 288 289 290 298 309 313 314 
296 106 124 137 145 146 152 165 171 179 186 194 204 209 222 239 247 258 261 264 268 272 280 284 294 315 
296 109 113 119 122 128 129 134 140 141 152 153 161 162 164 165 168 171 178 180 184 189 190 194 198 212 219 226 227 229 232 234 236 237 241 245 247 251 252 253 255 258 265 270 271 273 274 284 286 288 299 301 308 309 313 315 
177 108 115 116 118 123 124 129 131 141 143 144 145 149 152 155 158 168 171 174 176 178 179 181 184 188 189 190 192 194 195 199 200 209 211 214 215 218 219 222 223 225 229 230 234 235 237 240 247 251 252 256 262 267 273 274 277 283 290 291 294 295 296 303 308 311 
56 157 171 174 217 229 236 245 251 252 253 261 266 284 286 294 310 311 
67 201 218 250 262 279 290 
47 112 114 115 116 117 120 122 127 128 135 138 143 144 145 148 156 157 158 159 163 168 169 174 178 183 195 197 198 200 202 204 208 209 215 216 217 219 221 228 233 236 238 241 251 252 253 254 255 256 267 268 270 275 281 284 286 287 295 296 299 301 306 307 309 310 
283 107 121 124 125 131 132 133 134 141 142 143 152 158 166 169 182 183 186 198 210 219 222 227 230 239 251 252 254 256 257 280 282 288 297 299 300 308 311 314 
281 115 116 119 124 130 131 133 134 138 139 142 146 147 148 152 155 156 157 158 160 163 168 179 180 184 187 188 199 200 201 204 207 214 215 216 235 236 240 241 256 266 269 270 271 276 278 280 284 292 295 306 310 
248 1 111 114 115 117 126 128 136 137 140 143 146 148 149 153 155 156 164 166 171 173 177 185 190 208 209 210 211 218 219 221 227 234 236 237 240 242 246 248 250 259 263 266 269 276 282 283 287 293 301 303 306 307 310 313 
13 126 142 188 235 280 287 
129 107 111 118 132 135 139 140 142 151 156 163 167 170 173 176 178 180 185 190 194 195 201 207 210 211 213 217 218 221 223 226 229 230 235 236 241 242 247 248 251 255 256 258 262 263 273 277 281 286 288 292 296 298 303 307 309 311 313 
214 106 107 113 119 128 130 138 144 147 161 165 166 172 177 188 196 204 206 218 219 228 229 230 236 240 241 242 269 272 274 280 281 282 288 289 298 
78 109 110 112 122 124 125 133 140 141 144 148 149 153 156 157 160 161 162 164 166 169 177 182 183 185 187 189 199 207 215 216 218 220 223 226 233 236 238 239 244 245 246 248 250 251 252 264 271 272 273 275 278 283 286 288 292 300 303 304 305 307 308 315 
25 109 113 114 115 117 119 128 129 135 136 137 139 141 142 145 146 150 151 156 162 163 165 166 169 172 174 176 178 181 182 183 197 198 199 200 201 204 207 208 215 219 220 221 222 224 225 227 229 237 239 240 241 247 249 251 254 255 256 258 261 263 265 267 269 270 276 277 278 279 280 286 287 288 291 295 296 301 313 315 
108 111 113 119 120 121 125 135 136 153 157 159 170 174 191 192 196 198 203 216 217 221 224 228 238 243 254 257 259 264 267 271 275 276 278 281 282 297 303 
126 154 171 
125 109 115 122 123 124 127 131 132 133 139 141 142 145 148 152 159 160 180 188 190 191 194 199 202 205 206 223 227 233 235 236 242 252 253 270 272 275 276 278 280 292 294 298 304 310 313 
68 115 116 122 124 126 138 139 146 148 149 152 153 162 163 165 167 169 170 175 176 178 180 188 189 199 206 223 224 233 238 241 242 248 249 250 251 256 267 272 276 292 297 299 309 311 313 
196 106 109 126 137 138 154 167 177 183 202 205 206 213 254 276 284 287 288 310 315 
248 149 177 179 245 259 
6 106 111 148 159 164 169 172 186 188 189 191 192 194 198 200 202 216 218 220 230 232 236 241 248 251 254 257 262 267 276 279 283 286 298 299 302 303 307 310 
189 108 109 110 113 114 119 121 122 126 127 129 133 140 147 148 149 151 154 156 157 158 163 164 171 177 180 184 187 189 191 195 200 202 203 204 209 215 216 218 220 221 222 226 231 232 238 239 240 242 245 247 248 253 256 258 259 268 269 270 272 273 275 278 279 281 283 288 290 292 302 305 306 309 310 314 
245 116 123 126 129 143 146 159 166 183 258 263 277 287 
103 106 108 111 146 163 169 172 179 180 181 183 186 196 199 207 210 218 222 226 228 231 233 270 274 292 293 294 300 304 
264 106 107 109 111 116 117 121 124 129 130 132 133 134 140 143 144 146 148 149 150 152 155 164 167 168 169 173 174 179 180 181 183 185 189 191 193 194 195 196 202 203 212 214 215 217 219 220 221 223 226 234 238 244 245 247 249 256 257 259 263 266 267 270 275 278 280 285 289 290 291 302 303 305 311 313 315 
279 106 108 109 110 118 119 121 122 124 132 138 139 146 150 155 158 159 162 163 166 167 170 175 177 179 180 182 185 186 189 192 195 197 202 203 205 206 207 210 211 212 214 222 232 236 237 238 241 246 248 250 252 254 255 256 257 264 265 272 275 276 279 281 290 297 302 306 307 309 315 
172 106 113 114 117 120 121 141 142 153 169 174 184 195 206 215 217 230 238 243 247 248 249 250 253 261 272 273 277 283 294 301 303 
280 1 113 116 118 121 122 123 125 137 139 140 142 143 145 148 151 154 161 163 165 168 171 173 175 179 181 182 185 186 192 195 196 198 199 204 206 208 211 212 216 218 219 220 223 226 227 232 236 243 246 251 253 254 255 258 259 260 263 269 270 271 274 275 277 278 279 280 283 289 290 293 301 304 305 307 309 312 315 
298 106 113 115 119 120 125 127 128 129 134 136 137 140 145 147 149 153 154 156 161 162 163 165 167 170 172 175 177 181 182 184 186 188 189 199 201 203 208 209 210 213 214 215 216 218 221 222 224 225 228 231 240 243 250 254 255 256 260 271 274 276 278 279 281 284 287 290 291 292 295 296 297 299 301 304 305 306 307 310 311 313 
17 1 107 108 109 112 113 123 127 132 143 146 147 148 167 179 180 181 184 186 195 197 201 209 214 215 217 221 232 234 236 240 242 244 251 255 256 257 258 265 268 269 270 272 276 279 284 285 287 288 295 297 300 301 304 306 
200 107 114 126 129 135 136 137 146 152 155 163 164 165 167 169 171 176 178 180 183 187 188 190 194 198 210 212 216 217 219 226 232 235 237 238 240 241 246 251 272 274 278 281 285 288 290 296 298 301 310 315 
170 136 143 145 148 177 179 193 207 218 230 233 264 267 296 299 307 309 310 
160 106 109 112 114 115 116 118 120 124 125 133 136 137 142 151 154 155 156 157 160 162 168 169 171 173 176 187 193 197 199 202 203 204 206 207 209 212 219 227 230 235 238 239 242 245 246 251 253 256 260 261 265 266 267 269 273 279 282 284 290 293 295 297 298 302 304 306 314 
259 110 131 139 140 147 171 184 229 234 258 264 277 
208 107 110 111 113 114 116 121 122 123 124 125 128 132 133 134 142 144 145 149 150 151 154 156 157 158 162 163 164 165 169 171 174 186 187 189 190 195 199 202 205 210 212 217 218 222 223 225 228 230 233 237 238 239 240 241 243 244 247 254 256 257 259 260 261 262 264 266 272 273 278 281 283 285 286 287 288 290 293 300 306 308 310 311 313 
174 1 109 111 115 119 120 125 130 131 139 144 160 161 164 169 170 177 179 184 186 193 196 204 205 206 209 211 212 216 218 220 221 226 228 229 230 233 234 236 238 240 242 248 250 251 253 263 268 274 283 288 290 295 298 303 306 307 312 313 
11 120 122 139 142 159 164 190 207 209 242 243 247 258 297 305 
280 111 118 123 129 146 149 153 157 162 164 173 176 181 190 195 202 205 218 220 242 245 256 262 263 303 306 315 
138 1 107 110 116 117 123 124 133 136 138 146 169 170 172 173 179 187 192 197 211 217 221 224 225 228 229 230 233 235 245 247 254 259 267 272 278 284 292 294 295 298 300 306 308 310 311 312 
162 107 108 114 125 127 133 142 151 155 156 172 175 184 197 204 206 211 218 224 226 227 230 237 241 243 248 249 254 258 260 268 272 274 282 295 304 305 306 307 
195 108 109 113 115 116 118 119 123 124 126 128 138 141 144 146 153 154 159 163 165 167 171 174 180 181 182 183 185 192 193 194 195 199 201 206 207 211 216 221 223 227 229 235 248 252 255 278 279 283 286 296 297 308 313 
290 108 109 112 116 117 118 119 120 123 125 127 128 129 134 137 138 141 145 147 156 157 158 162 165 168 173 175 177 182 185 186 188 191 200 201 204 205 207 209 211 215 218 220 221 222 225 228 229 230 231 235 237 238 246 251 258 259 263 264 273 275 277 283 289 294 296 299 300 301 306 307 308 314 
19 106 110 114 116 120 123 124 126 127 128 129 130 133 134 140 145 148 149 152 153 162 166 169 174 177 179 180 183 184 186 188 190 194 198 200 201 208 210 215 216 219 220 223 225 227 229 231 234 235 241 243 244 250 252 265 275 277 278 279 286 287 290 292 293 295 304 305 311 314 
249 1 106 107 109 112 113 123 124 128 139 151 154 171 200 202 206 213 214 229 231 276 280 286 290 292 293 
107 110 111 114 120 122 123 124 129 130 142 149 150 151 152 156 158 160 161 162 164 168 171 179 185 186 189 191 198 202 203 204 205 206 211 214 216 218 220 227 229 233 236 238 244 247 249 250 255 256 257 258 259 260 264 267 269 271 276 280 282 288 289 291 294 300 303 304 306 309 310 313 314 
211 110 111 113 115 122 142 145 146 152 166 182 185 186 193 195 206 208 211 212 213 215 230 232 238 247 251 254 263 272 278 293 312 
33 106 108 110 117 120 131 132 135 140 141 142 147 149 151 154 155 157 161 166 167 169 170 179 181 189 200 203 206 209 211 212 215 217 219 221 227 229 230 234 241 245 246 247 250 251 254 255 256 257 258 260 261 264 266 267 268 269 270 271 273 274 278 279 284 286 290 293 296 297 302 303 304 306 309 314 
84 1 115 117 118 130 139 143 146 160 169 204 207 223 250 280 
211 107 108 109 110 111 117 118 119 120 122 131 135 136 138 139 140 141 146 152 154 155 156 163 175 176 177 182 185 187 190 195 196 202 204 205 206 207 208 209 211 212 216 218 221 225 226 228 229 232 233 234 238 244 246 248 249 251 252 254 261 263 265 270 279 280 286 289 290 292 293 294 298 303 306 311 315 
60 108 126 135 142 146 152 163 170 179 184 185 186 193 194 197 201 204 218 220 228 242 258 273 277 287 295 296 303 305 
101 108 117 118 148 172 197 201 212 225 237 255 269 278 284 301 
8 126 207 
91 106 114 117 119 120 122 126 127 129 139 142 152 153 168 181 186 187 188 191 193 197 199 218 221 228 231 233 249 252 257 258 259 261 262 263 267 270 272 278 279 283 289 290 306 311 313 315 
208 115 117 118 121 122 131 132 134 138 146 156 159 161 164 166 167 172 176 180 183 185 187 190 192 200 204 209 217 223 224 227 232 233 234 236 237 238 239 243 247 251 254 260 261 264 272 275 279 282 283 289 292 300 303 312 
203 108 113 114 115 118 120 122 123 129 133 134 137 140 146 149 153 155 156 158 160 162 165 167 168 170 171 175 178 180 181 186 188 191 196 197 200 204 206 207 208 219 222 224 230 231 234 238 239 245 246 248 250 251 253 257 259 261 262 272 273 282 287 288 289 290 292 293 295 298 299 300 301 304 305 306 308 311 313 
23 112 114 115 120 126 128 133 135 137 139 142 150 151 153 155 158 160 163 164 165 169 178 181 185 186 191 195 196 197 199 213 215 217 225 231 235 236 242 243 244 250 252 253 255 257 258 273 276 277 279 283 291 314 
254 106 123 129 139 141 147 159 161 165 167 174 187 194 195 196 201 212 218 225 226 231 232 234 235 242 246 252 275 281 290 292 297 299 
94 107 109 110 116 119 120 125 126 128 129 134 139 142 144 148 152 153 161 162 164 168 170 174 175 177 182 184 185 187 189 190 191 194 197 201 204 207 210 212 213 215 220 222 224 225 237 241 244 246 251 253 255 258 260 261 262 263 266 269 271 276 278 286 288 289 291 292 295 301 302 304 311 
170 1 111 112 114 121 125 131 134 136 137 140 145 153 155 168 176 188 194 197 199 200 201 204 205 207 213 215 229 230 233 237 248 258 261 262 264 285 287 299 308 
212 107 110 111 112 114 117 121 132 135 139 142 152 155 158 159 160 165 167 171 174 182 185 189 190 191 195 196 198 199 200 204 209 211 221 227 228 229 230 231 241 243 244 253 254 257 258 265 267 271 275 280 282 283 284 286 289 295 300 305 307 309 312 314 
77 1 106 111 112 118 119 120 121 132 138 142 143 148 149 156 157 158 159 161 168 170 171 178 185 187 189 190 192 193 195 202 205 206 207 214 217 218 221 222 225 227 228 230 231 232 235 238 240 242 243 247 248 249 254 255 261 264 270 272 274 275 276 277 279 284 289 290 291 295 300 301 303 305 306 310 311 313 314 
170 1 107 111 112 117 122 127 128 130 137 141 146 147 149 153 155 156 158 163 168 169 170 176 184 190 193 195 196 198 201 202 204 208 211 215 224 228 229 233 235 236 237 239 243 255 256 260 261 264 267 270 272 274 275 277 279 281 283 285 286 291 299 300 307 310 313 315 
280 107 121 123 138 139 143 144 151 154 164 169 171 172 185 188 197 198 218 219 220 221 230 231 235 236 237 240 241 242 253 256 259 268 280 283 288 289 297 300 301 
110 109 134 137 152 224 245 259 265 296 307 
42 113 120 123 124 129 132 133 144 148 154 155 159 169 174 181 182 183 189 191 194 199 201 202 214 227 229 233 237 245 253 261 262 269 270 273 278 281 286 287 288 301 302 306 312 313 
148 1 114 117 149 152 163 164 167 178 181 190 203 210 211 233 240 249 261 262 280 283 288 290 313 
20 119 124 128 139 144 150 152 155 156 158 159 164 172 177 185 186 192 201 203 207 210 217 220 223 226 228 229 233 236 238 243 244 251 263 264 269 279 283 292 298 300 311 315 
84 108 116 125 135 137 138 153 155 160 161 176 178 182 204 207 212 216 218 221 237 247 249 262 263 270 271 278 285 303 310 
223 108 127 133 142 144 147 157 171 197 241 263 273 274 298 314 
255 1 117 120 142 143 157 159 165 167 174 179 193 195 196 201 203 205 208 211 212 221 238 243 260 263 268 280 290 293 299 300 306 
210 1 106 109 111 112 113 114 120 122 123 126 134 136 144 145 149 151 153 158 162 163 164 170 173 174 175 178 186 196 198 199 205 206 208 215 217 218 219 222 226 229 232 235 236 237 238 245 246 247 250 259 275 279 280 284 287 289 292 306 308 311 
41 107 109 110 113 115 118 119 122 123 125 126 127 131 133 135 136 137 139 147 150 151 152 153 154 155 158 159 161 163 164 165 167 171 172 177 189 193 195 197 207 209 211 214 220 229 231 232 236 241 244 246 251 254 256 259 260 261 271 274 281 282 283 285 290 292 294 297 301 304 311 314 315 
49 112 113 116 117 122 130 135 149 168 170 171 175 180 185 186 189 192 199 216 222 225 230 235 239 241 245 249 254 268 272 274 277 278 287 289 291 295 298 300 301 303 309 
56 108 118 119 120 122 125 136 139 144 146 151 154 157 159 162 174 178 179 180 188 189 193 201 204 210 215 218 219 224 230 239 240 241 244 249 251 252 255 258 261 263 267 275 276 284 286 288 294 295 299 302 305 307 313 314 
66 107 112 118 124 130 132 134 139 145 146 148 150 153 159 160 161 165 169 172 173 181 182 184 190 191 202 203 205 206 207 208 213 220 223 224 225 231 232 237 240 241 245 246 252 253 256 260 261 263 265 266 270 272 274 276 285 286 288 290 291 294 295 297 299 301 304 307 313 315 
244 112 113 115 123 124 125 126 127 128 129 131 133 139 149 151 152 153 160 171 172 173 181 184 185 187 192 197 198 200 201 202 203 204 211 213 216 217 224 226 229 230 233 234 235 237 238 239 242 247 248 255 263 268 270 271 276 282 284 296 303 304 306 309 312 
73 144 154 169 182 207 214 222 223 235 255 272 278 283 293 304 
282 106 107 108 110 113 114 116 126 128 131 132 135 138 140 142 147 150 162 164 168 181 185 186 187 192 195 201 203 204 208 216 217 218 220 227 228 229 230 232 235 237 249 251 261 263 266 269 270 271 273 278 279 281 292 295 297 300 301 302 304 310 314 315 
201 1 109 110 114 116 117 123 125 139 141 146 147 149 153 156 162 163 166 170 171 172 174 175 181 183 184 187 190 193 198 199 202 205 206 208 209 213 219 227 230 233 234 235 236 237 241 245 248 251 253 255 257 262 267 273 275 276 277 280 283 284 286 289 294 301 304 307 308 310 
22 106 107 111 114 120 121 125 130 131 132 133 142 144 147 151 152 154 155 156 158 159 162 166 167 170 173 181 184 186 187 190 191 199 201 206 210 211 214 224 226 228 231 235 236 239 243 244 246 247 248 251 253 255 256 257 260 264 265 266 267 270 274 278 279 281 283 288 294 297 300 302 303 306 
220 138 153 163 164 168 175 190 195 200 211 219 221 244 251 258 266 289 291 292 304 306 310 312 313 
283 113 121 126 127 130 153 156 177 188 203 205 207 209 215 217 222 229 232 243 246 258 259 263 286 288 289 297 299 300 302 303 315 
185 225 80 278 165 85 21 110 127 154 128 43 43 261 65 42 254 30 157 111 221 267 88 230 8 66 160 82 84 147 237 282 283 109 152 27 22 115 221 109 298 230 256 137 177 288 125 142 187 156 155 169 36 85 294 32 67 237 257 272 158 196 112 147 156 129 205 212 272 120 296 96 107 255 97 24 239 130 212 244 169 11 231 80 230 172 121 137 53 300 82 164 101 199 255 259 168 101 23 249 36 168 217 1 183 248 132 164 245 78 222 156 71 199 162 83 246 298 62 227 166 111 68 259 84 168 268 185 105 73 238 237 141 34 84 245 241 38 80 253 241 9 258 108 242 29 205 136 34 83 24 166 14 273 128 284 162 165 161 293 187 272 1 53 164 287 297 131 227 234 179 281 115 221 57 106 158 235 188 242 145 41 204 74 198 115 32 275 223 84 139 189 298 254 253 223 149 225 69 215 224 208 119 112 156 27 221 196 281 59 197 19 222 212 125 297 119 255 81 178 197 183 208 233 74 37 211 190 10 295 144 216 250 204 157 78 15 65 144 224 17 144 5 103 224 73 19 298 65 155 45 111 233 124 117 291 299 117 252 87 281 158 68 65 194 47 142 276 239 112 125 118 198 64 18 293 40 189 213 296 37 102 246 50 12 258 176 63 97 33 184 291 14 206 45 284 206 28 188 254 247 89 69 179 176 242 140 279 54 274 26 175 193 122 193 
