212 318
131 107 111 124 154 192 205 213 228 257 270 284 
217 107 111 118 119 123 124 126 131 135 136 141 146 148 150 154 159 165 168 177 179 182 186 189 190 194 199 202 208 215 222 226 229 230 235 236 237 243 245 254 259 264 279 289 292 295 300 306 309 313 314 317 
189 1 110 112 119 121 122 124 127 130 134 140 147 149 167 169 172 173 178 185 189 191 194 195 196 197 199 204 205 206 213 216 217 219 223 224 225 227 228 229 231 232 234 236 240 243 246 247 250 256 258 273 275 276 277 281 283 292 293 295 298 300 303 304 305 307 312 314 
172 108 115 116 117 118 120 125 126 129 130 131 132 134 143 146 148 150 151 152 153 156 159 161 162 163 164 165 171 173 176 177 178 181 187 188 196 197 198 199 202 203 207 209 216 222 227 228 230 232 234 238 241 245 246 249 256 257 259 261 262 263 264 265 268 270 272 275 277 279 285 286 287 290 294 297 299 301 303 306 308 310 311 316 318 
292 109 127 128 157 171 174 217 281 284 294 
263 120 130 136 172 206 207 224 228 238 254 279 293 
19 115 125 130 131 136 152 155 172 185 205 209 213 214 227 238 249 253 258 286 287 293 297 306 314 315 
287 187 227 234 250 303 
122 109 113 116 118 126 127 129 130 131 132 134 139 143 146 149 152 158 160 162 164 172 175 176 177 180 182 186 191 192 193 194 195 196 198 202 205 207 208 212 214 215 216 220 221 225 226 232 233 234 235 244 246 247 251 254 257 259 262 269 272 273 274 276 277 279 280 281 284 287 292 293 294 295 300 304 305 310 311 317 
186 110 112 113 117 119 123 124 125 126 127 133 139 140 144 154 156 164 166 170 172 174 176 183 187 188 190 193 197 198 199 200 202 204 209 210 211 221 222 224 225 227 231 235 238 242 244 245 256 257 259 267 273 274 279 282 285 290 296 297 298 301 308 310 312 315 316 318 
265 107 108 110 112 113 115 117 123 124 126 128 129 130 132 133 138 140 141 142 143 149 151 152 155 158 168 169 170 172 173 174 180 188 192 200 201 209 210 213 218 219 224 230 231 232 234 237 239 241 245 249 251 256 259 261 264 266 270 273 281 283 284 285 286 288 290 294 296 298 299 300 302 304 307 308 309 311 312 317 
251 123 144 194 203 204 209 211 216 219 243 281 
282 1 108 111 121 124 126 128 130 136 138 140 149 160 164 167 170 171 173 178 183 187 193 198 203 204 205 207 209 219 235 244 247 251 256 257 268 277 288 291 292 301 311 316 
245 117 121 125 145 150 152 163 164 180 184 187 190 200 207 210 255 257 267 273 275 285 287 295 296 309 311 
277 1 113 114 116 117 120 121 124 125 127 128 132 141 146 161 172 174 191 193 194 200 202 203 205 207 219 220 227 231 232 236 238 239 245 249 254 258 260 262 263 265 266 267 268 276 281 282 284 286 289 291 292 293 299 301 304 308 315 
123 107 108 114 115 118 121 124 125 132 136 137 140 159 161 163 166 168 173 174 176 177 180 181 182 183 184 187 188 190 191 192 201 203 207 209 212 217 221 223 225 228 230 231 234 239 242 243 244 245 246 247 248 249 252 255 258 261 262 264 266 267 269 271 273 274 275 277 278 279 281 287 289 292 294 299 302 309 310 312 315 316 
142 1 116 119 120 126 127 129 134 135 140 143 145 150 152 153 154 155 159 161 162 163 165 167 169 172 178 179 180 181 182 188 190 191 193 198 200 210 212 214 221 223 227 229 230 231 235 238 239 246 250 251 253 265 266 273 278 279 284 287 291 293 295 301 302 303 304 308 311 313 317 318 
246 109 111 113 119 124 133 145 147 151 153 154 156 158 163 165 166 169 170 174 175 176 183 192 193 194 207 210 222 228 230 245 259 260 262 263 267 280 283 284 294 300 302 311 316 
81 111 114 116 124 136 137 138 155 165 175 179 180 186 187 196 199 200 205 207 239 247 249 280 299 
46 111 119 123 127 137 138 141 142 148 154 155 160 161 162 164 166 168 173 175 178 180 181 182 186 188 192 194 195 199 202 203 204 205 206 209 212 217 223 227 231 232 235 237 238 240 242 244 247 248 249 251 252 259 261 262 264 266 271 272 276 280 282 285 287 290 292 293 294 302 303 304 305 306 310 313 316 
169 109 118 196 230 246 249 287 306 
4 113 117 119 123 131 138 146 148 150 155 158 163 167 171 177 185 202 209 220 223 224 227 241 244 253 261 263 265 272 294 304 
103 1 111 112 148 162 169 174 190 202 205 218 230 235 239 241 243 267 280 282 283 300 317 
112 113 115 118 125 132 134 135 140 142 146 148 156 176 179 180 185 188 196 199 204 207 210 211 218 219 221 222 227 230 231 234 236 243 249 251 253 254 258 260 265 267 268 270 273 280 281 284 285 286 289 291 300 304 305 308 311 313 317 
106 111 114 116 120 121 125 127 131 135 138 141 143 146 149 150 152 154 155 156 157 158 159 161 162 163 165 171 172 174 183 187 188 189 191 192 198 199 201 206 208 209 215 217 219 225 226 230 231 240 242 245 256 257 259 264 265 271 274 275 277 279 281 282 283 287 288 290 291 292 293 301 304 307 309 313 
38 163 188 199 219 225 275 286 
96 108 125 140 143 147 148 152 155 169 170 173 176 180 182 189 197 198 204 208 214 218 220 223 228 229 233 235 238 240 243 244 249 251 255 256 258 259 264 275 283 285 293 304 308 314 317 
58 1 111 122 134 136 148 149 154 158 160 172 174 184 188 196 205 208 210 215 216 224 231 240 251 256 260 275 279 281 290 294 312 318 
48 107 112 114 115 119 127 128 131 132 135 136 140 148 149 157 158 160 161 165 169 176 181 187 188 190 191 198 199 200 203 207 220 221 222 226 227 229 239 248 249 251 255 256 260 263 266 267 269 270 274 277 290 291 294 295 297 301 304 307 313 314 317 
151 1 108 109 112 113 115 119 123 124 125 126 127 128 132 135 142 145 146 150 151 155 159 163 168 169 172 173 174 178 179 181 186 189 191 195 198 204 208 209 211 212 216 219 226 227 228 230 237 240 241 245 247 249 253 254 255 257 260 262 264 269 270 272 274 284 285 286 294 296 299 300 301 302 303 306 309 310 311 313 316 
237 109 115 117 122 127 134 136 142 146 147 149 151 154 155 160 168 169 174 177 179 207 212 214 217 220 222 226 229 233 248 249 256 265 272 277 285 288 290 292 295 299 302 304 305 308 310 312 313 314 
128 108 116 117 120 122 124 127 131 138 144 146 148 149 150 151 152 159 161 163 166 172 175 176 181 186 192 193 195 198 199 202 203 204 206 208 209 213 216 217 222 225 226 228 230 231 240 241 242 247 253 257 258 261 262 263 266 271 272 274 277 280 283 286 292 298 302 303 311 312 313 315 318 
7 132 133 146 148 250 266 290 302 
120 1 107 108 110 113 116 118 121 136 138 140 144 147 156 157 160 161 162 164 166 168 170 173 174 175 184 188 191 194 195 202 205 207 213 218 222 223 225 231 241 244 245 250 252 253 254 259 264 265 266 278 282 283 285 289 294 299 308 316 318 
111 1 108 114 115 117 118 130 134 135 137 142 143 144 147 151 158 160 168 169 174 176 177 185 187 190 193 195 197 206 210 216 217 219 221 232 233 234 235 238 239 242 243 246 251 254 259 261 262 263 268 274 275 277 284 287 288 289 292 296 300 301 303 305 306 309 311 314 317 
9 1 108 110 112 117 118 123 129 130 139 144 154 158 181 182 186 188 190 192 195 197 199 200 202 211 216 226 229 233 240 251 252 257 259 271 274 300 305 309 310 312 
25 113 115 118 119 122 126 127 131 132 135 136 137 139 146 152 155 157 159 163 164 172 179 194 195 198 201 202 205 208 213 218 219 221 226 228 233 234 235 239 240 252 253 255 257 259 260 266 271 277 279 283 286 288 291 294 305 308 309 311 312 313 316 
150 111 115 118 136 138 148 152 158 178 181 188 201 209 217 220 224 227 229 230 232 234 236 241 247 250 252 258 259 260 264 265 268 271 272 278 284 285 305 310 311 
143 306 
85 1 112 115 117 124 129 131 133 134 135 137 143 144 147 150 151 161 162 167 169 170 175 176 179 180 183 185 187 191 199 202 203 210 213 214 217 218 221 222 225 226 227 235 236 237 239 240 241 242 243 245 248 253 256 257 260 261 262 264 271 273 274 276 283 284 285 289 290 291 293 294 295 296 297 299 301 305 307 308 313 318 
187 1 115 124 141 153 157 164 172 178 184 189 192 198 199 209 217 255 260 262 273 285 290 303 312 314 
70 1 109 111 113 117 118 124 125 126 127 128 131 145 165 166 176 185 187 188 192 193 196 197 200 201 207 209 211 212 218 223 228 230 236 238 245 256 258 259 261 267 269 284 287 295 299 301 305 307 310 312 
226 1 122 124 128 134 135 137 138 149 152 155 157 158 160 162 163 164 167 169 173 174 175 179 180 185 191 193 199 200 203 208 209 212 213 219 220 221 225 232 236 237 238 246 248 249 250 253 255 260 267 269 272 283 284 287 294 298 302 309 310 313 317 
97 110 111 115 116 118 119 120 121 129 130 131 139 142 146 150 152 164 168 170 172 174 179 185 186 193 196 197 205 212 213 214 215 218 220 221 222 223 224 225 228 229 231 235 236 239 242 244 247 252 253 256 258 261 267 268 270 280 285 288 292 293 295 296 303 304 306 308 310 311 312 313 
153 111 117 123 136 150 152 153 162 165 173 175 179 191 195 210 222 228 234 240 245 246 264 265 268 269 270 273 280 283 285 294 295 297 
151 117 125 133 145 153 167 195 203 210 258 269 281 296 299 317 318 
241 107 112 116 125 132 140 141 142 145 148 172 189 200 202 213 221 232 235 244 257 260 264 280 293 299 313 
77 129 142 201 209 213 218 235 251 253 269 318 
227 107 113 116 124 126 127 139 140 141 142 143 150 154 156 160 161 162 163 165 169 170 171 172 174 179 184 185 190 196 197 203 205 206 210 214 226 227 230 233 235 236 237 247 252 258 260 262 269 276 282 289 290 291 293 298 304 305 307 308 313 316 
94 1 107 113 119 123 124 131 132 133 136 142 143 152 155 156 158 159 160 164 165 167 176 177 179 181 185 187 188 189 192 195 196 197 199 201 203 205 206 210 213 214 215 216 223 226 230 233 235 238 239 242 243 244 248 249 250 255 257 260 261 262 264 269 272 273 274 276 277 281 284 285 291 292 295 296 298 299 302 303 305 309 311 315 316 318 
274 110 113 118 119 125 126 128 133 139 142 150 153 154 162 165 169 170 171 174 177 178 181 182 184 185 186 195 199 205 211 212 215 216 218 222 224 225 226 233 235 243 244 245 246 247 248 253 255 257 267 268 272 274 276 282 284 286 290 291 295 296 297 299 300 304 308 309 315 317 
265 112 121 123 136 139 140 142 157 158 168 175 182 183 185 186 187 189 194 197 198 201 204 206 208 211 217 219 220 224 229 230 233 238 240 241 244 247 254 255 256 257 261 262 264 267 275 279 280 282 284 290 291 293 298 304 308 314 
244 1 110 111 112 113 114 116 130 131 133 134 136 137 140 144 146 147 154 159 160 162 169 171 172 174 175 178 180 181 182 184 185 192 193 196 199 200 201 206 215 216 218 220 222 226 233 237 239 241 243 244 245 247 249 253 257 259 260 262 265 266 268 269 271 272 273 274 276 279 280 281 284 295 300 301 302 304 305 314 315 317 
89 107 118 125 126 129 133 134 136 137 138 141 145 146 152 156 160 163 166 169 171 172 173 175 179 181 184 189 191 195 196 197 199 200 202 206 208 210 215 221 222 223 225 233 236 237 245 248 250 251 252 257 259 260 261 264 265 266 272 278 280 286 292 298 306 309 316 318 
164 115 116 128 129 139 146 150 155 156 162 169 176 180 186 191 208 213 215 222 224 227 234 251 252 263 277 289 299 302 303 307 316 
94 1 108 109 111 113 114 116 118 122 125 128 131 132 134 135 145 152 154 155 156 157 160 162 165 166 167 170 175 180 183 185 189 190 191 194 199 200 205 206 208 214 215 216 219 221 224 227 228 229 230 236 237 242 245 246 247 250 255 258 261 262 263 266 270 272 273 276 277 279 280 282 288 291 293 297 298 304 305 306 310 313 315 317 318 
167 107 108 120 121 122 124 131 132 135 137 144 147 150 153 156 160 162 164 166 170 171 172 173 174 175 178 180 183 184 185 186 187 188 189 190 191 198 202 204 212 213 216 217 223 225 227 230 231 234 236 240 244 245 249 250 251 255 259 263 266 268 269 276 283 293 294 297 301 306 309 310 311 316 317 
53 108 111 118 121 127 131 137 138 139 140 143 146 148 149 150 154 160 161 165 166 171 172 173 175 179 180 181 185 209 215 220 224 227 229 231 232 241 244 246 248 249 254 255 258 266 268 269 278 280 282 286 287 292 293 294 296 303 305 306 312 314 
114 107 109 110 114 116 117 130 131 143 147 148 153 155 159 162 166 171 175 177 186 192 215 218 221 227 228 243 250 252 261 266 269 276 284 291 297 299 307 308 309 310 312 318 
145 108 115 116 120 121 122 127 138 139 146 149 151 156 167 181 183 184 192 193 199 212 221 226 227 230 231 234 254 286 291 301 315 
139 111 115 118 119 123 128 130 133 135 136 140 141 142 143 144 145 148 149 150 153 156 157 159 162 164 165 166 168 170 173 174 177 178 180 181 182 183 184 185 187 189 191 196 197 198 201 204 205 210 211 212 214 215 218 219 221 222 224 225 228 231 234 235 238 243 245 246 251 257 259 265 271 272 276 284 285 289 292 293 297 299 302 304 306 308 312 313 317 318 
220 114 116 117 122 126 132 148 184 187 195 207 212 215 220 221 254 259 263 292 297 306 314 
128 109 110 112 120 122 127 139 141 144 157 163 168 174 179 192 197 211 222 227 229 231 232 237 240 250 256 259 260 265 266 271 276 282 283 294 300 301 308 309 
184 118 127 142 172 175 196 313 
248 111 120 123 132 137 139 143 147 148 152 154 157 158 159 160 177 181 185 188 194 196 197 198 208 218 221 230 235 237 241 244 245 249 251 253 260 261 267 276 277 282 288 295 298 304 315 318 
212 109 119 120 126 151 152 159 165 166 169 170 175 181 188 197 213 214 221 232 253 258 279 286 287 294 
193 1 110 111 117 118 119 120 121 122 124 125 126 129 134 135 138 142 143 144 145 148 149 150 159 161 164 166 169 172 173 174 177 180 181 182 184 187 190 193 194 196 204 209 211 212 216 217 218 220 224 225 229 236 240 242 244 245 251 252 256 263 265 268 270 271 272 276 279 281 283 285 294 295 297 304 305 311 
126 107 108 109 110 111 121 123 125 128 131 132 135 138 139 144 145 147 148 149 150 160 164 165 181 185 187 188 190 192 201 210 215 221 228 231 234 239 247 248 251 252 255 267 273 293 296 299 305 311 316 318 
63 124 129 167 175 181 183 187 208 226 227 255 264 286 
81 115 126 135 138 149 150 151 152 154 157 169 177 179 181 184 186 192 198 199 202 211 219 230 233 241 243 259 264 266 268 273 274 276 294 299 300 302 303 312 314 315 
133 107 109 111 112 119 121 125 132 134 135 141 142 146 150 151 154 159 161 162 164 165 167 173 174 176 178 180 188 191 193 195 196 201 202 205 208 210 211 219 220 223 232 233 239 241 244 246 248 250 252 253 257 262 263 268 273 275 277 283 285 286 287 288 290 293 295 296 297 298 301 305 307 310 312 314 
198 107 108 111 117 118 122 124 127 128 130 135 136 139 140 145 150 158 159 161 171 172 173 182 186 190 195 196 197 200 202 203 206 207 214 215 218 220 225 226 228 238 239 240 242 243 244 255 256 261 263 265 267 268 270 271 274 275 276 282 283 284 289 292 294 296 301 302 305 308 310 311 317 
171 108 110 127 138 159 181 218 229 252 271 276 286 296 300 302 
245 115 128 150 159 160 166 167 183 185 200 206 207 231 250 252 254 255 266 267 281 291 302 
2 121 122 126 138 139 149 160 161 167 170 173 181 184 185 196 198 202 222 225 232 243 246 252 271 273 290 291 305 
178 121 138 141 235 308 
212 107 108 114 127 128 129 132 140 147 149 151 153 154 155 157 159 160 166 169 171 172 175 178 180 183 188 192 193 194 198 200 201 202 203 205 206 209 212 213 214 218 219 220 222 226 232 233 237 238 243 244 246 247 251 253 257 259 260 261 264 265 269 270 273 277 278 287 288 291 296 297 298 304 305 307 309 310 
238 110 111 112 117 120 123 126 127 128 132 138 140 141 144 147 148 152 154 158 159 161 166 171 180 189 190 196 198 201 207 210 215 219 223 228 231 242 244 247 251 259 264 267 269 272 275 281 291 299 300 302 306 314 
202 111 137 152 187 190 247 257 264 282 285 290 297 298 306 317 
242 109 111 112 114 117 118 122 123 127 129 137 138 139 140 152 155 156 159 161 163 167 169 174 175 179 180 181 186 187 188 189 190 194 199 200 204 226 229 232 247 254 257 266 267 273 275 280 281 287 289 290 292 294 306 310 314 315 316 
62 113 120 177 201 227 232 238 246 248 278 287 289 314 
169 111 124 134 136 137 144 146 158 159 167 176 177 181 182 185 188 190 195 198 211 212 230 234 235 237 238 241 242 246 247 249 252 254 257 258 260 265 268 269 270 272 278 280 283 294 303 311 312 315 317 
104 108 109 115 119 120 122 133 135 138 139 143 145 146 151 152 153 155 160 161 162 169 173 174 180 182 186 187 189 191 196 197 199 201 207 208 211 212 216 217 222 227 230 231 233 234 239 241 244 245 246 247 256 259 260 261 262 263 266 269 271 273 277 278 280 283 284 291 295 298 309 313 315 
261 112 118 120 131 135 151 154 165 169 175 186 192 200 209 214 227 234 247 253 286 289 301 303 
166 108 110 114 118 122 125 128 132 133 135 141 146 148 150 151 153 155 157 158 159 163 164 167 170 172 174 180 181 184 185 186 188 189 196 199 206 209 213 216 217 222 226 229 230 232 243 245 246 248 249 251 253 254 258 259 261 263 264 268 270 271 272 273 274 278 279 280 288 295 297 300 302 303 306 307 311 315 316 317 318 
104 1 108 116 123 134 135 137 157 169 171 173 174 183 187 197 198 201 218 237 245 262 280 289 292 
96 131 173 210 257 267 
297 107 109 110 111 115 117 118 119 121 125 127 138 142 143 148 149 152 154 155 156 158 160 162 163 164 170 174 177 183 187 188 189 194 200 201 205 206 207 210 212 216 220 230 234 237 238 239 241 242 246 254 256 261 264 268 269 270 271 272 273 274 275 276 277 278 281 286 287 291 293 294 295 299 300 301 302 304 306 308 310 311 316 
64 109 110 114 118 121 130 134 135 136 137 138 141 143 148 154 157 159 163 168 171 172 177 180 181 185 187 190 191 204 207 212 213 214 221 222 228 232 233 234 236 237 240 242 248 251 253 256 262 264 272 283 284 289 290 295 299 302 306 308 309 312 315 316 318 
189 118 119 126 127 128 149 165 167 169 171 173 178 191 202 218 222 226 227 229 231 233 247 253 257 272 274 275 277 282 294 307 312 315 
251 116 125 130 133 134 140 142 147 150 154 161 166 170 171 174 179 193 194 195 196 197 204 205 208 215 217 223 228 237 239 250 256 265 266 270 271 274 275 281 285 290 294 296 302 307 312 314 
201 1 109 110 112 114 115 117 120 125 131 132 134 135 140 145 146 148 154 155 156 159 162 167 168 169 170 173 174 176 177 180 183 184 186 187 192 197 201 202 206 207 211 212 216 217 221 223 225 229 231 234 237 238 240 241 247 248 251 254 256 259 261 264 267 268 270 273 277 282 284 287 289 290 292 293 294 300 301 303 304 305 309 312 317 318 
275 1 111 115 119 121 124 126 132 144 146 147 150 154 156 157 161 165 168 175 182 186 197 201 210 215 216 221 224 225 237 238 242 246 247 250 251 257 260 264 267 268 270 283 287 291 294 297 299 306 309 311 313 315 
20 1 116 117 118 119 122 123 128 146 151 155 168 169 172 179 181 182 194 195 200 201 204 208 210 212 219 220 221 223 230 235 238 240 241 242 243 258 259 261 263 264 265 274 278 279 284 287 289 294 296 297 298 300 307 
279 107 109 110 115 119 120 124 128 131 134 135 136 141 142 150 156 157 160 162 163 167 170 171 173 174 175 176 177 179 182 183 184 185 186 189 192 197 199 201 203 206 212 221 222 229 234 242 243 244 249 251 253 259 260 266 267 269 273 274 278 281 288 296 300 302 303 306 308 310 312 316 
291 110 115 116 117 118 124 130 133 137 142 147 153 155 160 163 174 175 178 179 180 182 183 188 189 190 192 194 198 201 204 207 209 214 215 216 221 222 227 231 232 234 235 236 242 245 246 250 251 252 254 258 259 260 263 265 271 278 279 281 289 291 294 295 300 301 304 305 309 310 311 316 317 
299 118 168 184 236 278 306 
119 1 110 111 117 118 120 126 127 128 129 138 141 142 145 148 150 152 154 156 161 176 177 179 180 186 187 191 193 194 196 198 199 204 205 210 214 222 225 232 235 239 240 242 243 247 250 251 253 254 257 260 263 264 267 269 270 271 272 273 277 280 281 283 305 307 308 309 311 312 313 315 316 317 318 
151 108 113 114 115 128 132 134 135 138 141 148 152 157 167 169 171 172 173 174 176 178 179 180 181 183 184 188 191 194 195 198 201 203 205 208 209 210 211 215 217 218 220 227 231 237 240 241 242 248 249 251 253 255 257 260 262 263 269 270 276 279 281 285 286 288 289 290 291 292 293 296 297 298 300 302 305 311 312 317 
191 119 202 284 307 310 
223 107 114 119 126 145 157 159 187 205 216 218 226 259 271 279 281 290 295 
59 109 111 120 124 125 126 132 137 139 142 149 154 157 162 164 167 171 183 184 185 190 195 198 203 209 212 213 218 227 229 232 236 237 238 239 242 245 251 252 255 263 268 272 276 277 288 289 295 296 301 303 305 318 
182 107 109 114 120 121 126 133 135 136 143 146 153 155 156 157 168 171 180 185 187 190 192 193 194 195 197 198 201 203 207 213 214 215 216 217 239 249 251 254 260 264 268 270 277 278 280 281 282 287 297 300 301 302 304 309 314 
152 107 108 111 116 123 126 128 132 138 143 145 153 154 159 160 161 163 170 175 177 180 185 187 188 189 191 192 195 197 198 203 205 208 209 211 219 222 224 228 238 240 246 247 251 252 261 262 263 264 269 271 273 277 280 287 291 292 294 295 297 298 300 303 305 306 308 311 314 
151 1 110 112 113 120 124 128 131 134 135 136 137 140 141 144 146 148 150 153 155 156 157 160 167 174 175 176 177 179 180 181 183 184 192 193 195 197 200 201 202 205 210 212 214 216 219 221 224 225 227 228 236 241 246 248 251 255 258 260 262 263 267 270 271 272 274 276 278 279 280 282 284 286 287 289 295 297 299 300 304 306 307 308 310 311 313 318 
245 118 163 181 213 242 279 314 
130 110 111 112 126 129 131 134 137 143 145 152 161 168 172 175 179 184 186 191 194 196 199 200 207 211 217 218 222 225 226 229 230 233 238 240 248 251 253 257 259 262 263 270 273 275 276 298 302 303 304 306 307 314 317 
300 124 203 218 235 239 261 285 292 
289 111 133 136 260 287 292 297 
26 113 114 122 123 124 136 138 139 140 143 144 146 150 151 154 157 158 161 163 164 167 172 183 191 193 208 210 213 214 218 221 226 227 230 232 237 239 252 263 271 275 283 286 295 296 298 299 311 313 315 317 
7 110 111 120 123 132 134 137 139 142 144 147 149 151 153 156 158 159 161 167 170 172 174 177 178 179 181 182 186 187 194 200 201 205 209 210 212 214 215 216 217 220 221 225 226 227 234 237 240 241 244 245 247 249 250 252 254 258 259 261 264 266 271 273 293 296 297 301 307 309 313 314 316 
273 108 110 115 117 120 123 127 130 134 136 137 141 148 151 152 153 158 162 166 174 175 177 180 183 185 189 190 194 197 205 206 207 208 211 212 213 217 220 221 224 226 234 241 242 243 245 246 256 259 261 271 277 278 284 287 291 293 296 299 300 307 313 316 
53 109 110 112 114 118 122 124 127 136 145 147 148 150 155 156 159 168 172 175 177 197 208 211 212 232 236 237 238 244 251 255 258 260 261 268 278 280 281 282 284 288 291 305 307 308 311 312 
192 110 112 114 115 120 126 143 144 145 148 153 156 158 165 167 171 174 176 191 203 208 209 210 211 215 224 227 228 232 235 237 239 249 255 262 268 270 274 279 288 293 295 299 303 309 311 
113 1 107 120 127 129 138 143 145 147 148 149 150 152 162 164 173 175 179 182 185 200 201 206 207 210 221 224 227 229 234 244 253 255 262 267 269 271 273 280 288 294 312 313 
83 116 158 176 190 204 209 213 226 246 295 312 
18 110 112 121 132 198 
272 1 107 108 109 112 115 117 122 125 126 127 132 133 135 139 141 149 160 161 164 165 168 169 170 179 180 181 186 187 191 192 193 195 199 200 201 202 203 205 208 214 217 227 228 230 232 235 236 241 243 249 251 253 255 256 259 261 263 265 267 268 269 273 276 277 278 281 282 284 285 291 294 296 309 310 314 
214 1 107 108 112 116 117 118 119 121 124 128 139 144 146 150 153 154 156 158 169 170 173 175 177 180 181 182 183 184 186 189 195 196 198 201 202 203 206 207 209 210 213 215 221 225 226 229 230 233 235 239 240 242 245 247 252 253 256 257 265 266 269 271 272 274 275 279 282 289 292 293 294 295 300 302 304 306 309 310 311 312 
244 125 127 134 139 140 148 150 154 156 157 159 164 166 167 177 182 186 187 193 194 197 200 201 209 217 218 221 222 236 241 244 248 261 264 267 272 280 304 314 
53 1 109 110 114 115 116 119 123 125 130 131 134 142 143 148 162 163 171 174 176 178 181 188 197 203 204 207 218 223 227 229 237 239 241 246 250 255 256 261 272 274 276 281 286 294 296 298 299 303 306 308 310 314 318 
232 108 110 116 117 119 122 131 138 141 142 145 146 147 148 150 152 157 158 168 169 172 173 176 177 179 184 189 192 194 199 201 202 203 204 206 214 217 218 221 223 229 232 234 235 243 249 250 251 252 258 263 272 274 285 286 296 306 307 310 312 318 
145 1 111 118 121 124 127 133 138 141 149 151 152 154 167 178 185 197 198 200 205 206 212 224 249 251 257 259 267 268 274 278 280 282 289 291 292 295 297 302 305 314 316 
275 1 112 114 123 130 133 138 143 144 146 150 151 152 154 155 159 161 162 163 168 174 175 179 180 181 185 188 193 196 199 204 207 211 228 231 232 248 254 256 273 274 282 283 290 291 292 293 310 314 
182 109 110 114 117 119 121 125 126 127 129 135 141 144 148 149 151 152 159 163 164 170 171 172 184 187 190 199 206 207 209 211 213 214 217 221 223 225 227 231 245 248 250 252 260 262 263 264 265 275 287 288 289 295 300 302 304 307 310 311 313 317 
153 109 111 119 120 123 132 136 147 150 151 153 154 157 159 168 169 170 172 179 183 185 197 199 203 204 208 219 220 228 236 238 243 244 246 254 256 257 259 262 265 270 276 278 280 297 298 307 310 312 
211 1 107 110 112 115 118 119 120 121 122 132 139 140 144 146 149 150 152 157 160 161 165 172 173 178 181 188 190 191 194 200 206 212 217 221 223 224 227 228 229 232 234 238 241 244 245 249 251 252 257 260 262 266 271 274 275 277 279 280 285 286 287 296 301 304 309 313 
183 113 120 123 130 146 158 180 183 184 189 190 230 231 233 235 246 258 268 270 276 285 290 292 297 309 316 
35 108 111 112 113 117 119 120 122 124 128 131 132 134 139 140 142 143 144 145 147 148 150 152 154 155 159 167 168 169 170 171 178 182 183 185 186 193 196 199 203 204 206 210 214 221 227 232 234 235 239 242 251 254 257 258 259 260 262 264 267 270 274 281 282 286 287 288 290 293 297 299 309 310 311 312 316 
123 132 141 151 167 180 183 185 186 189 205 206 208 221 227 228 241 252 254 265 268 272 276 283 284 
280 107 111 113 114 122 133 136 146 149 151 154 155 156 158 162 166 178 202 206 208 210 212 217 218 224 225 235 246 248 255 266 271 272 282 283 284 289 291 302 
33 107 133 175 225 272 292 
123 115 116 121 123 124 125 128 137 145 154 162 167 174 176 177 178 183 186 187 194 198 199 205 208 215 218 219 222 225 229 231 234 237 238 241 248 250 252 255 256 258 269 275 277 280 282 283 285 290 297 302 309 311 315 
86 107 110 111 113 115 116 118 119 123 127 130 136 139 140 142 143 145 146 147 148 149 152 154 155 160 162 169 175 185 188 199 205 206 208 213 225 236 242 243 244 246 248 249 250 251 252 265 267 268 273 277 278 282 287 289 305 307 310 315 316 
58 107 113 118 119 122 126 136 137 142 144 146 147 148 149 157 161 164 165 166 167 175 177 178 181 182 183 184 185 187 188 189 190 191 192 194 195 196 200 203 205 206 217 218 222 225 227 231 232 240 241 242 243 244 248 254 259 260 262 263 264 265 266 271 272 276 279 281 282 283 284 290 291 292 294 295 302 308 312 313 316 317 318 
35 114 127 131 132 137 139 143 145 153 159 172 174 175 177 183 186 191 196 200 209 214 217 222 228 239 244 261 271 279 292 296 302 308 309 311 314 318 
24 108 110 111 115 120 122 126 128 130 149 154 156 157 161 163 166 177 180 181 185 186 198 210 211 214 216 217 220 229 232 239 240 241 243 248 258 260 264 267 275 276 284 287 288 303 311 
139 151 173 190 195 210 238 240 247 270 273 281 287 
222 113 117 118 120 121 125 130 131 132 136 137 139 145 148 151 153 154 157 158 164 165 170 171 172 173 174 177 178 183 187 190 191 192 198 199 201 202 204 205 206 210 211 212 220 222 226 227 231 234 235 236 237 240 242 245 250 251 254 257 260 262 267 270 271 273 277 281 282 283 286 291 292 293 295 296 299 300 302 308 311 312 314 317 
265 112 114 142 158 193 196 202 210 233 238 247 279 283 
285 107 108 122 130 138 144 162 184 192 204 207 208 212 215 219 227 259 263 267 268 290 305 312 317 318 
103 1 116 117 118 119 120 124 127 140 156 160 161 165 171 173 174 179 181 183 185 186 187 191 195 197 198 201 202 204 215 217 218 220 226 227 232 234 235 236 238 241 249 252 259 260 263 273 274 282 283 286 287 288 294 295 298 305 313 315 318 
280 112 114 115 121 126 127 128 129 131 132 134 135 136 137 141 143 147 155 157 159 162 163 169 175 178 181 184 189 194 197 198 199 200 205 208 209 211 212 213 215 219 221 224 225 227 228 229 234 235 240 247 248 251 253 255 257 262 263 264 266 268 269 270 272 275 276 279 281 286 292 293 295 296 299 300 303 304 308 309 311 312 313 316 318 
35 115 129 131 134 147 148 152 155 171 178 198 215 219 226 234 240 251 255 262 265 267 278 279 280 299 302 311 318 
132 109 113 114 116 118 122 123 133 136 144 147 149 151 156 158 166 170 171 173 176 178 181 183 185 191 192 197 203 205 207 211 214 216 221 222 224 230 234 235 240 241 243 247 258 259 267 272 277 280 282 283 289 295 298 299 302 303 318 
156 109 111 113 116 117 123 124 126 131 133 135 140 150 154 158 160 163 171 176 177 183 189 191 193 195 213 250 253 256 261 263 268 269 271 273 275 282 289 295 296 299 300 303 304 308 309 310 313 316 318 
241 107 108 116 118 119 120 125 127 132 134 135 136 142 146 149 152 160 163 164 166 169 171 173 174 176 179 182 183 188 189 193 197 203 205 206 209 210 219 222 224 229 233 235 236 244 248 256 260 263 266 268 269 271 274 279 280 283 292 296 298 300 303 309 310 317 
95 107 108 113 114 116 119 126 131 138 139 141 143 144 146 147 157 162 164 167 171 173 176 178 185 193 205 210 214 225 227 237 240 248 252 260 261 264 266 268 270 275 276 277 280 281 288 289 292 295 302 306 310 311 315 316 
95 108 116 141 153 155 157 161 165 187 198 224 240 246 249 250 261 278 283 285 294 311 
254 117 195 270 274 314 
234 110 117 119 120 122 124 132 133 151 166 170 173 176 179 180 184 185 189 190 191 194 197 201 202 205 208 211 212 214 215 222 226 240 245 246 248 255 257 258 262 266 267 276 277 278 284 299 307 308 317 318 
9 108 110 111 114 115 120 121 123 124 132 134 135 137 140 144 145 146 147 150 152 154 156 157 159 161 169 170 172 180 183 184 185 186 191 192 194 198 199 200 206 208 209 213 214 217 225 227 229 232 233 234 235 239 242 246 250 253 254 255 259 264 266 267 269 271 272 279 280 284 286 288 294 301 302 303 304 307 308 309 311 314 
256 1 109 118 122 123 129 130 141 142 146 150 151 155 166 168 169 173 178 185 187 188 190 192 196 198 199 201 202 204 205 209 211 212 214 219 221 224 226 227 233 236 237 244 247 257 260 269 280 282 288 290 291 297 301 305 
201 109 116 117 121 122 123 126 129 135 141 148 149 156 161 171 173 177 180 181 185 192 195 196 203 204 208 213 215 220 224 237 239 240 247 250 253 259 260 269 270 272 273 282 286 288 289 294 296 302 309 311 312 314 
233 118 123 126 127 153 163 164 169 178 179 186 187 193 197 212 215 216 222 223 227 236 239 246 251 255 260 262 273 274 275 283 297 302 309 311 
51 1 112 114 118 119 121 124 128 129 130 134 136 140 142 143 144 165 166 167 168 177 180 181 185 187 188 196 199 204 206 208 210 211 216 217 219 221 225 230 231 236 241 246 250 251 255 256 261 262 268 271 273 275 277 281 283 284 285 298 306 308 309 311 312 313 315 317 
198 110 113 118 119 124 141 171 179 181 183 188 190 204 205 211 265 287 311 
6 108 113 117 118 120 131 136 138 142 145 147 157 159 160 161 169 172 176 185 187 195 197 199 200 204 207 211 216 219 223 225 226 228 234 235 236 237 241 244 245 246 256 257 259 265 266 267 269 274 275 279 284 285 287 292 295 296 298 304 306 314 316 318 
202 110 120 126 137 144 151 167 169 172 226 238 252 266 306 
64 1 108 109 111 112 115 120 122 125 126 127 132 134 135 136 138 142 146 147 153 155 164 166 172 173 174 176 180 183 184 202 205 206 209 213 215 216 219 223 226 228 230 231 234 235 242 244 246 252 253 265 269 271 277 280 281 282 286 287 289 290 292 297 298 300 302 304 307 308 309 310 314 315 
91 108 110 116 121 123 124 136 137 140 144 147 148 156 157 158 162 171 175 178 192 197 200 204 206 209 212 216 220 225 228 231 232 235 241 242 246 249 252 253 255 261 263 267 268 270 274 275 279 283 286 289 293 296 300 307 308 318 
267 1 135 136 141 159 169 175 188 201 252 255 258 261 281 282 283 288 
75 110 111 113 114 115 117 118 120 122 125 126 127 129 133 136 140 141 144 150 151 152 154 156 157 159 166 167 172 179 180 187 190 192 195 197 200 202 213 214 221 224 227 229 236 240 242 243 245 248 250 254 255 258 260 261 263 268 269 271 276 278 279 281 283 286 290 291 294 296 303 304 305 306 309 312 315 
263 107 114 115 119 124 125 127 129 149 156 177 178 182 186 187 195 196 203 209 212 213 215 220 230 232 234 256 261 269 281 295 301 303 311 312 
33 1 109 111 116 118 119 122 127 129 132 135 136 137 141 144 147 149 155 157 159 160 164 166 175 178 179 180 183 186 192 195 197 199 201 202 209 210 211 212 214 216 217 220 222 223 227 232 233 234 235 238 239 240 242 244 246 248 249 250 251 255 257 260 261 262 269 270 271 273 279 282 283 285 288 289 301 306 308 312 313 314 318 
267 108 114 115 116 129 132 134 137 145 147 151 153 156 157 160 161 171 173 179 183 184 185 186 191 194 197 200 205 206 207 208 209 210 211 212 215 216 217 218 221 223 224 226 227 230 232 240 249 250 251 253 255 265 266 268 269 273 274 276 277 278 279 282 283 285 288 293 298 301 304 305 306 308 310 317 
127 1 109 113 127 138 140 141 146 149 158 165 168 181 183 186 189 191 193 194 197 198 202 204 215 217 219 220 224 233 235 237 239 246 254 257 258 259 261 264 267 281 282 288 289 294 296 297 301 302 303 304 309 313 316 318 
13 1 148 149 150 153 166 180 202 207 228 230 239 284 293 
299 1 111 128 129 135 142 145 146 150 153 154 160 165 177 178 181 186 198 203 205 206 210 214 215 216 219 226 228 229 230 235 244 245 248 254 256 259 260 262 267 273 288 289 290 300 303 316 317 
123 1 107 109 113 128 133 134 135 136 137 141 145 146 148 149 151 154 156 158 160 162 165 167 173 175 178 180 182 185 190 195 199 200 201 204 215 223 224 226 229 232 235 244 246 253 254 255 259 260 266 267 272 274 275 277 278 280 283 287 297 298 302 303 306 307 310 313 317 
57 118 119 122 131 134 137 140 142 143 152 155 158 163 167 168 173 175 181 183 189 203 204 207 214 217 222 240 248 250 255 265 269 283 287 299 308 311 315 317 318 
99 107 109 112 118 122 126 135 140 146 149 152 155 163 166 170 172 174 179 180 183 184 191 192 194 196 199 203 205 212 221 223 224 226 229 231 250 251 253 258 270 272 276 283 291 294 300 301 307 308 313 316 
13 1 108 110 114 115 119 121 123 124 126 131 134 136 139 151 155 156 157 158 160 164 165 168 171 173 174 178 184 187 194 196 199 200 202 204 211 215 223 226 228 229 232 235 238 240 241 247 251 252 253 255 258 263 264 272 282 284 288 290 292 297 303 305 309 311 312 317 
126 112 113 121 122 124 130 141 147 149 151 167 170 171 176 189 190 199 202 203 204 207 210 216 232 238 241 248 249 253 260 270 274 278 282 296 298 299 303 308 309 318 
101 110 115 123 124 132 160 191 215 223 241 253 259 284 289 311 312 
266 1 107 109 113 114 121 124 127 128 129 131 135 136 138 140 143 145 147 149 150 156 160 169 172 174 176 177 179 183 187 190 194 197 205 211 213 217 218 222 224 227 234 239 242 243 245 246 247 250 252 253 256 257 260 268 275 283 291 302 308 311 314 316 317 318 
185 108 110 112 113 117 121 123 124 125 126 128 129 131 137 139 140 147 150 154 155 157 159 161 162 163 167 172 175 179 188 193 195 197 199 200 202 203 206 209 216 221 232 241 242 248 249 258 259 261 262 265 270 271 273 274 275 278 279 283 286 288 293 296 297 302 304 306 307 308 312 317 318 
83 108 109 113 120 128 131 132 135 138 143 145 147 148 153 156 157 159 160 162 164 165 166 170 171 175 177 181 182 184 191 195 197 199 200 205 206 209 212 214 217 220 224 232 233 234 246 247 248 249 251 252 255 257 259 265 270 271 272 273 279 282 284 288 293 299 300 303 305 311 317 
15 1 108 118 122 131 133 134 136 137 141 142 145 146 149 154 155 156 159 160 164 166 170 176 177 180 183 185 187 191 193 194 197 198 200 203 205 208 209 211 212 215 217 220 226 232 236 239 241 246 248 253 255 256 259 260 261 262 263 264 267 272 273 274 280 283 287 290 302 303 309 313 316 
297 1 107 111 112 116 117 124 126 129 138 140 142 143 145 149 152 153 155 157 158 160 163 164 165 166 168 171 173 175 178 180 183 186 188 191 199 200 202 206 208 218 226 227 229 230 234 241 244 247 248 252 258 259 261 264 266 268 270 271 272 276 285 289 290 296 300 303 307 308 315 
154 107 108 109 111 114 117 123 132 139 140 142 151 155 158 160 163 168 169 179 197 204 214 220 224 229 231 235 238 241 252 256 268 289 294 301 302 303 306 311 312 
217 107 111 117 120 124 126 128 143 144 153 159 165 173 174 175 176 177 178 181 183 185 186 192 200 203 205 207 210 211 212 215 216 217 219 220 223 224 231 239 240 242 249 250 251 256 261 264 265 266 267 268 272 273 278 279 280 283 286 292 293 295 299 301 308 311 313 315 317 318 
227 113 121 136 141 163 168 187 201 225 234 236 269 290 300 
45 114 120 134 149 168 172 178 179 198 211 254 258 276 278 280 288 292 302 305 
292 114 116 132 143 159 166 178 191 216 229 242 243 246 266 270 295 
123 129 132 137 146 151 157 169 175 177 187 194 198 201 203 210 219 237 240 245 249 251 269 271 272 280 298 309 313 315 
52 1 114 115 128 131 140 146 149 150 157 166 180 186 191 195 216 220 226 233 235 241 245 253 261 263 272 273 274 275 276 300 303 305 312 
187 110 121 129 154 184 217 225 236 237 259 271 273 277 287 298 309 313 
299 109 110 112 113 116 117 119 123 125 128 134 135 136 137 138 139 142 147 151 152 153 154 157 159 162 163 164 165 168 171 173 174 178 181 183 184 188 190 199 200 201 204 205 216 218 219 220 221 227 228 229 230 233 236 238 239 240 243 246 248 250 260 265 266 276 279 280 282 285 287 291 294 295 297 298 299 300 302 303 306 307 309 312 315 316 317 
287 109 120 134 136 169 185 187 194 196 210 232 251 279 299 302 308 317 
244 112 115 116 117 118 123 124 130 131 132 133 143 144 149 151 153 154 156 157 162 171 177 178 179 185 188 189 191 192 196 199 200 201 202 203 208 209 210 214 226 228 229 234 253 254 256 258 259 265 272 274 275 279 280 282 283 288 292 296 297 298 303 304 310 311 313 
130 113 121 122 127 128 136 138 139 141 162 167 169 170 173 187 188 189 191 192 197 202 210 211 213 219 228 229 238 242 247 250 254 258 259 260 266 271 276 282 285 291 305 310 311 
194 142 187 219 232 
111 113 138 160 165 167 191 208 227 230 289 291 301 316 
300 110 113 120 122 125 128 129 137 140 143 149 171 173 176 177 178 180 182 189 197 198 199 202 210 211 216 218 228 231 236 237 258 259 261 275 278 279 280 281 284 287 290 292 303 311 312 
228 1 109 110 114 123 125 130 133 135 145 148 151 154 156 161 162 165 170 175 177 181 188 192 193 195 200 204 213 223 228 230 234 239 244 248 255 258 260 261 262 269 270 274 281 283 290 292 295 297 298 305 311 314 
12 119 127 139 207 210 213 217 220 236 240 244 245 254 268 271 273 286 290 292 304 
130 1 108 109 135 139 142 144 148 153 156 160 177 207 212 220 222 223 242 272 296 307 308 317 
14 114 115 118 121 122 126 128 131 134 135 139 140 144 148 149 151 154 159 160 161 164 170 171 173 175 178 180 186 187 191 192 196 198 201 203 205 209 210 217 218 226 228 234 238 240 241 242 244 248 256 261 263 266 268 270 272 275 277 279 280 281 286 291 294 295 296 299 301 304 308 309 312 317 318 
142 173 182 223 243 249 261 287 
238 112 113 119 120 121 130 136 145 150 151 152 156 158 159 160 161 164 171 181 182 187 188 191 194 195 197 211 214 217 218 219 226 227 243 248 251 252 264 272 274 277 281 287 291 292 296 307 312 316 
118 1 107 112 115 117 119 123 124 127 131 137 139 142 143 146 150 151 153 158 159 162 163 164 165 175 176 185 190 192 194 196 199 202 205 208 210 213 214 215 221 223 224 227 231 232 233 237 238 241 244 245 246 249 250 251 252 260 264 265 266 269 270 271 273 276 277 279 280 284 288 293 294 296 297 298 302 303 308 309 313 314 316 
229 108 112 113 114 115 116 117 119 122 125 126 128 130 132 139 142 143 144 147 150 156 159 162 167 173 176 180 190 191 204 209 210 211 216 218 222 226 228 235 241 242 244 245 246 247 249 250 254 258 261 262 263 264 265 266 268 269 270 273 277 278 279 283 285 288 291 292 297 302 305 307 309 310 311 313 314 315 316 318 
116 107 115 116 118 120 122 124 125 132 137 139 143 145 148 149 151 152 153 154 155 158 161 164 167 170 172 177 188 189 190 191 192 194 195 197 199 212 213 214 217 219 221 226 228 230 239 240 243 249 251 253 256 257 261 262 264 265 267 268 270 280 281 282 283 286 289 294 297 298 301 305 306 311 313 317 
12 108 117 118 119 120 121 122 123 134 136 137 144 149 154 155 159 160 171 184 185 187 189 190 192 199 202 208 213 219 221 222 236 239 245 246 248 249 251 254 257 258 262 266 269 280 286 292 293 299 300 301 302 305 312 
3 109 111 116 119 120 123 124 127 130 133 135 137 139 141 144 145 152 156 157 159 162 163 166 168 187 194 200 218 219 221 236 237 241 244 246 251 255 256 257 260 262 263 271 287 288 294 297 298 299 301 302 303 308 312 313 316 318 
45 107 196 252 
231 150 185 234 254 311 317 
19 114 125 130 143 145 157 161 167 169 171 175 221 230 238 262 275 308 
204 109 114 123 136 137 138 150 153 157 163 206 218 220 229 246 247 261 276 287 290 291 293 296 310 311 312 316 
250 108 112 115 117 123 124 128 136 140 142 143 146 151 152 161 164 165 167 173 178 185 191 197 205 212 220 226 227 229 240 241 248 251 254 258 260 261 263 265 270 271 272 274 275 280 281 286 290 297 304 311 312 316 317 318 
265 113 124 142 154 165 183 196 215 217 231 280 
32 194 150 144 188 89 266 144 194 87 136 62 57 23 266 166 74 289 42 10 23 74 132 246 206 62 235 154 62 134 180 34 109 170 252 245 70 216 95 38 128 284 34 262 122 290 41 169 213 85 81 285 187 33 204 216 290 62 280 30 191 53 184 96 24 39 159 146 54 284 21 268 257 214 80 64 282 165 103 112 240 187 145 46 271 18 250 110 180 203 266 143 227 35 142 150 15 47 264 226 72 140 128 44 218 278 269 270 3 110 288 225 18 249 16 241 259 71 94 59 18 81 161 146 256 157 19 144 96 72 166 177 15 199 22 52 265 188 243 13 13 147 156 137 135 54 32 251 123 221 56 206 22 279 97 287 96 221 251 114 43 89 247 32 33 35 245 236 184 185 105 42 131 44 119 234 150 297 119 263 230 200 248 34 205 71 264 271 9 300 117 4 62 83 6 189 101 183 75 233 194 170 225 291 243 127 183 170 161 243 195 54 59 231 270 248 52 164 42 5 291 223 205 143 145 25 35 169 283 120 260 197 147 221 219 255 127 129 189 132 87 91 186 126 197 264 66 126 255 87 41 232 71 117 166 2 119 86 178 112 182 38 72 295 220 116 173 171 113 213 11 293 151 198 50 300 46 68 142 237 177 165 195 91 9 38 282 10 68 175 296 160 241 209 293 51 136 255 110 4 212 143 112 33 2 278 264 274 119 160 288 81 256 138 235 160 293 201 
