214 321
205 134 149 153 202 209 212 231 252 281 284 
15 110 137 150 200 201 203 213 235 239 241 248 253 263 288 297 299 305 309 316 
257 108 122 124 125 126 128 131 139 156 160 161 162 163 164 165 189 192 195 196 197 207 223 230 238 240 243 249 250 252 257 265 266 267 274 287 296 299 305 307 311 314 321 
3 1 111 116 127 128 147 185 187 193 215 249 252 258 264 279 286 315 318 
87 108 118 123 159 170 178 184 222 223 236 255 266 272 281 
95 111 123 140 146 161 172 217 227 233 247 251 268 285 295 312 
191 1 108 131 132 145 158 161 166 176 185 187 191 198 204 205 208 211 224 225 227 229 231 234 235 236 241 243 245 249 255 256 263 270 289 294 299 300 305 311 318 
204 117 118 122 125 131 133 134 135 147 152 154 155 157 160 161 164 169 171 173 175 186 191 193 195 196 198 199 201 205 209 210 211 212 214 219 221 224 226 230 231 243 245 247 254 256 258 260 266 273 276 278 279 281 284 285 294 304 314 315 316 319 321 
131 113 117 121 125 128 130 136 137 138 139 141 142 144 149 151 152 154 160 162 164 167 173 174 182 184 189 193 196 200 202 207 208 209 211 213 216 217 220 221 225 232 234 235 239 240 247 251 254 256 258 268 270 281 282 284 285 286 296 300 301 304 312 313 319 
161 110 120 182 199 221 269 303 
215 115 129 143 153 159 161 162 169 172 181 185 191 194 199 201 213 215 216 225 234 236 239 246 254 264 280 284 290 292 309 318 
35 108 131 134 135 147 152 155 157 165 167 175 179 182 187 189 192 200 204 218 219 222 229 235 237 244 248 254 255 262 271 281 286 287 289 291 294 296 309 
98 113 115 118 120 122 124 125 127 133 139 144 150 154 156 163 172 173 174 175 177 183 185 193 195 200 201 202 209 217 223 230 233 234 236 239 244 247 256 264 273 274 275 280 284 286 287 289 298 299 300 302 
103 109 112 114 116 119 120 127 132 137 138 142 143 155 161 164 179 182 184 186 190 194 196 197 201 206 207 219 223 224 235 238 243 245 254 258 263 271 274 278 299 304 306 307 310 314 
55 110 112 124 131 135 136 139 147 153 155 160 162 176 183 189 193 206 207 211 217 223 226 228 229 239 243 246 248 252 256 257 262 264 276 277 285 290 296 297 308 310 314 315 
20 109 111 127 137 150 166 179 186 189 192 194 203 206 214 217 234 237 248 252 256 260 263 271 274 281 288 293 301 302 309 313 318 
292 109 115 122 134 152 175 185 190 218 219 252 273 275 278 319 
34 1 110 115 117 120 130 132 133 144 146 156 157 167 168 172 176 178 179 184 185 186 187 195 196 201 203 208 215 216 218 219 224 231 232 233 240 245 250 261 265 271 274 275 281 285 287 289 290 292 294 298 304 310 311 313 315 317 321 
128 114 115 120 121 124 128 129 131 134 135 136 139 140 144 149 152 157 158 160 166 167 170 175 176 177 179 180 182 183 185 187 188 190 196 197 206 210 211 212 214 215 216 217 222 226 227 230 232 235 236 237 240 241 243 245 246 248 249 250 253 256 260 263 266 269 272 278 280 281 282 283 284 286 289 292 293 294 296 298 299 302 304 305 309 312 315 
4 112 113 115 118 122 123 124 125 126 127 129 132 135 137 141 142 146 147 148 153 161 167 168 169 174 175 176 181 187 188 189 190 192 193 195 197 198 208 209 211 212 214 215 216 219 220 221 222 223 224 228 229 231 234 235 238 242 247 251 252 254 255 258 259 260 262 263 266 270 271 282 285 295 296 297 299 300 301 304 306 309 311 312 314 315 
44 139 155 203 
219 108 118 129 150 160 162 169 172 182 191 196 201 209 217 218 225 232 237 245 254 258 268 269 275 277 283 284 285 294 309 314 316 
111 111 114 119 124 137 146 152 153 155 158 160 165 166 167 169 184 185 187 193 197 200 207 213 220 222 231 232 234 237 247 249 250 259 270 272 274 277 278 279 282 283 284 286 288 292 295 300 302 312 321 
173 109 110 113 114 116 120 121 122 124 129 130 132 140 141 142 145 152 156 158 159 163 168 172 175 176 179 190 193 195 197 199 203 204 207 208 210 213 217 218 219 222 226 227 228 229 231 232 239 242 245 247 251 253 254 256 257 258 264 266 284 285 288 302 303 305 306 308 319 
183 1 116 117 119 120 125 126 135 140 144 146 150 152 156 159 167 169 172 173 176 190 192 194 197 203 207 209 216 219 236 243 245 252 260 264 268 274 278 279 288 291 293 297 303 308 310 316 
255 136 259 269 
124 108 115 128 131 133 137 138 141 146 147 150 153 154 157 158 167 170 173 174 178 188 190 199 204 206 207 209 227 229 230 235 237 246 260 267 272 277 283 286 289 292 300 301 305 306 309 310 314 315 316 317 
92 1 109 115 117 122 127 129 131 133 136 139 141 142 143 144 146 147 150 154 157 160 163 167 171 172 174 175 176 182 185 187 193 195 200 202 204 212 214 215 216 217 229 231 236 237 238 240 241 242 243 249 252 253 255 257 261 262 265 266 268 269 272 273 274 275 277 278 281 282 286 289 290 292 295 297 299 302 309 310 311 312 316 319 320 
210 1 112 116 119 120 122 124 125 129 130 132 133 135 136 138 140 149 150 152 153 154 155 156 159 160 161 162 163 164 170 174 175 176 177 178 179 183 186 187 191 198 201 202 203 204 205 208 210 213 214 215 219 220 221 223 224 229 230 231 237 239 245 247 249 251 258 262 263 264 270 271 274 280 284 289 296 300 303 305 308 313 319 320 
227 110 111 114 119 124 127 132 133 139 141 145 149 152 154 159 161 163 171 180 184 187 188 189 191 194 195 202 203 207 208 220 221 225 227 229 233 242 243 253 255 264 266 267 269 270 274 279 290 295 296 297 298 299 301 314 
188 109 113 114 116 120 122 125 127 128 129 130 131 133 139 142 147 148 152 153 155 156 159 161 162 168 172 173 174 179 183 190 191 193 194 197 200 203 208 211 214 221 222 223 226 227 232 234 235 236 239 241 242 243 246 249 253 254 259 260 261 266 271 278 281 285 286 287 288 290 292 298 299 300 302 303 306 308 313 315 319 320 
4 109 119 120 121 137 149 153 157 159 172 179 180 182 186 188 189 192 200 202 207 208 213 216 218 221 225 227 228 231 232 241 244 247 249 255 261 263 264 266 273 282 283 288 293 294 298 300 302 306 307 311 314 315 316 318 
99 1 110 114 117 118 121 127 130 135 137 146 147 148 152 156 160 170 171 178 179 187 188 189 191 199 200 203 208 212 214 215 217 219 225 232 238 240 242 243 245 250 251 253 254 255 260 262 263 264 265 267 270 273 281 286 290 292 296 297 300 301 302 303 304 308 312 316 317 320 321 
93 110 120 160 225 260 311 313 315 
122 1 111 114 116 118 121 124 126 128 129 137 138 139 141 142 145 146 148 149 150 151 156 157 158 159 161 163 164 166 167 168 171 174 181 183 185 190 193 199 201 202 203 204 206 208 211 214 217 218 219 221 226 229 230 236 239 241 242 244 248 251 255 256 258 259 266 269 272 273 274 275 281 283 285 289 290 291 293 300 305 307 309 312 316 317 319 321 
265 149 154 227 229 255 316 
292 108 109 111 115 119 126 137 141 145 148 154 156 164 173 199 200 213 221 226 232 233 235 248 253 261 266 274 282 285 286 292 309 315 
50 1 117 118 132 146 157 162 167 169 179 199 212 215 216 223 229 239 241 247 250 251 264 266 272 275 277 305 313 318 
292 108 115 117 119 126 130 131 134 135 136 138 141 155 163 171 172 173 188 190 192 200 222 224 225 234 241 248 250 252 255 262 263 266 272 276 281 283 297 299 300 301 306 314 317 
92 112 141 158 199 210 215 216 244 260 296 
127 108 109 110 115 116 120 121 125 126 131 135 136 144 146 147 152 156 158 160 161 166 174 175 178 179 181 186 187 192 195 199 204 207 208 209 211 214 215 217 219 221 223 224 228 231 239 243 244 246 249 262 268 272 273 274 278 279 282 302 304 305 312 316 
231 112 172 202 227 247 279 
45 108 116 123 125 131 132 138 139 142 144 149 150 151 154 158 163 164 166 167 170 172 174 176 180 182 186 194 195 201 202 203 205 208 212 217 218 222 229 234 235 237 244 255 258 260 263 271 275 276 277 282 283 284 287 292 293 297 303 304 308 309 316 
269 1 118 122 125 129 132 133 135 144 148 150 160 163 168 170 171 178 182 185 186 191 193 195 200 202 205 208 219 221 225 227 239 247 254 255 258 259 267 271 278 285 289 293 295 302 304 306 308 314 317 319 
193 1 124 128 130 137 138 140 149 152 154 156 157 158 163 170 173 174 175 177 181 190 195 197 200 206 208 213 215 226 233 234 241 243 246 250 253 257 259 261 263 271 273 279 280 287 292 300 302 315 318 
11 109 125 135 137 141 142 144 149 152 154 156 158 161 169 174 186 189 190 196 197 201 202 207 213 214 215 219 220 223 227 228 229 230 231 245 248 252 258 259 260 268 275 281 287 296 303 310 311 316 321 
146 112 167 168 197 251 296 
122 108 117 120 131 142 155 160 162 169 172 174 176 178 181 183 192 198 204 208 212 216 221 247 258 263 266 269 276 277 289 294 295 300 304 305 311 
256 115 117 135 137 141 143 146 156 161 168 170 186 188 194 196 213 214 218 220 237 243 251 272 290 291 293 295 305 308 310 318 321 
230 108 110 111 120 122 125 127 131 132 135 136 141 142 143 147 149 150 153 158 160 163 168 170 175 177 179 181 184 185 187 190 192 198 199 201 202 203 204 205 211 212 213 216 217 220 221 222 226 227 230 232 239 243 245 250 255 257 258 260 263 265 267 268 272 273 274 275 280 281 282 288 291 296 299 300 305 307 311 313 314 318 319 
164 109 121 127 160 172 175 200 202 219 239 244 247 257 272 297 308 310 316 320 
24 110 112 123 135 142 143 151 157 163 172 191 205 206 208 209 210 231 237 247 249 254 263 268 269 274 275 279 280 286 297 304 305 321 
19 108 114 117 124 127 131 132 135 137 142 143 144 148 149 151 156 157 161 162 163 171 172 173 174 175 177 178 184 185 186 193 195 198 205 206 207 213 214 216 217 219 225 230 233 236 241 244 251 253 254 256 258 261 264 265 266 271 273 274 277 278 279 280 282 296 297 298 300 306 309 311 312 313 316 318 319 
39 109 118 124 126 149 150 159 162 163 178 181 186 187 188 190 191 195 200 202 203 204 209 214 226 235 236 241 245 246 253 254 272 279 286 291 293 295 305 306 319 320 
236 1 108 111 112 114 115 117 118 121 123 125 127 130 132 136 143 144 147 151 152 158 160 161 162 171 177 178 181 182 184 201 205 208 220 228 230 234 239 240 242 243 245 252 254 262 263 269 272 274 279 281 286 287 291 293 302 304 305 308 310 313 318 321 
296 1 109 111 120 123 133 135 138 144 145 146 155 163 164 169 173 178 183 184 192 198 201 203 204 212 215 220 222 230 231 233 241 244 250 253 261 262 275 280 282 286 292 296 297 298 305 306 307 309 310 311 321 
52 109 110 112 118 125 129 131 132 133 134 135 136 137 142 143 144 145 146 162 165 167 168 180 182 183 187 192 211 213 215 219 223 224 229 230 233 234 238 239 244 248 249 259 263 265 268 271 275 279 281 287 289 291 292 296 298 301 303 309 319 
279 113 114 121 122 123 126 127 135 136 137 140 143 145 148 152 153 155 156 159 160 163 164 170 176 177 180 181 182 184 185 186 187 189 192 193 195 196 197 202 212 213 216 217 221 222 229 232 233 235 238 239 242 244 245 248 249 250 256 257 259 261 262 269 273 282 285 288 289 294 295 300 305 307 309 312 315 321 
142 110 112 116 117 118 125 126 137 142 143 149 152 156 159 161 164 166 171 173 178 181 186 200 203 208 215 216 236 240 247 253 257 260 271 292 295 304 318 319 320 
158 143 234 242 259 290 293 
284 108 125 126 127 129 139 144 151 158 161 163 164 168 172 175 178 180 182 185 186 188 191 197 199 204 206 207 211 214 215 217 220 222 224 225 228 230 232 234 235 241 242 244 247 250 253 257 259 260 264 266 267 269 271 272 276 278 282 283 284 285 286 293 296 298 301 307 312 314 316 317 318 
64 113 135 146 163 180 194 211 215 221 251 279 296 299 
20 1 116 145 158 174 179 181 197 205 231 233 252 254 301 304 307 
72 109 119 125 127 129 131 132 139 145 147 148 154 155 161 163 164 166 168 176 177 180 185 189 191 192 204 208 209 210 214 216 220 225 231 242 243 244 246 252 255 259 262 266 268 270 272 273 279 286 289 293 298 300 312 315 320 
125 1 109 114 118 119 125 135 136 137 141 143 147 150 151 157 160 161 163 169 170 171 172 175 176 177 183 187 188 189 191 194 197 201 207 210 213 217 221 222 227 230 233 234 235 236 237 239 240 244 250 254 256 258 259 260 261 262 264 267 268 271 272 275 277 278 279 280 282 283 284 285 293 295 296 298 307 312 313 314 318 319 
230 109 113 115 116 127 131 135 138 139 140 141 150 155 160 162 165 167 168 169 171 172 174 186 189 199 200 201 205 206 208 209 210 217 221 222 223 227 230 233 235 237 242 243 245 247 251 252 254 260 265 267 268 271 278 279 280 281 282 284 285 289 290 293 298 299 300 303 305 306 308 311 315 318 320 321 
16 124 133 136 140 153 156 159 174 189 197 221 234 236 241 244 247 248 249 270 275 296 312 315 318 320 
6 114 116 118 124 125 128 134 139 140 143 144 146 148 150 152 153 157 160 164 168 172 175 176 177 180 182 184 187 188 189 190 193 194 195 198 199 202 203 206 215 216 221 235 236 237 240 245 247 253 258 260 261 262 263 265 266 270 271 272 276 278 286 288 291 292 294 295 299 302 303 306 309 312 315 316 318 321 
67 112 117 118 125 126 128 131 133 138 139 140 141 143 145 146 147 149 150 151 152 157 162 163 164 167 171 174 186 189 193 194 197 198 209 211 218 219 221 227 233 235 236 238 240 242 243 244 246 247 254 256 259 263 266 267 269 273 274 276 280 281 284 287 290 292 295 298 299 302 303 304 305 306 310 311 313 314 315 317 319 321 
244 1 112 113 120 122 123 131 134 138 140 142 146 151 152 153 156 157 159 163 164 166 171 178 179 180 182 183 184 186 191 200 204 206 208 210 212 215 223 225 226 227 228 229 231 232 234 239 244 246 253 255 259 260 261 263 265 266 269 275 277 279 283 284 295 296 297 299 301 302 304 307 308 309 311 312 314 321 
115 1 108 110 111 113 114 115 117 119 124 126 128 129 130 140 143 146 147 151 155 156 160 162 164 165 167 170 175 176 178 185 186 190 194 197 200 204 205 208 209 212 216 218 219 221 222 223 227 235 236 237 245 246 250 253 258 261 263 265 268 269 271 272 273 276 280 286 288 289 290 292 294 295 296 298 301 303 305 307 308 311 312 315 319 
255 108 111 115 116 117 118 120 121 122 127 128 129 136 137 139 140 141 142 143 144 145 147 155 157 160 168 174 175 180 185 192 193 194 195 197 199 200 201 203 205 211 212 213 214 215 216 217 223 225 227 230 231 234 240 242 245 247 252 255 258 261 264 266 267 268 272 273 281 282 283 287 295 296 299 304 308 310 312 313 315 317 318 321 
293 110 117 118 120 121 122 123 127 130 136 138 142 145 146 156 159 165 170 173 176 177 180 182 184 194 195 196 201 202 203 204 211 213 214 223 227 231 233 235 241 244 246 248 249 250 255 267 270 272 276 278 280 282 285 293 294 295 301 302 303 306 308 309 310 312 314 315 321 
158 1 108 118 119 122 124 125 128 136 137 138 139 143 144 150 152 161 164 165 168 170 172 176 179 182 183 186 188 190 192 195 198 199 200 201 203 204 205 209 215 219 227 235 237 240 242 244 247 250 251 254 255 257 259 260 262 263 269 271 275 277 280 283 286 288 289 298 299 300 302 305 306 308 310 313 317 318 321 
86 318 
106 109 111 113 117 118 120 127 136 139 140 141 146 163 175 179 192 205 214 215 226 228 233 255 259 260 261 272 273 274 275 277 281 284 289 302 311 315 318 
133 1 110 114 115 116 117 118 121 122 123 137 140 141 142 143 146 155 159 160 166 169 171 172 173 179 180 183 184 187 190 191 192 197 198 199 201 202 203 205 208 209 210 217 218 220 224 227 229 237 239 240 241 242 243 244 246 253 258 259 260 263 264 269 270 273 274 277 280 287 290 291 292 294 301 303 307 308 311 313 316 317 318 320 
177 113 117 118 133 134 137 140 149 157 161 162 163 168 170 171 172 174 175 176 177 188 191 193 196 197 203 206 213 225 226 227 233 239 247 250 251 256 265 274 277 278 289 293 306 316 
120 111 114 118 128 135 137 141 150 153 158 162 163 173 177 179 185 188 191 194 199 205 206 207 213 218 221 222 229 230 233 236 239 241 242 245 250 253 261 262 263 270 272 273 275 276 281 282 283 284 286 287 289 293 297 298 307 308 309 310 311 313 314 320 
171 109 111 116 123 125 126 128 134 139 140 143 144 145 146 153 154 157 158 161 164 165 166 168 176 177 179 180 181 185 191 194 197 199 200 201 204 205 206 208 212 213 215 216 219 221 229 231 235 242 246 248 250 251 252 253 254 257 262 264 265 267 268 271 272 278 279 282 284 288 289 291 295 301 302 304 305 307 309 311 313 314 315 316 317 321 
172 111 112 113 114 115 116 118 131 133 135 136 146 151 153 154 157 162 163 165 166 169 175 180 191 192 193 196 197 201 204 205 213 223 233 236 239 240 241 253 254 257 258 261 265 269 271 275 281 283 286 291 294 295 296 308 313 314 
170 109 117 124 128 143 147 150 152 170 172 173 200 215 232 249 253 266 272 276 277 284 287 292 296 300 307 316 320 
216 117 218 222 244 265 298 
4 111 115 118 122 124 132 136 140 141 144 147 148 149 152 155 156 157 159 162 165 166 171 179 184 189 190 191 194 198 200 201 204 208 211 212 214 216 220 221 224 231 239 240 245 249 253 257 272 274 279 282 286 287 288 290 292 294 295 296 298 303 304 305 307 308 311 315 316 317 321 
255 190 230 241 250 309 
261 115 162 188 235 238 287 307 
143 122 124 127 129 131 136 137 139 141 149 151 152 157 162 164 166 168 169 173 177 184 186 196 203 205 209 210 212 213 219 222 224 226 233 235 236 240 252 258 262 266 267 268 269 272 279 281 285 292 293 297 301 306 308 309 312 321 
164 110 115 117 124 125 127 134 138 140 144 147 159 164 165 166 167 170 172 173 175 179 181 197 198 199 201 205 206 210 211 223 228 229 234 237 247 252 258 269 271 273 274 279 280 283 286 287 288 292 299 301 302 304 308 309 310 313 316 317 319 
82 112 129 130 154 165 168 179 190 191 203 218 227 230 248 254 268 300 313 320 
160 112 116 117 118 121 124 132 135 139 140 141 144 146 147 162 164 174 178 179 184 186 191 194 195 196 199 215 232 236 244 248 260 262 263 264 268 272 274 282 285 286 290 293 297 300 308 313 314 315 318 319 
133 108 124 148 155 163 167 179 181 193 195 196 200 201 210 216 226 227 234 238 251 271 276 280 293 304 305 
24 112 114 116 119 122 123 125 127 128 129 133 134 135 140 141 142 143 144 148 153 154 158 159 160 161 163 165 171 172 173 174 178 179 180 181 182 183 185 188 189 193 194 195 207 209 212 213 215 216 221 225 226 228 229 230 231 233 240 242 251 254 256 258 264 267 270 271 275 276 282 283 284 285 286 287 293 294 295 297 298 301 304 307 314 319 320 321 
254 143 178 184 207 222 231 275 288 295 313 
219 108 112 114 115 118 123 124 131 135 139 142 145 146 147 148 149 163 170 177 178 181 182 185 187 190 194 196 206 209 210 211 216 218 219 220 223 225 227 228 237 249 250 252 263 264 266 267 268 270 271 273 274 275 278 279 286 290 291 296 298 300 306 313 314 316 317 319 320 
22 112 120 121 123 125 128 129 137 141 144 146 149 150 151 152 154 159 162 164 166 174 175 178 182 185 187 188 192 196 198 199 201 203 214 215 216 218 224 228 229 230 231 233 234 236 237 244 245 246 250 251 252 255 258 259 260 264 268 272 273 281 283 284 286 287 295 296 299 304 307 308 312 317 
59 117 121 122 129 133 178 205 240 261 269 279 294 314 
87 126 131 136 157 168 189 198 200 222 242 272 278 284 300 309 314 318 319 
263 110 112 113 114 119 121 126 129 130 134 138 142 143 157 160 163 169 179 185 187 188 191 198 215 221 223 225 231 248 251 254 256 257 266 267 278 283 293 296 297 299 303 305 308 312 
126 112 114 122 123 130 131 135 138 142 153 154 158 160 163 164 166 168 173 174 177 178 181 185 186 189 191 200 205 207 209 210 211 215 216 217 218 220 221 223 224 227 232 235 236 240 241 243 244 247 250 255 256 260 261 262 263 264 265 267 272 273 274 276 278 280 291 293 295 297 300 301 304 308 311 312 313 315 316 
280 109 112 120 122 144 151 159 193 206 235 248 258 272 275 293 296 300 308 316 319 
125 1 109 110 111 114 118 120 123 124 127 132 142 147 148 152 153 154 160 162 164 168 176 177 179 189 192 195 196 200 202 204 206 208 209 211 212 215 216 219 228 229 235 236 237 239 241 247 251 259 260 264 267 271 272 273 275 277 284 287 288 289 290 292 294 295 296 302 305 308 310 312 313 314 319 320 
95 108 112 121 124 128 129 132 133 139 141 143 145 149 159 163 164 166 175 181 182 183 184 193 196 197 203 208 210 211 213 227 229 230 234 235 247 251 256 269 277 285 288 306 314 317 319 
214 1 108 109 110 114 122 126 130 140 147 148 150 152 156 157 160 161 164 166 168 169 173 174 176 179 185 188 204 205 207 212 215 217 219 220 221 226 228 229 234 237 241 242 244 247 250 251 254 255 256 257 261 268 272 276 277 278 281 282 293 294 296 298 304 309 317 319 
156 119 121 125 137 139 145 146 148 149 155 157 159 162 165 172 178 179 183 187 190 194 195 196 201 205 206 207 214 217 218 225 227 232 233 239 240 241 244 245 246 248 252 259 260 263 264 265 266 272 275 277 278 283 284 285 292 293 295 297 309 314 
92 130 140 141 143 165 167 183 226 243 271 284 293 308 
273 118 127 134 146 147 152 153 159 162 182 189 202 203 211 217 222 225 241 249 250 256 258 265 268 274 291 314 316 318 
38 118 150 156 159 178 180 189 194 220 230 252 265 296 320 
111 157 203 214 215 220 224 232 251 255 260 277 279 290 
172 137 140 148 170 176 178 184 199 202 219 225 235 245 251 254 260 263 275 285 289 299 309 310 
204 111 112 113 117 126 127 128 132 138 143 145 150 153 163 167 170 173 175 178 183 195 197 199 205 206 209 214 219 220 223 225 229 232 249 250 251 253 255 257 259 264 265 266 267 269 275 276 277 278 283 284 286 290 292 294 298 299 300 303 307 310 312 314 315 317 320 
93 120 126 164 185 206 223 
269 109 118 121 122 124 130 140 141 144 145 149 150 153 154 156 157 161 164 165 166 173 175 180 182 188 192 196 198 199 202 203 204 215 216 218 222 223 224 227 229 236 238 239 242 247 253 255 260 261 265 266 267 268 274 276 283 286 296 298 303 304 305 306 307 320 
11 118 121 122 131 141 144 145 147 156 165 174 183 188 192 202 217 230 231 236 244 245 247 251 254 256 262 263 270 274 275 276 280 286 287 292 295 298 309 314 318 
228 108 112 115 126 127 149 151 156 158 163 166 170 176 207 208 210 212 215 223 242 269 283 285 292 296 304 307 308 313 315 
145 108 113 116 121 122 131 133 139 143 146 149 164 167 174 176 177 181 185 188 191 194 200 201 202 205 212 213 219 228 231 236 238 239 240 245 250 255 256 257 260 261 264 266 268 273 274 275 276 279 285 291 292 294 298 301 305 307 308 312 313 314 317 321 
106 108 118 122 125 131 132 133 140 142 143 145 146 153 154 156 157 158 159 169 170 172 174 182 184 185 188 190 191 193 194 203 205 209 211 212 214 220 221 224 226 233 234 235 237 241 242 244 246 249 251 254 259 260 261 263 268 277 291 292 296 309 310 312 313 317 318 319 320 
269 113 123 125 128 131 150 161 174 179 183 192 210 215 221 230 235 238 260 278 280 309 312 313 315 
76 109 117 135 136 137 139 141 144 145 147 148 155 162 163 165 167 177 178 187 188 189 190 192 201 202 203 209 210 214 218 219 222 230 240 241 248 255 258 261 272 276 279 285 286 289 294 296 298 300 301 312 313 316 319 
35 1 109 112 114 119 120 122 139 146 151 164 171 176 177 179 180 183 185 197 204 210 211 219 225 226 237 241 244 250 260 261 262 276 278 294 295 299 303 304 311 
65 125 147 152 155 183 184 211 213 221 228 229 264 265 274 275 278 282 290 295 318 321 
125 108 112 114 118 119 123 126 129 135 137 143 147 148 149 154 155 156 164 165 171 172 173 175 176 187 189 191 193 195 198 200 201 202 203 206 209 212 213 214 215 217 227 231 233 237 242 246 248 249 253 255 261 265 267 270 271 272 273 275 277 279 280 282 284 285 289 295 296 297 301 304 305 306 307 313 316 318 319 320 
207 1 109 111 126 127 131 132 133 134 137 150 155 159 163 166 171 176 179 181 183 186 187 195 197 204 209 211 217 220 236 237 238 241 243 252 254 271 276 279 288 292 295 297 299 306 311 313 316 318 
41 1 114 116 127 137 141 144 149 159 164 169 189 198 218 227 238 244 249 251 260 275 276 284 299 302 306 309 310 311 
79 118 144 152 156 178 180 196 210 212 242 248 267 301 312 
100 113 115 117 120 121 124 129 130 133 134 138 144 149 153 154 168 174 184 186 187 206 209 214 215 217 219 225 226 232 233 236 242 244 246 248 250 251 254 255 256 257 259 270 279 280 282 292 294 296 298 300 301 304 306 309 310 312 316 320 
93 1 111 114 115 125 130 139 141 143 149 154 155 156 157 160 179 181 188 189 201 202 205 212 214 216 223 224 225 228 230 231 233 237 240 243 246 248 253 257 263 269 271 275 277 282 294 299 302 305 307 310 321 
55 114 116 128 140 152 157 212 226 228 241 248 275 286 287 294 296 297 311 312 
293 109 115 122 123 127 129 134 144 145 154 156 157 158 164 167 170 181 188 206 208 209 211 217 218 231 232 233 241 244 249 252 253 255 265 267 271 275 276 278 283 286 288 292 296 299 301 312 313 314 318 
105 110 129 133 134 136 145 151 155 163 165 167 176 177 189 190 191 193 198 217 224 225 229 233 238 239 247 252 261 264 271 272 274 279 280 285 286 288 293 294 313 315 316 318 
131 116 136 141 157 173 178 189 192 222 246 267 268 272 282 
147 119 130 131 134 135 136 138 139 141 145 150 155 156 160 161 170 171 172 173 180 182 193 194 198 199 210 215 216 218 228 238 240 243 247 252 253 261 268 282 285 286 288 290 309 315 316 321 
254 121 123 128 133 147 156 171 172 174 175 177 202 203 212 222 223 224 236 258 261 267 278 287 290 301 302 316 321 
194 116 138 142 151 162 218 235 258 295 307 
90 110 116 118 125 126 140 145 149 152 153 157 167 169 170 182 194 196 203 204 216 222 225 227 232 235 237 249 252 257 259 267 270 281 291 292 295 302 303 307 310 
39 243 275 304 
215 113 115 118 125 130 133 139 140 141 142 146 150 151 153 155 156 166 168 170 175 182 185 189 191 194 201 211 226 229 234 243 244 250 251 255 258 262 271 272 276 279 280 283 285 287 290 301 307 311 317 318 319 
95 116 117 119 120 121 124 129 131 137 141 149 150 152 154 156 158 159 160 167 172 175 178 182 186 189 193 194 196 199 200 206 207 209 210 212 217 218 219 233 237 247 249 254 260 262 265 266 273 274 275 283 284 285 292 293 295 299 301 304 309 314 318 
7 1 108 115 122 125 127 128 130 131 134 136 137 141 142 143 145 148 155 159 161 162 164 172 173 174 176 177 180 181 182 184 185 187 192 193 197 203 205 207 210 211 212 216 225 227 228 238 240 242 245 247 250 252 256 259 266 271 272 273 275 276 278 281 285 288 290 293 295 299 300 302 303 308 309 310 311 317 318 319 321 
16 124 129 159 167 175 184 188 190 201 214 218 219 227 245 253 260 263 267 288 294 
131 114 116 118 122 126 128 135 136 149 150 154 155 156 158 160 162 168 173 190 192 194 198 200 201 205 213 222 234 244 253 263 278 279 293 297 306 308 315 
87 1 121 122 135 152 167 168 174 193 210 221 224 226 227 247 299 310 
30 112 113 116 119 128 129 132 133 135 137 138 146 147 158 162 163 164 165 177 178 180 183 184 187 192 195 196 199 202 203 219 222 223 225 226 229 233 236 237 242 243 244 248 250 251 254 260 261 264 265 267 269 272 274 275 276 279 283 284 285 288 289 291 292 297 300 306 307 314 318 
78 109 110 114 124 137 144 154 156 166 167 170 186 195 206 209 212 214 226 233 234 244 245 250 256 265 266 270 281 283 294 297 300 305 307 316 318 
131 113 135 213 217 221 238 247 260 263 280 300 304 
175 109 111 113 115 116 120 123 127 128 138 141 144 148 149 151 152 153 160 161 166 167 168 172 177 179 180 181 182 184 185 187 189 202 207 209 213 215 221 229 231 238 239 240 245 253 256 257 258 259 260 266 267 271 278 289 291 294 296 297 304 308 309 310 311 313 314 317 
275 138 158 159 161 163 180 202 204 212 233 235 237 238 240 250 258 314 316 
107 108 109 111 121 124 127 128 130 131 137 140 154 162 171 172 184 192 195 213 217 220 224 228 230 232 238 239 242 247 249 251 255 262 271 273 286 287 296 311 315 320 
11 124 125 130 133 146 147 159 161 172 182 202 204 207 214 215 236 237 265 282 293 299 303 304 315 316 
232 1 110 119 123 125 128 130 131 134 138 143 144 147 148 149 153 154 162 172 173 178 180 181 186 188 193 196 197 199 200 202 204 205 208 209 212 214 218 219 222 227 229 231 236 243 245 246 249 250 255 256 257 259 262 267 271 272 278 287 288 293 295 297 299 301 304 306 310 312 318 319 321 
164 1 120 121 122 124 129 130 134 140 146 149 152 153 155 156 165 169 171 174 176 177 179 184 185 188 190 194 196 199 207 211 212 214 216 217 218 233 234 244 245 247 250 251 255 256 259 261 263 266 270 271 276 284 285 288 296 302 303 305 309 310 313 317 319 
62 1 112 117 118 119 120 127 130 131 132 133 135 136 137 141 143 148 149 150 151 153 157 158 160 161 166 170 178 179 181 185 186 187 189 191 194 195 198 199 201 204 205 207 210 213 217 218 219 220 224 228 232 235 236 241 243 244 245 247 249 255 256 257 259 262 265 267 268 269 270 274 280 282 287 290 291 293 295 296 297 298 299 302 304 309 310 312 313 314 315 316 317 318 319 
217 1 110 111 112 114 116 118 119 120 122 124 132 134 136 137 142 143 148 149 151 154 158 167 169 173 176 180 185 188 189 191 199 201 204 205 207 209 219 220 221 229 230 233 236 237 240 241 246 247 249 251 254 256 257 258 259 260 261 262 263 265 266 271 272 277 278 279 280 285 289 292 294 295 297 299 300 307 309 312 313 
78 108 116 118 121 130 133 135 145 147 150 151 153 163 164 168 177 181 188 190 197 202 209 212 232 233 238 244 247 255 261 263 274 276 287 289 295 299 302 305 306 315 320 321 
76 112 117 118 123 136 146 150 152 159 176 183 187 195 200 202 226 228 232 246 262 264 274 284 299 300 316 321 
47 116 119 121 122 127 130 134 140 141 147 148 154 159 161 163 166 167 170 174 178 179 182 183 184 185 186 189 193 196 212 217 220 225 226 227 234 241 242 247 255 256 262 263 269 273 274 282 284 286 288 291 292 293 298 302 305 308 310 321 
93 162 186 196 270 288 
166 116 121 123 126 127 131 135 138 139 141 142 148 149 153 154 155 159 162 164 165 170 171 173 181 183 184 195 197 201 203 204 210 216 220 226 227 231 234 238 240 244 258 260 261 265 266 268 270 278 282 284 285 289 290 292 293 297 299 308 309 312 315 316 317 
270 276 
16 108 111 117 118 126 134 135 136 142 145 146 147 148 149 154 157 163 168 177 184 189 199 209 210 211 220 228 230 232 233 242 247 251 255 258 259 276 277 288 291 292 298 303 313 321 
133 109 112 113 115 116 117 118 121 123 124 128 129 130 131 133 134 136 143 145 154 157 158 159 160 162 165 167 170 173 174 175 182 184 192 193 194 195 197 198 202 203 204 207 209 210 214 215 219 220 221 226 229 230 231 232 235 236 240 252 255 259 260 261 263 265 266 268 276 277 279 281 284 287 288 291 297 300 303 305 308 309 311 312 318 319 
201 172 182 257 262 277 320 
12 1 111 112 117 119 122 126 127 132 134 143 154 155 158 159 162 168 171 175 201 202 205 209 213 214 218 221 224 225 228 240 243 248 254 263 264 274 276 278 285 295 306 308 319 
246 109 110 116 121 126 127 132 134 135 136 137 142 147 151 153 161 164 165 167 168 172 173 175 176 180 182 192 196 197 198 205 206 208 210 226 228 229 235 236 237 248 251 255 257 260 264 265 272 275 285 288 289 297 301 304 308 317 
28 108 109 112 114 118 122 123 127 137 145 149 152 157 161 162 165 173 174 183 184 190 196 199 203 205 209 210 212 213 215 220 222 228 230 247 248 250 255 261 263 265 268 270 273 275 276 278 284 285 286 289 293 297 305 310 312 313 
173 109 110 111 113 115 119 121 125 126 129 130 131 134 137 138 141 143 146 150 151 154 156 163 168 169 172 173 180 182 184 186 191 195 196 198 200 206 209 214 215 217 219 221 222 224 228 232 233 235 237 239 245 248 250 253 258 259 263 265 266 267 271 272 274 275 276 280 281 285 286 301 302 304 308 310 312 315 316 318 
58 1 109 113 114 117 120 122 123 125 131 132 135 136 138 140 143 144 145 150 151 155 157 164 165 167 168 169 173 177 180 186 190 195 197 204 212 215 220 222 225 229 231 233 234 235 237 239 240 242 249 254 256 259 262 263 267 268 270 272 273 275 276 280 281 284 286 287 290 293 300 309 311 312 314 318 
192 109 116 118 120 133 147 148 159 160 166 169 176 182 184 189 194 196 201 207 210 214 219 226 239 241 243 261 265 267 273 279 283 288 291 293 295 296 303 311 319 
77 108 119 124 134 142 155 161 164 168 171 174 188 190 201 210 217 220 227 234 241 246 248 252 270 271 273 278 280 285 289 290 293 298 302 308 312 320 321 
22 109 112 115 116 119 120 123 126 131 135 137 141 148 149 150 159 161 162 163 167 168 171 172 173 174 177 178 182 193 195 197 199 200 201 203 205 207 212 216 221 223 225 227 232 233 235 236 238 241 243 247 251 258 260 263 270 271 272 273 274 277 279 282 286 287 288 289 291 293 295 300 304 307 308 311 312 314 316 317 319 320 321 
132 112 113 114 117 138 139 140 141 145 146 155 159 162 165 167 170 183 184 187 194 202 207 210 213 215 217 218 225 226 230 231 236 238 241 244 245 250 251 255 258 260 261 262 264 269 273 275 278 280 283 286 288 290 292 293 297 301 302 310 313 315 317 318 
214 113 120 123 164 178 209 212 226 227 228 229 263 266 267 281 286 304 315 
285 110 112 115 117 120 123 124 129 137 142 145 146 149 150 151 152 155 160 165 168 169 170 172 177 186 191 194 195 198 199 200 204 209 210 217 218 219 220 224 225 227 229 231 232 236 237 240 242 243 246 251 253 255 258 264 265 266 277 278 279 282 287 289 291 295 296 298 306 308 311 312 317 320 
133 123 128 132 157 171 180 184 187 195 198 205 209 218 224 229 237 239 243 264 276 277 278 283 285 286 292 311 315 
31 119 122 124 140 149 151 152 160 166 169 171 172 177 180 183 184 189 191 192 196 198 203 210 216 217 222 224 231 236 238 241 244 246 253 255 260 261 268 270 273 275 284 287 293 317 320 
172 109 112 117 119 121 123 125 128 131 132 133 136 139 143 145 160 163 164 170 171 185 188 210 214 216 217 220 222 226 227 231 233 237 240 261 262 263 266 268 275 279 286 289 301 310 312 315 316 
15 126 133 137 170 179 184 201 203 219 224 253 299 320 
224 109 115 122 124 125 129 132 134 139 141 143 150 151 152 156 157 163 164 165 178 180 191 192 193 199 201 204 206 214 215 228 231 243 248 252 254 257 258 261 264 272 273 276 286 287 293 294 295 306 309 311 313 
202 122 125 126 127 131 137 141 142 144 145 148 151 154 156 157 177 180 192 200 201 203 206 212 233 238 240 246 247 254 258 259 265 271 274 278 280 286 295 299 307 314 
98 132 135 143 163 164 175 248 252 264 310 
142 108 113 114 119 122 124 125 128 130 133 135 136 137 138 140 141 145 153 158 165 170 176 179 184 186 192 195 198 201 204 205 206 208 209 210 211 213 219 223 225 228 231 236 237 238 246 251 256 257 260 262 264 265 268 272 274 280 283 284 290 291 303 315 316 318 320 
65 115 135 138 150 161 183 203 208 213 217 219 230 231 232 258 261 273 312 314 316 
11 158 188 194 212 217 231 259 276 280 295 299 314 318 
47 114 119 132 138 142 146 147 149 152 154 158 170 174 181 188 189 201 205 209 212 214 239 243 247 256 259 260 263 275 280 286 299 310 318 320 321 
184 120 143 184 251 265 290 310 
243 108 109 114 121 125 128 129 131 133 135 138 143 149 153 165 168 182 185 189 192 193 195 196 197 201 205 208 218 221 222 239 248 249 260 268 269 271 272 281 285 286 287 303 305 310 312 313 314 315 
135 110 116 117 122 124 135 143 146 148 151 157 158 160 162 166 172 173 174 176 178 179 180 184 186 189 190 194 195 201 203 206 210 212 213 215 217 218 219 220 223 225 228 232 244 245 246 250 251 252 253 254 257 259 260 261 262 267 268 269 270 271 278 279 281 282 283 286 287 288 295 297 298 303 304 306 312 314 316 319 
212 149 158 172 234 262 270 275 283 293 
193 113 116 145 181 186 244 
247 108 111 116 122 123 129 131 133 134 138 143 155 159 161 162 163 165 166 176 178 183 184 187 190 192 195 201 207 208 211 212 220 223 226 232 234 235 236 238 240 241 244 248 250 256 258 261 262 263 265 267 269 270 271 274 280 281 283 284 285 290 293 295 298 300 301 303 304 307 309 310 312 313 316 319 
94 109 111 112 115 118 128 131 141 152 154 157 159 163 169 177 182 188 189 194 197 206 208 212 216 218 220 226 228 233 245 259 261 266 269 273 276 278 279 288 289 292 293 301 307 318 320 
183 1 109 111 121 122 129 133 135 136 137 141 143 146 149 156 159 160 163 165 166 170 172 176 177 180 182 184 192 196 197 198 203 209 211 221 229 231 233 236 237 240 243 248 249 259 262 264 265 266 269 272 276 281 284 285 287 290 293 297 302 304 306 307 309 310 311 313 314 318 320 
159 1 108 113 115 128 129 130 143 161 166 168 192 194 200 203 209 217 228 231 236 241 246 260 270 279 283 284 287 304 316 318 319 321 
265 109 112 116 117 118 119 121 126 128 129 130 135 139 140 148 150 151 153 156 159 160 161 163 164 167 168 169 173 175 182 184 185 186 188 194 195 197 198 199 202 204 212 213 214 218 221 225 233 234 237 238 240 241 242 243 244 245 247 252 254 255 258 259 264 266 273 274 275 276 277 281 282 287 289 290 296 298 301 304 305 313 314 315 317 319 
208 112 131 138 139 140 145 148 152 155 156 180 183 185 207 213 223 228 243 246 254 256 273 277 280 283 292 295 306 307 312 
255 123 139 153 
138 118 124 127 132 133 136 139 146 147 148 152 155 156 165 167 168 169 173 176 180 196 203 205 228 230 231 233 236 237 239 243 248 249 254 255 258 268 270 279 285 287 288 294 296 297 299 300 301 313 314 318 319 320 
155 108 111 112 118 121 124 125 126 129 135 136 143 145 147 151 157 159 166 167 168 169 170 180 183 185 187 188 191 194 195 196 199 202 205 206 207 209 212 214 215 216 218 219 223 225 228 229 230 231 232 233 238 239 240 243 244 247 251 252 254 262 267 268 270 271 273 277 278 282 283 293 295 296 299 300 301 305 306 310 311 315 317 318 321 
48 112 117 120 121 124 126 137 140 145 149 178 187 196 198 205 208 210 212 224 225 227 241 243 251 253 254 256 259 264 294 297 307 316 
227 111 112 114 116 117 121 122 123 124 126 130 131 133 136 138 144 145 148 156 158 159 160 161 162 164 170 174 183 186 189 195 196 198 201 202 203 205 208 209 210 215 216 219 220 223 224 229 235 236 245 247 248 250 255 256 257 263 268 272 276 286 290 297 299 301 302 309 320 
16 1 109 110 111 114 115 118 120 127 128 136 139 140 142 145 147 152 153 160 161 164 166 173 174 177 178 182 183 184 190 192 193 198 200 202 203 210 213 226 229 230 233 234 236 237 240 241 242 244 245 251 257 261 265 272 277 278 280 283 284 285 288 290 295 301 302 304 306 313 
230 114 134 150 154 156 159 209 216 231 259 295 298 315 318 
184 111 116 117 119 120 124 128 129 130 131 134 136 138 140 143 146 147 151 154 156 157 166 167 168 177 178 179 186 190 191 195 198 199 202 207 208 210 215 216 220 221 222 223 224 226 228 232 234 239 240 241 243 246 250 255 258 260 262 265 266 269 270 272 277 278 281 286 287 289 293 294 295 299 300 303 306 312 316 
91 111 112 113 118 120 121 124 128 130 136 138 140 148 154 155 156 158 159 166 171 175 176 179 182 187 199 207 208 211 213 214 216 221 237 238 242 243 254 258 260 262 272 275 276 279 285 289 290 294 296 297 306 312 319 
36 1 108 109 112 117 122 123 127 130 135 136 138 140 141 147 148 153 154 156 158 159 164 165 167 168 182 183 184 191 192 205 207 208 210 211 213 221 222 223 225 226 233 234 236 238 241 247 253 255 256 257 264 265 269 270 273 275 276 277 280 284 286 288 292 297 299 302 306 307 308 312 317 319 320 321 
202 137 138 148 150 153 154 158 167 168 169 173 186 187 188 194 199 201 208 221 223 235 240 244 246 249 274 278 281 283 287 288 303 304 310 
270 110 189 211 222 282 288 301 302 306 
278 1 108 109 111 116 123 126 130 132 134 144 152 158 160 161 162 164 167 168 171 173 175 178 183 189 195 196 200 201 206 207 209 211 215 219 224 226 229 230 232 235 238 241 244 246 251 253 254 255 257 262 264 266 268 270 271 272 276 281 284 292 296 304 311 313 317 
57 109 112 118 122 132 133 141 144 147 150 151 152 157 158 160 161 173 175 179 193 200 201 203 210 214 215 216 217 219 220 222 223 229 239 241 246 247 252 254 256 260 262 266 268 269 272 273 278 281 282 288 294 296 299 300 310 316 317 
177 155 
205 124 129 131 142 148 157 162 163 164 169 174 175 176 178 181 182 186 188 194 196 202 203 207 209 213 224 227 238 244 253 261 263 267 269 282 287 289 296 298 300 303 309 312 313 
127 108 110 125 129 132 139 152 160 166 173 174 175 177 179 181 186 193 204 209 217 218 220 221 227 236 239 244 245 247 256 258 275 276 277 282 286 288 304 309 
278 108 113 116 122 123 125 126 128 137 141 145 149 150 151 154 157 161 165 170 174 183 188 191 193 199 203 210 214 220 221 223 226 228 230 232 239 241 245 248 250 252 271 275 278 283 295 296 299 301 303 307 312 313 314 
58 109 112 122 128 130 135 140 149 169 184 187 198 202 210 228 232 233 238 252 286 289 291 293 303 306 314 316 
26 108 111 115 117 120 124 128 129 131 133 134 138 141 142 148 150 151 152 162 165 168 169 171 177 181 184 191 195 199 202 204 205 206 210 211 212 216 219 222 234 240 242 243 244 246 247 250 252 253 254 256 257 260 263 272 274 277 279 283 285 287 289 290 293 296 300 304 310 314 318 319 320 
147 294 180 212 187 259 265 164 104 58 188 14 191 268 295 207 202 101 149 157 19 300 137 174 127 107 80 271 64 84 233 147 60 270 97 241 142 171 282 16 74 45 226 225 25 141 76 53 127 14 115 230 202 247 186 131 237 106 44 271 217 242 225 256 247 192 196 217 289 177 173 110 164 127 60 93 11 221 285 54 292 11 1 219 183 292 40 250 116 75 224 190 212 11 64 158 273 50 99 249 180 77 102 267 66 234 55 290 90 235 179 32 213 192 290 66 153 13 240 25 198 35 120 188 283 134 115 260 128 256 95 158 22 281 22 40 204 238 106 260 54 33 97 117 117 172 29 210 100 204 23 257 284 9 227 206 124 101 125 4 198 253 109 237 110 40 35 226 61 168 183 298 161 132 117 233 25 225 61 186 134 278 34 294 292 97 23 222 1 59 70 88 107 67 112 216 255 144 140 76 261 170 265 79 41 122 87 281 236 267 125 224 127 171 213 40 96 244 210 148 157 5 77 171 237 18 86 114 284 57 72 160 59 35 18 77 224 136 277 182 131 89 232 210 104 299 26 261 175 225 56 297 134 288 40 265 231 248 263 120 5 207 236 2 127 47 194 62 87 80 58 190 94 163 294 18 95 216 86 59 269 97 229 99 101 237 193 160 244 287 99 85 274 57 273 154 233 234 177 132 217 13 205 164 15 265 5 266 209 278 123 194 108 49 76 180 21 169 98 277 296 
