216 324
289 113 116 117 118 126 127 134 136 139 142 143 145 151 154 156 158 159 160 161 162 165 166 167 175 176 179 182 190 194 195 196 199 201 202 208 210 212 216 219 220 224 230 235 242 244 245 247 248 249 250 254 260 262 264 265 268 270 271 272 273 275 276 278 282 283 284 285 288 290 296 304 306 310 313 318 319 322 
255 1 109 113 116 119 121 132 133 134 139 142 147 152 153 154 155 157 158 162 165 170 173 175 179 187 193 197 199 200 201 204 205 208 210 212 213 218 226 228 229 237 242 243 248 249 250 251 252 254 266 270 273 275 276 277 278 279 281 282 288 289 290 295 296 298 300 303 304 307 308 311 316 318 320 323 
283 111 113 114 117 118 122 125 126 128 129 131 133 134 137 140 141 146 151 154 155 159 160 161 168 173 180 183 186 189 192 196 197 198 200 201 204 206 207 208 210 213 214 215 216 219 220 221 223 228 231 234 235 237 241 245 250 251 255 263 265 266 270 271 272 273 274 275 278 280 283 287 289 290 295 297 298 299 304 310 312 313 318 319 320 
20 114 180 209 216 248 272 318 
204 111 118 127 134 135 138 150 152 153 156 157 160 162 171 179 180 181 189 190 196 205 206 208 213 220 226 232 240 242 243 244 259 262 267 276 277 284 291 295 301 309 310 311 314 318 323 324 
260 135 141 194 203 224 244 248 263 292 297 301 
34 116 117 121 129 132 136 137 140 145 153 157 160 164 174 177 190 194 196 199 206 208 225 233 248 249 251 254 258 269 272 276 287 292 296 310 313 316 318 
24 1 111 115 128 129 131 132 136 137 141 142 144 145 148 158 159 161 163 168 169 172 174 175 176 179 180 183 186 189 191 193 194 202 207 212 218 220 221 223 226 228 232 242 245 247 254 255 257 265 267 269 272 274 284 286 288 289 292 295 297 308 314 320 322 
172 1 109 112 120 125 130 131 134 166 175 176 188 211 238 250 253 261 269 281 282 283 285 286 290 295 
284 110 111 114 115 116 118 121 127 129 131 135 139 141 142 147 148 158 161 162 163 167 168 169 170 171 172 186 187 189 190 193 195 196 200 202 204 207 208 209 210 215 217 223 225 226 227 235 239 244 245 247 248 249 251 253 257 260 266 268 273 276 278 279 281 282 284 289 290 291 292 297 308 309 316 317 324 
243 123 134 169 185 186 227 228 233 248 280 292 298 301 305 318 
208 109 110 112 120 121 123 125 130 136 146 149 155 157 158 160 163 167 169 171 172 173 175 177 178 181 182 189 191 193 196 200 201 202 205 210 211 214 216 217 220 225 227 228 229 232 234 235 236 237 238 240 242 245 246 252 254 257 263 267 272 275 276 280 282 292 294 296 301 302 303 314 316 318 320 321 323 
91 1 109 121 160 161 163 186 189 190 203 205 217 238 241 258 260 262 273 275 286 289 309 
110 114 118 119 120 125 155 159 164 166 185 193 205 212 214 218 240 243 249 265 273 278 286 287 315 320 321 
290 109 110 111 113 119 120 121 122 123 125 127 131 132 133 135 140 141 142 147 150 152 153 155 159 160 164 165 171 174 175 178 179 182 184 185 186 187 195 200 202 209 212 214 215 218 219 223 225 229 230 233 237 238 239 243 244 245 246 247 252 253 255 259 260 261 263 264 267 268 272 273 275 277 281 283 284 285 286 288 289 290 303 305 307 310 314 320 324 
74 109 112 120 123 129 133 140 150 153 154 155 157 158 161 165 168 174 177 180 184 187 189 190 192 196 198 200 201 211 213 216 229 230 233 235 239 240 244 249 251 252 256 257 270 272 276 280 282 285 293 294 299 301 312 319 
193 117 141 173 211 235 297 
109 1 110 111 118 121 124 126 128 132 136 137 138 139 141 143 146 147 149 151 156 160 164 176 179 183 184 185 188 190 197 198 201 214 217 218 219 220 227 235 237 239 240 241 250 251 252 253 256 258 263 269 275 276 277 278 279 283 284 285 286 288 291 294 297 303 304 308 312 319 321 323 324 
43 116 117 121 124 125 137 138 141 142 149 159 162 164 165 178 185 189 190 193 200 202 207 211 227 230 238 248 251 259 261 266 267 270 273 277 282 283 285 299 303 323 
28 109 116 123 127 130 131 132 133 136 138 139 141 144 147 148 152 160 163 165 168 169 183 198 199 202 204 214 224 225 235 237 239 240 243 244 252 255 256 268 274 281 284 285 286 292 299 300 313 314 
235 1 132 142 152 165 169 179 197 204 215 216 221 222 224 241 245 252 290 291 303 310 320 
48 1 109 110 112 119 120 121 122 123 127 128 129 133 135 142 144 149 151 154 158 159 160 161 165 170 171 172 174 177 179 181 184 186 189 191 193 202 203 206 207 208 210 213 214 215 216 219 221 223 224 229 231 232 233 237 238 240 242 244 245 249 261 264 267 269 272 279 282 285 290 293 296 299 300 301 305 306 308 309 311 314 315 317 319 
211 110 111 115 121 133 134 135 137 138 139 144 146 150 154 157 160 168 171 179 180 182 189 192 193 197 210 212 215 216 222 223 230 232 235 237 242 243 244 249 253 256 264 266 268 273 278 282 283 284 287 289 292 300 301 306 307 320 322 
146 110 111 117 118 119 130 134 136 137 143 150 158 162 164 165 167 173 178 181 186 191 204 205 207 208 212 213 219 224 226 229 234 242 244 248 251 255 260 268 276 277 283 285 288 289 291 293 294 296 297 299 300 301 302 306 316 324 
256 109 114 119 121 133 135 136 143 144 147 148 152 156 157 160 163 164 167 168 169 172 173 178 181 184 190 193 194 197 208 214 221 222 227 228 232 236 240 243 247 248 250 252 253 258 260 266 270 273 274 278 283 292 293 297 299 300 301 304 305 311 313 
115 118 149 160 161 163 168 226 227 239 240 242 248 250 261 263 269 276 294 296 301 308 321 
118 109 113 115 119 120 122 125 127 134 135 136 140 141 143 148 150 156 157 168 169 171 172 177 180 183 184 185 197 202 205 206 207 209 211 215 227 230 232 233 234 240 242 243 248 251 254 257 261 265 266 267 270 271 272 278 282 283 288 289 300 301 308 309 310 312 314 315 316 321 323 324 
9 113 116 117 125 130 131 133 134 135 139 149 150 159 170 182 187 189 199 206 208 219 220 225 226 229 230 233 236 249 251 258 265 268 269 284 285 286 295 307 308 313 319 
155 117 122 123 128 129 138 139 140 143 154 155 159 162 165 169 176 177 178 181 188 198 203 207 208 215 217 220 223 225 229 230 231 244 247 248 249 251 254 259 262 263 264 267 268 271 277 280 281 286 293 303 308 311 
164 109 113 128 141 143 155 156 158 167 172 178 195 205 220 224 238 251 259 260 263 287 298 309 
253 1 111 112 115 117 122 126 130 131 132 133 144 146 147 148 151 155 156 159 160 161 163 166 168 171 172 174 176 180 185 186 188 190 193 197 198 205 208 217 219 220 221 223 225 226 227 228 230 235 237 239 243 247 251 253 263 264 266 267 268 270 273 276 277 288 291 293 297 299 300 301 302 304 307 309 310 321 322 323 
106 111 112 114 116 118 122 123 124 128 131 132 135 138 143 154 155 156 157 161 164 167 170 173 180 184 185 188 190 196 198 200 202 203 204 206 207 209 216 219 220 221 222 224 225 227 233 238 244 249 254 255 259 265 272 281 285 288 289 290 299 305 308 312 314 316 
200 109 111 116 120 126 129 130 141 145 151 153 154 158 163 176 178 181 182 191 196 199 203 205 211 219 226 227 232 239 243 244 249 256 257 260 266 267 276 279 285 288 290 294 309 313 314 316 323 
116 111 113 119 122 135 142 147 149 153 163 170 171 178 179 180 181 183 188 195 197 198 199 204 205 212 217 218 219 220 228 229 235 241 247 255 262 264 267 268 269 271 272 273 288 289 298 300 301 310 311 312 317 321 322 
92 109 133 146 154 178 216 251 258 274 281 314 
298 112 113 114 116 122 124 127 129 145 154 168 174 177 178 184 185 188 192 196 197 204 210 217 220 226 233 246 252 258 264 265 267 268 274 291 303 308 309 311 323 
227 1 115 125 142 163 170 173 180 181 185 189 195 197 198 201 206 210 214 220 223 224 227 234 235 237 238 239 244 245 246 247 249 253 276 277 279 280 284 287 299 301 303 311 322 
143 1 116 141 155 191 192 216 225 246 252 272 276 308 324 
73 114 129 131 136 138 139 140 141 145 146 150 152 155 156 157 164 165 168 170 173 174 176 179 184 188 189 195 201 202 207 208 209 212 215 218 222 224 225 229 230 231 237 241 245 246 252 254 255 269 271 275 276 280 286 289 291 292 295 297 303 304 307 311 316 317 320 322 324 
208 110 113 117 123 126 128 133 136 137 153 154 155 156 157 160 164 166 169 170 175 179 182 183 188 196 199 202 234 238 241 255 257 259 262 266 275 277 289 291 292 294 295 297 301 302 319 324 
152 137 151 182 212 222 227 236 239 244 264 296 300 315 
30 110 121 124 126 127 135 138 139 147 152 155 158 159 160 161 165 166 170 177 180 183 191 194 205 206 214 218 221 222 224 225 229 244 251 256 266 267 272 278 279 282 283 291 292 294 298 303 304 307 310 317 319 320 
234 114 116 118 120 123 125 128 132 135 138 139 141 144 150 151 153 155 157 158 159 161 163 165 166 169 174 175 179 180 182 183 185 188 189 190 191 196 200 201 203 206 208 212 214 217 225 230 232 233 239 241 243 246 248 253 256 257 260 261 263 264 265 266 267 268 269 270 272 276 282 283 286 290 294 297 299 301 310 313 314 315 318 322 323 324 
115 111 117 120 123 124 133 136 141 150 156 159 174 175 177 180 183 184 189 192 201 204 205 211 213 215 223 225 226 233 234 236 241 244 245 246 250 251 258 261 268 273 274 275 283 287 289 293 298 299 302 311 319 321 324 
189 1 110 111 115 116 120 122 123 125 132 135 136 137 139 140 141 142 144 145 148 151 159 160 164 166 167 168 170 177 178 185 191 193 194 204 216 218 223 224 226 227 228 229 230 231 234 235 236 239 241 242 243 244 246 248 250 251 253 255 256 264 265 266 268 279 287 289 290 295 296 298 300 302 304 308 311 312 316 321 
141 114 115 121 126 129 133 140 143 150 172 174 175 178 179 184 188 191 193 197 201 206 208 210 211 213 214 221 224 238 240 243 251 253 255 259 262 263 264 265 269 271 276 278 282 293 295 298 305 308 309 315 316 317 
157 109 114 115 116 119 127 128 131 132 133 134 137 138 140 141 142 143 146 147 154 156 157 166 167 177 180 189 190 191 193 194 202 204 209 218 219 223 224 228 231 232 236 238 242 244 245 246 248 249 252 255 256 258 261 262 264 266 284 285 292 296 299 301 303 305 310 311 315 319 321 322 
14 113 115 119 121 125 127 128 133 134 139 140 145 147 163 168 179 181 182 190 191 194 196 199 201 205 209 210 213 216 217 225 229 230 232 236 239 245 250 251 252 253 254 259 263 266 267 270 271 273 276 277 285 287 289 294 296 298 299 304 310 316 318 319 323 
260 116 128 136 139 143 147 148 149 157 171 179 184 195 209 214 222 223 224 226 233 236 251 256 258 268 269 282 291 292 293 294 303 307 311 317 321 322 
210 1 110 119 122 124 126 127 130 131 132 138 142 144 147 151 163 164 165 169 170 171 172 177 178 179 189 194 195 200 201 204 206 207 208 209 211 214 220 223 226 228 231 233 234 237 241 243 245 246 250 253 254 255 257 260 261 262 265 271 276 279 282 285 290 294 295 300 304 310 314 318 321 
103 1 111 114 115 117 118 119 120 125 128 131 133 134 135 137 138 141 145 148 149 150 151 154 157 158 159 161 171 178 179 180 181 185 186 192 196 200 206 207 208 211 213 217 218 221 223 224 226 235 236 245 249 250 260 263 264 267 269 270 273 279 281 285 289 290 291 292 294 298 299 303 311 318 320 323 324 
120 110 111 113 114 120 121 131 135 141 147 153 156 158 167 173 174 177 183 186 188 194 199 204 210 218 220 234 235 237 244 246 252 260 269 276 281 285 288 289 296 298 306 307 308 309 315 318 320 324 
59 1 110 114 116 118 128 131 132 141 142 143 148 149 151 152 154 156 161 163 168 174 176 178 180 183 189 192 194 202 204 205 206 207 208 210 211 215 216 221 222 224 225 228 232 233 237 239 240 241 242 243 244 246 250 259 260 264 265 273 276 277 285 289 291 294 295 300 301 302 305 307 308 312 313 314 315 316 320 321 324 
55 112 113 117 120 122 129 130 135 136 137 138 140 146 147 151 152 154 158 159 162 164 166 168 169 171 173 174 175 177 178 184 190 191 193 195 198 199 204 207 208 211 214 216 218 219 220 223 225 226 227 231 232 233 241 242 251 254 256 257 263 269 270 271 272 273 274 276 278 279 281 286 288 290 299 301 305 307 310 311 315 
166 140 155 158 248 264 278 281 
186 112 115 125 133 147 163 164 165 169 191 235 240 245 254 259 264 265 266 268 275 288 292 299 324 
293 110 123 129 136 149 153 159 175 194 203 212 217 231 234 238 254 269 273 275 285 289 292 305 311 324 
121 139 155 158 174 198 199 203 211 277 291 311 323 
47 111 112 113 116 117 119 121 122 126 129 136 138 142 145 149 150 152 161 165 168 177 178 179 184 185 188 190 191 195 196 197 203 208 209 211 212 214 220 222 225 231 235 248 249 251 252 253 256 257 258 261 262 265 266 271 272 273 274 275 278 279 283 290 294 295 297 299 309 311 318 319 
192 109 111 112 119 122 127 129 142 146 151 152 168 173 176 178 183 191 195 197 215 218 241 242 243 245 249 259 261 265 281 292 296 297 300 301 302 307 317 319 
96 1 109 114 116 117 118 119 120 122 124 127 128 131 132 134 135 136 137 142 145 146 148 149 150 152 155 156 157 158 159 160 163 164 166 180 184 185 187 191 192 196 197 200 202 203 205 207 208 214 222 229 232 235 237 238 239 240 242 246 247 248 252 254 261 264 266 269 270 275 281 282 283 287 288 289 290 291 292 295 300 301 304 305 308 312 314 316 318 319 322 
137 115 117 120 125 128 129 132 135 136 139 140 141 143 144 147 155 156 157 164 166 168 170 177 179 181 187 190 191 193 194 195 196 200 201 203 204 213 215 216 217 219 223 224 226 227 233 235 243 244 245 246 254 259 261 265 266 270 273 274 276 278 281 283 284 288 295 297 299 301 307 308 311 312 313 315 319 321 323 324 
205 136 150 151 155 160 164 169 171 176 182 193 205 207 215 218 219 222 226 230 235 239 240 247 255 260 268 271 276 278 279 282 283 287 292 293 297 301 308 310 312 319 322 
233 113 115 116 120 125 129 135 137 151 158 163 165 169 173 174 176 177 182 186 189 191 192 197 201 205 211 215 227 228 232 244 251 254 259 263 267 269 270 272 274 281 283 288 293 296 297 298 299 301 307 311 316 317 318 320 322 323 
148 1 109 110 113 117 120 121 125 126 127 132 139 153 156 157 158 161 164 168 169 171 172 173 174 176 178 179 182 183 184 187 188 190 193 195 199 200 202 205 212 213 220 223 227 230 231 232 236 238 239 242 245 246 249 250 253 255 262 265 266 269 270 274 278 279 282 283 284 286 289 292 293 294 297 300 304 305 306 308 310 312 316 317 319 320 
165 111 132 134 138 142 161 168 175 182 184 230 250 275 296 
109 119 136 140 154 159 169 174 179 194 198 203 204 221 222 225 233 239 254 260 280 292 294 296 305 
95 1 111 113 114 116 118 127 128 133 135 136 137 142 143 147 149 150 151 154 155 159 160 161 167 169 171 173 175 184 189 191 193 204 205 206 207 208 215 218 221 233 235 238 240 241 242 243 246 250 256 257 262 266 276 277 281 282 287 292 294 297 298 299 303 304 305 309 312 314 317 318 320 321 322 
280 1 110 111 115 120 122 125 132 133 135 139 140 145 157 160 162 166 168 169 170 171 172 174 177 183 184 186 187 188 189 193 198 199 200 202 221 222 224 226 228 235 236 237 238 243 247 249 250 251 252 255 258 261 264 266 267 269 273 274 280 296 306 314 316 318 320 321 
212 118 122 132 134 139 142 146 151 158 159 164 171 173 176 177 183 194 203 204 207 208 210 211 213 216 221 228 230 233 234 245 248 250 253 255 257 258 260 262 266 267 268 269 279 280 281 286 291 292 295 297 298 311 313 315 318 321 
227 111 117 135 142 149 161 174 181 195 197 211 228 261 269 280 294 298 305 319 
72 113 114 134 136 138 139 146 148 166 170 172 173 179 187 192 193 202 203 208 210 211 212 214 227 228 230 234 235 236 239 246 250 252 255 258 261 263 278 287 290 291 292 293 295 296 298 301 302 303 310 312 315 316 317 318 
249 109 114 117 120 122 123 126 131 134 151 153 158 164 178 186 194 204 208 216 218 231 241 248 249 250 252 263 271 272 291 293 295 297 298 299 305 306 319 324 
203 110 120 124 126 128 131 133 134 137 144 149 152 153 155 158 164 171 179 185 188 190 191 192 194 196 197 201 202 208 210 211 217 218 223 224 225 230 233 242 248 254 256 260 261 263 271 275 279 280 282 283 289 295 304 309 315 316 321 323 
294 110 135 137 147 148 158 164 175 196 204 205 214 217 241 242 245 268 271 289 291 296 304 315 
149 1 116 120 124 134 137 148 150 166 171 176 177 180 185 187 197 200 202 203 205 206 208 212 217 232 234 238 240 242 252 257 259 261 263 265 268 269 273 274 275 282 288 292 294 302 303 304 308 319 320 321 324 
290 112 115 117 118 119 127 129 130 131 132 133 137 140 141 143 145 146 150 151 153 158 161 164 167 169 174 178 194 195 197 198 200 202 203 204 210 215 222 223 226 230 233 236 241 248 250 252 256 261 268 272 275 280 281 285 295 297 299 300 302 303 304 305 307 309 316 324 
249 124 130 149 153 185 198 201 202 208 216 238 243 248 262 278 282 297 298 307 308 311 
106 109 115 118 120 124 139 140 145 153 158 170 171 179 181 182 183 184 193 199 208 211 213 214 219 232 241 243 244 245 247 249 256 260 266 275 292 294 297 299 314 318 
67 136 178 183 188 204 212 231 236 279 298 299 309 313 
156 112 132 140 196 235 265 280 304 
58 111 113 116 119 128 132 139 141 144 145 147 152 154 155 162 170 175 176 180 196 197 199 205 206 210 213 214 215 216 218 222 229 234 236 237 244 245 248 250 270 274 284 295 297 301 303 307 320 324 
88 1 115 124 146 158 166 167 179 199 206 213 227 237 244 249 262 285 287 293 
184 109 111 126 135 154 156 164 168 197 202 209 221 249 251 253 266 288 295 302 314 318 
240 137 
88 136 138 145 156 196 209 241 304 320 
31 114 116 119 128 130 131 132 136 143 147 150 155 157 158 160 161 164 166 169 182 184 186 190 192 195 199 200 202 203 205 206 209 211 216 217 218 224 231 236 239 241 242 247 248 250 251 252 259 262 265 268 269 272 273 277 278 285 288 291 299 300 301 303 305 306 311 313 314 321 324 
139 111 113 119 124 126 134 138 141 142 143 147 152 160 164 179 180 182 184 186 196 198 200 202 205 206 218 221 222 224 226 234 239 242 245 246 251 252 255 257 262 266 268 273 277 278 280 282 286 287 289 292 297 300 306 308 310 313 314 315 324 
55 114 133 182 183 185 188 203 221 223 224 237 238 239 244 252 270 272 278 287 292 293 299 316 
162 114 122 124 126 129 131 138 146 152 156 161 164 165 168 169 173 174 179 181 189 194 198 199 200 201 202 204 206 213 216 219 220 228 233 242 243 245 246 250 263 264 265 267 272 275 277 282 284 285 289 291 292 294 302 307 308 311 312 314 317 321 322 323 
282 124 129 131 137 142 146 147 148 154 159 163 164 165 188 189 191 193 197 207 211 216 217 218 221 223 224 227 230 238 239 242 248 250 257 261 264 269 272 279 285 286 291 292 298 307 311 319 
260 113 114 116 120 121 122 123 126 139 153 155 159 166 168 180 181 183 193 197 198 209 211 214 215 223 226 235 238 240 243 246 252 257 266 282 284 287 300 305 307 310 312 315 321 322 323 
38 1 109 113 116 117 121 124 125 127 131 132 139 142 150 153 156 158 159 163 165 171 172 173 180 182 185 187 188 189 195 202 212 214 215 216 217 223 227 229 230 232 233 239 241 247 251 253 255 256 257 259 261 262 263 265 270 273 276 283 287 288 297 299 302 303 311 314 315 316 324 
133 1 123 133 135 138 142 148 153 155 156 160 166 167 168 170 174 176 186 189 195 199 203 205 206 218 219 230 235 236 240 249 251 253 257 264 276 277 278 290 293 294 295 299 304 310 315 318 320 321 324 
276 1 111 117 118 126 140 148 152 171 173 178 186 189 194 200 202 204 205 216 221 222 230 251 259 260 263 271 275 294 297 298 302 303 312 316 
106 110 118 119 120 124 127 128 135 138 141 142 143 146 149 162 164 170 175 176 194 200 201 202 203 204 205 213 217 222 227 230 235 244 245 249 259 261 275 276 277 279 281 285 288 289 294 295 300 302 305 308 313 321 323 324 
60 112 118 127 137 138 147 149 155 158 162 169 172 175 176 179 196 201 203 205 207 208 211 215 233 235 238 239 248 249 254 255 258 265 270 276 279 280 281 284 291 292 295 297 299 301 312 317 
263 114 120 125 132 136 138 142 144 146 151 159 164 167 171 180 190 193 194 196 198 200 202 206 207 209 227 230 245 254 261 265 266 270 271 272 282 287 288 291 293 299 300 306 308 312 314 317 318 322 
271 110 115 117 119 123 124 131 138 139 141 145 147 152 154 159 160 163 166 171 172 173 174 182 183 184 186 187 192 193 196 197 199 206 207 210 216 220 221 222 234 236 238 250 251 254 255 257 258 265 268 269 271 275 281 283 285 291 293 295 297 298 301 302 305 312 315 317 318 319 324 
118 1 113 124 125 128 132 134 137 142 143 145 149 154 156 157 158 162 166 171 176 183 184 186 188 189 193 196 201 203 206 209 210 211 224 226 230 231 233 234 240 241 243 250 255 260 268 275 276 277 280 285 286 288 289 290 296 307 309 312 313 316 317 
131 115 123 125 142 144 145 147 156 163 175 213 233 237 243 252 260 271 283 317 
75 109 112 125 127 143 149 150 158 159 164 171 201 211 214 217 230 233 251 274 290 295 301 305 321 
132 111 119 127 129 130 133 143 147 148 151 153 166 187 199 206 207 213 219 257 258 281 283 291 293 295 300 305 314 322 
22 114 124 143 170 192 204 224 246 254 273 292 302 304 
156 110 117 119 120 127 128 130 133 135 138 140 143 147 150 154 155 160 161 163 164 169 170 173 182 184 188 189 197 203 205 208 211 214 218 225 229 230 231 236 239 242 244 249 254 257 259 264 271 281 283 284 286 287 289 291 293 296 297 299 303 305 307 310 318 319 320 322 323 
43 110 114 115 116 120 123 130 132 139 145 149 150 161 165 167 185 194 197 199 203 216 219 223 224 225 228 229 231 233 234 238 240 243 246 247 256 260 262 263 266 268 272 273 275 276 281 294 299 301 305 324 
299 113 117 118 129 133 135 140 141 142 150 153 155 156 158 159 161 165 169 170 178 180 182 183 184 185 190 194 195 214 218 220 221 223 224 227 228 232 233 234 237 241 248 249 250 252 254 263 266 268 273 276 280 282 285 289 298 299 300 301 311 314 318 320 322 324 
171 1 109 110 111 112 114 117 121 122 124 125 127 128 132 134 136 137 138 139 143 148 153 156 157 163 165 168 169 171 177 178 179 181 182 183 190 192 193 195 196 198 203 217 221 223 227 228 232 233 235 237 238 240 242 244 251 252 253 256 257 259 261 263 264 265 268 269 270 282 284 285 289 292 293 299 301 304 306 307 308 311 314 315 318 322 323 324 
231 1 109 112 116 118 121 122 124 128 130 135 136 137 138 141 142 143 146 147 149 150 152 153 155 158 159 160 163 165 171 172 173 175 186 192 193 198 201 205 209 214 217 219 223 225 230 232 235 236 238 242 246 247 249 250 251 253 254 255 261 262 268 271 272 276 277 279 282 287 288 291 295 302 306 309 311 312 317 321 323 
163 109 114 127 128 132 133 134 135 141 146 147 153 157 165 166 168 169 170 175 179 180 183 185 193 197 199 200 202 205 208 213 220 221 223 227 228 230 233 236 237 240 247 251 256 264 265 266 267 268 269 271 277 279 282 284 285 291 295 302 308 310 312 313 317 
90 114 115 119 122 126 132 133 134 136 144 147 149 157 158 161 168 176 179 181 183 191 194 196 197 201 206 207 211 215 219 221 224 225 230 232 239 241 257 258 259 260 262 264 265 267 274 282 283 287 290 291 292 293 300 301 308 316 317 
116 109 111 119 130 139 145 146 147 151 152 167 172 175 181 195 212 215 218 249 250 298 322 
200 112 117 122 124 134 138 145 148 161 167 170 171 182 199 202 216 219 244 251 262 267 268 270 274 277 282 287 291 298 302 305 314 323 
248 1 110 111 113 117 120 123 128 131 133 134 138 141 142 144 152 157 162 166 172 177 182 194 195 198 199 201 202 203 204 207 212 217 221 228 242 245 247 255 257 259 260 263 278 281 285 286 292 295 298 299 300 307 314 323 
132 110 111 112 113 114 115 117 118 119 124 128 129 131 133 135 136 137 141 144 146 148 150 151 152 154 155 156 158 159 164 166 169 171 172 178 179 181 183 190 191 192 193 194 196 198 200 201 203 209 212 218 219 221 231 244 247 249 252 256 259 265 267 274 276 277 282 285 287 288 290 291 294 297 300 301 302 304 309 317 318 
212 112 116 121 124 127 131 137 139 148 150 152 156 157 160 161 168 169 171 177 182 189 190 191 192 207 208 213 215 220 228 230 232 237 239 245 246 249 251 252 253 254 256 261 265 266 270 281 310 314 320 
184 114 118 129 133 134 135 141 143 148 158 162 164 165 166 167 170 173 176 178 182 185 191 196 199 209 213 214 216 221 227 228 231 233 236 240 243 248 250 251 254 257 258 259 260 261 262 265 266 268 269 272 273 277 280 282 283 285 286 288 291 295 297 298 305 306 310 311 312 316 317 
15 116 147 153 167 168 187 198 213 248 264 275 277 283 290 
45 180 
20 115 118 121 136 158 178 190 203 213 228 233 238 243 250 252 256 288 289 290 294 298 324 
296 109 115 116 117 118 125 131 133 139 140 142 145 149 153 154 158 159 165 166 167 173 175 177 178 182 186 187 195 200 201 207 218 219 220 225 226 227 235 237 241 245 249 252 254 255 257 258 261 266 274 290 292 304 311 315 
219 110 138 148 159 164 181 204 293 321 
102 109 111 119 129 130 149 151 153 154 155 163 174 176 179 183 184 186 188 189 190 193 194 195 196 197 201 203 204 209 211 212 214 218 219 220 225 228 233 239 243 247 252 253 258 263 266 267 268 270 277 279 281 283 290 291 292 296 297 300 305 306 312 315 320 
146 113 116 120 121 130 140 143 146 147 149 161 162 164 171 180 185 186 189 203 204 205 219 227 230 235 246 248 250 280 303 308 312 313 317 
265 109 114 117 124 131 133 134 137 138 142 143 147 148 151 153 155 164 177 180 182 183 184 188 196 202 203 208 212 214 224 225 227 238 239 244 246 247 249 251 265 267 269 279 281 283 284 290 301 309 312 317 320 321 323 
203 111 112 115 116 118 124 133 134 148 152 157 159 160 167 172 179 183 185 186 187 193 197 217 218 224 225 228 233 237 239 241 243 247 258 259 278 281 283 289 295 297 304 311 313 314 318 
11 110 112 115 117 119 121 131 134 139 143 144 147 150 152 155 157 158 159 161 162 165 166 167 168 173 175 178 182 185 188 191 198 203 206 213 217 219 220 223 224 225 226 231 232 233 235 236 237 241 242 243 246 247 248 250 252 257 258 259 260 261 262 264 269 272 277 278 280 282 284 287 288 289 294 297 298 299 300 301 304 306 307 312 320 323 
155 109 113 120 123 124 128 131 132 133 134 137 141 142 150 157 158 160 161 163 164 169 174 175 176 177 179 182 186 187 188 193 196 200 201 202 203 204 206 210 222 223 224 233 235 237 241 245 248 249 250 253 254 260 261 266 267 269 270 273 276 277 278 279 281 289 290 292 293 296 298 299 304 307 311 313 315 317 321 324 
168 1 110 112 115 119 120 123 124 126 129 135 140 142 148 152 155 158 160 168 171 182 195 200 204 207 218 221 223 236 240 242 243 246 248 250 257 260 261 262 264 270 275 289 296 303 307 317 319 
135 109 110 111 113 118 120 127 131 137 141 144 150 152 162 165 166 168 170 172 176 178 179 181 183 184 185 190 191 193 194 195 196 197 198 204 208 211 212 218 222 224 227 230 232 234 238 240 241 242 243 247 251 257 258 259 261 262 263 266 277 282 286 287 288 292 293 296 297 299 300 301 302 303 307 308 311 313 315 317 318 320 321 322 324 
200 119 120 131 135 142 168 171 172 173 174 186 200 206 215 218 220 222 230 267 277 280 302 303 308 323 
73 1 112 113 114 117 121 126 128 130 131 135 138 141 142 144 146 148 150 152 153 154 156 161 162 164 165 167 169 171 174 175 177 178 180 184 186 189 195 196 197 198 199 205 206 207 208 214 215 219 224 225 229 231 232 233 235 236 240 241 244 245 247 249 250 259 263 264 265 268 269 270 271 273 277 279 280 291 293 294 298 302 305 309 311 312 318 319 320 
144 109 113 114 115 121 122 127 131 132 133 134 135 136 137 138 141 143 144 145 146 150 156 157 158 162 165 167 168 171 176 178 179 180 182 186 191 192 193 194 197 205 206 211 218 227 229 232 235 236 237 241 242 243 251 255 256 260 266 273 275 282 288 291 296 306 307 310 311 312 313 320 324 
127 123 126 136 150 157 161 163 181 183 184 191 194 204 208 213 216 218 229 234 243 248 257 259 265 306 
161 115 117 124 125 126 129 131 135 142 149 150 152 153 155 158 164 165 168 170 176 178 179 183 184 185 195 196 198 199 200 203 204 205 206 217 218 219 227 231 233 236 237 240 242 250 255 256 258 260 261 263 264 267 269 271 272 278 279 288 289 290 292 295 296 298 299 300 301 308 309 313 314 316 318 323 
95 1 115 122 123 124 129 135 137 138 141 146 147 149 153 155 157 159 160 165 170 173 175 178 180 181 182 185 195 197 200 201 202 205 208 216 224 228 232 236 238 243 253 254 256 257 260 261 262 266 269 272 278 280 282 283 285 290 293 303 304 308 314 318 321 
7 1 110 112 116 117 118 119 120 121 123 130 136 138 139 143 144 150 151 152 157 160 162 166 167 170 171 174 178 179 180 183 186 190 195 196 201 202 205 206 209 214 215 218 222 223 230 231 232 234 238 240 243 247 248 250 252 263 267 269 270 272 274 275 276 277 278 281 284 286 287 288 298 302 307 309 312 313 316 317 
261 111 123 203 220 254 265 269 277 300 
173 1 110 112 123 125 127 129 130 135 139 144 149 153 155 158 160 162 172 174 175 176 178 179 183 184 188 192 193 194 197 198 200 202 206 207 210 213 216 217 218 220 223 228 231 233 241 243 247 248 249 251 252 258 260 265 269 275 276 278 283 286 287 294 295 297 301 303 305 308 309 310 317 318 321 322 324 
259 111 119 125 128 137 159 161 173 190 194 196 214 221 222 235 236 244 252 262 266 279 283 298 302 304 306 
286 116 118 119 122 123 126 135 141 153 156 157 158 167 171 173 176 179 196 201 202 203 208 209 210 212 213 216 218 219 221 223 224 227 234 240 247 251 253 262 265 266 270 271 274 275 277 279 282 283 287 291 292 295 296 297 300 302 307 308 313 316 317 321 324 
211 113 118 129 130 132 133 136 138 139 141 144 145 153 158 160 164 165 172 173 175 177 182 187 188 190 195 196 197 198 201 204 206 207 208 209 211 217 220 221 222 227 231 241 247 249 250 275 276 278 279 281 282 286 288 289 290 293 299 301 302 303 308 320 
102 109 128 135 143 152 156 170 180 183 187 197 200 204 207 211 213 228 233 239 253 261 263 271 279 295 300 306 307 
61 113 118 125 131 134 156 180 194 197 204 216 226 229 233 253 256 257 270 292 306 318 
32 109 123 132 133 148 170 186 188 189 191 211 217 235 241 244 248 268 269 281 284 315 
123 110 113 114 117 122 124 133 134 140 141 143 146 150 151 157 159 164 166 168 171 172 173 174 177 180 182 183 184 190 192 194 195 196 201 204 208 209 210 214 216 219 221 223 225 229 230 231 237 238 241 244 247 251 253 255 259 261 263 265 268 269 270 273 275 276 278 287 289 290 292 296 300 307 309 312 313 315 318 320 323 
276 109 110 114 116 122 123 125 130 136 137 139 141 144 146 147 149 153 157 158 162 164 172 176 178 186 189 191 195 197 198 200 201 204 207 210 213 219 222 224 230 238 239 242 244 247 250 251 252 255 256 262 269 270 272 274 275 277 281 283 286 287 289 290 291 293 295 296 297 310 311 312 313 314 315 316 317 320 
86 111 119 121 128 144 145 148 150 152 154 159 166 168 175 176 180 186 188 196 198 200 208 210 223 229 231 242 243 245 248 262 263 266 267 268 284 292 294 298 317 318 320 321 
63 113 119 120 123 126 130 132 136 137 138 141 148 160 164 168 177 181 187 193 197 198 202 209 215 218 220 222 231 232 233 235 236 237 239 241 242 245 246 249 255 257 258 263 270 272 274 275 276 280 288 292 294 297 298 304 309 310 313 315 318 321 322 323 
60 1 109 110 117 120 122 124 133 135 139 143 144 148 151 156 166 167 168 173 174 176 179 180 182 184 186 187 193 197 200 202 206 208 210 214 215 216 217 220 222 223 225 233 236 238 240 242 244 245 255 256 259 260 267 285 287 288 289 290 293 299 301 305 307 310 311 312 320 322 323 
186 113 124 189 210 243 255 259 264 279 284 308 310 322 
216 109 111 113 120 123 126 128 129 139 140 143 149 158 161 162 177 180 181 183 184 185 190 200 201 202 204 207 213 215 218 219 220 223 225 229 230 232 237 239 240 242 247 250 251 254 255 256 259 264 266 267 269 270 274 275 276 277 278 283 285 287 288 293 298 301 306 308 312 313 314 315 316 319 321 322 324 
101 114 116 117 121 134 147 150 152 155 161 165 166 177 182 186 193 205 208 216 227 232 241 242 246 251 254 256 259 269 274 295 301 304 307 310 
4 114 119 123 131 132 143 146 149 160 166 169 170 171 172 180 182 184 186 205 210 212 216 218 219 220 223 225 232 246 248 254 259 271 273 279 284 286 287 290 295 297 300 301 303 306 307 308 309 320 
4 110 115 118 120 123 127 128 129 136 139 140 143 146 148 154 156 159 160 162 163 164 167 168 169 172 173 176 177 178 179 184 185 186 187 192 194 195 196 197 201 203 206 207 209 210 212 213 216 217 218 219 222 225 228 233 235 238 241 242 243 251 254 255 257 264 265 267 269 274 276 277 281 282 283 284 285 288 290 293 294 295 298 301 310 314 319 320 321 323 
65 1 111 115 118 119 120 136 137 140 142 147 150 151 153 160 161 171 172 173 177 184 187 189 190 198 206 212 226 231 235 236 237 238 243 245 247 248 250 251 254 262 265 270 274 279 280 282 284 285 290 293 295 296 299 302 304 306 309 310 315 318 319 320 321 323 
293 113 114 115 118 123 126 129 133 137 139 152 158 170 173 177 178 179 181 183 195 198 199 207 208 216 217 222 235 244 263 264 267 275 279 281 286 291 293 303 309 311 312 321 323 
54 109 115 116 117 123 126 129 131 133 137 138 139 146 147 148 153 154 155 156 159 162 163 165 167 168 173 177 180 183 184 186 191 199 202 209 213 215 217 219 225 228 233 239 242 244 247 249 253 256 257 258 260 261 266 268 275 276 278 283 286 289 291 294 295 296 299 303 305 311 312 313 316 318 319 320 321 322 
127 113 123 127 129 130 138 139 146 147 150 159 162 165 166 171 172 174 185 186 209 217 231 249 255 276 281 283 288 289 291 292 294 295 308 317 320 321 
267 1 115 187 206 209 219 224 233 270 302 312 318 
246 127 130 138 142 147 153 156 161 176 177 178 215 225 230 246 250 254 257 268 274 292 315 319 324 
161 120 126 127 128 135 136 142 144 145 150 151 152 153 155 170 173 174 175 176 182 185 188 192 193 194 196 197 198 199 203 204 208 209 216 218 219 221 222 224 227 232 233 234 236 237 239 240 247 249 250 254 263 264 270 271 272 274 277 283 293 306 309 313 315 320 322 
122 110 114 117 122 141 144 148 149 151 153 154 156 163 166 173 177 181 182 186 192 204 210 211 212 232 233 239 243 249 253 254 256 258 261 267 271 274 277 282 284 288 297 301 304 321 323 
8 110 113 122 129 133 151 160 161 163 164 173 178 179 184 186 189 191 193 198 199 202 204 208 209 212 217 221 226 228 229 235 237 249 250 258 260 264 275 277 285 286 289 293 297 298 299 301 306 316 322 323 
290 1 112 114 116 119 120 127 129 130 135 137 139 144 145 150 151 154 156 160 161 163 164 167 168 169 173 174 178 179 187 188 189 190 192 193 195 199 200 208 212 213 219 222 223 224 227 228 231 233 234 240 241 243 247 250 252 253 258 268 271 276 281 282 283 284 286 289 296 297 304 306 308 313 321 323 
166 1 116 125 143 156 168 179 184 185 192 195 203 211 219 220 224 227 247 248 249 252 264 267 281 283 284 286 289 292 294 311 317 
185 115 119 121 122 125 128 134 137 141 150 155 158 163 164 167 168 184 187 188 189 191 194 197 199 203 208 216 219 223 225 226 230 231 234 235 237 243 245 249 262 273 281 283 284 290 293 303 309 312 317 319 
237 1 113 117 119 122 126 128 133 135 137 139 140 143 146 147 148 153 154 155 156 158 161 167 169 171 172 178 179 180 183 184 186 188 194 196 197 198 200 205 210 212 214 215 219 220 221 222 224 226 228 229 231 232 235 243 246 248 253 254 260 265 269 270 272 273 280 282 286 287 293 296 297 298 301 309 314 316 319 320 322 323 324 
255 1 114 115 116 120 121 123 124 126 128 130 132 134 136 138 141 143 145 154 156 159 165 166 168 169 173 176 177 178 181 182 183 184 187 189 191 192 193 195 196 197 202 207 214 216 217 219 220 223 224 226 227 228 229 232 233 235 244 245 248 249 252 253 260 262 265 267 278 285 286 287 290 294 295 297 301 304 307 308 309 313 319 320 323 
40 110 133 142 152 163 180 230 243 276 283 
11 111 119 121 125 126 127 130 144 149 155 156 175 176 179 185 191 194 196 200 206 208 221 225 227 236 239 241 246 247 255 257 258 261 266 268 275 278 285 290 297 303 305 308 313 317 319 322 323 
164 117 128 144 158 176 178 183 211 214 248 259 282 305 
300 111 130 140 147 190 280 282 283 
53 110 111 119 120 122 124 125 128 130 131 133 135 137 151 152 153 155 156 158 162 163 165 170 177 180 186 189 194 198 202 204 206 210 212 217 218 220 221 227 236 239 240 242 254 257 261 263 265 266 267 269 273 274 276 284 287 289 291 293 297 299 303 305 311 313 314 318 322 
105 1 112 114 116 117 119 122 124 125 126 127 130 146 147 152 155 157 163 165 170 187 194 202 206 207 214 218 221 230 232 243 244 247 252 257 269 275 279 281 289 292 293 294 297 301 303 304 310 315 317 322 323 
143 134 148 153 159 171 177 180 186 188 192 194 203 219 231 235 238 245 246 253 275 295 323 
191 109 122 124 133 134 135 137 139 150 152 163 176 193 200 215 239 242 244 259 261 268 286 293 294 
211 110 122 168 181 199 212 232 241 251 277 
25 111 114 115 120 122 126 137 139 141 147 149 150 156 158 159 162 163 164 167 168 169 171 173 174 178 179 180 183 187 190 191 194 195 196 197 198 199 204 209 218 222 223 226 233 234 235 241 242 245 251 252 254 258 259 262 263 265 266 268 271 272 277 279 280 282 283 284 285 287 290 291 293 294 295 297 298 300 301 304 309 310 319 322 323 
23 1 112 116 127 131 133 138 142 148 155 157 162 166 169 170 173 174 175 180 182 183 188 189 190 198 205 209 210 215 216 224 229 230 231 232 234 236 237 238 246 248 250 259 260 265 268 271 273 279 287 291 298 302 304 310 311 312 314 315 320 323 
68 112 116 143 146 149 173 190 192 201 203 212 223 229 230 232 246 248 258 264 265 272 275 277 283 314 321 
103 112 122 137 139 145 149 153 154 155 156 165 174 176 177 192 193 197 202 208 213 218 219 224 225 235 237 240 243 248 250 257 267 271 273 277 278 281 282 287 289 298 310 318 319 322 
248 117 120 123 125 133 149 151 153 154 155 157 163 175 176 177 180 188 191 194 200 202 209 211 215 216 217 220 222 226 227 230 234 237 247 252 261 263 264 267 268 270 279 283 293 294 295 298 305 307 314 323 324 
143 112 114 115 118 119 120 121 123 124 125 127 130 131 133 136 139 140 142 148 150 151 156 159 161 167 173 174 177 184 185 186 193 194 195 199 203 207 214 216 225 228 230 231 232 241 243 245 251 252 253 254 256 257 258 261 262 266 269 270 274 277 278 281 283 292 293 295 296 298 301 302 305 306 310 313 316 318 321 322 
55 156 203 230 295 301 306 
170 1 110 115 119 120 139 154 155 158 173 195 198 201 202 221 222 234 235 252 263 265 268 275 314 318 
286 1 118 119 125 132 133 137 140 159 166 196 202 204 209 215 220 228 231 232 235 242 254 261 278 307 
291 116 124 130 135 145 146 157 158 161 190 193 194 197 203 204 205 206 207 213 216 217 220 225 226 227 229 237 239 249 250 253 259 263 276 280 284 293 296 313 317 324 
115 110 113 118 119 122 124 126 131 132 141 145 151 154 157 158 159 165 167 168 169 171 172 173 176 177 178 180 183 184 188 191 200 201 203 206 207 214 215 216 218 227 232 236 238 241 251 255 256 257 258 260 262 263 264 269 276 286 288 295 296 300 310 315 317 320 321 322 323 
107 139 195 197 217 246 256 
53 110 111 116 118 119 130 131 137 140 150 152 154 157 158 172 184 186 187 190 199 200 203 204 211 212 214 218 221 222 224 231 236 239 242 245 246 251 256 262 263 267 269 273 280 288 298 301 303 304 307 308 313 
195 117 122 160 197 206 211 267 287 305 323 
7 1 109 110 116 118 120 123 125 126 128 133 135 143 144 147 148 154 160 161 164 166 167 168 169 172 173 176 177 183 185 188 190 195 197 206 208 218 220 221 223 228 230 232 236 237 238 239 241 244 245 246 252 254 259 264 275 278 283 285 287 288 290 293 299 302 303 307 313 314 
225 111 112 115 118 119 122 124 125 127 128 129 131 134 135 136 139 140 142 143 149 155 157 158 159 163 168 169 170 172 175 185 194 195 197 198 199 201 205 206 215 220 222 224 228 230 235 236 237 239 241 247 251 257 258 260 261 267 270 273 274 275 277 278 279 282 283 296 300 301 303 304 305 309 310 313 317 320 321 322 323 324 
213 113 114 115 120 123 124 127 137 157 161 165 166 173 176 201 208 214 219 221 226 235 239 240 246 248 249 256 260 266 269 277 279 290 295 305 319 322 
85 111 118 124 126 134 135 136 140 142 144 148 149 150 155 159 174 178 183 185 186 187 188 192 195 199 201 202 203 209 213 214 215 223 226 230 231 232 233 235 237 241 244 246 247 252 254 257 258 260 269 277 280 285 286 292 298 301 302 306 309 310 318 321 322 
52 109 114 118 120 127 137 138 155 160 164 167 168 173 179 183 189 200 213 224 237 239 243 251 259 264 269 270 271 281 288 289 296 301 304 305 308 310 
120 113 118 128 130 138 143 146 147 150 154 157 159 167 168 172 180 184 191 197 201 202 212 213 215 224 231 233 234 235 236 244 250 257 259 266 267 273 275 276 281 285 288 291 295 302 307 320 
225 136 142 153 184 203 221 258 278 306 309 310 315 323 
258 1 115 124 129 135 138 144 146 151 153 159 163 169 173 175 176 180 184 188 189 193 194 196 199 201 202 205 206 209 226 235 238 239 243 244 245 248 252 253 256 257 263 264 272 273 278 284 286 289 294 300 302 304 305 307 317 319 322 
115 111 116 122 124 125 127 128 129 133 137 138 142 144 146 147 148 151 155 159 165 166 167 172 178 182 188 193 196 200 201 202 203 210 213 219 221 222 227 230 232 233 234 235 237 240 242 244 245 249 250 254 255 259 260 261 270 271 272 275 280 282 284 285 289 291 293 295 296 303 310 313 314 315 317 318 
28 109 116 122 140 148 149 191 211 226 232 236 240 243 246 253 260 262 265 272 283 310 
193 1 109 112 115 122 123 136 138 139 141 149 151 155 160 166 171 172 174 176 177 179 182 185 187 188 199 200 204 207 208 212 214 215 220 228 230 235 236 237 241 243 246 247 254 258 261 262 263 272 275 281 285 297 299 300 301 305 307 310 316 317 322 
84 1 110 113 114 117 123 125 129 133 134 135 144 145 147 152 153 162 164 166 168 172 174 179 180 181 183 185 190 191 192 199 200 202 207 208 210 212 213 215 220 222 228 233 243 246 247 248 250 253 255 258 260 262 263 266 269 270 272 273 274 279 282 284 286 289 290 292 294 295 296 299 301 306 310 313 315 319 320 321 322 324 
166 1 112 115 120 121 123 125 142 143 157 170 171 173 180 183 191 198 201 206 213 219 220 225 226 234 235 239 244 252 253 266 267 268 289 295 299 310 318 319 321 
121 112 147 154 156 165 174 189 193 199 201 203 217 219 221 243 247 261 291 294 306 
275 134 139 147 183 191 195 213 218 258 263 265 290 314 319 
96 111 114 115 120 121 122 125 129 134 136 137 140 141 146 150 151 153 164 168 178 180 183 188 189 197 200 204 205 206 210 212 215 216 217 224 226 228 230 231 232 236 243 244 246 254 255 257 258 263 264 266 268 269 270 272 273 276 277 279 281 283 286 289 292 298 302 306 308 313 316 319 323 
272 119 128 129 131 136 140 147 149 151 161 164 172 174 175 177 178 182 189 191 198 203 207 209 214 217 221 233 246 269 275 281 296 307 313 318 322 323 
215 1 110 111 114 116 119 120 134 135 138 141 143 145 147 148 153 154 155 159 162 163 164 168 172 174 178 181 185 188 189 191 195 199 203 204 205 206 210 215 216 220 222 225 226 227 230 234 240 241 243 248 250 252 256 257 258 260 264 266 270 272 274 275 277 286 287 288 291 294 295 297 300 305 306 309 310 311 313 315 316 317 321 322 324 
105 112 134 135 143 149 157 165 166 170 172 175 188 198 217 229 238 250 255 269 273 286 294 301 307 317 
240 112 132 135 141 142 148 164 167 176 189 206 220 226 232 237 242 268 275 276 281 290 291 296 300 307 312 319 
47 110 115 117 121 124 128 132 135 136 137 141 144 145 150 152 155 161 162 163 165 169 171 174 177 183 186 189 191 194 198 200 203 212 214 215 216 217 224 225 226 231 232 233 234 235 244 247 251 257 261 263 266 267 270 273 280 281 286 289 294 296 302 303 304 320 321 
126 110 111 113 114 116 117 118 119 130 136 138 143 149 152 153 155 156 160 166 169 174 178 180 181 186 188 190 194 197 198 200 201 205 208 209 210 211 213 216 218 227 228 230 233 236 237 239 242 243 249 251 256 257 262 268 273 282 284 286 289 290 292 293 302 303 306 310 311 313 314 315 316 317 318 319 321 323 
151 1 109 122 125 141 147 150 153 156 160 164 167 170 171 173 174 177 193 194 201 203 220 221 226 228 237 242 246 257 259 262 277 280 293 297 307 308 309 310 314 316 321 322 323 
208 111 116 119 123 124 128 134 135 136 139 140 141 142 144 145 147 149 150 151 153 156 159 160 161 168 170 172 176 177 178 182 185 186 193 197 199 201 205 206 209 220 222 223 224 227 231 234 235 240 246 250 255 258 260 261 262 264 272 273 274 277 291 296 297 301 306 307 308 310 315 318 322 323 324 
115 275 58 183 29 52 121 110 285 48 168 273 256 8 180 35 131 143 31 87 104 19 284 135 30 160 60 220 261 18 202 170 239 268 261 142 159 26 232 122 90 199 24 223 19 184 152 285 170 59 269 177 226 26 73 260 131 218 167 129 72 121 202 54 3 110 257 124 96 130 290 3 89 276 194 27 16 225 238 63 221 58 254 122 248 70 259 90 219 144 229 297 80 197 72 34 134 30 286 2 171 288 34 76 238 188 126 64 7 200 189 280 74 114 176 281 206 227 76 212 261 112 271 280 237 80 160 8 248 251 216 14 33 90 234 86 9 44 110 282 28 137 59 191 284 41 194 191 204 52 234 253 224 224 48 12 92 167 192 52 268 90 16 132 199 191 194 132 42 145 275 11 162 15 68 287 109 161 205 146 152 292 84 107 138 39 193 134 56 53 24 50 257 27 268 157 226 239 139 48 101 297 76 257 42 268 295 288 237 141 7 61 74 291 138 35 267 273 45 232 64 162 276 9 129 41 34 189 120 100 73 63 236 170 276 99 264 260 42 204 235 87 288 145 98 136 58 109 155 238 27 19 216 78 287 199 151 61 174 149 45 143 275 62 50 163 145 16 50 279 104 181 85 259 172 204 141 52 178 57 187 217 277 294 188 242 243 148 140 72 188 53 106 201 159 122 17 53 139 12 83 39 263 182 131 253 233 290 70 198 241 56 144 282 8 148 233 204 23 265 104 95 257 229 
