22 33
1 14 19 28 
44 14 15 17 20 28 
92 1 17 29 31 
79 12 16 22 23 24 27 
89 21 
41 13 15 18 20 21 24 25 31 
24 12 14 17 20 23 24 28 29 32 33 
93 15 16 17 19 21 30 31 32 33 
97 15 17 18 19 22 24 25 31 
88 15 21 22 23 25 27 28 
26 18 20 22 24 33 
63 16 17 30 
10 19 
49 13 15 16 17 22 23 28 29 32 
83 21 24 25 27 
61 23 
79 1 21 27 30 
40 12 24 25 26 27 28 31 
91 27 33 
55 1 15 17 23 25 27 28 29 31 
52 18 24 32 
25 12 14 20 22 29 
75 69 4 51 39 66 24 80 17 71 3 23 67 80 91 49 81 30 57 43 96 70 1 7 55 51 89 89 66 43 3 49 2 
