220 330
219 111 113 117 119 122 127 128 130 132 133 134 140 142 147 156 159 162 167 173 174 175 176 177 183 190 194 198 202 205 206 208 209 215 219 221 222 225 233 235 237 240 243 245 249 250 252 254 256 257 259 262 263 265 269 271 279 284 285 286 304 308 323 324 327 329 
115 1 118 123 126 132 136 139 142 145 150 159 172 175 176 177 178 185 193 195 196 198 199 205 206 207 212 216 219 220 228 238 244 245 246 257 258 263 270 276 284 296 297 303 306 311 315 318 319 320 322 325 
209 1 112 113 115 120 121 123 127 129 132 134 135 136 138 140 141 142 143 144 146 147 153 155 157 158 162 169 171 173 175 176 179 186 188 192 196 198 202 208 211 212 214 218 219 221 224 226 233 234 236 238 240 247 250 251 253 255 258 262 265 267 272 275 280 287 288 297 305 306 308 309 321 325 
121 1 111 122 126 129 133 134 135 137 142 144 147 149 150 153 157 159 160 166 170 171 175 177 180 192 197 201 203 205 209 210 211 214 215 218 219 225 226 228 234 237 244 245 246 247 252 253 256 262 271 276 277 278 280 285 289 294 299 310 314 318 320 324 328 330 
121 1 119 120 121 125 128 129 130 133 140 147 152 158 160 161 162 168 169 179 180 191 193 194 195 196 197 200 210 214 218 219 220 222 227 240 242 244 252 255 260 262 263 266 267 268 272 278 279 280 281 282 283 286 289 291 292 293 295 298 301 306 308 309 311 312 313 314 315 319 321 324 326 328 329 330 
147 112 115 120 128 130 132 135 136 144 145 146 148 153 156 157 159 160 161 163 164 172 174 175 176 177 181 182 183 184 185 186 187 189 195 196 201 202 205 208 211 217 232 235 243 244 245 247 251 255 257 258 261 263 264 268 275 277 278 280 282 283 287 289 291 297 303 306 307 308 318 323 324 325 326 329 
81 114 121 122 127 128 132 137 141 142 143 147 154 155 160 169 170 177 182 184 189 190 192 194 198 206 211 216 217 220 221 227 231 236 239 241 245 248 253 256 258 259 263 265 268 272 275 279 280 285 288 291 293 295 301 305 306 308 309 317 330 
14 112 113 117 121 131 143 154 156 160 170 176 177 194 198 201 210 222 223 229 234 235 238 244 246 248 252 260 263 269 275 277 280 290 292 300 304 306 309 312 326 
29 112 115 117 118 122 124 125 126 128 130 131 134 135 144 146 147 148 150 154 158 159 163 164 167 170 173 178 179 182 183 189 192 200 203 209 210 215 218 219 220 222 223 225 226 229 234 236 237 239 240 245 246 249 253 260 261 262 271 272 274 276 278 287 288 289 293 294 296 297 299 305 306 315 318 320 321 326 327 328 329 
233 119 121 122 126 128 129 130 132 136 140 142 143 145 148 149 157 160 161 162 167 172 175 176 177 179 180 182 183 185 186 187 189 194 195 196 198 203 207 211 216 219 221 222 223 228 231 235 236 240 241 243 245 249 252 255 262 263 268 269 271 274 275 276 281 283 284 287 288 290 297 302 305 308 310 315 319 320 322 323 327 328 
193 117 120 121 124 134 135 143 145 154 155 160 161 163 167 176 177 180 182 184 190 191 208 209 212 217 220 222 224 230 242 259 263 268 270 276 277 282 287 297 301 304 305 306 313 316 317 319 326 328 
102 125 126 128 131 137 141 144 145 146 148 149 150 153 168 174 188 209 212 215 222 235 245 248 250 260 266 274 275 282 317 320 
172 257 
297 116 117 119 121 128 129 131 150 151 157 158 161 163 168 171 174 177 193 198 199 200 204 206 209 210 212 213 219 220 224 235 239 250 253 254 255 256 257 260 261 269 272 275 284 287 288 290 297 301 305 308 319 320 326 327 328 330 
248 1 115 117 121 124 130 133 134 135 140 145 146 151 154 162 163 166 168 170 173 174 182 185 190 192 193 196 198 199 200 201 202 208 214 215 216 219 224 228 229 232 234 235 238 239 242 245 246 250 252 259 263 270 272 273 278 282 284 288 291 293 298 302 303 312 314 318 319 321 324 328 
239 116 120 124 133 142 147 179 195 219 235 249 250 255 261 280 286 288 292 295 296 300 308 315 329 
118 115 116 137 140 143 149 186 190 193 194 195 202 208 209 212 215 221 224 226 228 229 230 238 240 244 263 264 266 273 275 287 288 289 297 300 305 309 312 325 328 330 
65 111 119 121 122 123 126 129 136 138 139 145 150 154 158 162 167 169 170 173 179 182 185 188 203 206 207 217 225 226 230 232 233 235 245 252 268 272 280 283 284 291 293 295 299 311 313 315 319 320 322 325 
33 112 115 116 120 123 125 126 127 129 131 138 144 147 148 157 159 162 164 165 168 170 179 181 183 187 191 196 199 200 201 206 207 208 214 221 224 231 232 233 236 237 239 245 250 252 258 260 263 264 268 276 277 279 280 288 290 291 292 293 294 295 296 298 299 300 303 304 305 306 308 309 314 320 321 322 325 327 328 330 
220 129 133 134 154 159 172 178 197 207 218 247 256 269 272 273 277 283 288 301 308 309 319 328 
253 115 119 128 141 146 147 148 150 152 153 157 159 164 165 169 172 174 178 179 180 181 183 185 187 188 189 192 194 196 197 200 202 205 209 213 216 231 233 237 241 249 258 259 261 264 266 267 268 271 274 276 283 290 292 298 303 313 314 316 319 325 328 
118 113 118 119 125 130 131 135 137 141 142 144 156 159 161 164 172 173 175 176 177 179 189 196 198 203 208 209 213 219 221 223 227 231 233 236 237 241 243 246 247 248 249 252 257 259 261 265 266 267 269 271 284 287 295 298 299 302 303 305 307 308 312 317 320 321 322 326 328 
222 115 119 121 122 126 128 132 134 135 139 140 153 154 156 157 158 159 161 162 168 175 177 192 197 202 208 217 224 232 233 236 237 238 243 244 247 249 251 254 255 264 265 267 268 270 271 275 277 280 285 291 293 299 302 304 305 309 310 316 319 320 322 323 324 325 328 329 
184 1 112 114 115 116 118 124 126 127 129 137 149 152 153 154 155 157 159 162 170 177 186 187 191 197 198 200 202 203 211 212 217 220 231 232 237 240 248 253 256 271 277 285 288 291 292 295 296 297 298 310 323 327 
235 112 115 117 119 123 127 133 134 141 142 143 152 153 154 156 157 158 165 167 169 174 180 181 183 184 186 190 192 193 199 202 204 206 207 208 211 217 220 221 222 230 233 235 244 245 254 255 259 261 263 267 268 272 273 276 277 279 283 285 293 295 304 307 309 317 319 320 322 324 326 
232 117 118 129 131 133 138 145 150 152 156 157 158 159 160 161 162 163 165 174 180 191 200 222 228 230 232 233 237 241 242 243 248 249 251 266 267 269 275 276 283 284 286 292 293 300 301 318 319 322 
144 112 113 117 119 123 126 127 130 140 142 144 147 150 155 162 166 168 169 179 186 188 192 195 198 205 212 215 220 224 225 230 236 237 243 247 248 257 260 269 272 289 295 300 303 304 305 306 312 318 326 
187 116 117 125 126 131 140 161 172 176 183 186 202 225 228 231 238 243 255 256 259 262 275 278 280 282 283 284 304 321 325 
29 119 134 148 153 155 160 162 166 167 176 180 193 212 213 221 226 228 258 277 284 291 294 295 297 302 306 307 308 316 325 326 329 
35 114 138 139 153 159 165 184 191 193 204 220 232 247 259 281 296 304 305 314 316 326 
194 1 121 125 134 139 143 146 149 152 153 155 156 158 168 169 182 184 189 193 195 196 209 210 211 212 216 222 224 225 230 238 245 247 248 254 260 264 265 267 268 271 276 278 288 292 294 305 306 308 310 319 321 326 327 329 
290 1 111 112 119 127 128 137 158 160 163 170 172 177 192 195 201 205 206 208 211 214 218 229 232 240 246 247 250 256 260 268 281 289 298 303 310 313 315 329 330 
210 113 116 118 127 130 132 133 134 135 137 139 142 145 149 150 155 156 159 163 164 167 168 171 176 178 179 181 187 190 191 195 200 203 208 214 215 220 221 222 223 235 238 244 248 250 252 254 257 258 264 268 270 274 281 283 284 286 289 292 294 301 303 308 311 312 315 319 321 322 323 324 
102 1 118 119 121 123 126 127 135 137 141 149 157 159 161 181 182 187 188 194 196 199 220 225 229 230 241 246 253 254 256 257 260 262 267 268 273 274 285 288 297 305 310 311 315 318 319 329 
87 115 116 121 129 130 132 146 147 153 155 160 164 168 169 171 173 182 189 190 192 193 194 196 197 200 205 206 207 208 214 215 219 220 221 222 223 226 236 237 238 240 241 243 249 259 261 264 270 275 276 277 279 281 285 288 290 291 301 306 311 322 323 327 328 329 
225 1 116 119 123 125 132 135 138 139 140 142 143 145 150 151 154 155 162 163 164 165 166 167 168 169 173 174 177 180 183 187 188 189 193 195 198 199 202 206 208 210 212 213 217 218 221 227 228 229 232 234 235 238 243 247 248 250 252 253 259 260 262 264 268 270 271 273 274 275 278 287 297 298 299 311 312 318 319 322 325 
16 1 112 115 118 137 147 149 151 159 160 165 167 171 173 176 178 179 182 187 188 198 208 222 247 250 253 255 267 273 276 277 280 287 295 300 303 304 305 309 314 321 
142 118 125 127 162 177 203 215 227 230 239 268 286 296 324 325 
216 203 285 
40 111 116 118 119 121 128 132 135 141 144 149 152 158 159 160 164 186 190 194 197 199 200 202 216 223 224 232 233 235 242 247 255 256 261 276 278 279 281 290 295 298 306 307 308 311 314 321 328 
296 183 296 
43 232 
285 1 115 116 120 122 134 138 147 149 157 162 166 173 176 178 181 184 187 190 196 198 206 211 216 217 223 225 227 235 238 244 245 249 254 257 260 262 263 266 267 270 275 277 280 285 286 290 293 296 298 302 303 306 308 310 312 319 321 323 326 330 
229 111 115 116 122 127 129 130 134 137 138 143 147 149 155 162 165 167 172 173 175 177 183 184 193 196 207 211 216 217 219 222 236 242 244 247 250 252 253 265 274 289 292 299 302 305 306 311 313 315 319 320 322 326 330 
211 115 124 128 133 141 142 144 146 147 148 156 157 164 175 176 182 194 197 198 212 214 224 228 229 240 241 245 246 247 262 267 277 282 283 291 299 300 301 303 309 310 312 318 322 324 325 326 329 
68 112 127 141 200 218 225 302 308 327 
194 112 113 118 119 120 121 123 125 134 136 137 139 140 141 143 146 152 159 163 168 174 176 178 182 184 185 192 195 196 198 200 201 203 212 219 223 225 231 234 235 239 241 246 253 260 262 264 269 275 279 281 284 287 288 289 293 294 297 298 302 303 304 306 307 309 310 312 317 318 319 320 326 327 328 
112 116 119 122 125 137 138 139 142 156 158 161 163 166 168 170 172 175 176 177 182 183 186 189 193 195 196 201 204 205 208 211 215 217 221 222 223 225 226 227 233 234 238 240 241 244 245 248 250 259 260 265 267 268 275 279 283 295 305 309 311 314 319 321 323 325 328 330 
134 148 164 165 170 181 185 226 240 266 271 285 306 309 312 
294 113 114 118 122 125 126 130 135 138 141 143 146 155 157 163 165 170 171 178 179 182 184 185 186 189 191 193 195 196 197 198 200 202 203 207 209 215 219 221 228 230 231 233 236 239 240 242 244 247 250 256 265 271 274 278 280 287 293 295 297 299 301 308 309 310 312 313 314 316 319 320 322 328 329 
278 112 213 215 282 
59 114 118 120 124 125 126 127 128 140 142 144 154 158 161 163 165 171 176 180 182 186 190 195 197 200 201 208 209 213 218 220 224 229 231 233 235 238 239 241 247 250 252 253 263 267 268 270 273 274 284 289 290 296 298 301 307 315 316 322 323 325 
65 1 111 118 121 129 131 136 137 138 151 159 165 170 173 175 182 183 189 190 204 206 207 209 210 216 219 230 232 233 239 243 246 247 248 252 256 260 261 266 287 289 290 291 293 298 300 301 307 310 318 320 326 327 
192 111 112 120 126 128 130 133 139 144 146 147 148 149 154 155 159 162 176 178 184 185 186 187 192 193 195 198 200 203 208 212 214 222 224 229 232 239 243 247 249 251 253 255 257 261 262 263 265 266 268 271 278 283 284 285 286 288 289 295 300 301 307 309 313 319 324 325 326 
145 115 116 119 120 126 128 132 134 135 142 143 145 146 147 150 151 154 158 160 166 168 171 172 174 175 176 180 182 183 189 192 194 195 196 198 200 201 203 204 209 212 215 217 219 220 223 224 226 234 235 237 240 241 242 248 250 254 255 256 259 272 274 278 282 283 286 287 290 291 294 295 296 297 298 303 304 309 312 313 314 315 316 317 318 319 326 327 330 
265 1 121 132 135 147 148 150 154 156 157 158 172 173 174 181 182 188 193 195 205 209 211 218 220 222 227 232 244 245 248 254 258 259 261 262 267 268 271 272 276 277 279 281 283 284 286 288 292 293 296 300 301 303 306 307 308 309 315 316 317 323 
102 1 116 126 135 156 172 174 181 206 207 212 217 232 234 237 242 245 252 265 271 288 297 308 310 311 312 313 315 316 317 
132 117 120 126 130 132 144 145 146 148 149 151 157 159 161 162 165 166 168 172 173 183 188 189 190 193 199 200 205 207 209 216 218 220 223 224 226 231 232 234 235 238 239 241 242 243 252 256 261 264 267 270 275 277 285 290 292 294 295 297 306 312 313 323 326 
178 111 112 115 116 117 121 123 124 126 127 131 138 141 147 148 154 155 156 161 163 166 167 173 176 180 181 187 190 200 201 202 205 206 209 211 215 216 217 220 221 222 235 236 237 243 251 252 253 254 256 257 258 261 264 270 274 278 287 289 293 294 316 321 325 326 327 
244 1 111 113 114 125 126 127 129 130 131 132 138 139 141 147 148 149 151 154 156 157 165 166 167 168 169 170 173 176 177 183 184 186 187 193 196 198 199 200 212 216 221 224 227 235 242 245 249 252 253 259 261 264 265 267 271 275 276 277 278 282 283 284 289 290 298 300 303 306 308 311 314 321 322 324 328 330 
227 113 114 116 147 152 154 160 168 170 174 178 195 196 208 217 227 230 238 239 247 261 262 279 295 299 311 330 
72 178 222 
68 1 117 121 122 124 125 127 136 139 141 142 144 147 150 151 152 157 159 161 165 168 170 171 172 173 174 178 180 183 184 185 187 195 199 205 211 212 214 220 221 223 226 231 234 242 243 247 249 252 254 258 259 261 266 274 275 277 278 279 284 285 286 291 292 302 303 306 308 309 312 315 319 322 327 330 
34 111 112 114 116 122 145 156 176 178 190 230 235 237 239 246 254 257 261 266 270 288 289 303 306 307 316 
119 119 127 144 151 160 169 180 182 187 198 210 217 227 230 259 284 289 294 304 314 321 
128 121 122 124 129 131 135 136 137 138 143 144 149 153 154 155 157 158 159 160 163 165 168 169 170 172 174 177 180 181 183 187 193 196 200 202 218 219 224 239 244 246 250 252 254 255 256 262 265 268 270 271 274 281 282 283 284 288 290 295 298 299 301 308 312 318 319 321 326 329 330 
225 111 117 118 119 120 122 135 138 139 141 142 144 148 150 151 154 160 163 165 179 184 189 193 203 206 210 221 225 235 236 244 246 250 251 252 254 257 259 261 276 282 295 300 310 312 321 324 326 330 
188 111 114 116 122 124 128 129 133 134 135 141 142 143 145 147 148 154 158 160 162 166 167 173 174 183 202 204 208 217 218 219 224 225 226 228 233 235 236 239 240 251 252 255 267 268 274 279 285 289 293 294 301 306 311 312 316 317 318 319 329 
188 114 116 121 123 131 132 149 155 157 158 161 167 169 177 178 179 180 181 190 192 193 196 201 202 203 205 206 209 214 216 223 225 231 240 243 250 254 260 261 264 267 271 278 284 286 290 295 297 298 302 305 307 311 312 318 319 325 
289 1 128 144 145 186 188 193 199 202 213 223 229 258 272 273 281 283 284 288 290 291 305 313 320 
252 1 119 121 125 129 131 136 138 140 141 142 143 145 149 152 154 156 159 162 164 166 167 172 174 177 178 180 181 183 184 186 187 188 191 192 194 195 198 200 204 208 211 217 222 227 233 237 238 239 240 241 244 245 246 248 251 252 253 255 256 263 265 269 270 272 274 276 277 285 286 288 295 298 301 303 309 311 313 317 320 324 
94 1 113 118 127 138 149 150 170 178 194 243 248 253 265 279 302 
79 111 124 128 145 149 156 159 161 193 201 205 216 223 230 231 234 253 256 259 260 278 281 284 285 302 306 307 315 328 
281 117 135 149 153 158 163 179 188 192 194 201 203 209 214 219 221 224 229 241 245 247 250 251 254 257 258 273 276 294 295 298 299 300 302 313 320 321 322 323 324 
70 111 113 120 123 127 129 132 139 140 142 143 144 146 147 148 152 154 157 169 170 174 176 179 182 185 188 192 197 199 204 205 206 208 211 212 214 219 224 228 233 235 239 248 249 252 253 256 259 262 263 269 284 287 295 296 298 299 300 303 306 307 310 313 316 318 320 324 326 327 
180 1 120 121 128 135 138 142 143 147 149 151 153 156 158 161 169 170 176 179 184 185 191 192 194 195 196 197 198 200 201 203 210 217 218 219 220 224 227 228 232 233 234 235 237 240 242 243 245 248 257 259 260 263 264 267 268 271 272 273 275 276 277 289 290 296 298 299 302 303 305 307 309 311 316 317 322 
55 112 115 120 125 128 136 137 145 147 148 149 154 155 158 181 182 183 193 205 209 218 221 226 251 262 265 281 292 309 318 326 328 
298 111 114 115 116 118 119 121 122 123 125 134 137 138 143 150 156 158 165 168 170 174 175 176 177 180 185 186 187 189 191 197 199 200 203 207 215 219 224 227 228 229 230 235 237 242 244 245 246 247 249 253 255 261 267 275 278 279 283 284 292 295 300 301 302 304 305 312 316 328 
203 120 131 138 139 142 143 166 167 175 177 181 208 246 248 263 272 273 287 293 298 300 303 
269 183 219 269 286 291 297 304 324 
235 1 120 131 132 139 141 144 149 150 153 158 161 173 176 179 181 184 187 189 192 197 201 202 210 216 223 224 226 227 231 234 245 249 252 253 255 259 262 264 269 271 276 280 290 301 303 307 310 312 316 319 320 321 325 328 329 
38 1 116 136 139 156 158 170 184 191 193 205 212 217 227 240 258 264 268 269 280 282 288 291 295 296 306 311 313 321 322 329 
162 113 115 120 122 125 136 157 165 173 177 179 191 196 211 221 229 238 239 242 243 245 251 254 256 257 268 270 272 273 274 278 280 286 308 312 317 328 
77 112 124 125 126 131 132 138 157 159 162 177 181 189 198 200 206 207 227 236 239 248 254 259 275 314 315 316 320 330 
99 111 116 123 126 128 129 130 139 151 161 165 167 180 184 185 190 191 192 195 205 206 211 217 219 245 249 257 258 272 276 284 294 299 301 310 313 320 
284 1 112 115 121 138 146 159 174 177 186 187 188 196 206 209 219 228 238 246 263 264 265 266 268 271 283 286 298 311 327 
220 136 137 146 227 263 291 302 
90 112 114 118 120 121 122 125 126 128 133 134 137 139 144 147 157 158 159 160 161 169 172 178 179 182 185 186 193 195 196 197 199 204 207 211 214 225 226 227 228 229 232 233 234 236 237 238 239 242 247 249 251 264 267 269 273 274 277 280 284 285 289 291 292 293 296 300 303 304 307 308 310 312 317 320 326 
271 115 117 118 119 124 127 128 129 131 141 154 159 161 163 185 187 189 192 198 201 202 207 215 219 223 226 233 243 244 246 248 249 255 262 266 267 268 276 291 292 302 308 312 
298 118 143 230 242 290 
156 120 141 144 146 148 157 166 169 186 188 198 213 215 235 246 273 297 329 
135 132 133 139 147 148 158 172 176 178 193 194 198 200 202 204 224 239 252 267 273 283 289 318 322 323 324 329 
34 122 125 147 158 161 167 169 170 175 204 210 211 214 230 246 247 255 258 272 278 279 280 313 330 
163 1 114 118 124 128 130 134 137 138 144 148 151 159 162 163 164 166 174 175 178 179 182 184 185 191 195 200 202 203 204 205 208 209 210 213 214 218 220 221 222 223 226 227 230 239 242 245 246 247 248 249 257 259 262 264 265 268 272 274 275 276 277 283 286 289 295 297 298 303 304 306 311 312 313 315 318 319 324 325 326 327 330 
235 115 116 127 138 139 140 144 145 147 156 157 158 167 168 174 179 184 185 186 188 190 193 197 198 200 205 214 216 219 224 226 231 233 234 235 238 240 245 246 253 260 261 264 270 273 275 276 277 279 282 283 284 286 289 292 297 304 313 316 318 322 328 
196 130 156 158 170 178 196 222 233 288 
293 113 116 118 122 137 138 148 149 156 162 165 179 186 188 189 192 193 213 215 218 219 221 222 224 225 232 236 237 238 244 249 256 258 262 280 286 289 292 297 298 308 314 316 317 326 
294 113 114 117 123 124 125 128 129 130 133 141 147 160 165 173 178 180 183 187 193 194 195 200 201 214 216 222 226 234 236 237 238 239 250 253 259 269 275 278 287 290 296 300 308 311 312 319 321 323 
275 113 115 119 123 129 130 135 138 143 145 147 152 160 163 164 165 167 169 175 176 181 182 185 190 193 196 201 202 211 215 217 231 232 233 239 240 241 260 262 264 266 273 275 279 284 286 292 294 295 304 305 308 310 311 315 318 324 326 327 328 330 
144 112 123 124 150 182 189 239 247 264 287 291 301 306 323 325 
197 111 115 118 121 122 123 125 127 129 133 137 138 139 141 142 143 146 149 161 163 164 171 174 175 180 181 184 185 187 189 193 195 196 199 202 204 205 207 208 215 218 219 221 223 225 226 228 232 233 236 241 243 244 246 251 252 254 257 260 264 265 269 271 274 275 276 278 279 282 283 284 285 287 288 291 299 301 303 305 313 314 315 323 325 326 328 330 
157 114 115 120 121 123 125 130 131 133 136 140 146 151 155 157 159 162 165 166 168 170 171 186 189 192 195 197 200 202 208 211 212 213 217 232 233 235 236 237 248 253 254 255 261 262 264 268 269 270 271 272 275 276 285 290 291 293 295 298 300 301 303 304 306 307 316 319 321 322 323 324 328 329 330 
135 114 118 130 137 154 156 166 179 180 203 207 213 223 225 241 246 258 264 281 286 310 312 318 
110 113 154 161 176 206 211 234 235 238 239 267 298 299 
64 146 148 151 153 164 167 173 189 202 205 210 213 216 230 247 250 305 327 
75 1 113 116 118 122 124 130 131 140 149 153 154 157 161 170 180 182 183 192 196 203 207 213 219 221 228 229 230 231 237 238 240 241 245 247 250 252 257 260 267 284 294 301 304 320 324 327 
16 123 128 130 137 142 150 154 157 166 170 180 193 194 199 200 206 207 215 223 241 259 268 281 286 297 313 323 329 
253 1 111 148 163 179 189 212 246 247 254 255 265 266 267 271 282 283 287 291 304 313 315 326 
60 113 114 119 120 126 133 136 138 142 146 157 159 160 161 162 164 165 167 170 173 175 177 181 184 185 188 189 193 196 199 207 209 211 212 216 219 221 225 231 232 233 240 242 243 250 252 258 259 262 263 269 270 272 276 278 279 284 286 288 289 290 294 295 300 304 314 318 329 330 
273 295 
74 1 112 117 118 123 129 133 134 136 138 139 140 143 144 146 147 148 149 153 154 157 165 166 168 170 173 177 180 182 184 185 186 187 189 190 192 196 202 204 205 208 217 231 232 233 235 242 246 247 249 253 254 257 261 262 264 266 267 268 271 274 284 286 289 298 300 304 306 314 316 318 321 325 327 
99 114 121 122 127 128 132 133 135 136 141 143 145 151 152 159 160 169 176 177 178 184 186 191 193 197 199 206 218 222 223 224 225 234 236 238 239 243 260 267 275 276 283 287 291 296 301 309 311 313 316 322 323 326 
53 111 112 119 120 122 126 132 135 138 145 148 150 153 157 158 163 165 172 173 176 177 182 185 188 189 192 193 194 203 205 206 208 209 210 213 214 218 219 222 224 226 229 230 232 236 238 239 240 242 246 250 251 252 253 257 258 260 262 265 268 275 281 288 291 292 293 294 296 300 302 303 306 308 310 311 314 317 319 324 325 326 
58 137 196 202 218 246 257 263 264 
275 1 134 141 146 147 157 174 178 184 191 217 232 266 272 284 290 329 
241 114 116 118 119 121 150 154 155 158 166 170 172 177 182 190 196 207 213 217 221 225 228 240 252 264 266 277 281 287 291 296 305 313 315 325 
182 115 122 125 126 128 146 150 154 158 159 163 164 166 171 175 176 184 195 201 208 209 214 215 219 224 227 234 238 241 248 255 257 261 272 276 283 291 292 296 299 301 306 307 308 318 323 325 328 
116 120 121 126 128 133 138 144 145 147 149 155 159 160 164 165 166 167 168 169 174 176 178 182 189 206 208 209 214 215 216 218 220 223 224 225 229 232 233 235 240 251 252 254 255 257 265 267 276 278 280 288 291 300 305 310 312 313 316 319 320 321 324 328 
123 112 114 117 118 119 125 127 139 141 153 154 158 162 169 174 175 178 181 187 188 192 194 196 200 206 208 211 213 217 226 228 229 230 231 232 234 235 236 237 245 246 247 253 260 268 273 275 279 282 287 289 291 294 299 304 306 310 315 316 317 319 327 328 329 
98 1 117 120 133 139 145 155 160 168 173 174 175 176 181 182 183 187 189 191 193 195 201 204 205 212 219 226 228 231 233 236 237 239 240 242 246 247 248 250 251 254 256 258 259 269 277 278 281 282 286 289 291 292 293 298 299 300 302 307 308 312 313 316 318 321 322 324 325 328 330 
221 116 119 120 122 123 127 131 146 160 163 167 179 197 198 199 204 237 255 257 262 264 268 273 283 287 289 293 303 307 311 324 
113 114 122 126 130 131 132 135 146 149 155 164 174 177 180 186 189 190 202 213 214 218 223 224 227 228 234 236 240 246 252 253 260 266 268 269 275 279 285 287 290 293 295 302 321 
266 118 127 131 135 136 137 139 144 148 150 156 162 165 168 171 173 174 189 200 204 208 210 211 215 217 221 222 225 232 233 235 239 254 262 264 266 270 276 277 278 287 288 292 294 297 306 307 320 322 323 324 327 
262 111 113 116 117 118 119 125 132 134 136 143 151 163 174 176 181 188 193 198 200 207 208 209 216 223 225 229 237 238 241 242 243 244 247 248 250 253 264 269 271 272 274 276 277 279 287 289 290 291 293 297 298 299 302 306 315 316 325 329 
293 117 118 122 126 127 134 139 142 147 151 154 173 174 178 179 180 188 191 195 202 206 214 218 224 233 245 247 250 251 255 259 267 269 278 292 296 299 300 311 315 323 329 330 
143 1 111 113 118 128 140 147 156 159 162 167 175 178 193 195 199 202 214 215 216 218 222 235 239 246 247 249 251 260 266 268 272 278 280 281 288 289 295 298 299 302 303 312 316 319 320 321 323 327 329 
290 118 261 299 
242 114 116 119 125 134 135 141 145 151 157 160 163 165 173 176 177 181 184 195 198 209 211 214 221 222 225 227 228 235 236 238 241 246 259 261 264 269 280 284 285 293 300 307 315 318 321 325 326 
126 111 127 135 136 144 159 169 171 175 180 204 206 217 218 226 251 254 273 276 279 298 322 
248 113 116 117 120 121 124 125 126 128 135 136 138 140 144 145 147 152 154 157 159 160 161 163 166 167 169 175 177 178 180 181 185 186 187 189 192 197 199 202 203 206 212 215 224 227 232 235 239 244 246 248 249 250 253 254 257 263 267 268 269 275 277 278 281 286 289 290 292 294 299 305 306 308 309 312 313 315 318 321 322 324 328 329 330 
273 117 118 122 127 129 132 137 140 142 143 145 146 148 149 155 156 157 161 162 169 170 171 172 173 176 182 185 187 189 192 197 198 199 202 206 207 208 213 221 226 230 234 237 239 240 241 242 244 246 248 253 255 259 260 262 263 266 267 269 273 274 277 282 283 294 295 297 298 299 300 302 303 304 307 308 310 311 320 323 329 330 
212 112 115 116 125 128 135 138 139 142 144 154 160 166 168 177 180 183 185 189 192 209 210 211 213 218 221 222 223 230 232 237 240 245 247 250 251 256 258 260 263 265 266 267 268 269 271 272 273 277 278 281 283 291 292 293 296 300 303 305 306 308 310 312 313 318 325 329 330 
241 115 121 164 175 209 211 279 315 
92 111 117 118 120 124 126 130 131 136 139 140 144 149 151 161 162 164 166 169 171 175 181 183 186 191 192 195 202 204 205 206 207 211 214 215 218 220 222 225 227 229 230 231 234 236 239 249 250 252 255 256 257 269 270 272 275 276 277 280 285 291 292 300 308 313 314 320 321 323 325 326 
120 127 178 202 
268 123 146 160 161 162 168 173 183 190 203 211 213 224 232 240 258 264 266 305 313 314 
74 126 128 131 133 138 139 140 159 165 170 175 186 189 200 209 218 220 224 229 231 234 244 246 247 248 259 271 273 275 287 292 300 302 318 320 
240 118 125 128 133 136 138 139 142 146 147 153 154 155 160 164 167 171 175 184 185 191 195 201 203 206 207 209 214 215 216 217 219 220 223 224 229 232 234 235 237 240 242 246 247 248 250 252 254 256 258 262 263 264 266 267 268 270 272 275 280 284 291 293 297 298 303 304 310 314 315 316 318 320 322 323 
48 1 147 193 229 232 244 262 267 
146 111 133 137 141 147 155 161 174 185 187 192 193 195 203 204 211 212 213 215 219 221 223 226 231 233 235 236 243 245 248 252 262 263 265 276 279 283 290 294 299 301 314 327 329 
75 111 114 118 121 130 131 132 143 146 150 154 182 188 196 210 216 220 223 226 234 237 238 248 249 260 274 284 288 294 299 309 313 321 322 323 330 
194 113 119 120 122 123 141 143 144 147 149 154 156 158 159 161 165 167 174 180 183 184 186 188 197 198 200 201 203 204 207 210 214 218 229 232 233 234 239 245 246 247 253 256 260 261 264 266 271 275 279 282 285 292 295 304 306 309 313 315 317 322 323 328 
76 113 116 121 124 127 128 136 138 145 146 147 151 158 161 162 164 182 190 199 201 203 207 220 224 225 228 229 233 236 238 241 245 249 251 256 274 277 280 284 287 292 295 298 299 302 303 305 307 309 312 316 323 324 325 
273 113 115 118 119 121 124 129 132 136 138 143 146 147 150 154 161 172 177 178 180 181 184 187 188 189 193 196 201 202 210 212 213 216 229 230 234 236 241 245 248 250 258 270 275 276 283 285 289 290 294 295 296 299 300 301 303 306 312 314 315 322 327 330 
3 146 329 
70 112 113 131 133 136 145 171 181 192 203 214 219 221 223 234 250 254 258 261 273 274 307 316 327 328 
182 143 157 158 170 173 174 179 201 207 210 216 219 227 230 231 232 258 264 287 311 313 326 
159 129 134 141 168 171 185 188 195 199 201 203 222 239 266 275 299 
130 117 123 124 126 129 131 133 136 140 141 144 153 154 158 159 162 169 176 178 181 186 191 192 194 203 207 211 217 218 220 221 239 245 252 255 259 263 266 267 272 277 278 280 281 282 288 293 294 297 300 305 306 309 310 315 316 323 324 326 328 330 
5 111 114 115 124 130 131 132 135 136 138 142 143 145 148 154 157 158 161 162 171 173 174 176 177 178 179 182 184 185 187 188 189 195 196 197 198 200 203 207 208 209 217 218 219 227 229 230 233 242 244 245 248 249 251 252 254 257 261 262 266 268 274 275 276 277 279 283 286 288 289 290 294 298 300 306 307 314 318 319 320 321 324 328 329 
116 1 112 118 119 125 129 130 131 134 139 142 143 146 151 154 155 159 164 165 170 171 173 176 177 178 182 183 187 188 191 193 194 195 204 205 207 208 209 210 213 214 215 219 222 223 225 226 227 228 231 232 234 239 240 242 243 246 249 252 253 256 257 258 260 261 263 264 268 269 270 272 276 284 286 287 288 291 294 298 300 302 306 308 311 313 317 326 329 
29 111 114 117 121 122 124 129 131 135 141 150 156 162 167 168 174 176 181 186 197 198 200 201 202 204 206 208 217 221 223 236 246 252 256 258 268 273 283 291 294 296 298 299 302 304 308 311 315 316 318 319 322 329 
284 112 121 136 142 143 157 174 178 183 187 202 218 226 242 251 269 320 
266 113 118 121 122 125 131 132 136 141 144 146 151 152 156 157 158 162 168 170 172 177 181 182 184 185 192 199 205 214 215 221 223 224 225 232 234 249 251 252 255 263 266 269 275 278 280 281 284 285 286 287 288 290 294 295 305 312 313 315 317 324 325 326 327 
53 1 111 117 121 123 124 126 127 138 139 146 168 169 176 191 192 205 207 210 215 219 221 228 230 237 249 258 265 268 269 274 277 278 279 280 283 285 291 292 303 312 315 316 318 319 321 323 327 329 
39 113 115 158 167 171 172 195 202 206 226 233 234 239 242 252 283 291 306 322 328 
248 1 115 118 119 122 128 129 130 134 135 138 140 141 143 146 148 150 151 159 160 163 166 167 168 173 177 179 182 185 186 188 189 190 193 203 204 207 212 218 220 222 228 232 233 237 240 247 251 252 253 256 257 266 267 269 274 277 280 285 286 287 288 291 293 294 299 300 301 302 303 304 307 309 316 317 323 327 
200 182 203 261 306 319 
244 115 117 125 128 134 145 152 156 159 177 178 200 241 248 253 268 271 276 280 283 287 293 294 298 301 308 312 321 
112 1 111 113 116 118 122 130 132 133 134 135 140 141 143 150 151 154 156 160 161 164 167 169 170 174 178 179 187 189 200 201 202 204 205 206 209 211 212 213 214 218 223 229 230 233 236 244 251 254 256 264 265 267 268 269 270 271 274 275 276 278 279 281 283 290 291 293 299 301 311 315 317 322 326 
63 1 111 121 122 130 132 133 139 141 143 144 146 149 150 151 157 158 162 163 168 169 170 171 173 177 181 186 188 193 195 196 202 203 204 211 213 215 218 221 225 231 232 234 235 236 238 239 241 242 246 248 250 252 254 257 260 264 265 266 269 271 274 276 281 282 285 286 288 289 291 294 296 301 302 310 312 320 321 325 328 330 
63 126 136 140 167 175 201 213 216 218 237 238 242 248 250 257 258 259 261 274 282 285 306 315 
170 1 118 120 127 141 143 144 146 148 149 150 153 156 160 162 170 175 177 178 180 184 193 198 202 203 204 212 215 217 219 221 222 223 231 234 238 239 240 242 246 249 251 253 256 258 261 262 263 264 267 272 280 281 287 290 301 305 307 313 316 318 322 330 
1 114 115 119 130 144 145 147 148 160 164 165 167 176 179 181 186 187 196 199 201 202 205 208 212 214 218 220 221 226 228 232 233 240 242 246 247 248 249 251 253 255 257 258 259 268 272 277 284 286 287 289 293 296 297 300 302 304 308 310 312 313 315 322 324 329 
251 115 117 123 125 128 129 131 134 153 163 169 178 182 192 214 219 235 242 244 252 253 258 265 280 285 294 295 298 306 308 310 319 321 329 
77 116 117 119 123 124 129 135 140 149 150 153 164 167 169 170 173 174 186 187 193 205 215 216 218 219 220 224 240 249 253 267 272 275 281 282 284 288 291 294 311 
297 1 111 114 116 122 123 124 126 127 129 130 134 138 139 141 144 148 149 151 153 154 155 156 157 158 159 160 171 172 180 182 184 187 191 194 195 200 202 203 206 207 210 211 212 214 216 217 219 223 224 225 226 227 229 230 234 239 242 245 247 248 254 257 258 260 263 268 274 280 281 285 289 290 293 295 296 297 303 304 306 307 309 314 315 
148 117 118 121 122 125 130 134 136 140 143 145 148 150 151 157 158 160 163 169 175 176 179 180 185 187 188 189 191 195 196 198 199 201 204 218 223 224 227 230 235 241 245 246 248 252 256 257 260 267 276 285 286 288 290 291 295 298 301 305 311 319 321 322 323 325 330 
28 160 214 240 
27 1 115 116 124 128 134 135 136 137 141 144 152 154 157 158 160 168 169 171 172 177 179 181 182 184 188 190 197 208 212 213 214 220 223 228 231 238 239 245 247 249 251 258 260 263 284 290 291 297 299 300 302 309 312 316 317 318 323 326 
92 277 
8 117 123 133 134 139 146 148 152 166 167 171 176 177 181 186 196 197 206 220 223 234 235 241 242 251 256 264 274 278 284 293 305 307 310 316 317 323 326 327 328 329 
240 113 123 128 134 139 143 144 148 154 161 162 165 176 179 181 187 188 193 195 197 199 211 212 220 221 224 228 235 236 239 241 253 254 261 263 271 277 280 281 285 288 290 293 294 298 301 305 307 308 311 318 321 322 324 
92 118 120 128 133 136 139 150 163 165 168 177 179 181 189 193 198 212 215 223 236 272 297 308 313 315 316 318 
250 114 118 127 150 162 179 183 190 203 237 239 244 245 246 270 274 304 310 321 
87 111 114 119 127 131 135 147 148 159 163 172 182 189 193 201 202 206 214 218 220 244 247 252 254 256 259 262 264 273 277 278 279 284 287 289 297 300 303 305 306 307 308 313 322 328 
136 148 150 161 165 169 171 201 222 227 230 231 232 233 244 262 264 292 295 299 303 305 323 
55 111 112 119 128 129 132 133 149 158 159 161 165 171 172 174 177 178 179 180 181 183 184 187 194 208 209 220 226 227 229 231 232 233 236 237 240 241 243 245 251 252 253 259 263 265 268 282 284 285 290 297 307 308 310 314 319 322 
165 114 117 123 125 130 132 136 141 147 150 152 153 157 159 162 165 167 171 172 181 182 187 195 196 197 198 199 207 209 222 224 228 230 233 234 235 236 238 239 242 243 247 252 254 262 264 267 275 277 279 286 288 292 294 298 303 304 310 311 313 314 315 317 318 321 323 328 
233 1 116 119 120 121 127 128 130 132 135 143 147 149 150 151 154 156 158 164 166 167 169 171 183 186 188 193 194 197 202 206 207 208 211 216 219 222 225 229 234 236 238 243 246 250 252 253 255 258 261 262 263 264 266 277 279 290 291 292 295 301 302 303 304 306 310 311 312 314 320 321 322 329 
147 129 131 150 152 156 159 162 165 194 199 206 238 265 279 283 284 293 295 307 312 321 
250 1 111 112 118 123 127 128 136 141 143 144 149 153 154 155 161 169 175 178 182 187 192 202 203 209 214 215 226 231 240 253 256 260 263 282 285 290 301 306 316 321 324 328 
106 1 116 122 139 167 169 180 185 194 195 201 205 213 219 229 241 242 260 312 326 
109 111 112 116 121 123 130 133 134 138 140 141 142 143 144 145 148 151 152 155 157 158 161 162 166 169 174 175 181 183 184 186 187 191 195 197 199 201 203 205 206 207 211 214 216 217 219 222 223 224 229 230 234 238 247 249 251 254 256 258 260 261 263 265 268 274 279 283 287 288 291 293 294 297 299 301 307 309 310 312 314 316 320 325 330 
294 113 117 123 124 126 133 135 137 138 139 141 146 151 152 169 170 173 179 181 183 185 186 187 189 199 201 206 207 210 215 217 218 219 220 221 228 230 240 241 245 246 249 254 258 261 263 265 269 272 274 280 284 288 293 296 300 302 305 306 309 318 320 321 329 
250 116 121 122 125 127 133 136 139 140 141 142 149 152 154 156 161 163 169 175 176 178 180 184 190 194 195 196 200 203 205 206 209 211 223 224 235 236 243 246 251 254 255 261 263 265 266 267 276 280 281 282 284 285 293 313 315 322 
67 121 122 126 129 134 135 138 142 147 151 154 162 164 167 173 174 179 181 183 188 193 197 200 202 203 215 216 217 219 222 225 226 227 229 231 232 238 241 242 247 248 249 255 256 262 264 277 281 282 287 288 293 296 298 299 300 301 303 306 309 321 322 324 325 328 329 330 
219 112 142 148 150 158 176 178 180 186 188 190 198 202 203 209 249 284 286 290 293 301 304 315 325 330 
210 115 129 134 137 163 175 242 248 274 284 286 300 
103 1 111 113 118 122 123 124 128 130 138 157 159 163 167 169 171 174 175 189 191 193 198 204 211 213 215 229 230 231 234 245 250 252 253 255 259 264 266 271 273 281 293 305 307 308 316 324 327 
271 111 118 119 120 121 128 129 131 136 137 139 141 144 146 151 152 154 156 161 165 169 171 172 174 175 177 180 181 183 184 185 187 188 189 191 193 194 195 202 204 210 214 215 218 220 221 222 224 225 228 230 232 233 234 237 238 240 243 244 249 252 253 254 256 259 264 271 278 279 282 284 285 294 298 300 301 302 303 304 305 306 309 315 318 324 330 
223 113 114 115 119 123 124 125 126 132 134 136 140 144 146 147 155 162 163 165 167 169 173 175 178 180 182 192 193 194 198 200 201 208 211 213 217 224 232 234 237 243 245 253 268 270 272 276 281 282 289 290 291 293 297 299 300 304 306 307 310 314 316 324 325 328 
195 111 119 120 121 125 126 127 135 137 138 141 143 148 153 156 160 163 165 167 170 171 173 178 179 182 183 186 187 189 190 193 198 201 202 203 207 211 220 222 223 225 228 229 230 246 247 250 253 262 264 265 269 275 276 279 281 282 283 284 285 286 287 288 289 290 291 292 293 294 299 301 305 306 308 313 316 317 321 322 325 328 
123 112 115 121 131 137 142 148 158 166 169 172 174 182 184 185 186 190 195 196 203 205 206 216 221 223 228 235 237 238 241 242 244 248 250 252 255 256 260 266 267 270 271 273 275 280 281 288 293 296 304 307 308 322 326 327 
61 111 116 124 130 140 141 143 145 148 153 154 158 162 167 169 174 181 186 190 192 194 203 205 208 220 230 242 245 249 259 265 268 271 272 273 283 284 289 297 301 304 311 312 313 322 
271 111 119 130 132 136 140 141 142 148 150 152 153 158 164 165 177 185 186 187 188 190 192 195 199 200 201 210 212 215 223 225 230 231 238 242 254 258 260 266 274 278 283 285 293 298 300 307 310 311 313 318 320 321 
177 1 112 117 122 126 130 131 132 133 134 135 139 141 145 151 154 155 156 159 160 161 163 167 168 172 174 177 181 182 183 189 191 198 212 213 214 219 221 226 232 235 236 238 240 241 242 243 244 246 247 248 250 260 261 262 265 267 271 272 273 274 277 279 284 285 298 299 301 305 307 310 311 312 319 320 324 325 329 
65 117 127 144 163 219 232 234 244 253 326 330 
72 1 111 112 114 121 124 127 131 132 135 139 142 143 145 150 151 154 161 166 168 169 171 174 175 177 181 183 192 193 199 200 202 204 205 208 213 216 217 219 221 222 226 231 242 244 245 247 248 251 260 264 267 269 274 276 277 288 289 290 293 295 297 299 300 301 304 305 306 313 314 315 319 320 322 324 325 326 327 
269 115 119 121 127 128 130 136 137 143 145 148 157 165 168 170 178 185 195 197 203 207 211 214 217 220 221 223 227 230 234 239 248 250 251 255 264 270 271 273 279 285 287 288 289 290 294 295 298 304 310 312 313 315 324 325 326 327 328 
169 113 120 121 126 127 128 130 136 139 141 142 145 152 153 154 157 164 165 173 174 203 207 213 217 237 249 251 253 260 261 264 278 279 284 292 296 300 308 310 324 330 
178 113 114 115 116 118 130 133 140 147 151 152 155 156 163 165 171 176 177 182 189 193 196 200 205 206 226 229 233 234 235 236 246 252 254 255 256 257 258 262 265 279 285 288 291 296 306 307 310 315 327 
271 111 119 120 128 129 136 139 140 152 155 158 160 161 166 169 171 175 176 178 181 182 183 184 185 187 188 190 192 193 194 201 207 208 210 211 214 217 223 226 227 230 235 237 239 241 245 246 247 250 253 257 258 259 261 263 270 272 273 275 279 281 283 289 291 295 299 302 309 311 313 314 316 326 
167 119 286 
166 116 134 137 140 145 146 171 186 202 266 268 275 277 290 303 316 318 
253 133 
126 115 124 126 127 128 130 143 146 148 158 165 167 173 181 183 187 190 192 193 210 217 221 227 236 239 244 245 261 269 284 290 294 297 299 302 324 
298 115 119 122 126 144 151 152 159 160 167 168 179 185 186 198 215 217 219 220 231 241 247 251 253 255 257 265 268 272 285 287 292 298 304 310 312 316 324 327 
7 1 118 122 126 131 138 140 143 147 153 155 157 158 160 161 162 169 170 177 179 183 187 192 196 197 199 202 203 206 213 223 226 227 228 233 234 238 239 241 253 255 261 270 271 272 273 276 283 290 298 300 303 313 315 320 322 
253 118 120 121 124 125 126 131 133 144 146 153 160 168 172 178 186 191 193 195 196 197 201 202 204 206 208 213 218 219 235 244 252 253 254 256 264 266 269 272 277 282 283 285 288 290 305 307 314 317 320 323 324 
125 113 114 130 132 133 135 140 141 152 154 156 157 158 162 163 172 178 180 183 185 192 203 209 217 227 228 247 265 267 269 271 284 288 292 315 
166 111 113 114 119 133 134 136 144 147 149 160 161 164 165 169 174 176 179 180 191 195 199 203 207 213 215 222 228 232 238 246 251 256 266 267 270 276 277 284 288 297 303 305 324 327 
125 122 133 138 207 211 272 274 
196 1 115 122 125 132 133 137 141 144 146 147 150 156 159 164 165 167 180 181 184 187 196 202 209 211 212 213 214 220 223 226 227 229 230 231 244 245 248 250 255 258 260 264 270 271 273 274 275 277 279 281 283 292 296 299 300 301 303 307 309 311 314 317 319 322 327 329 330 
134 112 119 120 121 134 136 137 144 146 147 149 150 151 156 159 168 169 171 178 179 180 181 184 188 189 190 192 196 202 205 209 211 217 223 225 226 230 231 234 239 241 242 247 248 249 255 256 257 261 262 264 267 268 270 280 282 284 286 288 291 292 293 294 297 300 301 303 306 309 313 323 324 329 330 
84 112 116 126 131 142 143 144 148 155 170 171 175 196 198 203 205 214 218 220 223 235 236 239 240 245 249 250 253 258 260 261 263 265 266 267 268 269 270 278 283 290 298 299 303 308 309 310 312 315 316 318 319 320 321 323 330 
95 119 120 124 125 128 129 130 132 134 135 137 143 146 148 158 160 182 184 203 209 222 225 226 227 238 241 243 253 256 258 265 266 268 270 271 290 291 301 307 312 313 317 318 325 326 329 
244 112 113 121 126 139 151 157 159 163 170 175 178 189 227 231 242 251 252 264 269 270 271 275 276 289 291 298 304 308 312 316 318 326 
268 113 118 119 120 123 126 129 132 139 141 146 153 154 156 159 160 162 165 167 168 169 177 180 187 194 196 197 204 205 216 219 223 224 228 229 233 234 235 237 240 244 245 246 251 255 258 261 265 267 271 273 275 278 279 283 287 289 290 299 303 304 310 315 319 320 
178 113 115 116 119 120 122 127 129 134 136 142 143 144 147 150 154 159 160 162 171 174 175 178 182 185 186 191 203 208 216 221 222 225 228 232 233 238 239 241 244 245 258 259 262 263 264 272 277 283 287 288 289 292 299 302 307 308 313 317 318 319 323 
93 51 94 47 245 297 222 281 115 59 47 51 79 253 283 287 108 299 31 204 5 146 51 95 263 173 288 22 194 285 45 258 106 253 95 205 124 219 275 117 246 272 147 88 70 163 228 127 72 59 168 84 209 129 24 188 219 208 39 110 10 283 237 179 75 177 135 103 124 248 116 198 245 149 290 50 171 283 107 205 201 167 267 141 268 205 259 105 298 16 11 218 116 222 14 26 139 65 192 295 94 7 146 44 228 126 54 83 20 230 228 183 132 79 172 85 156 150 240 11 271 207 185 150 201 207 55 217 2 71 268 48 242 280 110 224 176 192 287 137 166 176 199 265 64 296 263 140 65 185 221 52 1 215 74 129 171 243 2 207 278 278 270 220 239 265 121 247 213 131 289 132 132 11 209 240 150 74 59 230 270 298 186 34 43 295 69 54 51 104 30 58 17 96 149 90 120 55 182 254 177 21 86 6 244 227 76 43 156 272 52 243 214 85 213 63 13 160 298 253 138 229 28 215 166 213 294 170 69 254 223 210 246 109 270 249 141 290 266 16 193 244 40 49 11 53 95 214 266 204 92 190 1 94 42 85 71 230 215 254 288 63 123 189 141 274 33 236 47 299 30 265 67 154 261 102 12 173 300 81 60 30 212 14 156 157 50 223 98 289 155 149 183 58 293 185 267 195 261 50 217 257 92 237 213 31 289 48 253 237 252 270 287 246 216 208 270 169 65 95 151 106 196 252 133 215 20 245 195 10 
