224 336
50 116 123 124 132 136 147 156 162 170 173 177 179 190 195 201 204 210 215 216 219 231 238 239 247 259 266 270 275 277 278 280 294 298 310 316 325 
23 120 121 123 126 129 131 133 143 149 153 154 155 160 164 166 169 174 179 182 188 190 191 195 203 204 207 209 210 211 217 219 222 223 225 229 230 233 239 245 248 251 258 260 266 273 274 276 277 280 281 287 293 296 301 303 304 308 309 316 317 321 326 327 335 336 
144 113 114 118 130 135 139 140 142 143 144 146 149 152 157 162 163 167 170 172 173 179 180 182 183 186 191 198 199 203 204 206 208 210 212 214 215 216 217 219 224 225 229 230 232 235 244 245 246 247 254 255 256 261 262 264 272 273 274 276 279 281 283 285 286 288 289 291 292 294 299 302 307 309 311 313 318 319 320 323 324 333 335 
69 119 122 129 132 133 150 152 153 156 163 169 171 178 179 181 183 184 187 196 202 217 221 224 225 230 251 253 258 261 262 269 270 275 281 283 285 292 294 298 317 319 321 324 327 328 335 
289 113 116 120 122 126 128 129 130 141 143 147 148 152 155 159 164 168 170 172 175 180 183 187 188 204 208 210 211 214 222 227 230 241 243 244 249 256 257 258 260 265 266 269 272 274 277 281 287 289 291 292 293 308 311 315 318 319 322 325 326 327 329 330 332 333 
9 113 115 116 120 123 125 128 133 136 139 140 144 146 150 152 155 156 158 159 162 164 165 171 172 175 177 182 183 188 189 190 191 193 194 195 196 197 200 202 207 208 215 219 220 223 226 231 232 233 241 244 246 247 250 251 258 260 264 265 266 269 274 275 279 281 282 283 291 295 299 304 306 308 309 314 320 321 332 334 336 
113 1 117 120 121 123 125 126 127 130 131 134 137 139 143 146 147 148 152 154 163 168 172 177 178 179 183 184 186 189 195 196 200 203 205 207 210 220 222 225 228 234 237 240 243 246 253 262 268 273 278 280 285 290 295 301 306 309 310 315 318 319 320 325 328 329 331 333 336 
30 113 115 117 121 124 126 130 131 133 134 137 139 146 148 159 162 163 171 173 176 178 180 185 186 187 188 198 206 215 220 221 223 227 228 229 230 231 232 233 234 235 236 238 241 243 244 246 247 252 253 257 258 260 266 267 268 270 271 272 273 274 278 283 286 288 289 294 296 301 307 308 311 312 315 324 325 330 332 334 335 
155 136 145 149 172 184 193 221 229 242 278 279 310 325 
125 128 144 145 156 160 173 181 186 223 225 228 230 237 243 255 256 260 269 278 283 287 289 291 299 300 316 327 329 331 334 336 
279 113 128 129 130 143 150 156 159 160 184 186 187 191 193 214 227 234 235 244 245 246 248 254 257 261 267 268 275 276 277 281 284 288 290 291 298 309 314 315 317 319 321 331 
282 1 114 118 123 124 141 144 145 150 156 158 165 172 174 181 182 188 207 219 226 230 252 266 267 291 295 309 311 323 336 
157 131 143 145 164 169 182 213 224 239 290 305 312 333 
78 113 114 120 124 127 129 131 132 136 140 141 143 144 149 151 152 154 155 157 158 161 163 164 166 168 173 174 175 176 183 187 188 191 193 200 205 211 214 217 219 221 227 228 231 232 235 238 244 246 248 249 250 253 259 262 265 267 268 269 271 276 277 279 280 288 291 296 303 304 305 308 310 311 320 321 322 324 325 328 332 334 
137 113 137 144 146 155 156 158 169 176 177 191 193 211 230 233 270 281 290 291 293 301 306 313 316 335 
181 114 116 126 132 135 137 143 145 146 148 149 150 154 158 161 162 163 164 167 176 178 185 188 190 193 195 197 202 203 212 220 230 231 232 233 237 247 250 252 260 263 269 270 271 273 277 279 281 284 293 295 296 298 299 305 309 315 316 317 321 322 325 326 327 329 333 335 
212 119 
259 132 134 135 137 144 149 168 172 173 182 208 217 228 233 238 242 245 252 263 266 274 277 279 284 310 314 317 325 332 
251 113 114 115 116 120 128 131 137 142 144 145 147 148 153 156 157 158 163 169 175 177 178 181 184 185 186 191 196 198 202 203 206 214 223 232 233 234 236 239 242 244 245 246 248 251 252 256 258 264 265 267 272 276 277 280 282 284 286 290 291 292 294 295 296 297 300 301 302 303 304 305 306 313 316 318 323 331 333 
124 123 131 141 151 163 183 212 244 247 266 305 311 335 
229 125 135 137 155 164 165 168 173 193 194 198 199 202 205 219 221 222 223 236 242 243 245 255 266 270 283 289 290 298 303 304 312 313 314 
24 116 119 121 125 140 142 155 159 161 164 165 168 174 177 187 188 190 191 203 205 209 215 217 221 225 238 241 243 246 250 252 256 257 259 263 277 279 281 282 286 287 288 290 292 293 298 300 307 310 311 312 313 322 328 330 331 
149 155 165 179 236 289 290 
176 125 141 148 163 166 200 202 221 226 228 240 243 245 251 258 259 267 274 298 300 316 321 328 
203 114 116 122 125 126 135 137 138 140 144 149 151 152 155 164 167 169 170 177 185 191 195 197 201 207 216 219 225 236 237 238 239 243 245 246 255 257 258 262 263 264 271 274 276 284 288 289 291 292 298 301 303 309 313 319 320 324 330 331 333 334 
84 115 119 123 135 143 160 170 179 192 200 204 209 215 220 229 230 232 238 241 245 256 269 273 274 276 282 287 289 300 309 314 320 321 331 
288 113 141 171 177 192 196 203 226 234 240 244 259 
116 114 118 123 124 125 126 129 133 135 137 141 143 144 147 148 152 153 156 157 158 160 162 165 167 171 173 174 180 181 182 184 190 194 195 197 203 207 208 209 214 215 219 222 223 226 227 232 234 235 238 239 240 246 249 251 257 259 262 265 267 268 270 272 295 298 300 303 305 310 316 319 322 326 327 328 329 331 332 
125 158 162 173 180 195 219 316 
170 113 119 125 134 135 138 142 144 145 147 151 155 156 157 160 162 163 167 170 181 184 186 188 190 195 198 199 200 202 205 216 219 235 236 237 241 244 247 255 256 259 262 265 273 277 281 282 283 287 289 294 296 298 299 300 302 303 310 315 317 324 326 329 
67 1 114 116 124 125 126 129 131 134 141 146 149 150 154 155 159 161 166 169 170 180 182 183 185 187 190 191 200 201 204 205 207 208 211 214 219 220 224 226 230 236 244 248 252 253 254 255 256 259 261 265 266 271 272 273 274 276 277 280 284 285 286 291 292 294 300 303 313 314 318 319 325 329 330 331 334 
281 115 117 118 120 132 134 136 170 173 181 182 184 193 197 200 218 220 222 242 245 254 255 261 263 276 277 284 290 294 299 306 321 328 332 
220 122 145 164 166 172 173 179 180 186 195 200 209 219 243 244 252 258 270 278 290 291 310 321 326 329 
139 1 118 119 123 125 126 133 136 137 143 144 146 149 153 155 157 158 161 162 172 177 178 183 185 194 195 207 208 214 217 225 226 227 230 231 234 236 238 251 252 254 255 258 260 264 269 274 277 278 280 288 291 292 298 300 302 304 307 309 310 314 316 317 321 326 329 330 
202 116 122 126 143 144 152 153 154 156 158 164 171 172 175 176 182 186 189 193 195 198 201 213 214 215 221 222 239 241 242 244 247 252 255 257 258 259 263 264 265 268 269 270 271 272 276 277 281 282 284 285 289 290 291 298 303 304 306 307 308 309 313 315 320 325 327 333 
270 1 113 125 128 129 133 135 142 144 145 149 160 164 178 179 186 198 207 214 218 223 240 242 243 245 249 251 254 257 260 261 262 264 273 275 277 279 280 295 296 303 315 317 320 325 333 
6 113 117 119 120 121 122 124 125 131 132 135 141 142 144 145 146 149 150 151 152 154 162 163 165 167 171 175 176 177 180 188 191 195 197 201 204 205 206 216 218 219 222 224 225 228 230 231 232 234 235 236 243 246 248 250 252 256 257 262 263 264 266 267 270 272 275 281 282 288 290 292 293 297 300 306 307 308 311 313 315 316 318 321 323 328 332 334 
176 1 119 122 123 125 126 128 132 136 139 141 147 148 149 151 155 156 157 164 166 168 169 185 186 189 191 192 193 200 204 212 213 218 222 224 226 232 234 237 240 252 254 256 257 260 262 272 275 279 285 287 288 290 294 295 302 303 310 311 313 314 317 318 322 325 329 332 336 
151 113 117 118 119 120 121 122 126 133 144 148 150 151 153 157 158 160 161 163 165 166 167 170 172 173 175 176 178 186 188 196 198 199 200 204 207 208 211 212 213 214 215 216 217 219 221 222 223 229 231 232 237 238 244 249 253 255 256 257 259 263 270 272 277 279 281 282 286 288 305 312 313 314 315 316 317 322 324 326 327 329 330 331 335 
288 126 131 132 135 136 139 149 171 183 186 196 199 202 206 207 214 224 228 233 240 241 245 247 253 257 268 273 275 278 280 282 294 295 303 321 325 
271 114 116 119 125 128 134 141 145 146 147 152 156 173 177 178 189 191 193 194 198 204 205 209 215 219 224 226 229 239 245 249 250 252 256 258 262 272 278 280 286 292 293 296 298 313 320 324 327 332 
128 118 123 133 143 146 175 180 181 182 190 208 210 216 218 223 239 244 252 257 265 272 273 274 280 284 285 289 290 300 324 330 331 
204 120 121 124 129 135 138 145 148 149 159 169 170 174 180 181 184 190 193 194 209 219 221 233 236 239 246 250 252 257 259 261 268 269 272 283 290 291 294 303 307 311 312 314 317 320 322 324 329 330 
98 136 138 175 191 212 262 299 304 307 
82 114 116 132 196 239 268 269 287 292 
247 115 123 146 147 150 153 160 163 167 168 170 175 176 179 182 186 189 191 197 201 205 206 209 214 220 225 227 228 234 239 241 242 243 245 246 250 251 253 254 255 257 268 270 273 274 275 277 278 280 293 295 302 303 308 310 311 313 317 324 332 333 336 
83 116 118 125 126 128 137 138 143 145 148 155 163 167 168 169 171 176 181 187 194 195 196 199 204 205 207 211 221 224 240 242 244 246 247 266 272 275 278 279 284 316 317 323 324 331 335 
97 123 131 132 135 155 156 171 173 187 192 195 198 210 213 215 219 220 238 251 255 260 276 279 285 286 294 299 314 
231 113 119 121 123 124 129 134 135 150 152 153 155 159 160 162 163 164 169 173 175 176 179 183 184 185 187 188 189 191 192 194 196 206 208 212 214 218 220 222 223 224 227 228 233 235 239 242 243 245 247 248 256 258 261 262 267 270 271 272 273 275 276 278 282 283 288 299 302 304 310 312 317 318 321 326 327 328 329 331 333 335 
97 1 114 117 120 121 122 125 130 131 134 136 137 138 143 146 149 154 160 173 178 179 180 182 186 187 188 191 194 197 198 203 205 206 207 210 211 216 222 224 230 231 233 235 240 243 246 248 254 255 258 259 262 267 269 271 275 278 288 289 291 292 294 296 297 298 302 306 308 309 310 314 316 322 323 325 329 335 
196 124 143 168 184 243 
270 125 126 138 181 190 192 200 228 235 238 240 241 251 264 265 269 273 277 284 291 292 297 302 305 319 321 326 330 334 
184 119 121 127 140 154 156 162 166 169 171 172 176 180 186 191 197 199 226 228 229 232 255 260 266 271 284 288 301 303 305 315 316 319 324 333 
237 1 113 132 133 141 143 146 151 153 163 166 170 173 174 188 199 206 211 214 216 224 228 234 236 247 260 265 270 271 273 274 279 285 288 298 301 307 315 330 335 
290 113 116 123 131 136 138 143 144 149 150 153 165 166 168 176 181 184 196 197 200 201 203 210 213 217 218 230 231 234 241 243 244 246 250 254 256 259 260 261 263 264 266 268 275 276 279 282 286 289 292 294 297 302 303 311 316 324 325 327 330 
126 115 118 121 124 130 143 145 148 151 154 156 157 159 161 162 170 172 174 179 181 182 187 190 191 192 197 202 204 205 206 207 210 214 219 220 222 224 229 230 236 239 248 250 255 256 260 272 273 274 276 277 281 283 286 293 296 297 307 309 310 312 320 330 334 
98 122 141 143 150 166 168 182 196 200 202 222 238 241 252 263 265 267 272 274 283 287 294 307 308 321 324 333 
185 1 116 136 142 163 212 215 253 268 284 286 307 329 330 
184 115 117 120 123 162 257 282 283 297 
120 114 115 118 128 131 138 140 144 145 148 149 151 152 153 159 160 162 163 165 167 168 170 172 175 179 184 187 190 191 193 197 198 199 201 203 204 211 212 213 215 217 220 226 230 231 238 240 241 242 247 248 250 251 252 257 258 264 266 273 274 284 285 287 295 296 297 301 302 306 310 314 316 317 319 322 323 327 328 
96 113 121 123 126 138 141 142 148 149 156 162 163 167 170 172 173 177 179 180 181 182 184 185 188 189 190 192 194 195 197 205 206 214 218 223 226 228 232 235 242 243 244 247 250 253 254 258 259 266 268 269 275 277 279 281 284 295 300 306 308 310 311 316 318 319 321 323 324 325 327 328 332 
227 163 187 192 203 204 231 246 250 269 299 
31 128 141 162 166 175 177 199 204 209 227 233 248 261 266 268 270 281 285 291 308 322 336 
71 113 115 117 123 124 125 127 128 135 137 140 141 142 143 146 148 149 151 153 156 159 163 165 169 172 174 175 177 181 183 185 191 195 197 198 201 204 207 211 216 222 224 226 233 239 240 241 250 251 252 256 258 259 260 266 269 271 272 277 278 281 283 285 289 291 292 294 295 298 301 302 305 315 317 318 320 326 327 328 333 334 
145 208 
101 186 
273 121 122 124 129 132 134 137 141 147 153 157 160 161 164 165 166 170 171 172 176 177 178 181 185 187 189 193 194 198 203 207 217 219 224 225 235 243 246 248 249 254 255 260 261 264 266 267 274 275 277 281 282 283 285 293 295 298 299 303 309 310 313 315 316 326 331 
139 113 116 119 122 143 145 155 160 165 166 173 186 188 193 194 220 229 231 242 244 247 255 259 262 267 270 276 277 278 279 282 285 286 288 297 299 303 311 317 330 
202 1 122 127 129 134 152 154 157 163 169 172 174 175 177 187 200 202 213 215 216 217 218 219 221 223 224 230 231 236 237 238 239 242 246 248 249 252 255 257 263 264 274 275 277 281 283 286 287 288 292 294 297 303 305 312 313 314 317 320 321 326 329 330 331 332 334 336 
11 1 113 117 120 121 122 123 124 129 130 131 133 134 135 136 140 142 145 148 153 154 164 165 167 168 173 174 175 178 183 184 185 186 187 189 190 193 197 198 200 208 209 213 216 222 224 227 228 233 235 240 242 246 251 252 253 260 263 264 265 269 273 279 285 287 289 291 292 293 295 297 298 300 302 305 309 310 314 316 321 322 323 324 327 328 333 334 336 
133 113 114 119 139 141 148 165 212 216 219 232 234 241 246 251 256 270 277 283 294 295 301 304 306 316 
155 116 119 121 122 123 125 126 132 159 160 162 171 175 179 180 183 190 194 199 202 206 210 211 219 224 225 227 238 241 242 249 252 261 270 274 281 284 290 303 305 316 325 331 334 
194 233 251 294 330 
52 115 125 127 140 154 177 187 190 199 202 205 207 219 227 241 271 284 289 293 296 299 300 301 312 320 326 331 336 
130 113 115 121 123 128 132 138 141 142 143 146 148 149 151 154 167 170 171 176 183 187 190 196 198 199 201 205 206 208 210 212 216 217 218 221 229 239 241 244 247 252 256 268 274 275 281 283 287 290 291 293 294 300 308 310 311 336 
135 120 124 135 138 140 142 143 144 146 150 155 160 165 166 167 168 173 174 176 178 179 182 184 193 194 195 196 205 211 218 219 222 227 228 232 233 237 238 240 242 246 248 249 252 254 259 261 263 264 267 269 271 272 282 290 302 303 312 316 323 328 329 
53 122 125 128 129 131 132 141 145 146 157 160 163 165 169 172 174 175 177 178 180 181 183 184 185 186 192 199 200 207 208 210 219 226 227 229 233 234 235 247 248 250 251 252 255 256 258 261 262 270 271 274 289 290 291 297 301 306 311 314 315 318 320 325 336 
248 115 118 128 130 133 136 151 152 155 156 158 159 164 166 170 175 179 180 181 188 194 195 197 200 203 204 209 210 212 217 227 230 233 234 235 239 240 244 246 248 255 256 258 260 268 271 272 277 278 283 285 286 293 298 300 301 302 303 306 310 317 323 324 
174 1 122 126 128 132 135 140 143 146 149 150 154 156 163 169 172 188 191 192 193 195 196 201 208 214 220 221 228 232 243 249 251 252 258 261 266 269 280 281 285 287 295 300 320 334 
218 115 116 117 128 133 137 138 143 144 146 152 164 167 170 171 176 182 185 187 191 199 200 204 211 215 216 217 221 223 224 236 241 244 247 249 250 251 252 259 263 264 268 271 272 274 276 284 285 287 288 292 298 305 307 311 314 316 317 325 326 329 
181 113 119 128 134 135 137 145 147 148 149 151 155 157 158 159 160 161 168 169 181 184 188 191 197 198 199 200 201 208 211 212 214 221 222 231 233 237 240 245 249 251 255 256 257 262 263 271 277 278 279 281 282 288 292 293 294 299 306 311 324 325 329 331 336 
123 116 118 122 123 124 127 130 131 133 139 141 143 144 149 151 154 156 159 160 161 162 165 172 173 174 177 178 179 182 184 185 186 188 193 194 202 203 205 208 209 214 216 217 218 219 220 221 222 223 224 233 234 237 238 242 245 257 260 262 264 265 267 269 272 279 281 282 287 288 290 291 292 293 294 295 303 305 311 314 315 319 321 323 326 329 332 334 
16 1 114 117 119 120 123 125 128 129 131 141 154 167 168 173 174 176 178 179 186 187 191 192 197 201 222 225 226 229 232 235 244 245 248 250 253 277 278 286 300 302 303 304 308 311 315 319 320 321 325 333 
70 113 115 118 125 131 132 133 137 139 141 154 155 156 158 161 163 164 166 167 169 175 176 181 182 186 187 189 191 193 196 198 199 200 201 207 211 212 215 223 224 226 228 231 232 239 244 245 246 258 260 271 275 276 277 278 279 280 281 282 285 292 293 295 297 299 300 309 313 314 317 318 319 323 324 326 327 334 336 
71 115 120 121 124 126 133 137 147 154 157 172 175 186 206 213 216 222 228 229 232 239 246 250 256 260 270 277 280 284 289 294 296 297 298 303 305 309 312 313 324 326 328 333 
264 114 117 141 143 149 154 159 166 174 175 178 179 182 183 184 186 190 195 204 207 208 209 210 215 225 226 232 233 236 237 250 256 258 272 275 279 280 284 288 300 301 302 315 326 327 335 
66 1 114 117 119 133 143 146 147 148 161 175 177 181 183 185 192 201 203 207 228 232 234 237 240 241 245 246 247 266 267 275 276 278 282 283 286 287 290 292 297 306 307 311 315 323 333 
286 117 120 124 125 126 127 132 140 142 143 150 151 152 155 156 159 160 161 162 164 170 173 178 183 185 188 191 195 197 202 217 225 237 238 239 240 244 257 262 264 266 269 271 273 274 275 276 278 279 280 281 284 285 288 289 295 300 302 303 306 307 311 319 330 331 333 336 
164 116 120 121 124 126 128 129 132 147 149 154 156 159 160 161 164 165 178 181 182 183 184 188 192 193 194 196 199 201 204 205 211 214 216 218 219 220 228 230 238 248 249 251 254 255 256 260 262 265 268 270 271 273 274 277 278 279 280 281 282 284 287 289 291 292 297 300 301 307 308 309 314 315 317 318 319 320 326 327 328 334 335 
207 121 233 
46 1 115 122 129 156 161 165 167 179 181 187 188 190 192 193 194 201 203 204 205 210 212 218 220 235 241 246 257 260 261 267 270 273 283 286 289 293 294 297 302 311 314 316 319 324 325 328 329 330 336 
168 119 129 133 136 139 141 148 151 152 159 161 163 164 167 170 171 173 175 179 184 185 186 189 193 200 201 204 205 209 212 220 226 232 237 238 243 248 250 251 253 256 257 258 259 266 271 274 276 277 278 279 280 294 298 301 304 306 320 324 329 
284 118 123 125 126 129 130 139 140 143 144 149 152 168 170 171 172 174 175 176 185 188 192 197 198 200 201 202 204 205 206 207 208 209 211 217 218 220 221 223 231 235 243 244 246 248 251 252 254 256 261 263 265 269 272 276 281 284 302 304 305 307 308 309 314 315 318 321 328 332 335 
243 132 134 135 146 147 152 154 158 176 191 196 198 205 206 215 219 226 265 275 280 282 297 300 306 314 330 
18 122 124 132 145 146 147 154 157 163 171 177 181 184 186 188 195 197 199 229 232 246 248 250 256 263 274 294 308 309 320 324 333 
296 1 114 115 117 120 123 125 129 132 136 138 142 146 149 151 153 158 160 161 162 163 164 165 167 169 170 174 182 188 198 199 202 205 207 208 209 210 215 216 217 219 223 226 232 237 241 243 246 248 249 252 258 261 263 264 266 268 273 275 277 280 281 283 286 287 289 290 292 294 295 297 300 301 305 311 313 315 317 320 326 331 333 
236 203 256 
51 207 216 311 
51 115 117 120 125 126 133 143 146 147 148 151 152 158 159 165 166 175 182 186 189 192 198 204 211 212 217 218 220 227 237 238 242 247 248 254 263 264 265 270 274 276 277 283 291 301 326 327 329 334 
67 113 123 137 148 160 164 181 186 198 205 215 222 235 238 263 265 267 288 292 301 303 316 319 329 336 
109 113 114 115 118 120 122 124 125 129 130 131 136 137 138 141 142 145 148 150 151 154 155 158 163 165 167 171 175 176 178 180 181 182 183 188 193 195 196 203 204 206 208 210 212 213 214 216 220 222 225 227 230 231 236 237 239 241 243 244 245 250 251 255 257 266 271 274 276 280 282 283 288 294 298 300 306 319 320 325 326 331 335 
290 117 138 145 170 171 182 204 206 208 241 250 253 262 335 
101 113 117 121 122 124 130 132 136 137 138 139 140 141 146 152 157 161 163 166 167 171 172 173 176 178 181 185 191 192 195 202 203 210 211 216 217 219 221 222 223 224 227 231 234 235 238 241 243 245 248 249 256 259 261 266 267 268 270 274 275 276 284 286 289 292 294 295 296 298 305 310 312 314 317 318 319 326 330 333 
160 127 137 206 210 237 238 272 300 
220 114 118 129 134 135 138 141 144 148 158 159 167 175 178 181 185 186 187 188 191 199 202 208 211 214 216 217 218 222 236 240 248 259 262 268 278 282 287 290 295 298 299 303 305 316 317 323 327 333 336 
15 1 119 125 127 130 132 136 138 140 144 157 167 168 169 170 172 176 177 180 181 190 191 193 194 196 197 199 200 201 202 206 207 208 219 223 224 231 232 239 245 252 256 259 271 272 273 274 277 278 280 282 286 288 295 297 300 302 310 311 318 320 323 328 334 335 
283 123 132 142 186 189 208 211 217 219 233 238 242 258 260 292 296 297 299 301 305 306 315 328 
261 120 121 124 127 139 140 145 152 153 154 160 161 167 169 171 172 175 180 193 198 199 215 216 219 220 222 223 226 231 233 235 236 237 239 240 246 252 256 257 258 260 270 272 274 275 276 285 295 300 302 310 312 314 318 322 324 327 334 335 
107 1 113 118 120 121 124 129 131 132 133 139 145 146 147 151 153 154 155 158 161 162 164 167 170 172 173 176 178 181 184 190 191 193 197 208 209 212 217 218 227 236 237 242 243 244 246 247 253 255 258 260 266 270 271 272 273 274 275 276 278 279 280 284 285 286 288 289 290 297 301 304 305 306 310 312 318 319 321 323 328 332 336 
148 1 119 126 128 131 132 139 150 152 155 159 160 163 169 170 190 197 198 206 210 215 219 220 227 228 232 235 238 239 241 245 251 254 256 259 262 267 270 271 287 288 290 294 295 298 300 301 304 306 309 311 314 317 322 326 327 328 329 330 331 332 333 335 336 
154 114 120 124 127 130 132 133 135 136 138 140 146 157 160 165 168 175 177 181 184 185 196 197 205 209 211 227 235 239 240 252 254 261 266 269 273 276 278 280 281 283 285 286 287 288 290 294 295 297 298 299 300 302 304 309 311 316 318 320 326 327 331 333 
93 224 287 295 316 
185 115 117 119 120 124 127 128 133 136 137 139 141 144 145 146 147 153 154 156 157 160 161 162 164 166 174 177 178 185 186 187 190 195 202 206 207 213 214 216 218 221 222 225 228 231 232 239 241 248 253 255 256 259 260 264 265 270 272 276 277 284 287 290 291 292 295 300 301 302 303 304 316 320 321 323 327 329 332 333 336 
27 121 123 136 139 141 142 143 146 153 154 162 164 168 170 173 174 176 185 190 193 195 196 197 200 202 211 212 216 222 223 227 229 237 240 254 255 268 275 286 295 297 298 301 308 315 321 324 326 327 330 331 
196 116 120 121 132 144 148 164 173 177 183 189 198 200 202 204 206 227 244 246 263 265 278 290 292 304 314 318 319 327 333 
265 121 130 135 137 148 153 154 155 162 168 169 189 208 210 219 234 243 244 258 259 263 264 276 277 280 286 293 298 305 315 
146 114 115 117 121 131 137 138 143 144 146 158 162 164 170 173 174 179 181 183 185 189 192 197 198 201 204 205 209 214 219 221 222 223 228 231 242 244 250 253 255 261 265 266 267 273 275 281 287 288 293 299 304 309 312 315 317 319 320 321 325 326 333 
129 1 113 117 119 121 122 124 126 129 130 133 137 139 141 143 144 147 151 152 154 155 161 162 165 167 168 170 178 179 181 182 184 188 189 192 193 197 199 201 204 205 212 213 215 217 218 219 220 222 223 230 235 239 241 243 246 250 256 258 259 260 273 277 279 280 284 287 289 292 293 294 296 297 305 307 311 314 325 326 328 331 334 336 
62 120 124 139 157 159 170 186 217 234 287 333 
73 116 129 131 132 134 146 158 164 170 179 184 195 201 209 226 229 233 244 261 296 303 307 308 318 327 330 
45 117 120 121 124 139 144 147 153 154 157 158 164 166 170 176 178 181 182 183 203 207 210 217 225 227 229 230 242 245 247 248 249 250 254 261 264 270 276 293 296 300 302 304 308 313 315 316 317 318 332 333 334 335 
241 1 113 115 116 118 127 128 135 136 140 141 142 143 145 147 149 151 152 157 158 159 162 165 166 173 175 176 180 186 187 198 201 204 205 207 209 210 211 212 214 215 221 224 225 226 227 233 234 235 238 240 243 244 245 251 253 256 260 261 262 268 270 274 276 277 280 281 283 285 286 288 290 295 297 301 304 305 308 312 325 326 332 
84 1 125 134 142 147 148 149 152 154 159 168 172 173 174 176 177 179 180 183 184 186 189 192 194 197 198 201 206 207 211 215 216 219 224 225 230 235 237 238 243 249 256 258 263 268 278 279 280 284 290 292 293 298 301 305 307 312 313 318 320 322 326 328 329 331 335 336 
55 159 237 247 279 309 319 
250 126 135 138 158 168 169 196 199 207 215 219 220 228 235 242 244 251 260 274 300 309 316 
232 113 114 115 117 118 120 123 124 126 128 130 138 141 142 144 147 150 151 161 164 165 167 168 170 174 177 184 187 191 194 195 197 198 199 200 207 211 212 216 217 218 219 220 222 224 226 229 231 234 239 242 244 247 250 255 258 260 263 267 268 269 272 277 282 283 284 285 288 290 293 295 296 298 301 302 304 307 308 316 319 321 322 328 329 330 333 336 
33 116 118 130 133 149 159 160 171 173 178 191 198 201 202 204 223 236 242 247 255 264 271 275 276 278 309 317 321 324 
202 113 115 118 123 124 125 127 131 137 139 142 143 148 149 152 155 156 157 158 161 163 166 167 169 172 174 178 184 194 196 197 198 205 206 208 211 213 214 220 224 226 228 231 233 235 236 237 239 247 248 249 256 261 262 263 264 266 269 270 274 279 282 285 286 295 300 306 308 312 314 318 321 327 330 331 333 334 
98 120 124 125 127 128 129 131 132 137 140 142 150 152 154 155 157 158 163 164 167 173 179 184 187 188 192 195 197 201 202 204 212 214 216 218 219 226 233 242 254 257 258 263 264 265 266 267 268 272 274 275 276 279 280 282 284 287 291 294 295 298 300 303 306 311 321 322 324 325 326 328 329 331 335 336 
145 1 115 118 120 122 123 125 126 127 130 134 138 139 142 144 145 146 147 148 151 153 156 159 164 165 168 173 174 175 176 181 183 184 189 193 194 201 206 208 211 212 214 215 218 219 221 224 226 229 231 232 233 234 236 237 239 242 243 246 247 249 258 264 266 268 269 272 276 280 281 283 288 289 296 302 304 305 316 322 325 327 330 331 333 
177 113 122 123 128 133 135 139 143 146 150 155 161 162 164 179 180 185 186 187 189 192 195 208 223 231 236 240 242 253 254 258 261 269 274 281 292 296 306 312 313 320 327 328 
289 115 123 127 129 134 135 137 138 140 143 145 148 153 161 163 164 169 173 174 176 184 185 194 195 196 204 205 206 219 220 225 227 230 232 235 238 241 242 244 245 248 250 255 261 262 263 265 278 280 281 283 284 285 287 288 289 291 293 294 297 300 301 305 306 309 311 313 316 317 319 321 330 331 332 333 336 
237 114 131 139 145 148 151 152 167 169 170 178 211 215 216 218 221 227 232 235 237 274 283 284 297 300 305 312 318 330 335 
152 113 115 117 119 122 123 126 128 129 131 135 137 141 142 146 147 149 152 156 160 162 165 166 173 177 180 185 195 199 201 204 206 208 214 215 218 219 220 221 222 226 227 228 229 230 234 235 238 240 246 248 253 254 261 269 270 271 272 273 280 282 283 287 291 297 298 301 303 304 308 309 310 311 312 313 315 322 326 327 330 333 335 
117 142 151 176 202 221 238 241 257 276 287 303 318 332 
165 118 128 133 134 136 139 148 153 160 162 163 164 171 172 181 184 185 187 193 202 203 204 205 208 216 222 230 235 236 239 240 245 255 256 257 266 267 269 270 275 282 283 285 288 289 303 312 314 322 330 333 334 
273 119 131 142 154 159 161 163 175 197 212 236 241 243 248 257 271 272 278 307 311 318 324 328 336 
207 114 119 121 129 130 137 138 139 145 146 150 154 157 162 163 166 167 169 177 179 182 184 185 187 192 196 197 199 201 202 203 204 209 210 211 218 220 222 223 224 225 226 227 230 231 232 233 235 237 240 242 246 250 251 252 256 260 261 266 267 269 279 283 285 292 293 299 300 303 304 305 306 307 308 312 313 315 320 325 327 331 332 333 334 336 
260 113 120 127 130 133 146 147 148 162 168 172 181 191 193 195 201 202 210 213 223 228 232 233 247 255 259 262 263 265 266 275 279 334 
181 133 138 176 192 211 222 232 308 313 321 
262 116 118 121 122 124 126 130 131 132 135 138 139 140 143 144 146 147 148 152 155 158 161 162 164 171 176 182 187 189 194 196 197 199 200 202 203 204 205 207 209 210 213 222 223 226 227 232 233 236 241 243 244 247 248 250 251 252 254 258 260 264 265 267 273 275 276 277 280 281 282 283 284 286 292 296 305 313 314 318 321 323 325 329 334 
204 1 129 134 139 154 162 167 171 187 211 213 218 229 237 238 240 241 243 250 251 252 255 271 273 276 308 310 318 319 322 324 329 330 331 
101 152 202 251 
270 1 119 121 127 130 132 143 145 146 153 154 155 157 161 168 171 177 179 191 193 201 202 208 212 215 216 217 220 223 234 235 237 238 241 246 249 250 251 254 263 266 270 273 283 285 287 299 301 306 310 317 322 
267 130 148 154 160 166 178 179 180 190 207 210 213 217 218 235 238 252 253 262 263 266 270 279 293 301 310 311 318 320 323 329 333 
14 117 118 127 132 149 162 163 165 179 185 201 216 218 246 250 266 273 294 318 322 323 325 326 327 
122 118 125 137 138 143 149 151 159 162 166 170 177 179 192 206 221 223 231 233 237 255 258 284 291 297 308 319 336 
114 114 115 129 132 135 137 141 149 153 163 164 166 169 186 197 200 203 205 207 211 214 217 219 221 224 226 227 228 238 241 246 251 258 259 263 274 277 282 284 289 291 293 294 298 304 305 310 315 316 320 328 336 
31 127 147 149 176 178 208 209 212 218 226 227 251 255 266 271 277 291 295 311 320 326 329 
254 129 130 140 146 147 148 161 166 172 176 184 189 193 198 200 206 220 230 264 265 272 275 279 287 299 304 307 314 317 319 321 324 329 
148 114 116 124 134 136 142 147 148 151 164 165 170 173 174 177 178 180 184 189 200 205 207 212 216 223 224 226 229 232 235 236 249 252 254 258 259 267 275 276 279 281 284 297 308 311 329 331 334 336 
249 113 117 119 120 124 127 134 136 140 148 149 155 156 160 161 167 168 173 177 182 184 185 186 187 188 190 192 198 200 205 206 210 211 212 213 224 226 230 231 232 233 234 236 243 250 252 254 256 271 273 274 276 277 287 288 291 292 302 304 309 312 315 317 321 325 333 336 
213 114 122 124 127 152 154 157 173 175 183 184 186 188 209 213 223 225 229 230 259 262 280 282 283 290 310 314 327 332 
188 1 113 115 117 118 119 125 127 132 142 146 153 162 163 169 175 177 178 185 188 189 195 200 202 207 211 213 215 217 219 221 224 226 227 231 232 236 242 249 253 256 258 265 267 269 270 271 275 276 278 280 282 283 284 289 294 298 300 304 307 317 318 333 336 
20 120 122 129 135 137 141 143 149 150 151 159 163 165 167 173 176 177 178 182 186 187 189 190 194 195 199 203 204 209 215 217 233 234 235 238 239 240 244 249 250 251 253 256 274 277 279 281 283 284 285 286 290 298 299 305 307 308 322 326 330 335 
44 113 115 120 121 122 125 127 128 136 138 147 148 154 158 164 168 171 175 176 178 180 181 185 188 191 192 193 198 200 203 205 207 208 211 212 217 220 222 223 225 227 229 230 231 233 234 236 238 241 247 248 250 252 253 254 258 260 263 266 268 269 270 271 275 279 281 282 284 286 287 292 297 299 301 303 306 307 308 309 310 312 314 322 323 327 328 331 333 
60 113 114 119 120 124 129 131 132 139 141 144 146 154 157 159 163 166 170 173 181 192 196 197 198 204 207 211 214 217 220 222 226 227 243 244 249 250 252 253 271 272 275 282 293 294 296 297 300 302 307 310 316 321 324 
222 131 142 149 156 164 167 169 184 186 195 197 203 213 215 223 227 242 246 255 257 258 263 267 278 284 285 302 307 308 317 321 323 331 
24 122 124 125 127 128 132 134 136 140 146 150 152 153 169 171 174 176 180 181 185 193 194 198 200 202 203 205 210 216 219 220 225 228 230 232 235 238 239 243 244 246 258 262 266 267 269 275 283 284 286 288 290 294 299 300 306 311 313 319 320 322 324 329 330 332 336 
144 124 128 130 135 142 143 151 157 160 161 163 164 167 171 172 175 182 186 188 193 196 200 208 211 215 221 234 235 243 254 256 261 276 281 282 283 287 288 290 293 298 307 318 323 326 329 330 331 334 335 
77 113 114 128 133 141 162 178 192 210 216 315 321 323 
230 113 116 135 168 177 182 206 211 216 233 254 255 272 
76 1 113 115 123 125 129 138 143 147 149 158 162 163 164 168 169 171 172 174 177 190 192 204 205 206 208 214 217 222 226 239 249 252 264 265 272 286 288 295 305 317 328 329 336 
47 1 115 117 134 136 138 140 143 148 156 163 166 170 172 173 177 180 181 189 205 206 208 216 223 231 233 237 238 250 253 255 258 262 267 276 282 291 294 303 304 312 323 325 326 327 
28 113 116 128 134 137 141 142 146 165 166 173 174 175 177 183 187 188 196 200 205 212 216 217 230 247 250 256 258 261 265 267 269 282 285 298 303 304 308 319 322 324 327 328 335 
80 154 169 225 269 273 
106 114 125 126 192 204 
101 1 120 128 130 142 164 180 181 188 195 204 210 211 236 238 262 264 279 306 322 332 334 
141 113 114 118 119 120 121 123 124 126 130 131 133 134 137 139 141 145 147 149 150 153 155 167 169 170 175 176 177 185 187 188 189 190 191 194 197 198 200 201 203 204 205 206 207 208 209 218 220 223 230 231 233 234 236 237 238 245 246 251 254 255 257 261 263 264 265 269 272 276 281 282 283 286 287 294 295 297 301 305 308 309 313 314 324 331 334 335 336 
251 116 117 120 126 129 132 133 149 154 157 159 162 165 168 173 175 182 183 187 189 190 192 197 198 201 205 221 225 236 256 259 260 265 273 276 277 278 285 286 290 291 292 293 294 297 304 309 325 
132 120 134 138 140 151 155 158 168 171 200 209 212 213 222 224 226 229 232 233 235 250 251 255 264 267 269 274 279 280 292 296 304 305 307 316 320 330 
101 113 115 118 120 122 124 125 127 129 136 137 140 142 143 144 157 164 165 168 169 170 173 180 185 189 193 197 202 204 207 209 210 214 215 216 217 218 219 222 224 225 227 230 231 234 239 241 243 246 248 257 258 261 263 266 269 270 273 276 282 283 287 288 290 293 294 298 299 301 305 311 312 314 315 317 318 319 320 321 322 
33 133 140 147 159 160 164 165 166 172 186 196 211 224 226 232 253 265 268 280 287 288 306 320 324 327 
287 1 116 118 121 137 143 144 149 153 154 158 159 161 166 183 187 189 194 201 202 204 208 209 210 211 213 216 217 221 226 229 235 238 240 241 250 254 260 265 270 289 293 297 298 299 303 304 325 327 331 332 334 
96 117 119 123 129 132 141 143 150 156 159 162 170 183 184 187 189 197 199 200 207 210 221 223 228 229 230 234 235 237 244 250 256 257 261 265 268 269 270 271 289 291 293 294 295 296 297 301 310 313 319 322 324 326 332 333 
86 1 116 117 119 124 126 127 130 134 136 137 140 142 148 149 155 159 160 163 165 168 172 173 175 178 179 180 184 191 193 197 203 204 207 210 213 216 224 226 228 229 235 236 242 243 249 252 253 256 258 263 264 267 271 274 276 281 282 284 285 291 293 294 296 298 301 306 311 314 319 320 323 333 
50 134 226 257 270 286 
18 121 123 129 133 134 140 142 143 147 150 151 155 166 167 168 171 177 180 187 190 194 209 212 213 219 222 227 228 233 244 249 253 258 261 270 276 285 286 291 295 300 302 306 312 313 314 319 321 323 328 329 331 336 
272 116 128 129 130 147 149 150 151 152 153 161 162 164 170 180 181 185 186 188 190 192 193 196 205 212 214 219 231 247 249 251 254 256 267 268 271 278 279 280 292 294 305 311 312 314 315 316 319 320 323 331 
83 158 260 
257 115 120 121 128 135 137 138 140 143 152 156 163 174 180 181 196 202 205 206 209 233 262 264 274 279 310 318 326 331 336 
230 113 117 118 119 122 124 127 128 134 137 144 145 146 158 159 171 175 180 183 184 185 189 191 192 200 202 212 216 218 219 220 237 240 241 242 245 250 251 253 254 258 262 270 272 277 284 289 292 293 295 299 302 306 308 309 313 316 320 321 325 326 329 331 334 335 
181 114 117 124 135 144 147 149 150 151 152 156 158 163 164 172 180 183 185 193 195 204 206 211 219 231 232 235 236 238 240 247 248 249 251 252 255 256 283 285 289 290 294 296 303 304 332 
49 1 117 121 124 125 126 128 132 135 137 138 144 145 149 150 151 153 154 157 161 166 171 176 181 184 188 189 192 196 200 202 203 204 206 210 218 219 221 222 224 225 226 228 229 231 235 237 242 243 246 247 253 255 260 261 262 269 270 271 272 275 276 278 281 282 283 284 286 288 290 303 307 310 313 315 316 318 319 322 323 324 325 326 330 332 333 
287 130 136 144 145 150 153 156 160 162 166 167 168 173 174 177 182 184 186 189 190 195 197 198 200 201 210 222 224 235 239 247 248 249 253 255 256 259 260 263 266 269 272 275 276 279 280 285 286 295 300 305 307 308 310 317 327 334 335 
178 114 122 126 129 131 132 134 136 137 138 140 143 146 150 151 152 156 158 160 162 163 166 168 169 171 172 180 185 188 193 196 199 200 202 203 204 205 206 214 217 220 223 224 232 234 235 236 239 243 244 253 254 255 263 264 267 268 269 270 275 277 283 292 294 295 299 300 310 313 314 318 319 320 322 323 325 327 328 330 333 334 
160 132 152 320 333 
99 121 138 139 144 146 147 158 165 171 174 178 183 187 190 196 201 217 220 224 229 231 232 242 243 248 251 253 254 255 264 265 273 280 287 306 309 310 312 314 325 327 
100 1 119 140 145 148 149 163 167 179 184 185 193 195 198 201 209 229 236 244 250 252 267 269 271 272 276 280 289 293 295 307 325 
143 120 130 133 139 141 142 147 152 162 166 175 190 192 198 200 209 222 229 234 242 248 253 254 268 280 285 289 298 317 322 325 
294 1 122 123 124 129 134 135 140 143 154 160 161 162 163 166 169 171 172 174 175 179 182 187 188 189 194 195 196 204 213 223 233 234 237 238 240 245 246 248 255 256 257 263 267 277 278 283 289 294 298 299 301 305 310 311 321 324 325 327 330 332 334 335 336 
105 1 113 114 117 128 131 148 156 157 159 162 163 167 173 174 178 186 188 189 194 195 202 207 210 212 222 228 229 233 237 238 248 264 270 276 277 281 287 288 289 291 296 306 307 310 311 318 319 323 330 332 334 
118 119 132 133 148 153 155 156 160 166 190 193 196 204 213 216 251 252 255 277 287 311 315 317 320 325 
48 121 126 128 133 135 185 189 208 217 221 239 312 318 334 
157 116 120 124 127 131 138 140 146 155 159 165 175 176 180 182 183 184 196 198 202 208 209 220 224 225 233 234 239 243 266 269 270 272 275 283 285 286 296 297 304 307 308 312 313 316 319 322 327 
18 1 116 117 118 128 134 136 139 149 150 154 158 164 166 176 177 185 189 193 196 198 202 203 205 209 215 224 225 227 228 232 233 236 239 241 244 249 250 253 255 258 266 271 276 277 280 287 292 296 304 305 307 310 313 315 318 325 327 329 331 333 335 
66 1 118 124 125 126 132 134 136 138 139 140 141 143 144 146 170 172 176 182 186 192 200 201 202 203 205 207 209 225 232 233 235 241 244 245 246 248 250 251 263 266 274 276 278 280 282 291 295 296 300 310 312 315 318 321 323 326 331 332 335 
287 114 115 116 118 119 120 121 127 131 132 134 137 139 146 156 157 158 160 165 167 168 170 171 172 173 175 186 189 197 204 211 216 224 225 231 233 235 242 243 251 256 258 259 260 265 266 268 273 277 279 283 287 295 297 300 303 318 320 323 325 330 331 336 
47 124 143 145 155 156 160 166 169 178 183 190 199 200 201 203 208 211 212 217 218 219 223 224 228 232 233 237 242 244 245 254 258 259 266 268 281 283 288 289 290 297 301 303 306 307 308 309 313 319 320 321 324 327 329 
79 113 115 118 124 125 129 139 141 147 150 151 153 165 170 173 177 180 182 184 186 190 191 196 200 205 206 207 208 209 211 217 219 221 222 223 224 230 231 232 239 241 244 247 248 249 251 256 257 260 267 269 272 273 280 284 286 288 295 301 303 305 315 325 326 328 329 330 331 332 
137 115 117 124 134 135 139 146 152 159 166 169 170 171 179 180 181 184 189 190 194 196 197 213 227 231 243 266 268 278 282 285 288 291 294 299 301 303 304 305 307 308 312 313 323 327 332 335 
233 113 116 125 142 145 149 156 160 167 171 175 181 188 197 198 201 203 205 207 208 209 211 212 213 218 221 222 223 226 227 229 230 235 239 240 245 248 250 257 258 259 260 262 264 265 270 273 278 279 281 282 284 287 293 295 297 301 305 312 313 315 319 320 326 327 
211 148 153 184 222 226 233 239 252 253 283 
204 114 115 117 131 133 136 137 142 148 150 152 156 157 160 163 164 165 166 168 172 173 176 179 186 190 191 195 197 202 209 211 216 221 224 226 236 237 238 242 245 247 251 259 260 266 268 275 276 284 292 293 294 304 305 307 309 312 313 319 321 323 330 335 336 
129 117 125 126 131 132 153 166 174 179 180 182 188 191 203 212 214 216 218 224 241 248 269 272 286 294 295 300 304 320 325 335 
7 121 122 123 129 141 145 155 156 159 160 163 166 167 173 174 180 181 182 185 188 189 190 193 195 196 200 201 202 203 211 220 221 222 223 232 238 240 242 243 245 246 248 251 253 254 255 257 261 263 276 280 287 288 290 291 295 296 302 305 306 307 308 312 316 317 322 323 326 333 334 
265 113 116 125 130 135 140 142 143 159 167 186 195 197 201 204 207 211 213 218 219 224 225 231 233 235 246 247 249 253 254 264 269 270 271 276 286 290 291 294 297 298 302 303 304 308 313 318 319 320 328 
164 126 129 131 132 133 136 138 143 148 151 160 164 168 171 172 174 177 180 182 184 185 190 192 193 196 197 198 200 205 210 211 212 216 219 222 241 242 249 252 262 263 264 265 267 268 269 271 273 275 276 280 281 283 292 293 294 295 298 299 307 316 318 324 325 326 329 333 
14 117 135 137 143 145 150 153 159 168 169 195 202 219 222 229 243 253 257 267 269 271 273 278 285 286 291 300 319 322 329 
168 115 116 117 128 133 144 146 161 165 175 180 181 191 201 204 210 227 238 264 272 275 281 291 299 300 303 306 308 315 319 324 
72 184 
22 114 116 117 120 126 137 138 139 140 142 145 148 150 154 155 158 161 164 168 170 174 175 176 177 178 181 185 187 188 189 191 192 196 200 203 204 205 208 211 213 219 224 225 227 229 232 233 234 235 242 243 256 257 258 261 267 272 274 277 286 290 291 296 297 300 301 302 305 308 311 312 313 315 319 322 323 325 328 330 334 336 
105 1 113 116 120 122 124 127 130 132 133 138 139 142 143 145 150 165 167 171 173 175 178 179 181 183 189 191 193 196 200 204 206 209 210 213 217 220 223 228 229 234 237 240 247 249 253 254 256 258 264 269 270 274 276 281 283 285 287 289 290 292 297 299 301 303 306 310 312 316 320 321 324 326 327 329 331 333 334 
273 1 117 119 121 122 125 133 135 143 144 149 156 158 159 163 166 168 170 173 175 176 177 180 186 190 196 198 199 201 205 208 209 211 213 214 215 216 221 222 226 227 231 232 233 238 239 240 242 248 254 264 268 275 276 279 298 299 305 307 313 317 319 327 330 333 335 
166 1 114 117 118 122 123 124 125 127 129 130 135 138 143 144 145 149 152 153 161 163 165 166 169 172 173 174 179 180 181 182 185 186 187 188 189 192 195 197 200 201 203 205 206 208 211 215 225 227 228 231 232 233 234 236 237 241 244 249 254 255 259 265 273 279 280 283 285 286 288 291 292 296 311 316 317 319 322 324 327 328 330 332 336 
178 182 206 320 
282 113 114 117 128 135 136 139 140 148 153 158 164 166 167 172 174 181 182 185 189 193 215 230 235 236 239 240 243 246 252 254 259 260 261 263 265 268 269 272 278 282 283 289 290 293 296 300 309 310 318 319 325 326 328 332 336 
69 121 125 129 141 148 155 159 170 175 177 180 181 183 188 190 194 196 201 209 224 240 243 250 270 272 283 285 294 312 315 321 326 
300 113 118 119 128 133 134 137 139 142 151 157 163 165 168 169 176 180 182 185 191 195 200 202 205 211 213 214 221 230 236 237 244 250 252 255 256 259 260 263 273 276 289 306 307 315 320 322 
180 113 114 115 117 118 121 122 129 133 134 137 138 139 141 146 149 150 155 159 162 173 177 180 187 190 195 196 197 198 205 206 208 211 212 217 220 221 222 223 228 229 230 239 241 243 244 249 251 254 255 256 258 265 267 268 276 277 279 280 281 284 292 294 295 296 298 302 309 310 316 317 318 323 324 326 330 332 
104 114 115 116 117 119 124 125 127 130 133 135 136 139 143 146 147 150 151 156 157 158 159 162 169 170 184 186 195 196 197 199 202 205 208 210 213 214 216 217 222 228 231 232 233 237 244 246 248 249 256 258 260 263 266 272 276 278 279 281 286 288 291 294 295 298 299 304 307 313 315 320 322 325 329 330 333 336 
188 122 130 137 142 143 144 145 147 150 157 159 161 163 167 171 176 181 185 187 189 191 192 201 202 203 204 206 213 215 216 217 219 220 222 223 224 225 227 228 241 242 247 248 251 252 254 255 262 263 266 269 272 274 277 284 285 286 287 288 289 290 292 293 296 297 305 307 308 313 317 318 320 322 331 336 
59 132 151 195 224 283 296 
249 115 126 128 155 165 169 174 201 217 219 237 246 255 259 267 282 284 285 286 291 297 316 317 322 328 330 335 
95 240 67 209 253 1 232 197 227 141 183 284 14 236 40 246 154 101 105 102 60 21 228 115 73 221 239 175 157 168 179 247 117 67 138 196 140 134 117 111 20 230 251 20 162 74 193 112 270 150 167 192 253 45 268 267 92 292 35 211 79 183 180 104 267 77 118 265 94 49 277 174 54 249 76 149 64 277 273 149 128 92 50 112 295 295 261 100 279 300 235 291 278 171 151 74 277 130 175 46 128 171 169 151 61 145 177 294 7 58 62 169 270 253 62 236 96 221 141 223 233 101 287 67 122 221 13 227 44 274 109 144 10 115 221 98 111 32 79 57 40 97 13 148 134 58 75 284 207 229 245 279 40 42 151 57 116 8 290 19 285 173 55 283 57 100 89 214 139 275 299 147 98 226 50 150 105 291 28 186 62 285 265 194 198 124 219 180 265 241 162 53 289 65 293 22 157 176 208 280 56 42 297 121 286 121 288 105 25 186 77 79 17 116 152 27 275 271 256 82 2 294 267 139 165 263 70 211 168 289 27 179 29 83 227 203 75 95 237 204 235 70 242 247 69 158 9 62 45 21 23 86 13 204 67 270 197 41 54 125 210 178 204 107 245 153 270 68 66 143 114 213 113 237 297 87 181 287 133 247 290 155 253 251 136 241 249 228 292 67 232 71 138 228 209 296 27 69 21 27 134 123 52 123 155 221 59 204 124 89 226 193 244 247 82 57 147 74 72 240 18 257 233 28 70 154 32 88 268 6 185 243 240 8 17 91 
