226 339
153 114 122 123 124 127 145 149 150 164 169 171 172 177 192 194 198 199 203 211 222 223 226 239 244 246 248 252 254 260 261 269 271 272 279 286 288 290 291 293 303 308 310 314 315 321 332 334 339 
3 114 116 118 120 123 124 126 131 133 135 136 138 141 145 148 152 167 169 179 181 186 190 195 197 202 206 207 208 214 218 219 222 224 228 231 234 235 238 241 244 245 246 247 251 255 260 263 266 268 271 274 278 280 283 284 288 294 296 301 308 309 312 313 315 318 320 322 330 332 336 339 
47 114 118 121 122 123 129 140 142 146 150 153 155 156 157 165 174 177 178 180 181 182 184 190 192 196 197 200 202 213 220 223 231 233 243 244 252 254 256 260 262 264 266 267 271 273 278 279 286 288 290 291 294 298 301 303 306 310 314 315 317 318 322 327 328 329 330 331 333 334 337 
227 120 125 136 140 160 179 183 193 203 210 214 228 257 258 268 272 275 278 300 303 319 331 337 339 
50 122 123 127 128 131 132 135 139 140 154 156 160 161 169 172 181 185 187 188 192 238 240 245 248 249 251 252 258 264 281 287 288 296 302 303 306 307 308 311 312 313 318 325 326 328 333 
129 1 114 117 118 123 130 131 133 134 135 137 141 143 146 147 151 152 157 160 161 164 165 166 168 170 172 178 180 181 183 185 188 192 193 194 196 199 203 204 213 214 219 220 221 223 224 225 229 232 233 239 240 250 253 258 267 270 275 279 283 285 286 288 292 293 294 298 299 301 306 314 317 318 321 324 327 329 331 334 336 338 
128 1 115 118 120 125 126 128 135 144 163 167 179 180 181 190 206 224 229 230 233 241 244 251 253 255 257 263 267 269 274 283 289 294 300 303 306 309 311 323 328 332 
102 1 114 118 121 122 123 124 126 128 129 130 133 135 136 141 142 143 146 155 156 159 160 164 166 168 172 177 180 181 183 185 186 191 192 193 194 198 199 201 202 204 205 206 211 212 220 225 229 235 240 242 243 244 252 255 259 262 267 269 273 275 280 284 285 290 291 295 296 297 298 304 305 308 309 311 312 313 318 319 320 322 327 329 334 339 
84 116 117 119 121 125 126 127 132 137 138 141 143 145 148 150 154 160 161 165 170 171 173 174 175 179 181 184 185 188 191 194 201 202 203 210 217 219 221 223 225 226 231 232 233 236 238 242 243 244 246 248 251 254 257 259 260 262 266 270 273 276 278 279 281 286 287 288 291 292 295 296 297 300 301 303 304 307 308 312 314 316 318 322 323 324 332 334 335 337 
202 121 142 149 154 159 163 193 199 200 202 213 221 227 228 248 251 255 256 259 261 262 264 270 289 305 306 311 
227 114 115 116 118 120 121 125 129 133 134 141 142 144 145 155 157 158 161 163 165 168 169 171 172 173 174 178 179 180 184 186 191 192 199 200 202 203 204 205 206 208 210 213 216 217 226 229 231 232 233 236 239 242 243 249 253 272 275 276 277 285 286 287 289 301 303 305 311 312 313 318 320 322 324 325 326 331 333 335 336 338 
117 119 129 135 136 142 154 169 174 181 182 184 187 191 211 214 221 234 257 263 269 284 289 296 298 302 308 316 317 333 
18 152 
13 1 114 143 150 277 304 305 
109 114 117 118 121 122 132 136 137 143 145 148 149 150 152 153 165 166 168 169 171 178 187 188 195 203 213 214 215 218 224 225 226 227 228 230 240 250 251 252 256 257 258 259 261 267 268 274 276 279 281 286 289 290 293 294 303 305 306 309 316 323 324 329 333 335 
121 133 136 139 142 148 156 173 194 198 211 227 228 232 239 244 246 248 267 276 283 289 290 291 307 312 316 321 323 335 
247 115 141 155 168 177 198 205 213 215 221 226 244 257 279 280 294 321 329 
159 114 116 122 123 124 134 135 138 142 144 148 151 157 158 165 168 169 173 175 179 181 182 185 188 193 197 198 200 201 205 213 216 221 223 226 228 229 233 235 238 244 247 249 250 252 255 256 260 261 262 264 266 267 268 269 273 276 281 282 286 290 293 296 297 299 306 307 308 309 313 315 317 320 327 332 335 339 
39 116 128 153 164 174 178 183 184 198 205 224 238 265 283 298 311 312 320 333 338 
94 1 114 118 121 124 129 132 136 141 149 150 156 157 163 164 166 169 170 171 173 174 176 178 179 180 182 183 184 185 188 189 190 191 192 194 195 207 209 210 213 214 215 216 219 220 221 224 231 239 246 249 252 254 258 259 260 261 263 265 268 269 271 274 275 286 290 291 304 309 310 312 314 317 323 325 332 334 
293 117 118 120 140 147 150 153 162 164 165 166 169 170 172 182 183 187 190 194 200 203 204 205 212 215 221 223 232 235 238 239 249 253 260 265 269 272 276 282 283 286 287 288 290 291 293 299 301 315 332 335 338 
66 114 116 118 122 126 127 130 136 137 142 143 149 150 155 156 157 160 163 165 167 170 175 177 180 183 186 187 190 191 193 194 196 197 198 201 204 210 214 216 218 224 225 233 234 235 237 239 240 243 246 257 258 260 263 264 265 267 273 278 280 282 284 286 287 288 292 293 298 302 304 306 307 312 313 319 329 334 335 338 
126 197 230 238 241 275 322 
289 114 115 118 122 124 127 132 135 148 149 152 154 158 161 162 166 168 169 171 172 175 178 180 181 184 186 188 196 197 199 202 206 209 211 213 219 220 221 224 226 229 234 243 262 264 266 267 271 274 275 277 278 280 281 288 292 293 294 296 297 298 302 306 308 311 313 328 329 332 334 
208 115 117 124 129 135 137 138 139 142 148 151 158 159 170 174 175 177 181 183 184 190 193 194 195 202 203 207 208 209 217 224 227 229 230 233 236 237 246 247 253 257 260 274 275 281 287 290 291 297 298 300 302 305 308 325 327 330 332 335 338 
223 118 129 141 144 169 200 213 218 232 236 238 251 277 280 286 289 292 295 304 308 311 329 332 
141 114 115 116 118 120 122 127 129 130 131 132 134 138 147 152 153 154 155 157 158 160 167 168 170 172 180 183 184 191 194 197 200 202 204 205 209 210 212 217 218 222 225 229 231 237 242 244 247 249 252 256 260 266 268 273 275 276 279 283 285 288 290 291 293 294 296 298 299 303 304 305 306 307 308 309 311 313 318 320 321 323 326 328 331 334 338 
57 114 117 118 119 121 126 132 134 136 141 144 145 146 149 153 163 167 171 175 176 178 188 191 202 204 205 206 211 213 220 221 223 224 228 233 236 237 239 240 242 243 245 247 248 250 254 258 259 263 264 267 268 269 276 277 282 285 288 289 290 291 293 298 300 303 304 305 309 311 313 316 321 323 325 328 332 335 336 
130 115 117 121 122 125 135 139 142 144 151 158 166 168 171 175 178 183 184 191 196 199 200 209 212 215 222 225 232 239 243 245 250 252 253 259 264 266 267 272 273 278 280 288 293 296 300 302 304 306 307 311 314 316 329 331 337 339 
34 1 115 118 120 121 122 125 130 134 135 136 138 140 142 147 148 153 154 155 167 169 170 171 173 174 175 176 183 185 186 187 188 190 195 201 209 211 212 213 214 216 217 220 221 229 230 234 238 244 245 246 247 248 249 252 253 255 264 267 271 272 274 277 279 281 283 284 285 288 289 291 293 294 298 305 309 315 317 320 321 322 323 324 325 331 332 336 338 
166 115 117 121 122 129 130 133 137 139 145 155 161 162 165 168 171 172 173 177 190 192 202 205 208 213 222 225 226 227 230 234 238 240 242 249 250 251 254 257 262 263 269 272 276 277 278 282 283 285 288 291 292 297 299 303 304 307 308 312 314 315 316 319 320 332 339 
94 114 115 118 120 123 130 131 136 142 144 145 150 155 156 167 169 176 177 179 181 184 195 198 199 200 201 206 208 211 212 219 223 224 227 237 242 245 246 250 251 265 271 273 276 280 283 287 289 291 294 295 303 310 312 313 316 317 319 320 322 323 325 326 327 328 331 332 334 335 
259 114 127 259 282 302 
226 115 123 149 162 167 170 174 179 187 194 200 231 245 251 262 263 264 270 274 275 276 279 283 299 302 318 334 
187 116 118 119 122 124 126 128 129 130 133 136 137 142 144 145 151 153 154 155 157 158 160 161 164 166 169 170 171 173 176 178 181 182 183 189 199 201 203 204 208 209 213 214 216 224 227 228 230 232 234 237 240 241 243 246 252 257 258 259 262 265 269 273 275 280 281 282 283 285 289 290 296 297 300 303 311 312 314 315 320 322 323 327 330 332 335 337 
294 1 121 123 125 126 130 140 152 156 167 169 176 181 182 196 207 209 213 214 221 222 229 230 235 238 241 247 250 252 261 271 281 282 291 292 297 299 308 310 327 331 333 
52 118 126 143 155 164 174 177 184 189 210 211 221 241 258 262 276 294 297 307 
124 115 116 117 118 129 131 132 133 137 138 139 140 141 143 145 146 147 148 149 150 153 158 159 163 164 165 168 169 171 173 176 177 179 189 194 196 204 207 210 211 214 215 218 219 228 232 233 238 240 241 242 244 245 246 247 248 249 250 258 263 264 266 272 276 278 281 282 286 288 293 295 296 297 300 302 304 307 311 315 317 321 322 332 334 335 
300 119 121 125 128 133 134 135 142 147 152 153 173 181 191 192 200 203 210 217 234 236 241 251 255 263 266 269 274 278 293 299 301 302 305 306 315 320 322 324 328 334 335 337 339 
207 1 124 126 130 131 133 134 138 139 140 141 143 144 147 149 150 154 156 157 163 165 167 168 176 177 181 187 188 191 192 194 196 197 198 203 204 212 214 216 218 219 238 240 243 246 254 258 259 260 264 266 267 271 272 273 275 278 279 283 289 291 301 312 323 325 330 331 332 333 334 335 
124 119 128 149 180 202 227 245 252 254 
205 1 117 118 119 123 125 126 127 128 131 133 139 141 145 146 151 154 158 160 162 163 183 184 186 191 194 204 205 210 212 213 215 223 225 232 236 238 240 241 244 245 253 254 256 257 261 262 263 269 271 279 283 284 286 287 289 291 292 293 295 296 297 298 305 308 315 316 325 329 332 334 335 336 337 338 
64 120 121 125 128 137 139 147 149 152 154 158 162 163 165 168 169 170 181 184 195 197 201 204 206 211 225 226 227 229 232 238 240 242 245 246 247 251 252 261 262 263 266 269 272 274 277 278 281 286 291 292 293 300 302 303 305 306 308 315 317 318 329 334 
279 1 115 117 119 121 123 124 125 138 151 152 153 157 158 160 162 163 169 172 173 175 179 182 183 186 188 189 194 197 198 202 203 204 206 209 212 213 216 217 221 222 223 225 227 229 230 233 234 239 240 243 246 247 250 256 258 259 260 267 269 272 273 276 280 287 288 290 291 296 299 303 305 308 310 313 318 320 324 325 327 328 334 336 338 
100 123 134 151 167 200 208 219 251 264 278 
142 115 123 125 127 136 142 148 150 174 177 188 190 195 196 209 210 212 219 221 225 240 246 248 249 253 260 276 283 290 305 306 308 316 320 333 336 
102 117 142 161 163 188 200 218 222 236 249 253 254 255 268 270 273 281 290 294 297 301 315 316 320 327 329 336 
92 116 119 122 124 126 128 129 130 137 138 139 143 144 152 159 167 170 173 181 188 189 193 199 201 206 208 209 210 214 216 221 224 227 228 229 231 234 235 237 242 248 252 253 255 256 259 261 269 280 284 285 291 294 306 308 311 314 316 322 323 330 335 338 339 
190 116 123 124 126 131 133 136 139 146 148 149 150 152 153 158 159 162 165 167 169 170 171 173 174 177 178 182 183 184 185 194 196 197 201 213 216 220 221 222 223 224 228 232 235 237 238 243 245 247 248 250 251 255 267 271 272 274 275 277 281 285 287 290 292 296 299 300 302 303 309 313 317 320 321 325 326 327 328 330 331 
130 1 121 123 124 128 129 131 139 141 142 148 149 152 158 164 167 168 169 178 180 181 183 184 189 191 192 193 194 197 198 206 211 214 216 217 220 226 227 228 231 232 237 238 240 248 249 252 255 257 258 268 274 277 285 289 293 295 296 298 304 307 317 324 326 
88 1 114 117 118 120 121 122 124 128 129 130 132 134 135 136 142 145 146 149 155 158 159 167 168 170 171 173 178 181 182 186 187 188 190 192 196 200 201 203 205 214 217 219 220 221 224 227 229 232 233 234 235 236 240 242 244 246 247 248 252 260 261 265 268 270 276 280 286 289 293 294 295 299 300 303 312 314 319 321 324 327 329 331 337 339 
129 125 153 187 236 291 299 
53 117 121 124 127 130 131 134 135 136 139 142 148 149 151 152 155 157 158 159 161 163 164 168 172 173 174 182 183 186 188 193 194 207 212 220 221 224 229 237 238 239 241 242 244 245 246 248 249 251 258 261 263 264 265 267 268 278 281 284 292 293 294 295 296 308 310 315 316 322 326 329 330 331 333 335 336 339 
61 1 120 122 123 124 125 128 134 138 142 143 146 147 149 153 157 159 160 164 166 167 168 171 174 175 179 181 186 191 193 194 198 202 205 213 215 226 229 234 237 241 244 247 251 256 257 261 262 263 265 266 269 270 271 273 276 277 287 292 293 300 303 304 305 307 309 312 314 315 317 323 329 332 
158 1 116 125 130 131 139 144 151 152 153 154 155 164 167 169 170 173 176 177 180 182 183 187 188 193 195 196 198 201 203 209 214 216 218 232 233 235 237 238 239 241 243 244 245 248 249 251 252 253 257 258 259 260 261 265 270 277 278 280 281 282 285 288 293 297 298 300 305 308 320 330 331 334 335 337 
276 119 122 126 127 128 129 130 133 134 139 140 143 146 148 152 153 163 168 169 171 172 173 175 181 182 185 188 192 194 197 199 200 204 206 208 212 215 217 218 220 221 225 231 233 234 236 242 245 251 255 257 260 261 267 271 274 284 286 287 289 291 294 295 298 300 301 303 305 306 313 314 315 318 319 321 327 328 330 332 334 337 
292 151 171 214 231 245 246 281 327 332 
151 115 120 121 124 126 130 132 134 137 139 145 146 148 150 153 158 159 165 166 179 187 188 189 198 202 203 204 207 211 214 216 220 222 224 226 227 228 229 232 233 235 237 246 249 252 258 259 270 273 275 279 282 290 291 297 302 305 307 309 310 311 317 320 325 329 332 333 336 
262 121 122 131 136 139 142 144 147 166 167 171 177 180 185 186 190 209 213 216 218 223 257 273 290 291 292 297 303 315 316 322 329 330 
94 117 123 133 142 163 173 175 189 194 195 199 200 210 211 215 223 230 234 241 248 249 250 255 262 266 270 271 273 285 288 292 300 304 307 310 319 321 329 
59 117 132 148 160 163 169 175 183 193 207 208 209 211 229 231 244 248 252 259 263 266 285 291 310 311 313 317 331 337 338 
7 1 114 116 119 120 121 126 127 131 139 141 149 156 157 160 164 167 175 185 186 188 189 191 193 196 199 200 201 205 206 211 212 218 221 226 234 236 237 241 243 249 254 256 268 272 273 274 280 281 285 286 291 294 298 301 316 318 321 330 333 337 338 339 
271 119 122 123 124 127 130 132 139 141 143 152 154 155 157 159 163 164 165 171 174 178 179 199 205 220 224 229 231 237 239 241 242 246 248 249 251 260 281 283 284 293 303 306 312 317 318 324 333 335 338 
225 114 115 117 119 125 128 130 131 132 135 137 143 144 152 153 160 165 166 174 175 177 179 180 183 188 190 192 193 194 197 199 200 201 208 210 211 212 216 217 218 219 221 223 226 227 231 232 235 242 244 246 247 248 249 253 254 256 259 264 266 267 268 273 276 278 281 287 288 289 290 291 292 293 294 295 299 300 302 303 304 310 311 314 319 322 324 337 338 339 
261 1 117 119 127 131 152 156 163 164 169 177 184 189 190 191 197 199 205 217 222 223 226 227 229 241 246 256 272 274 280 283 284 285 295 297 307 310 312 321 327 338 
226 148 160 270 327 
96 114 115 117 124 125 128 129 131 133 137 139 142 147 149 160 161 163 168 172 175 177 178 182 184 185 187 188 189 193 194 195 196 202 203 206 207 208 220 222 223 228 231 232 234 235 238 240 241 245 247 250 252 255 256 260 262 265 267 272 274 275 277 278 279 280 282 285 289 290 291 298 299 300 303 311 313 315 316 317 318 319 320 323 324 330 336 338 
84 120 122 127 131 135 138 139 140 144 145 147 152 155 156 157 161 167 169 171 173 174 175 178 180 188 192 196 213 216 218 219 226 229 230 234 235 239 248 249 250 252 254 255 256 266 267 268 269 271 274 283 284 288 296 300 304 306 307 312 317 321 339 
28 133 145 188 234 240 253 318 324 
168 114 117 120 123 127 129 131 132 133 135 142 144 146 147 148 149 150 152 154 157 159 161 164 168 170 171 173 174 180 183 184 187 194 198 203 204 210 212 213 215 226 234 235 236 237 239 244 251 252 253 255 256 257 259 261 263 264 265 268 269 272 275 282 283 289 291 292 293 294 298 299 304 307 310 314 315 317 322 323 324 326 328 329 336 338 339 
231 116 122 123 125 127 129 136 146 149 150 162 168 172 175 185 186 197 209 211 214 215 219 221 224 234 236 237 246 250 252 258 273 280 286 291 298 300 302 306 311 315 318 320 324 326 333 338 
97 129 148 150 159 162 179 188 196 201 214 220 225 229 237 239 251 260 270 272 275 277 282 291 301 304 305 311 313 314 320 337 
75 125 129 132 133 134 135 149 152 153 159 171 172 191 196 197 207 218 221 227 232 233 238 242 259 268 288 290 294 295 309 317 326 336 
51 1 114 116 119 122 124 126 127 128 138 142 143 145 146 149 152 153 159 164 171 175 178 180 184 185 186 189 191 195 197 198 201 211 214 218 219 220 221 229 231 233 234 237 243 245 246 247 250 251 252 253 254 255 256 257 264 266 272 274 276 280 281 282 285 286 288 289 294 295 297 298 301 302 303 307 310 313 319 328 330 331 332 334 
46 117 119 120 122 127 130 131 132 137 139 140 141 146 147 148 152 156 161 162 163 169 170 185 188 189 190 194 195 200 202 204 206 209 210 211 213 214 226 229 232 233 236 239 240 241 242 243 245 246 247 249 256 257 263 265 268 270 278 280 284 288 289 292 296 297 301 302 312 313 315 316 319 323 327 332 333 335 336 337 338 339 
44 114 117 118 124 127 129 130 137 139 140 147 153 156 157 159 161 164 165 166 169 172 175 177 181 185 190 191 192 193 196 198 200 201 205 215 217 218 219 220 223 224 230 231 233 234 236 240 241 243 244 246 253 255 257 260 262 263 264 280 283 285 288 289 290 298 307 310 314 316 318 319 325 331 336 339 
148 1 115 116 119 124 126 129 133 135 136 139 144 145 146 148 149 150 152 153 155 158 159 161 162 163 164 167 168 172 174 176 177 181 185 187 188 190 193 194 201 202 205 210 211 213 216 218 224 225 235 237 238 239 241 244 246 247 250 255 257 258 262 263 264 265 268 270 273 276 278 284 288 289 290 294 298 299 302 307 309 310 311 325 328 333 334 338 
276 141 201 238 253 
37 131 136 142 147 155 159 178 191 225 238 265 271 296 308 324 326 331 
259 115 116 126 130 132 134 136 143 146 148 159 163 166 168 178 182 183 199 207 219 226 229 233 236 238 249 252 253 268 271 279 293 297 300 302 308 312 322 330 331 335 337 338 
208 115 119 123 126 127 129 130 131 135 139 142 143 146 147 149 153 158 159 160 161 163 167 169 172 180 184 189 190 191 192 193 194 200 202 203 207 209 211 213 215 218 225 229 230 232 233 236 237 238 246 247 249 251 253 254 255 256 257 258 260 261 262 267 268 269 273 277 280 283 284 285 291 292 298 299 300 301 302 303 305 311 313 315 319 321 322 323 325 329 332 334 335 338 339 
94 1 130 134 135 140 142 144 155 168 171 174 179 181 185 189 197 200 202 208 210 214 217 221 224 234 245 247 259 272 274 277 279 284 292 300 316 318 321 323 327 329 331 336 
109 116 120 121 128 129 134 137 138 139 144 149 154 157 158 161 167 172 178 180 182 186 193 197 201 206 208 209 212 214 215 216 218 227 228 229 235 238 242 244 247 248 252 254 258 266 268 269 282 286 293 294 297 300 302 304 306 307 309 311 316 317 318 326 328 329 333 336 338 339 
104 114 122 125 130 131 134 136 139 140 145 146 156 158 161 164 168 169 172 176 177 182 183 188 195 197 199 200 203 204 206 212 213 218 222 232 234 241 247 261 263 264 266 268 269 272 285 286 288 291 294 298 301 302 306 308 310 311 329 330 335 
239 121 140 148 154 180 185 204 208 232 235 236 278 298 299 300 306 313 326 327 330 
84 114 118 126 132 139 141 153 157 162 164 170 176 183 193 194 206 210 211 212 214 218 224 253 254 256 270 288 312 314 318 320 321 324 338 
140 123 125 133 137 139 143 161 162 163 170 171 176 177 187 188 192 194 195 199 200 205 216 217 223 225 228 235 236 237 239 240 242 243 244 245 246 247 253 256 257 258 259 263 277 284 289 291 294 298 301 306 310 312 313 314 317 324 327 330 339 
184 117 120 125 126 128 130 134 137 142 143 144 146 154 167 172 173 181 186 187 189 190 200 201 203 206 209 218 221 222 229 230 233 235 239 242 245 250 254 258 274 277 279 282 283 285 287 299 302 309 316 332 334 
250 114 118 124 125 133 138 140 142 149 152 160 162 164 170 174 176 179 194 196 203 207 208 212 214 216 222 223 227 237 238 242 244 247 253 258 259 260 261 262 267 268 270 275 278 279 288 290 292 294 297 299 308 320 321 322 324 329 334 337 338 
290 116 117 118 119 120 121 124 126 128 131 134 137 138 144 145 152 154 158 160 167 169 170 172 174 175 177 179 181 182 185 186 189 190 194 196 200 202 208 212 214 216 218 221 223 225 230 233 234 241 242 244 246 258 259 262 263 267 269 270 271 273 275 276 278 280 286 295 305 306 307 317 321 323 332 333 
294 114 118 130 140 142 150 162 172 191 207 220 226 229 243 244 246 270 276 277 281 283 301 307 310 313 315 319 325 335 338 
246 1 128 135 165 166 169 179 186 188 192 199 206 208 209 213 218 225 231 232 238 241 243 252 258 259 261 278 280 283 290 294 296 300 307 310 316 325 332 
274 118 124 129 130 133 137 139 140 142 143 145 147 150 153 159 162 170 176 180 184 185 188 190 192 193 196 197 199 200 201 203 205 213 214 215 222 224 225 230 232 235 237 239 241 243 247 249 250 253 254 266 267 269 272 273 277 278 280 281 282 288 289 293 294 298 301 302 305 306 307 311 312 314 315 317 318 320 321 330 332 333 337 338 339 
181 129 139 141 150 154 172 176 178 181 197 210 213 233 249 252 253 266 274 275 286 294 295 299 302 304 307 314 319 325 335 337 
67 146 155 194 318 
15 1 119 128 131 132 135 140 142 144 145 150 155 156 160 171 177 216 227 240 243 246 248 250 252 257 263 267 277 292 300 302 314 324 334 
266 114 118 119 123 125 127 128 133 138 139 144 145 149 151 155 160 161 162 166 170 171 175 176 180 182 184 189 190 191 193 199 203 204 207 209 211 212 215 216 224 226 228 229 230 231 232 234 240 241 243 248 249 252 254 255 258 260 268 271 274 276 281 284 285 286 289 290 291 292 298 300 302 309 310 311 312 313 318 321 322 328 330 331 332 334 336 337 
157 115 129 138 140 157 182 188 193 194 201 213 214 218 230 234 235 236 239 249 266 270 293 308 309 314 316 320 
48 121 126 128 129 133 134 136 139 141 144 148 154 156 160 163 169 172 174 180 186 188 192 203 208 213 218 220 222 225 241 246 251 252 266 267 269 270 274 296 304 319 324 331 
288 153 166 204 208 215 217 235 255 329 333 
91 115 122 123 129 130 131 132 135 138 140 142 146 147 148 151 154 160 162 164 166 170 173 175 176 177 184 186 191 196 202 204 207 211 212 214 217 218 221 228 233 237 238 239 242 245 246 247 248 251 252 253 254 258 260 263 264 269 270 275 280 284 288 292 294 295 296 298 300 301 305 306 307 309 310 316 320 321 324 325 328 330 333 337 
183 114 118 122 126 130 132 134 139 141 143 145 146 153 156 162 164 185 190 196 200 202 204 207 211 215 220 224 227 229 236 238 239 240 247 255 262 267 269 271 273 283 289 302 305 313 320 322 327 329 336 338 
57 127 145 178 195 216 230 234 239 260 278 303 308 330 
41 1 116 119 120 125 127 131 139 140 144 146 149 151 152 156 168 172 175 180 182 184 191 194 195 199 200 206 210 211 212 213 218 225 229 235 236 238 239 242 243 244 245 250 254 255 256 257 259 263 266 274 275 276 282 283 286 290 294 297 299 300 311 313 314 319 324 325 326 327 331 337 339 
210 117 120 121 129 133 136 137 140 142 148 149 153 157 159 164 165 168 169 173 177 181 187 189 190 194 206 207 208 209 211 212 216 217 223 227 228 229 233 235 236 237 240 241 242 245 247 250 251 253 261 263 268 269 272 273 278 280 285 286 290 293 294 295 296 298 299 301 307 308 315 316 317 318 323 327 332 336 
264 122 123 129 139 141 144 146 148 168 169 175 182 189 192 193 194 195 198 208 219 230 231 239 243 244 252 255 257 260 265 267 272 277 289 305 308 311 315 333 
269 119 120 124 126 129 131 136 137 147 148 156 157 159 161 163 165 171 175 176 177 181 182 187 189 190 191 197 199 200 202 203 205 213 215 216 218 219 223 224 225 227 231 235 240 241 252 259 260 261 271 275 276 282 284 287 291 296 299 302 303 307 311 312 314 321 324 325 330 331 332 335 337 338 
215 1 114 115 118 121 126 127 130 134 135 136 137 138 139 149 150 151 153 155 159 162 163 166 167 171 173 177 178 179 180 186 189 190 191 192 193 196 204 210 211 218 219 220 225 227 228 230 237 238 239 240 241 242 243 248 249 258 260 262 267 268 271 277 281 287 288 294 299 301 302 311 313 315 316 317 319 320 325 327 330 332 333 337 339 
119 126 131 150 153 154 198 206 212 214 217 220 229 230 236 239 256 257 268 270 280 285 287 289 290 293 302 311 323 324 
213 117 119 125 126 127 130 132 136 137 141 142 145 147 148 167 175 176 182 184 188 192 195 198 209 215 217 218 219 223 225 238 244 251 253 266 277 280 282 291 294 312 336 
159 114 115 123 131 150 154 161 163 167 171 177 182 183 191 193 198 202 205 207 213 214 219 220 223 228 230 234 238 240 249 253 258 262 265 272 275 279 282 292 294 298 301 303 304 305 313 314 316 317 318 319 329 333 
17 119 123 131 132 133 134 136 139 142 148 152 153 155 161 164 171 173 175 184 189 192 196 197 205 207 209 210 211 212 219 221 225 227 228 229 236 243 244 249 250 252 256 261 262 264 268 271 272 277 279 286 290 305 308 311 314 315 316 322 330 331 332 334 
58 118 119 126 128 129 134 137 139 141 143 145 146 158 162 163 164 168 171 174 177 178 180 186 188 207 215 216 217 222 230 236 238 245 253 264 266 268 272 276 281 285 287 288 292 295 301 304 316 322 323 330 333 334 
33 119 124 127 133 137 140 142 144 145 147 148 150 154 162 165 176 177 180 182 185 190 192 194 197 200 201 202 205 227 228 229 230 239 241 244 245 251 255 261 270 271 273 274 276 279 280 283 286 287 289 290 294 295 296 298 308 309 318 319 321 325 326 329 333 334 339 
265 1 160 165 178 188 207 208 220 230 237 259 291 295 
76 125 129 137 138 142 143 148 155 158 165 172 177 182 195 205 210 227 235 252 261 264 274 278 284 302 317 318 319 322 325 326 330 334 335 
224 115 116 117 119 124 126 128 130 133 136 142 143 144 145 149 152 155 156 157 159 160 161 169 170 183 188 192 205 206 210 228 237 239 246 250 254 257 260 261 273 286 287 296 298 300 304 307 308 313 316 323 328 331 336 337 
62 1 114 117 119 122 124 129 140 142 150 156 158 160 164 171 178 181 183 186 192 193 194 200 201 202 203 206 212 213 214 217 219 221 225 229 233 235 236 241 242 244 247 253 254 255 265 270 275 276 293 303 308 316 322 323 326 333 337 338 339 
130 118 119 121 122 124 132 135 145 149 150 151 155 158 166 173 174 176 177 180 181 185 199 200 201 210 215 221 227 232 233 237 245 248 257 258 263 267 268 275 279 281 285 290 292 294 295 300 303 309 312 315 316 320 327 328 329 330 335 
83 114 115 117 122 129 136 138 140 143 147 148 149 150 153 154 157 160 164 166 167 173 174 175 176 177 178 183 187 188 189 190 192 195 196 197 199 200 203 204 206 209 212 214 215 219 220 221 222 225 226 229 233 234 244 246 248 253 256 258 259 260 266 268 272 274 275 276 280 282 283 288 291 292 294 297 299 303 305 307 310 316 317 322 323 324 328 329 330 331 337 
9 124 146 154 158 163 164 165 177 179 197 204 211 213 234 247 266 270 285 290 292 296 307 327 332 334 335 
153 118 121 123 126 127 130 133 134 137 144 153 157 166 170 171 172 176 181 188 191 192 200 203 206 213 217 218 221 228 230 232 233 234 239 240 244 251 252 253 254 257 259 262 263 266 272 281 284 292 294 300 305 307 309 314 317 318 321 324 325 328 333 334 337 
176 114 118 120 121 127 129 130 138 147 156 157 163 164 167 168 169 171 172 174 176 181 187 188 192 202 205 207 210 215 216 217 219 220 225 227 233 237 241 242 245 246 248 252 254 255 256 261 266 272 273 274 276 279 280 285 289 291 292 297 299 305 306 307 309 314 321 324 325 328 330 335 338 339 
15 115 116 118 122 129 130 132 134 137 139 141 142 143 144 148 151 155 157 159 161 165 168 169 173 174 176 177 180 184 185 186 189 191 192 194 195 196 198 202 204 210 212 216 219 223 224 225 227 231 233 234 235 237 240 241 246 250 253 258 259 264 272 273 275 276 278 281 283 287 288 290 292 293 294 298 299 300 305 306 309 311 312 314 320 325 329 330 332 338 339 
91 114 122 123 129 150 174 187 193 200 213 216 230 247 252 255 263 268 280 281 283 291 295 299 300 302 311 312 317 323 328 336 
125 254 
42 117 118 122 125 126 135 139 141 142 145 149 152 156 157 160 165 166 167 171 172 174 176 177 178 179 181 182 183 185 186 187 189 190 191 196 197 199 205 206 207 213 215 220 221 225 229 232 233 234 240 241 242 250 251 253 254 258 261 262 263 268 271 275 276 279 280 281 282 293 295 297 299 302 304 305 307 309 315 316 318 319 320 323 327 328 330 333 334 
167 114 117 118 121 123 124 127 128 129 132 133 134 143 146 151 155 167 170 173 178 181 191 197 198 208 209 213 215 216 218 223 225 226 229 230 232 233 238 240 241 242 249 250 252 253 255 257 258 262 264 265 266 269 270 276 277 284 286 288 299 300 306 307 308 310 312 314 321 326 327 328 329 335 338 339 
298 119 120 137 146 148 151 159 161 164 165 169 175 179 185 198 199 202 205 208 232 233 234 235 256 261 285 287 299 301 306 308 311 326 327 
106 121 122 123 124 131 133 149 151 153 159 163 171 174 179 181 182 183 186 188 190 191 197 199 206 207 209 210 211 212 213 221 225 226 227 230 233 234 236 238 239 243 245 249 250 253 258 261 262 264 269 271 273 275 279 284 293 295 296 300 302 310 312 316 327 332 334 336 339 
167 134 135 137 222 231 256 264 287 301 
109 132 164 216 283 285 
286 119 124 131 132 135 142 145 150 152 153 154 156 160 162 164 167 173 174 175 176 177 180 181 182 188 190 192 193 194 195 199 208 209 214 215 217 218 220 222 223 224 226 227 229 231 232 235 236 240 243 246 249 250 256 257 259 260 266 267 269 276 278 286 288 290 291 294 297 298 300 301 303 305 306 309 310 313 315 318 319 320 321 322 326 327 332 334 336 337 339 
215 1 114 120 124 126 128 131 135 137 138 145 146 149 151 154 157 160 161 164 166 178 181 182 183 191 193 202 203 207 209 210 211 212 217 220 229 233 235 255 261 263 269 270 271 272 274 282 285 288 289 297 300 301 302 313 323 334 337 
192 1 114 120 123 124 125 127 131 133 135 141 149 150 151 153 157 162 163 170 181 184 189 195 197 205 210 212 213 217 232 233 237 238 240 241 242 246 248 249 250 252 253 254 255 258 259 260 261 263 266 276 281 285 286 287 292 294 295 297 306 319 321 324 325 327 331 333 334 335 336 337 
273 116 117 124 127 132 136 141 145 156 161 168 171 179 181 185 186 201 205 206 210 213 217 219 221 226 233 237 255 256 257 259 268 270 272 274 276 277 292 294 296 297 300 301 308 310 311 335 336 338 
238 119 132 135 136 145 147 150 158 163 179 194 195 222 242 243 256 266 280 287 299 305 309 323 326 329 
103 115 116 125 127 134 135 137 139 142 143 145 149 152 153 157 159 163 164 166 171 175 179 180 182 183 185 190 191 193 194 195 199 202 205 206 207 211 212 213 216 219 221 222 228 229 230 233 234 236 237 238 240 243 248 250 254 262 266 267 270 272 274 276 282 284 285 288 292 293 294 297 307 308 310 312 313 314 317 318 319 321 323 333 335 338 
187 114 115 119 120 121 124 148 152 153 156 161 162 163 164 173 176 177 190 192 195 197 198 204 211 213 214 224 225 232 239 252 257 258 261 263 269 275 289 301 313 318 320 
293 1 114 116 119 123 124 127 129 132 133 136 138 140 142 147 153 155 157 162 163 167 173 174 176 177 180 183 185 188 189 192 196 199 204 205 206 219 222 225 228 230 235 238 239 243 254 255 260 262 263 271 273 274 275 283 287 289 292 293 294 297 303 304 307 313 315 317 327 333 335 338 
122 1 115 117 119 121 124 127 129 130 131 132 133 134 136 138 139 144 145 147 149 154 156 158 159 168 171 176 177 182 192 195 203 209 210 211 212 213 218 223 227 228 229 230 236 238 239 240 242 243 244 248 252 253 255 259 260 268 270 271 272 277 278 280 282 286 287 288 290 293 295 297 299 312 316 317 318 319 320 322 323 325 328 336 
233 114 125 130 139 150 158 159 164 167 169 170 171 173 176 179 191 192 195 201 207 211 222 227 230 233 239 242 244 252 253 260 266 272 275 278 281 290 292 296 299 303 304 305 309 310 318 324 328 332 337 339 
128 114 120 127 129 132 138 141 142 146 148 155 167 169 173 181 189 191 192 193 195 196 203 204 208 210 211 213 217 220 221 223 224 229 233 234 242 246 247 250 251 253 260 263 265 274 282 289 290 296 300 302 307 313 314 316 319 320 328 329 332 337 
33 123 125 129 141 155 158 161 171 173 188 190 194 195 198 199 204 214 247 251 261 262 267 268 275 278 287 289 291 299 307 330 336 
19 1 125 143 182 226 231 241 247 252 255 270 273 277 286 298 301 314 321 
82 1 115 118 135 137 143 145 156 158 172 175 182 192 194 195 198 199 200 220 226 228 231 246 253 261 262 263 266 268 274 275 280 281 283 290 318 322 328 331 336 339 
216 118 121 122 123 125 126 132 138 141 142 147 153 154 164 168 174 178 179 188 192 203 204 206 209 211 214 215 221 222 223 229 231 232 233 234 239 250 252 254 262 265 266 267 271 273 281 290 293 295 296 298 304 308 309 310 317 321 324 327 330 332 337 
2 117 118 119 122 124 125 126 128 129 130 132 135 136 142 144 152 153 156 157 160 161 164 167 178 180 183 188 189 190 194 196 197 203 207 208 209 210 214 216 220 229 230 232 236 237 238 239 240 242 252 257 258 260 267 270 271 273 275 276 279 283 289 299 300 307 308 312 320 325 329 331 332 335 337 
297 116 118 121 142 148 149 150 152 166 168 179 183 187 191 198 199 204 209 213 221 230 233 236 245 250 258 277 281 293 305 314 315 326 333 335 
239 115 117 125 126 134 136 142 148 149 160 164 167 182 186 188 192 194 200 202 203 212 241 242 251 252 259 267 273 276 280 282 288 297 301 304 305 307 309 326 327 337 
41 119 123 139 148 153 157 159 162 171 174 177 178 201 218 220 224 228 230 232 239 243 245 262 265 269 276 278 285 287 294 296 299 311 318 325 329 339 
103 134 146 161 170 183 187 212 237 279 318 320 326 330 334 
78 1 117 122 123 124 129 132 134 139 143 148 149 155 158 166 167 169 171 179 181 182 184 188 189 194 195 196 197 198 199 203 205 206 208 214 215 216 218 219 221 232 234 236 239 243 244 246 247 249 251 255 258 262 265 267 275 278 283 286 288 291 292 294 297 299 300 318 323 324 330 335 336 338 
247 116 117 122 125 128 133 134 136 137 139 140 148 156 157 158 161 163 165 166 167 169 170 171 172 174 175 176 177 183 184 189 194 195 197 198 199 200 201 202 203 204 208 209 211 213 215 218 221 224 226 227 229 239 246 249 251 253 254 260 262 263 266 270 271 272 278 280 281 282 291 298 304 315 319 325 326 330 333 336 337 
149 121 133 163 165 172 178 180 195 196 210 225 227 258 261 265 287 302 303 310 311 326 
203 144 191 199 236 251 253 269 278 320 323 
46 115 117 138 139 146 156 161 162 167 168 171 173 177 182 183 188 189 190 195 196 203 206 217 222 223 224 227 239 241 250 255 258 261 262 266 267 269 271 273 274 275 276 277 285 288 289 299 303 304 307 309 310 314 318 322 323 325 326 333 337 339 
43 122 129 147 154 162 176 177 185 193 194 200 219 225 228 235 242 245 263 277 287 294 303 308 309 315 317 334 
125 1 117 126 130 137 148 150 158 177 205 215 225 229 240 253 262 272 281 284 290 296 302 305 316 317 320 332 
271 1 114 117 119 120 121 123 126 129 134 135 141 145 149 150 154 158 161 163 169 178 184 186 187 192 194 195 196 197 200 202 204 207 214 216 217 218 219 222 223 228 237 238 241 245 246 247 248 249 254 255 256 257 258 264 265 269 270 271 277 279 282 283 284 285 287 299 301 307 310 316 319 320 321 324 327 330 331 332 333 336 
250 124 126 128 129 141 144 145 146 147 148 150 156 157 158 159 167 168 172 173 184 185 188 190 197 198 204 207 212 215 216 219 222 224 227 231 233 236 238 240 241 245 246 248 254 256 261 264 266 274 281 282 286 287 289 293 294 298 302 303 309 312 313 314 318 321 323 327 328 333 336 
14 128 131 137 157 160 173 174 189 194 196 197 208 223 237 239 240 262 268 270 274 277 282 291 315 334 
64 114 118 127 136 151 155 161 166 170 171 172 173 185 222 245 248 260 263 264 277 287 302 304 306 310 316 326 335 
274 1 116 119 124 125 137 149 151 167 170 175 194 196 199 208 212 216 217 228 235 241 242 248 252 259 267 272 273 279 284 291 292 293 294 296 305 310 320 321 322 323 328 329 330 334 337 339 
176 117 119 122 125 128 130 137 141 144 157 159 164 167 169 170 182 185 186 192 196 197 199 201 210 220 225 228 230 238 243 246 259 267 268 270 273 281 288 305 318 321 326 327 330 332 
122 115 116 132 133 135 139 140 141 142 152 153 161 172 180 181 191 193 203 204 207 213 215 218 219 220 224 226 227 230 240 246 258 263 267 278 284 286 301 305 312 317 327 330 339 
148 120 122 124 127 128 133 139 141 143 148 153 155 158 159 162 164 169 174 180 181 183 185 187 188 190 193 195 196 198 199 200 204 209 213 215 218 221 222 226 230 237 239 242 246 247 249 253 255 256 258 259 260 261 265 268 273 279 281 286 294 296 297 299 303 310 319 327 328 338 339 
257 141 157 165 180 181 195 197 221 260 278 297 329 334 
110 116 127 130 131 133 134 135 139 142 143 159 167 169 170 171 172 173 177 178 186 191 198 202 212 216 217 221 228 235 237 240 241 242 246 247 255 274 276 278 282 286 287 289 300 316 319 322 324 325 333 339 
45 115 120 127 132 143 144 148 150 151 152 154 155 156 157 158 163 166 167 170 174 179 180 184 187 190 196 198 205 207 209 210 211 213 215 226 227 231 233 239 240 244 246 247 248 249 251 252 256 259 261 264 267 269 272 273 276 277 279 281 285 287 288 289 290 291 292 295 296 297 300 301 302 304 305 306 309 311 312 313 314 316 317 318 322 323 329 336 
199 126 133 140 173 174 187 190 198 204 209 213 215 219 231 232 244 246 251 252 254 255 256 263 269 290 304 312 323 324 329 336 339 
143 1 128 130 133 134 141 144 148 149 159 161 163 175 193 200 205 210 225 226 227 228 238 240 242 243 251 253 262 265 266 269 270 278 283 302 303 307 308 311 321 327 330 337 
52 116 127 131 133 136 138 144 171 176 177 179 208 221 226 234 245 285 286 290 293 306 318 323 
101 115 117 124 141 150 179 182 199 204 212 218 220 226 232 254 263 264 277 295 300 303 326 
172 124 127 128 131 137 139 148 151 152 157 160 167 177 180 181 182 189 201 204 212 216 222 228 238 240 244 253 264 265 270 279 282 284 301 308 318 324 334 337 339 
3 1 115 118 119 122 125 131 132 136 137 138 141 144 146 156 159 164 165 166 169 171 173 180 182 183 187 189 191 192 193 194 203 208 210 213 218 219 223 225 227 229 231 235 241 246 247 255 258 262 263 267 271 274 275 277 281 284 287 289 292 295 299 300 305 306 308 310 313 314 319 325 331 334 336 338 
93 115 118 121 124 127 129 135 136 143 153 157 159 162 165 166 167 168 169 175 177 179 180 181 183 185 187 189 191 193 197 198 199 200 201 210 212 219 225 226 228 230 235 240 241 250 258 261 263 266 273 275 281 288 296 309 310 311 313 318 327 331 337 
40 116 117 119 128 131 136 142 151 153 156 157 161 164 165 166 167 171 175 176 180 184 186 187 188 193 195 196 197 200 201 203 207 213 218 220 221 222 226 231 232 234 239 240 241 242 245 246 254 256 259 261 268 270 276 278 282 286 289 294 301 305 308 310 311 312 314 316 319 320 321 325 330 338 339 
246 140 186 187 209 232 281 298 299 336 
184 117 140 190 208 261 264 288 296 
102 125 127 129 132 133 135 139 148 154 158 165 166 167 178 180 186 189 198 199 208 210 211 223 236 238 247 254 268 271 274 275 290 292 298 314 329 
36 114 115 116 117 118 119 126 128 135 138 139 141 143 145 147 148 150 153 155 156 160 161 162 164 170 171 174 176 185 189 190 192 193 194 199 204 207 208 209 212 213 214 219 221 224 225 226 229 230 233 234 235 238 239 241 243 244 247 252 253 255 257 261 264 266 267 270 281 291 293 294 300 301 303 309 310 311 312 314 316 318 319 336 337 338 339 
211 133 151 152 154 173 184 193 206 230 232 234 239 264 265 269 276 294 321 328 
266 1 120 121 122 124 126 129 135 138 139 143 144 146 149 154 157 159 160 163 165 179 183 184 185 186 188 192 194 195 196 198 199 201 202 204 206 208 212 213 217 218 220 221 224 229 234 235 238 242 245 249 252 260 266 277 278 280 285 287 289 295 304 305 306 307 310 311 316 317 318 320 324 339 
124 117 118 122 126 129 133 138 143 144 145 147 148 151 153 154 157 158 159 167 169 173 175 178 179 184 185 187 189 190 191 194 195 198 199 204 211 212 213 214 215 216 218 219 220 224 225 226 229 230 233 238 241 247 252 255 256 261 262 268 275 277 282 283 284 288 289 296 302 303 311 312 315 316 319 325 327 331 335 337 
157 119 131 135 140 146 150 151 152 153 158 176 177 186 195 199 200 209 213 225 231 232 234 239 244 245 254 259 260 267 269 282 291 299 308 309 314 317 318 320 328 334 336 
106 138 161 169 170 206 245 286 325 329 
112 122 123 131 132 134 138 146 149 150 158 167 169 170 173 175 176 177 187 190 193 196 197 201 202 208 209 210 214 218 223 229 230 231 235 239 242 245 246 248 252 255 265 270 271 283 284 285 289 292 294 297 298 304 308 312 314 319 322 326 329 331 334 335 
50 123 125 128 144 146 150 159 161 164 165 171 173 174 175 176 180 184 195 198 199 222 233 239 241 245 257 258 267 269 270 277 282 300 301 303 311 316 320 325 337 339 
230 120 123 126 137 140 143 146 149 154 158 181 184 185 186 187 196 200 236 238 245 247 256 257 260 262 270 280 286 291 295 307 318 323 324 331 
175 120 124 125 126 127 130 134 135 136 137 138 141 149 150 154 159 170 176 177 181 182 188 189 190 193 197 198 200 204 211 213 217 218 229 235 241 255 256 257 260 265 266 269 273 286 294 301 302 304 308 309 310 311 313 315 317 320 324 325 326 334 338 
238 1 117 121 126 135 142 146 147 159 163 167 179 197 201 209 212 220 233 242 257 261 263 268 269 275 276 277 278 282 287 289 294 295 296 304 311 313 314 317 326 329 
171 123 125 127 128 130 131 132 133 134 143 148 149 152 157 158 160 163 167 170 174 180 182 190 194 200 204 206 209 220 222 225 229 235 239 241 244 246 257 259 260 262 267 274 275 277 279 298 301 303 306 310 319 322 323 334 337 
41 1 122 131 137 152 159 177 202 204 208 214 226 228 230 231 243 245 265 289 296 301 320 334 
228 117 295 319 328 
192 1 114 115 122 127 140 143 147 154 156 160 162 164 169 172 173 174 177 182 185 191 196 207 212 213 215 219 220 222 224 229 230 237 238 239 248 255 258 261 266 278 279 280 288 289 292 293 294 296 306 308 310 312 315 317 322 336 337 338 
244 1 114 125 126 129 136 150 153 156 158 162 168 171 172 181 186 187 193 194 200 203 208 209 210 221 225 226 227 228 229 230 234 238 243 247 252 254 257 260 263 265 270 271 272 291 292 293 299 304 310 318 332 333 334 
180 1 116 117 119 121 128 133 134 138 142 144 147 151 158 160 161 166 169 170 182 192 199 201 205 209 210 212 215 216 217 221 222 223 224 230 232 240 245 250 252 254 255 258 276 277 279 281 292 294 296 299 300 303 304 307 311 312 314 315 317 321 323 325 326 329 331 335 336 338 
176 119 121 122 123 126 131 135 138 139 140 144 151 154 155 156 160 163 170 172 174 176 177 179 180 182 183 184 187 190 191 192 203 207 219 222 224 226 228 231 234 235 240 248 249 252 256 263 264 265 267 268 271 274 282 286 288 289 294 295 301 303 304 314 318 323 337 338 
228 114 121 135 138 140 142 145 150 155 159 173 175 177 189 195 196 198 201 209 212 213 214 217 224 239 241 245 247 251 257 258 267 269 273 280 284 298 301 306 309 311 312 314 315 317 323 327 328 329 334 335 336 
188 119 122 135 153 161 162 169 178 187 192 195 200 205 238 239 251 258 278 283 290 298 320 323 324 327 333 336 
50 1 114 117 119 121 122 126 128 130 132 136 137 138 140 146 152 153 154 158 159 161 167 173 174 176 177 180 182 183 188 190 198 200 203 204 205 206 207 208 215 216 218 220 221 227 229 230 236 238 239 241 242 245 250 253 255 258 260 265 269 275 278 279 281 288 291 293 295 296 299 306 309 310 312 315 320 321 322 323 324 325 328 329 330 331 333 338 
122 122 126 136 145 162 165 175 183 184 188 198 199 203 206 217 219 223 228 232 234 236 266 273 276 290 296 305 314 322 330 334 
185 124 132 137 140 148 149 151 153 157 158 159 161 162 164 171 175 176 177 178 180 184 185 188 192 193 197 201 202 207 208 210 211 212 214 215 216 218 219 220 222 223 225 226 227 233 236 238 239 240 245 246 253 255 258 259 261 265 268 269 271 272 273 279 280 281 283 286 287 288 289 294 295 300 302 303 304 305 306 307 308 310 311 320 321 322 324 330 332 335 337 338 
74 115 121 124 125 129 134 143 145 149 151 153 157 163 167 170 171 181 182 192 195 197 202 203 205 215 221 223 228 230 231 242 244 257 258 260 261 263 271 273 275 285 289 290 296 298 303 309 312 317 324 327 333 334 336 338 
24 117 122 126 135 145 148 152 170 175 178 186 187 191 213 236 237 238 255 285 299 305 306 327 328 
149 114 117 119 120 121 124 126 132 134 138 139 142 148 149 150 151 153 154 157 158 159 163 168 169 170 179 180 184 187 188 192 193 201 204 207 208 213 214 219 220 221 222 231 232 233 234 235 236 240 243 244 247 248 250 252 255 256 257 258 271 272 273 274 281 284 285 287 289 290 291 295 296 299 300 302 303 304 309 312 313 319 323 325 332 336 
86 114 116 117 119 123 128 135 138 139 142 143 144 145 150 156 158 159 160 165 177 179 180 182 183 186 191 194 195 197 200 204 206 207 213 217 218 221 222 224 226 228 229 230 232 234 236 238 244 246 247 248 249 252 262 263 264 266 268 270 278 283 284 286 289 290 295 304 308 312 313 314 317 319 321 323 326 334 335 336 337 338 339 
218 1 116 118 120 122 126 128 129 130 134 135 145 148 152 155 161 162 165 167 168 172 177 178 181 183 184 186 188 194 197 202 205 206 208 213 218 220 222 224 225 227 229 230 231 232 233 234 239 243 247 251 266 270 272 273 275 277 279 281 282 285 286 288 289 298 299 304 309 312 316 317 318 321 322 323 324 326 331 332 333 335 337 338 339 
212 119 135 155 157 159 162 170 174 187 189 191 207 217 218 219 223 229 241 243 253 256 276 281 294 303 308 315 317 319 334 
87 116 117 125 131 137 139 142 143 146 150 153 158 161 170 171 174 175 176 178 181 183 184 186 200 205 208 210 212 213 219 222 223 224 225 227 228 230 231 232 235 238 240 245 254 257 258 261 267 271 272 273 275 276 280 281 292 297 299 300 303 304 307 310 315 317 319 322 323 330 332 333 334 
175 114 122 129 137 138 141 149 153 159 162 163 165 171 173 180 182 183 187 189 192 194 196 198 201 203 213 216 226 228 232 235 236 240 243 248 249 255 261 271 275 279 282 283 291 301 303 304 305 307 312 317 331 335 
281 129 151 156 159 165 172 177 178 179 181 185 186 192 201 202 203 206 212 213 216 221 225 226 232 233 247 249 250 252 268 272 276 289 291 299 306 314 315 323 329 331 332 
146 116 153 158 166 208 247 250 253 256 273 279 314 324 328 
77 1 115 116 117 118 122 124 125 126 127 135 136 140 145 151 155 159 161 167 168 171 175 176 180 187 191 194 196 197 198 205 207 209 221 223 224 225 230 231 232 235 243 245 248 251 254 255 261 263 266 271 275 277 281 283 284 288 290 293 305 306 307 308 309 311 312 313 315 316 320 323 325 328 330 332 333 
153 118 120 123 125 126 130 133 135 138 140 141 142 146 152 153 155 157 161 164 165 166 169 172 177 185 187 188 189 191 196 202 205 212 216 217 219 220 222 223 224 225 230 232 235 238 247 248 257 259 272 273 276 278 280 281 284 285 292 294 297 298 299 305 308 309 313 315 316 317 318 319 322 323 326 331 333 336 338 
195 1 114 115 118 121 126 131 134 137 152 154 155 158 159 161 163 164 166 170 173 174 178 182 193 198 199 200 201 202 203 205 206 210 211 212 216 229 234 238 241 242 245 246 249 253 254 259 265 269 271 275 277 278 281 282 288 291 305 306 313 317 324 325 326 327 328 332 336 338 339 
37 120 145 154 158 160 175 195 196 200 206 235 243 269 280 287 288 292 318 319 331 
190 115 132 140 152 174 191 207 211 214 217 224 235 242 243 248 250 267 290 295 327 
218 118 120 129 132 136 142 148 149 153 156 158 174 177 181 183 187 192 196 199 203 209 211 218 221 224 228 229 231 236 249 250 251 258 266 269 275 284 288 290 301 306 314 325 329 330 335 
163 1 115 116 119 120 121 122 125 126 127 128 136 137 138 139 142 149 150 154 158 159 164 182 188 189 191 197 202 208 211 214 217 218 219 220 221 223 225 227 228 229 230 232 233 234 241 242 247 248 251 253 256 258 260 261 262 265 268 271 273 274 275 276 277 279 281 282 283 292 295 298 303 308 312 313 319 321 323 329 331 332 333 336 338 
165 1 119 124 125 130 134 138 139 149 151 153 161 163 180 181 183 187 191 192 198 204 206 210 212 213 218 220 221 224 225 228 230 234 239 241 246 247 250 251 252 257 259 261 262 268 277 288 294 297 299 300 301 303 307 312 318 325 329 330 334 335 
233 121 133 140 144 170 177 189 205 238 244 263 267 297 
60 1 117 131 133 136 137 142 158 159 169 174 178 179 186 205 212 218 221 233 238 242 256 258 262 264 266 268 272 275 277 279 280 283 286 294 296 302 309 311 315 316 317 318 320 322 324 325 326 329 332 
297 119 132 144 145 146 160 164 166 167 169 170 176 178 203 206 208 211 220 222 223 224 235 237 238 239 249 252 253 254 258 264 270 281 286 288 290 294 296 304 305 332 
264 114 116 118 119 124 127 136 138 139 142 147 156 161 163 166 169 173 174 181 189 196 197 201 204 205 207 208 212 214 216 225 229 231 235 237 243 246 251 252 255 281 290 292 293 294 298 303 305 306 308 309 321 333 335 337 
30 215 141 138 175 245 253 87 55 175 297 106 300 91 264 103 13 242 73 169 72 149 221 237 173 124 225 54 151 132 252 174 243 203 214 25 144 30 133 135 204 181 255 115 262 172 67 125 47 75 184 40 39 120 284 120 17 149 190 107 154 46 142 169 263 59 83 87 169 299 17 298 61 75 137 71 119 129 23 64 139 202 200 112 44 23 200 187 160 257 125 267 188 84 269 195 183 15 74 135 15 90 135 27 53 82 151 279 84 71 173 165 199 47 194 212 6 195 244 268 220 101 31 33 180 277 234 294 157 22 190 182 235 6 202 80 217 6 166 190 279 28 202 285 5 196 107 41 60 184 5 192 108 100 109 49 15 242 165 230 148 61 43 39 18 166 50 281 97 166 261 192 269 16 200 237 89 245 59 217 70 105 112 3 110 214 101 61 39 72 128 278 171 181 57 104 35 224 254 50 240 176 14 271 144 194 283 69 120 26 299 164 61 62 270 198 15 268 166 200 59 257 84 41 170 54 174 81 122 192 197 232 236 203 295 203 87 83 271 58 270 138 182 83 10 77 118 287 157 73 197 232 275 180 8 235 8 54 88 265 255 27 152 264 128 56 248 146 166 230 286 130 152 15 192 188 194 122 164 253 128 264 51 23 21 53 118 279 74 211 125 25 258 85 300 144 155 195 101 197 170 257 182 21 105 229 200 92 177 50 25 53 22 40 82 169 26 68 227 213 52 260 83 164 246 72 37 155 133 207 277 150 183 269 103 178 110 78 11 
