228 342
293 118 123 125 126 127 129 134 136 139 141 143 150 155 156 158 159 161 162 169 171 172 173 178 188 191 193 194 195 202 205 206 207 216 222 224 225 231 233 235 244 247 248 251 252 253 254 259 261 263 267 268 271 272 274 276 279 296 301 305 314 317 322 327 332 338 340 
9 149 152 161 170 174 189 219 240 251 254 256 258 263 266 278 284 288 291 297 298 299 301 305 308 317 324 335 341 
159 1 115 117 122 126 129 132 133 140 145 148 149 154 164 167 169 170 173 175 176 177 178 179 184 185 186 190 193 194 195 196 199 202 205 218 222 225 227 228 235 236 237 245 248 249 250 251 252 255 257 260 262 271 277 279 283 284 288 289 290 291 292 293 297 301 302 305 306 307 308 310 320 321 324 325 329 332 334 335 341 342 
164 127 141 148 149 152 160 167 176 187 193 199 200 222 224 244 252 265 278 281 283 287 289 297 314 332 
146 132 148 150 153 159 208 210 221 232 234 236 238 246 253 263 264 283 285 296 297 304 321 340 
171 115 121 126 128 137 150 156 160 162 163 165 169 172 176 179 182 184 187 190 191 193 194 198 216 222 224 226 228 229 232 233 234 241 247 256 264 269 279 289 291 296 305 307 315 316 323 328 330 332 
49 119 129 130 131 134 137 138 140 141 142 155 159 164 165 175 176 179 185 189 193 195 200 202 206 209 212 213 220 227 233 237 238 239 242 243 245 251 253 254 256 259 260 264 268 271 273 274 277 284 288 292 300 301 303 309 311 312 313 314 315 316 320 322 324 325 329 331 332 333 335 336 338 339 340 341 
244 115 117 118 121 122 129 131 136 139 144 145 151 165 168 174 178 179 185 193 196 199 201 206 207 211 215 219 220 221 223 232 233 234 235 236 242 243 245 249 251 255 257 263 266 267 268 270 272 275 277 278 281 285 288 289 291 292 294 295 308 309 311 312 316 317 318 325 326 328 332 333 338 
111 1 123 135 154 159 167 176 183 198 204 205 207 216 219 266 296 298 335 337 
72 116 119 123 124 129 138 155 162 168 173 174 175 182 192 196 197 198 207 216 226 230 231 233 242 244 249 268 281 286 288 289 310 318 319 320 324 328 337 342 
29 118 124 158 165 174 185 187 195 209 216 225 237 239 244 247 252 253 261 270 288 289 298 319 325 326 328 332 335 341 
176 1 122 127 155 199 215 226 245 277 281 305 342 
118 130 134 135 140 147 152 166 169 172 184 195 218 221 254 258 262 265 268 271 275 276 302 304 310 311 321 323 328 329 331 338 
204 1 120 122 124 131 133 134 137 139 142 143 144 145 146 153 156 161 167 168 171 173 178 180 182 185 186 187 189 193 196 199 200 202 208 209 210 211 212 214 224 225 229 233 234 236 239 243 249 261 262 266 272 279 281 282 286 292 299 300 306 308 310 312 314 316 317 320 324 333 338 342 
276 117 119 120 122 125 129 130 133 137 138 139 143 146 149 150 152 155 157 159 164 166 167 172 182 183 184 185 186 187 189 190 191 193 196 204 205 206 208 211 212 215 220 223 226 229 235 236 240 249 250 251 252 255 257 260 261 262 263 267 268 270 277 284 285 287 288 290 292 294 295 301 305 306 308 310 314 318 320 324 326 328 331 332 333 337 338 339 340 
245 115 117 121 122 136 152 157 158 169 177 180 184 194 200 202 208 209 215 216 217 219 221 226 235 236 237 246 252 264 265 271 278 283 298 309 311 316 317 322 326 331 336 
124 143 145 147 159 170 219 267 289 293 301 320 324 
282 116 118 119 122 123 125 129 130 131 136 137 138 140 149 155 156 157 162 165 169 171 174 175 176 181 183 190 191 194 195 198 200 201 202 206 213 215 216 218 223 228 230 232 236 237 245 247 249 250 251 252 254 258 259 265 266 268 269 270 272 273 276 278 281 283 284 287 289 290 292 297 303 305 307 308 314 315 316 319 322 324 325 327 329 332 335 339 341 342 
255 121 138 157 159 165 181 187 218 236 247 252 254 292 294 297 299 316 341 
127 169 210 261 331 
16 117 118 120 122 126 127 129 130 131 133 134 135 146 149 152 154 156 157 160 164 169 170 176 178 180 185 186 187 189 193 194 195 200 201 205 207 208 211 214 220 221 227 228 230 231 233 234 238 242 245 248 249 254 255 256 259 265 267 268 270 271 272 273 275 278 280 285 287 288 289 294 298 302 303 306 307 309 311 320 322 323 324 329 331 
279 115 132 142 150 219 255 276 279 284 311 326 
137 161 204 267 304 316 331 
299 1 118 122 152 153 168 176 181 183 185 186 193 198 206 245 259 280 283 293 304 311 315 320 321 333 336 
50 115 118 125 129 134 136 140 145 153 155 157 168 175 177 184 185 195 197 198 201 203 204 207 210 211 218 219 222 225 227 229 232 233 234 236 240 244 245 246 248 249 250 251 254 258 263 265 269 271 273 277 282 284 285 291 299 301 307 308 309 316 321 322 324 325 326 327 330 331 332 340 342 
138 117 118 123 137 142 172 195 227 231 244 280 308 333 340 
260 292 
207 120 128 129 180 197 199 210 211 227 230 258 259 283 284 293 316 337 
253 116 139 146 149 152 176 185 198 204 207 210 211 215 218 221 224 229 241 246 250 255 258 270 271 278 285 293 301 302 312 333 338 
214 1 115 117 118 121 125 130 132 137 139 143 145 147 149 150 151 156 157 166 170 172 174 177 178 181 183 186 194 195 196 198 201 204 211 212 213 216 217 218 219 223 225 226 235 239 240 241 242 247 255 265 266 267 273 274 276 283 284 287 288 295 299 300 302 303 304 305 309 312 313 314 316 317 319 322 328 329 333 340 
91 121 124 136 147 148 157 160 178 180 184 193 196 198 212 224 229 238 239 253 256 264 267 274 287 293 300 303 309 312 313 314 319 324 332 
64 120 131 135 137 145 152 153 155 159 162 164 172 176 186 187 188 212 217 221 252 270 276 279 294 308 323 329 337 340 341 
16 124 132 134 145 146 148 152 182 204 210 214 224 228 234 236 254 256 261 263 265 271 275 282 287 295 304 315 333 
32 116 117 119 131 134 135 137 138 139 140 149 153 154 157 160 161 162 164 167 170 172 174 177 182 186 187 188 198 200 201 207 212 213 214 216 220 221 222 228 229 230 231 232 233 234 244 245 247 250 251 254 256 258 265 266 269 270 271 274 275 277 282 283 286 290 296 297 299 300 301 302 305 309 310 311 314 320 322 327 330 334 336 338 342 
243 115 117 118 119 128 130 132 134 137 151 153 158 161 164 171 180 187 195 211 216 224 229 231 256 265 270 278 282 284 285 291 293 297 301 308 309 314 318 321 324 329 330 
224 123 131 139 150 161 171 172 175 195 217 245 246 261 266 286 289 292 295 299 300 318 329 
277 124 147 151 153 191 205 223 239 274 280 301 305 324 
237 115 120 122 123 125 127 128 134 137 142 143 144 145 146 148 153 155 156 160 168 169 173 176 179 180 185 186 188 191 195 196 197 198 199 202 203 207 209 215 220 224 228 229 232 233 234 236 237 238 239 240 243 249 254 260 262 267 269 274 281 283 284 285 291 295 296 300 302 306 310 313 315 320 326 328 330 332 333 337 342 
174 120 128 220 253 
84 134 139 151 154 156 163 164 169 170 173 180 182 183 194 207 213 225 244 261 279 281 303 330 
65 137 151 155 165 201 241 301 325 334 
33 115 120 126 129 130 138 139 141 145 147 148 150 158 173 178 182 187 191 192 193 194 195 202 211 212 217 219 220 221 222 225 227 232 233 234 235 240 246 249 252 254 260 266 268 278 279 286 289 290 293 295 299 304 307 320 322 325 333 337 
109 115 130 132 135 138 141 145 157 160 164 165 174 176 192 199 204 212 220 229 242 244 246 247 248 249 256 273 280 284 285 287 297 299 300 305 309 310 329 330 333 335 340 
174 1 116 118 119 124 125 128 129 137 140 144 146 147 148 150 153 155 162 167 169 172 176 177 180 190 198 202 204 206 207 212 213 214 215 217 221 222 224 225 229 231 232 233 234 242 243 245 246 247 250 251 253 257 261 264 267 269 270 272 273 274 275 280 288 289 296 299 301 302 303 304 306 307 309 315 321 325 327 331 332 334 335 341 
111 1 116 117 123 125 128 144 145 146 155 158 159 160 167 177 179 180 184 188 196 200 205 213 215 228 230 233 250 252 253 254 261 263 268 274 276 278 279 282 283 285 291 301 306 318 325 334 337 
115 1 122 125 126 128 133 136 138 139 142 144 145 146 150 151 153 161 170 173 174 176 177 178 181 183 187 188 189 190 191 192 193 197 198 201 209 211 212 217 220 222 223 231 235 236 241 243 247 248 250 252 254 258 260 262 268 271 273 277 279 281 283 284 285 286 288 290 291 298 302 304 307 308 310 311 318 319 320 321 322 323 327 329 331 332 334 335 336 340 342 
143 119 121 124 126 132 133 134 135 138 139 140 141 143 144 145 146 152 153 158 161 167 174 175 178 179 183 184 189 192 196 198 200 203 206 207 209 214 217 219 224 229 233 234 238 242 246 247 248 249 250 255 257 258 259 262 263 276 278 290 292 293 303 308 310 313 318 320 321 322 325 329 335 336 337 338 341 342 
43 115 116 120 121 123 124 130 131 132 134 135 143 149 153 154 156 164 165 167 170 175 180 181 186 189 191 194 198 214 215 218 223 225 232 233 239 243 250 254 255 261 266 267 269 273 274 275 277 282 292 293 295 296 297 298 299 300 304 310 320 323 324 328 330 334 336 339 341 342 
242 115 118 122 123 129 132 135 138 139 140 143 144 145 147 153 154 166 169 174 181 188 189 192 194 195 197 200 210 211 229 231 234 236 241 242 247 249 252 254 255 256 257 258 261 266 273 278 279 283 287 289 292 296 299 300 303 305 311 317 320 323 325 328 334 335 336 340 
265 117 118 120 122 124 125 126 128 130 132 134 140 141 148 149 152 153 155 156 160 161 164 165 169 170 172 174 175 176 178 182 183 195 199 201 203 207 208 210 212 218 219 220 222 223 224 225 228 231 242 244 246 249 251 254 256 257 261 262 266 272 277 283 284 288 290 294 295 296 299 305 307 311 313 314 316 321 325 327 335 338 339 342 
254 115 117 120 125 127 128 141 142 143 144 146 149 154 155 156 157 159 160 164 166 171 172 174 176 178 179 180 186 197 202 204 209 212 217 223 224 225 232 233 240 244 253 258 259 261 266 271 278 285 289 291 293 300 303 306 309 311 314 315 317 319 323 324 331 336 342 
181 122 136 148 153 167 172 179 180 186 217 231 235 236 244 272 274 278 286 290 304 308 319 334 338 
197 116 117 120 123 127 135 137 138 140 144 146 149 152 153 156 160 165 180 183 187 188 191 192 194 196 198 206 211 214 217 224 226 230 233 234 236 237 238 243 245 249 253 257 270 277 278 285 290 294 301 303 304 309 314 315 318 330 332 335 336 341 342 
18 121 130 
168 1 122 152 156 182 184 186 261 295 298 300 306 310 322 323 331 338 
116 120 150 183 209 211 212 222 233 246 259 270 275 290 292 309 340 
225 115 116 118 119 121 122 126 127 129 132 136 140 141 142 143 150 156 157 161 162 168 170 171 174 179 181 185 187 188 191 193 201 203 210 212 214 219 222 223 225 232 234 235 237 238 244 246 248 252 254 256 260 265 271 272 273 276 277 280 285 290 292 293 294 297 304 306 310 312 315 321 322 325 327 328 332 334 335 336 337 338 339 340 342 
148 122 134 139 141 144 145 147 150 156 158 163 165 166 168 172 180 182 188 205 207 210 211 213 216 224 229 230 239 241 246 247 251 252 256 258 266 276 277 278 281 284 304 305 307 309 312 319 320 321 323 327 333 334 336 340 
2 1 116 118 121 122 126 131 132 133 137 140 141 142 143 147 150 152 155 160 161 162 165 167 168 169 170 175 177 180 186 187 189 197 198 200 201 203 204 210 211 212 216 218 224 226 228 230 231 233 235 240 241 243 245 252 254 256 257 260 262 263 265 268 269 273 274 276 277 280 285 286 287 291 292 293 294 296 299 303 305 310 312 313 315 317 318 320 323 333 334 337 340 
163 122 131 134 141 151 163 170 174 190 208 221 228 233 235 246 248 254 264 272 276 293 294 328 
11 147 161 326 336 
71 119 121 125 126 137 140 144 146 147 150 151 157 161 166 169 170 180 188 203 206 207 208 211 214 215 217 228 235 243 249 250 251 254 256 258 261 267 275 276 278 279 280 283 284 286 288 293 303 312 321 326 329 335 336 339 341 
155 1 115 125 126 128 129 131 133 134 136 139 147 149 151 154 157 158 161 163 164 165 169 170 174 175 176 179 181 182 188 192 195 197 198 202 204 205 208 209 212 214 215 216 217 219 220 221 222 225 226 227 233 234 236 238 244 257 258 262 265 266 268 269 270 272 275 277 278 280 281 282 286 288 292 295 297 298 299 300 301 303 304 306 310 311 319 320 324 325 326 330 333 334 338 339 341 
61 115 116 117 120 122 123 126 129 131 132 136 139 142 151 154 155 156 157 161 163 166 167 168 169 171 172 174 176 179 182 183 184 189 192 194 204 206 207 209 210 211 212 215 217 218 220 229 230 238 241 242 245 247 249 251 255 257 261 266 272 282 284 287 296 297 298 303 304 306 311 314 316 322 324 325 326 334 336 337 338 340 
61 126 135 144 145 151 153 162 171 174 178 180 192 193 195 196 198 199 201 204 207 209 212 217 220 229 235 237 250 256 261 269 270 274 276 280 281 301 304 306 312 314 319 340 
229 1 116 121 123 125 126 128 144 145 146 147 149 151 153 157 158 161 166 168 169 171 172 173 175 176 177 179 186 187 189 191 193 194 197 206 208 210 215 219 222 225 227 228 229 232 239 242 249 254 260 271 279 280 283 284 296 298 300 304 305 308 310 311 312 318 321 322 324 325 327 332 335 336 341 
134 120 124 126 127 130 134 138 141 142 143 150 153 154 155 157 158 161 162 164 167 171 173 180 182 186 190 194 195 198 201 202 203 205 207 208 219 222 223 229 231 232 234 235 238 240 245 247 251 257 259 263 264 271 272 274 276 277 278 281 284 285 286 288 289 291 295 296 303 306 309 310 317 318 320 322 323 325 326 327 334 335 336 337 338 
127 119 127 128 137 140 142 152 169 173 175 209 210 244 276 279 282 283 287 291 303 324 336 340 
265 174 177 184 196 197 213 237 248 252 312 
200 186 279 323 336 
89 1 121 122 127 129 135 136 137 140 141 144 145 150 151 155 157 159 163 164 167 168 173 177 179 181 182 187 194 198 200 210 214 215 216 219 221 227 232 234 236 238 240 241 242 250 251 253 255 259 261 265 267 268 271 276 279 280 285 287 288 296 300 305 311 313 315 318 320 321 322 323 328 329 335 342 
50 116 118 119 121 123 127 133 136 137 145 146 149 154 155 157 158 162 166 167 172 174 180 188 190 198 200 201 207 218 220 222 225 227 228 232 233 234 236 243 244 246 247 250 251 252 257 260 265 266 269 270 277 278 286 293 294 297 300 302 303 308 312 320 322 323 328 331 332 341 
54 116 123 148 161 162 168 174 178 183 190 200 203 208 215 227 233 236 237 257 259 276 280 287 291 300 303 305 307 313 318 320 322 339 340 
195 1 119 123 125 126 128 129 131 132 137 146 150 152 153 160 163 165 166 172 177 182 184 186 192 193 194 196 200 215 217 218 235 243 246 250 252 253 254 256 262 268 275 279 284 287 288 293 296 300 302 303 310 312 318 319 329 330 335 336 341 342 
141 1 120 121 122 126 136 138 140 143 144 145 149 150 151 154 158 163 172 175 178 181 189 192 196 197 200 201 203 204 206 208 212 213 218 219 221 227 234 241 245 248 253 257 259 262 266 270 277 280 281 283 284 287 288 299 301 302 305 307 310 312 316 317 320 326 327 331 332 334 336 
111 115 118 129 156 157 160 165 177 192 207 212 223 224 229 230 246 278 283 329 
70 1 118 125 126 136 140 142 144 154 166 167 180 182 183 187 191 195 196 200 201 203 211 215 219 236 238 242 243 249 259 262 269 270 272 275 279 281 283 285 289 291 292 293 308 309 317 331 335 339 342 
217 122 131 153 162 175 242 261 266 288 300 326 
299 153 158 164 179 195 246 267 286 334 
247 121 122 123 125 126 129 130 132 137 138 141 155 156 157 159 164 166 167 178 179 180 182 192 194 195 208 211 215 218 220 222 224 225 226 229 230 251 252 255 256 263 266 272 276 279 283 285 289 292 293 294 305 310 313 318 319 327 329 332 339 340 
286 115 118 122 124 127 134 137 141 151 165 175 177 180 195 199 201 202 205 207 222 226 228 231 237 240 252 259 268 278 279 281 286 297 300 304 305 312 320 324 327 336 339 341 342 
100 115 116 118 119 120 121 123 125 126 128 132 138 141 142 143 144 148 151 152 154 155 156 160 161 164 166 171 175 179 180 182 187 192 195 197 203 209 210 215 216 219 224 225 227 232 237 238 242 245 246 249 267 269 275 276 283 284 285 286 287 290 291 297 306 317 320 324 328 332 338 339 340 342 
37 116 117 119 122 123 124 127 132 135 138 141 145 146 147 148 150 152 154 156 161 162 163 165 173 174 175 177 183 186 188 189 190 192 193 199 207 208 209 210 212 223 224 225 228 229 233 236 238 239 240 245 247 249 251 252 253 254 255 259 260 261 263 268 271 273 274 275 277 284 285 289 292 293 297 298 299 300 303 304 307 309 311 312 313 318 321 322 323 324 337 340 341 342 
165 141 148 162 177 206 225 239 254 277 280 299 325 339 
107 119 124 128 132 135 142 144 145 150 155 156 157 160 164 167 168 171 183 189 190 195 204 211 215 216 222 223 224 227 229 232 244 248 250 252 262 263 274 277 292 294 311 318 319 322 330 335 336 338 339 
160 115 117 129 136 139 144 148 149 150 151 164 167 172 181 182 183 184 185 189 192 195 199 203 205 207 212 213 217 218 227 230 238 241 245 246 250 253 257 258 260 262 264 266 267 268 271 272 273 274 277 278 279 280 281 283 285 286 288 289 291 292 296 299 301 302 320 323 325 330 332 334 337 341 
143 1 119 121 124 143 146 148 150 152 156 160 161 173 175 177 178 179 184 186 193 199 200 204 212 220 234 237 240 241 242 246 247 248 250 254 255 257 260 266 269 271 272 276 283 288 311 319 332 338 342 
49 133 136 144 167 168 174 182 187 188 189 191 194 198 201 202 209 221 224 226 228 246 248 258 261 271 272 275 293 296 300 302 307 308 312 316 329 332 
73 115 122 131 132 137 140 142 147 151 168 170 172 176 177 178 180 183 186 187 188 194 206 210 211 219 224 225 227 229 233 241 243 248 249 258 266 275 285 288 290 296 301 310 311 314 315 317 319 324 327 328 330 331 336 
123 116 117 121 122 131 133 140 142 143 144 145 148 149 161 170 177 181 182 191 194 195 198 199 202 203 205 209 210 212 216 219 221 228 230 234 235 238 241 252 257 267 275 276 277 279 280 283 285 289 297 303 304 306 307 310 311 312 313 325 330 334 336 342 
280 313 314 
226 116 117 118 119 120 127 131 132 134 136 145 149 151 160 161 162 163 165 167 168 174 182 183 184 188 192 194 197 201 204 205 207 209 211 213 222 226 227 228 230 236 237 241 245 251 252 253 254 255 264 265 266 268 270 272 273 274 275 277 278 282 286 288 292 302 304 310 312 315 321 322 327 330 332 336 
288 116 125 127 129 131 146 147 150 158 165 167 170 174 179 182 184 188 195 199 216 217 228 232 235 237 239 251 257 258 267 276 278 280 307 311 324 326 329 334 
46 1 192 199 217 224 231 233 234 235 245 265 328 330 338 
183 1 119 121 122 124 129 133 139 142 146 147 150 151 161 165 167 169 170 171 173 175 177 178 180 181 184 186 187 188 189 190 197 203 205 208 220 222 223 227 232 233 234 238 239 243 246 247 248 250 253 255 258 260 261 262 268 273 274 276 281 283 288 290 298 299 303 305 308 311 313 314 317 321 324 326 327 332 335 341 342 
53 120 127 129 142 144 148 149 153 163 164 168 175 176 180 183 191 198 200 205 206 218 220 222 223 236 249 251 259 260 261 263 266 278 285 295 302 307 309 315 317 319 322 325 330 334 336 338 341 
291 115 119 120 121 122 123 124 127 132 135 138 140 143 145 148 149 152 155 157 158 166 171 172 174 189 190 193 200 201 202 213 217 219 224 226 228 230 234 236 243 249 252 254 259 260 263 266 268 269 270 273 274 276 278 280 286 288 289 290 298 300 302 304 306 307 312 313 317 320 321 322 326 327 332 342 
45 1 116 120 124 126 145 155 156 157 159 162 165 187 202 205 207 216 222 229 243 248 254 258 268 286 298 305 306 309 312 317 321 325 337 
4 127 138 139 141 145 146 148 162 164 168 174 179 180 197 201 210 212 225 227 236 247 249 251 254 270 271 272 273 277 287 294 296 297 302 308 312 326 331 336 
12 1 117 120 121 130 136 141 144 151 159 161 163 169 178 180 187 209 215 220 230 243 251 252 258 266 286 291 299 300 306 315 316 317 319 327 329 
197 118 124 138 139 146 164 172 183 186 187 194 195 202 209 215 242 245 247 251 257 259 266 268 294 305 312 316 317 318 326 332 335 341 
138 115 124 136 149 158 161 163 165 173 180 186 202 206 208 215 216 218 289 292 295 298 301 304 307 314 319 321 322 328 330 338 339 
176 115 117 120 122 123 125 128 133 135 137 142 144 150 151 152 154 165 166 170 180 181 182 184 186 188 189 194 197 199 201 203 209 210 214 215 217 220 221 222 229 243 244 248 252 253 254 255 261 265 266 267 268 270 272 274 275 276 281 289 291 292 293 294 296 299 312 313 322 323 324 331 332 337 338 341 
215 197 200 
161 115 125 127 129 130 133 136 139 140 142 145 147 151 152 153 157 161 165 167 171 174 176 177 178 179 185 188 204 207 209 216 219 220 224 225 226 230 232 234 235 237 238 239 244 247 249 257 259 263 266 270 273 274 279 280 286 289 291 293 295 298 301 310 321 322 326 330 331 332 334 336 
11 119 120 123 132 133 134 135 143 144 146 148 153 154 158 161 165 168 169 170 173 177 178 186 187 188 189 198 203 205 210 213 217 223 227 232 233 235 237 242 243 245 246 248 250 252 253 256 261 263 264 269 270 271 272 275 278 280 282 283 286 289 291 293 294 295 299 300 302 304 305 310 312 314 316 317 318 319 320 324 333 335 336 341 
107 117 118 120 121 122 128 131 134 135 136 137 138 139 141 144 148 149 150 151 156 159 163 173 175 176 178 180 182 183 188 190 191 194 198 199 200 201 206 207 210 212 217 226 228 233 235 239 241 242 245 249 250 253 256 263 264 267 272 282 283 288 294 295 296 297 306 309 310 314 318 320 324 327 333 335 339 340 341 
253 125 130 137 140 145 146 149 161 162 166 169 182 193 196 197 208 214 231 237 243 251 260 265 266 274 280 282 298 301 302 307 309 316 321 326 332 335 339 
159 121 123 124 128 130 152 154 156 163 164 165 166 169 170 171 173 177 179 186 190 191 196 199 203 208 210 220 222 225 226 227 229 232 234 239 243 244 246 261 266 273 280 285 286 288 290 291 292 297 305 306 307 309 312 317 321 326 331 334 338 339 341 
53 1 116 124 128 130 133 134 135 138 139 141 143 144 146 148 151 153 155 158 159 161 162 172 174 175 180 181 184 187 188 190 193 194 196 198 204 205 207 208 211 216 221 223 225 228 229 235 236 243 246 247 248 250 253 254 257 258 262 265 266 268 271 272 274 280 282 283 287 289 290 291 292 293 294 295 298 299 300 304 308 311 312 317 319 320 321 327 331 333 334 335 336 339 341 
2 117 120 123 128 131 132 133 136 144 152 155 159 162 165 172 190 191 195 198 200 218 219 220 229 231 234 237 241 257 261 262 275 282 288 289 291 292 294 298 299 310 319 320 326 327 330 335 338 
152 1 118 119 128 129 130 133 135 137 141 143 151 152 156 162 164 173 181 182 189 191 192 198 204 205 211 213 214 217 220 223 224 225 226 227 233 234 235 236 237 243 248 250 252 253 256 258 260 264 265 266 267 271 274 275 278 281 282 287 293 297 306 307 309 312 314 317 320 328 331 335 341 
238 179 202 331 
56 118 120 121 126 127 129 135 137 139 141 148 150 151 153 156 157 162 168 169 170 172 174 179 181 182 184 187 188 189 192 193 195 196 197 198 200 201 205 207 213 215 222 227 228 231 233 238 241 243 246 248 252 255 257 259 260 261 262 263 264 270 274 282 285 286 287 288 289 294 295 299 300 303 305 308 309 310 311 312 313 316 322 326 330 332 333 336 338 
137 118 122 124 130 132 136 145 148 150 159 164 169 174 190 194 198 201 204 207 225 237 242 246 247 270 272 278 279 288 294 298 305 306 310 313 318 329 333 341 
49 1 117 123 124 125 126 132 133 135 136 139 140 142 144 145 149 151 153 155 156 158 162 163 164 167 168 174 177 181 182 184 191 192 195 197 200 201 202 207 210 219 221 225 229 230 231 232 233 234 237 238 239 244 246 248 250 252 256 260 265 270 275 276 277 282 283 284 292 293 295 312 313 317 318 319 321 322 323 337 338 342 
292 1 115 118 119 128 130 131 133 140 144 149 156 157 160 169 170 172 174 175 178 180 181 183 185 186 191 192 199 200 202 205 207 209 211 212 219 220 221 223 224 232 233 240 241 242 243 247 248 257 265 267 268 269 271 272 277 284 286 295 297 300 307 308 309 310 311 313 315 316 320 322 323 331 332 333 338 339 341 342 
61 1 125 162 166 179 181 224 226 229 233 236 240 241 245 247 263 265 266 279 282 285 287 299 306 309 312 313 328 334 342 
14 117 119 121 122 123 124 125 126 127 132 133 136 138 145 148 150 152 155 160 166 167 168 169 172 173 174 179 180 183 185 189 190 192 193 194 198 206 208 217 219 220 221 233 236 244 250 252 256 262 264 267 268 274 275 276 279 282 286 287 290 296 308 311 314 315 316 323 332 335 
270 116 121 128 129 134 136 137 138 139 140 145 147 151 157 159 162 167 169 170 176 178 180 185 187 194 196 199 200 202 206 210 211 216 218 220 223 225 226 227 229 231 234 243 248 252 255 261 262 263 269 270 271 280 281 285 287 288 295 297 303 308 314 315 318 323 326 329 333 335 338 340 342 
283 121 147 150 159 178 180 182 184 189 194 212 214 252 265 319 331 
77 1 122 123 127 135 137 139 140 141 142 143 155 156 161 162 164 169 173 174 180 181 183 184 186 187 191 194 196 198 203 205 206 207 211 216 217 219 228 231 232 234 242 248 249 254 256 257 260 264 274 275 279 281 287 289 290 292 294 298 300 303 305 312 316 320 327 339 340 341 342 
190 115 116 128 129 133 135 136 142 149 167 170 171 174 178 205 212 215 216 222 230 233 259 263 271 316 322 326 337 341 
216 115 124 125 126 131 137 140 146 150 156 158 160 162 163 164 172 178 179 180 187 194 201 204 206 208 209 212 214 217 220 222 225 227 229 231 234 236 244 250 251 254 257 259 261 268 272 274 275 285 287 289 291 292 298 299 301 309 311 313 315 316 323 325 327 337 
195 149 163 169 191 292 294 297 316 330 
287 123 131 140 142 143 146 152 153 154 155 158 177 189 219 223 224 226 228 233 245 246 259 261 263 270 274 277 286 291 293 297 303 304 307 315 316 320 323 334 339 
140 1 116 123 148 152 154 157 164 166 173 180 213 222 223 233 248 251 254 256 264 265 277 286 296 316 327 
221 116 119 120 121 122 126 130 131 134 140 141 143 144 148 149 151 152 154 159 162 172 181 182 190 191 192 195 196 198 199 204 208 213 217 218 220 222 224 227 231 238 239 241 242 247 248 249 251 253 255 256 258 263 264 267 271 274 276 277 278 279 283 287 292 293 294 295 301 302 303 304 306 312 313 314 319 323 328 329 330 339 
52 115 116 121 124 146 156 161 176 196 200 213 225 234 242 256 273 275 277 278 287 318 
267 116 123 124 126 129 141 147 153 157 160 164 165 166 170 178 184 193 196 199 205 208 213 214 216 219 224 225 230 231 232 233 238 240 243 245 247 249 254 256 261 263 264 265 268 272 274 276 281 283 286 287 288 290 295 304 305 306 310 314 316 322 325 326 327 328 329 331 334 335 337 
169 117 119 120 121 124 130 132 135 138 142 143 145 146 147 149 150 154 155 156 157 159 162 174 175 178 179 180 181 182 188 195 199 200 204 209 212 213 214 215 218 221 225 237 242 246 247 253 262 263 265 275 281 282 295 296 301 307 308 310 315 318 323 324 326 332 337 341 
208 1 128 131 134 136 145 156 160 162 165 169 171 172 173 176 177 180 186 191 194 198 199 200 201 202 204 210 211 224 233 236 237 245 246 247 250 259 263 265 269 270 273 274 276 279 280 282 283 286 288 289 292 294 295 298 299 305 306 307 309 314 315 328 330 333 340 342 
202 136 278 
157 120 122 123 127 128 134 141 142 143 149 151 153 160 162 167 169 171 174 176 178 181 185 188 190 194 200 202 205 206 209 210 211 212 214 216 217 225 229 231 232 233 234 236 237 239 242 247 251 252 254 260 261 266 269 270 273 275 276 277 280 281 284 285 287 288 291 293 295 303 305 306 311 312 315 317 320 324 326 328 329 331 333 335 337 
80 115 118 119 121 122 124 133 134 135 141 142 149 150 154 159 161 164 166 169 172 179 182 183 185 187 189 195 199 200 201 203 210 211 212 213 215 216 218 219 226 229 231 232 235 236 239 240 241 246 249 264 266 267 269 276 277 278 280 285 286 291 303 304 312 317 318 325 329 330 333 334 336 340 341 
100 116 118 119 123 126 132 133 134 135 137 141 145 147 148 149 151 159 168 170 171 172 185 188 196 197 208 209 212 225 228 231 234 236 239 248 253 257 264 265 274 279 281 288 302 304 307 309 314 315 325 
98 115 118 126 127 128 131 132 138 139 151 153 154 167 170 176 179 180 181 188 196 203 205 206 210 212 213 225 227 228 229 232 233 235 244 247 252 256 258 261 266 267 275 276 277 286 289 293 295 298 301 306 307 310 314 316 318 331 332 
182 118 121 134 137 141 142 143 149 153 157 159 160 177 184 192 197 214 218 228 244 245 246 262 269 286 291 297 298 306 310 316 320 335 339 340 
36 1 125 127 128 137 139 141 142 146 148 156 159 161 166 167 171 177 196 199 202 204 215 216 222 224 226 235 237 240 246 251 254 256 257 258 260 261 264 267 278 282 289 291 292 298 299 303 306 313 318 321 326 327 342 
210 115 119 121 122 125 128 135 140 146 147 148 162 163 164 165 166 172 175 180 182 184 188 199 202 203 208 209 210 214 223 224 225 230 239 244 246 249 253 255 274 280 293 296 300 301 303 304 313 316 317 320 321 329 331 335 339 
203 115 117 118 130 132 143 146 147 152 159 163 166 180 181 194 200 205 210 212 218 226 232 236 248 249 254 261 277 293 294 296 297 299 305 310 317 330 331 335 336 338 
91 116 118 121 125 126 131 139 145 151 153 155 156 157 161 164 166 168 169 170 173 176 177 178 180 181 183 186 190 191 192 199 200 204 206 208 210 215 226 227 234 237 238 240 244 247 249 252 255 256 263 265 267 272 273 280 282 283 284 287 288 289 292 293 294 295 301 306 307 308 309 317 318 321 329 335 
195 1 117 122 127 131 135 136 137 138 151 157 158 164 165 170 171 174 180 183 185 186 187 188 194 200 202 209 210 211 212 214 216 217 231 232 234 237 239 241 243 246 248 256 259 261 265 274 275 282 285 290 291 292 294 296 301 303 305 307 310 311 312 316 317 320 332 335 337 339 342 
186 116 125 127 131 132 136 137 138 140 141 142 145 149 151 162 165 172 173 177 178 179 180 190 194 197 204 207 215 230 234 239 240 242 258 260 264 265 270 271 273 275 276 282 284 286 287 288 293 294 297 298 299 301 302 305 306 307 309 311 312 314 318 325 329 339 340 341 
175 121 122 126 127 128 129 131 135 136 140 142 150 152 156 159 161 163 164 168 175 187 188 189 191 212 215 224 227 228 230 235 241 246 251 259 262 278 291 299 302 307 309 313 322 329 334 338 
1 116 121 126 128 129 131 133 135 136 138 139 141 142 146 149 151 152 156 157 164 166 168 169 170 171 173 176 177 178 181 186 196 197 199 201 204 209 211 214 215 218 224 227 229 230 231 234 237 238 241 242 247 249 251 252 256 257 258 260 264 265 267 275 280 284 285 286 291 292 294 296 297 303 304 306 307 310 316 317 319 321 324 327 328 331 334 339 341 
60 120 128 129 148 153 155 163 169 171 181 188 196 199 202 207 213 214 216 222 225 226 231 237 256 257 258 261 262 267 268 271 274 277 285 294 300 302 310 313 315 321 323 326 333 334 337 
151 127 158 163 177 206 217 244 245 248 255 293 296 308 324 
80 174 221 243 270 
277 130 192 195 202 261 280 281 290 304 323 331 
151 147 152 158 161 165 181 183 201 208 209 213 216 219 235 238 261 263 276 278 280 283 284 291 303 311 319 322 324 332 
281 116 138 142 148 165 166 167 170 171 178 182 196 199 201 217 220 230 231 238 246 259 283 289 292 294 304 307 310 313 316 319 321 324 332 334 338 340 
118 115 122 127 129 135 136 138 139 140 142 144 145 146 148 152 153 155 156 157 159 161 163 169 171 173 175 176 178 181 188 191 195 204 206 207 208 209 213 218 219 221 222 223 227 228 231 232 235 241 242 243 245 247 249 250 253 255 259 260 264 265 273 274 279 280 281 285 286 290 292 294 295 299 301 309 313 315 316 320 322 323 324 325 332 337 340 341 
260 124 126 130 134 136 137 148 159 163 165 166 201 202 204 214 218 224 254 264 268 273 295 298 306 311 312 314 330 337 340 342 
299 118 120 121 124 126 128 130 136 137 144 145 154 161 164 169 171 177 181 206 212 221 224 227 231 241 244 245 252 254 260 264 268 273 274 277 280 281 288 292 301 307 323 329 333 335 338 341 
71 122 141 155 157 187 237 238 278 340 
149 134 141 167 170 176 183 184 190 214 215 219 250 257 259 281 299 304 319 326 339 
166 131 150 159 166 169 178 182 191 194 209 212 219 233 247 253 254 261 268 276 288 292 300 315 321 322 325 333 
188 130 131 138 140 155 163 171 173 176 178 180 182 183 192 194 197 200 204 207 209 214 218 221 224 227 230 232 244 245 250 251 262 263 270 271 275 278 280 281 284 286 288 291 295 297 300 305 308 310 311 312 313 314 318 319 333 337 339 
189 116 119 122 131 133 135 139 140 141 144 148 151 154 156 158 162 173 177 183 187 192 198 203 206 211 213 214 224 226 227 237 242 246 249 251 255 258 265 266 269 272 276 282 287 291 293 298 306 307 311 318 323 324 325 328 332 338 340 341 
41 118 122 125 126 128 137 138 142 153 157 158 163 165 168 171 172 182 183 188 193 195 199 201 202 204 206 207 209 212 213 216 219 227 228 229 230 237 239 242 255 256 258 263 267 270 272 273 275 278 282 287 293 299 300 301 303 305 307 308 311 314 317 322 326 327 328 329 332 334 335 342 
21 125 136 160 172 194 195 204 211 216 217 219 233 247 254 259 263 270 274 275 287 294 298 309 314 328 330 334 336 342 
147 119 120 138 141 144 147 157 165 169 172 185 186 195 204 208 214 216 225 239 244 256 274 280 291 311 326 
275 116 118 119 124 131 132 133 137 141 144 146 148 155 158 159 160 167 168 169 170 173 182 188 189 190 192 195 197 198 203 208 211 215 225 230 231 234 235 236 238 240 241 243 244 245 248 250 258 260 262 266 269 271 272 274 275 276 277 281 282 283 285 286 289 294 297 298 299 300 301 302 306 308 309 310 311 313 316 319 320 321 322 325 326 327 328 329 330 331 334 335 336 338 339 340 342 
214 136 142 144 149 151 157 166 167 188 193 210 212 226 236 252 253 271 272 275 294 299 300 308 316 319 323 333 
67 116 120 141 159 161 168 177 178 181 188 190 192 201 202 204 213 216 217 221 253 301 309 337 
277 115 119 127 134 137 139 147 148 155 156 162 163 165 166 172 175 181 184 185 187 188 191 196 197 199 200 204 205 207 211 212 217 219 229 233 238 239 241 243 244 249 250 251 264 266 271 274 278 279 281 282 283 286 290 291 293 298 299 300 303 304 307 310 311 315 321 325 326 329 330 331 332 334 336 338 340 341 
285 120 124 136 142 160 169 192 196 214 226 227 319 
169 119 126 138 139 142 152 158 161 178 187 193 197 198 204 214 222 226 229 231 239 244 253 262 263 270 276 280 281 284 301 303 308 310 311 313 331 338 340 341 
240 117 119 121 122 123 125 131 136 140 141 142 143 151 152 154 158 167 168 175 178 179 180 182 184 197 198 200 206 211 215 218 227 229 230 242 244 246 248 249 250 252 254 260 261 262 264 268 269 272 273 275 278 284 286 290 292 293 297 299 302 304 310 311 312 314 318 319 320 321 322 324 325 329 331 332 336 338 341 
6 119 122 139 143 145 155 156 160 161 166 179 189 225 226 238 246 259 265 269 276 284 289 304 319 322 335 339 
156 1 120 121 123 127 130 132 133 141 142 144 150 153 156 158 159 163 170 171 172 175 176 179 181 183 185 187 188 197 201 204 208 211 212 215 216 227 230 233 240 245 247 251 254 255 259 260 262 272 274 278 281 283 284 287 289 293 302 304 308 310 312 313 319 320 322 323 326 327 329 330 333 
58 115 116 120 121 125 127 135 153 161 163 166 168 174 188 189 192 196 203 214 216 217 218 219 222 223 236 240 244 252 258 259 272 286 291 292 294 310 311 315 316 317 318 321 324 327 332 336 339 
256 139 163 181 213 241 273 
141 1 120 123 133 134 142 152 153 156 157 166 170 181 189 197 202 204 217 218 220 231 233 235 238 239 250 254 256 259 261 263 267 268 270 287 289 303 309 315 317 332 333 
259 1 118 125 126 127 135 141 143 146 152 155 158 159 161 163 176 178 179 180 183 186 187 188 191 192 194 195 196 198 199 204 206 207 208 209 211 217 219 225 226 228 230 233 234 248 251 254 258 262 266 267 269 271 275 279 280 281 282 284 286 287 288 289 292 293 299 300 312 313 315 319 321 325 327 328 330 335 337 339 
46 115 119 127 128 141 142 144 147 149 158 162 172 176 177 179 180 183 184 185 187 188 190 194 202 204 208 212 213 214 216 217 220 223 229 231 234 237 238 243 244 245 263 264 267 271 274 275 277 278 279 281 282 285 288 293 295 299 300 302 303 304 311 319 321 322 323 324 328 329 330 339 341 
79 117 121 134 164 192 211 221 228 281 282 283 327 340 
189 115 129 132 141 149 159 160 161 163 164 174 201 213 230 234 239 240 260 267 268 269 284 292 312 315 324 330 331 336 341 342 
165 125 127 138 161 170 177 196 201 208 239 257 266 286 293 295 301 310 322 335 340 
288 120 136 153 175 200 283 286 301 309 313 317 334 
90 120 130 146 150 162 163 171 172 180 188 191 196 217 220 226 232 239 245 252 271 274 278 295 297 306 309 315 335 342 
274 124 125 139 157 167 173 176 190 193 207 212 220 221 240 252 277 280 282 305 308 313 326 
37 115 122 138 139 140 141 142 144 152 154 156 158 168 170 185 186 189 195 196 203 207 210 219 220 223 229 243 250 254 265 272 285 294 298 306 317 318 326 327 333 335 337 
116 121 127 129 138 141 142 146 150 151 159 161 178 182 187 192 193 198 200 207 211 212 218 221 222 236 259 267 269 273 279 280 282 285 302 308 316 321 325 331 332 
173 269 326 
91 116 136 145 149 151 154 156 157 170 183 208 232 252 278 281 289 294 296 307 311 328 340 342 
8 1 117 118 119 123 125 127 133 138 139 140 144 145 146 147 150 156 158 159 163 166 169 172 174 176 180 181 184 185 186 194 197 198 199 203 205 210 212 213 216 218 220 221 222 225 228 230 231 232 234 236 237 244 246 253 254 256 263 271 272 273 274 276 278 280 282 283 287 294 297 298 301 316 317 319 322 324 328 332 333 336 342 
107 131 185 264 294 
275 116 118 133 141 145 149 158 160 162 163 164 165 169 174 175 183 186 189 191 195 196 197 201 208 211 221 225 229 230 231 233 238 239 242 244 245 246 252 253 254 256 259 262 266 269 273 274 279 281 283 285 287 288 289 291 293 295 299 304 308 310 318 326 327 329 338 341 
275 116 117 124 128 135 137 146 153 182 193 209 243 245 260 282 300 309 320 337 341 
218 119 123 127 133 135 138 161 180 182 184 192 211 225 231 240 248 259 288 296 309 314 330 332 342 
225 116 119 121 126 133 160 164 184 190 194 195 204 216 223 227 229 232 243 245 254 270 273 286 287 300 308 317 319 333 
148 121 125 130 134 138 147 149 152 156 167 171 175 176 180 186 202 204 209 221 235 242 248 266 275 280 289 291 313 314 315 316 327 329 330 332 336 337 338 342 
194 118 121 157 162 165 168 172 174 207 210 219 223 228 231 235 254 255 271 272 273 299 320 330 
136 122 123 130 131 132 141 142 144 145 150 155 161 162 164 168 171 181 185 190 193 196 198 208 212 217 218 228 229 236 238 239 241 250 252 253 260 261 263 264 267 269 274 285 287 289 292 294 300 306 309 312 318 326 327 338 342 
160 121 123 130 131 136 144 149 150 151 159 167 169 172 173 185 186 189 192 194 204 205 210 212 215 217 220 225 230 234 238 242 250 257 258 264 270 271 274 276 281 289 291 295 308 310 312 314 315 323 325 326 332 339 341 
75 1 116 119 120 122 125 126 139 141 143 144 146 147 158 159 160 166 168 169 170 174 175 184 186 188 191 197 202 214 215 220 226 227 233 234 238 239 245 248 250 255 257 258 261 263 272 275 276 279 280 283 285 290 296 297 300 301 307 309 316 317 318 319 321 322 326 331 332 334 335 336 337 340 
196 115 118 120 124 127 128 129 131 132 136 139 142 144 148 149 151 155 156 157 158 161 163 168 172 173 176 179 183 186 190 192 197 199 202 205 211 216 221 226 229 232 233 234 239 248 249 252 257 261 277 278 279 281 282 283 284 293 295 298 308 309 318 319 322 323 328 331 332 334 335 336 337 
207 1 116 120 121 122 125 128 129 140 143 144 147 148 156 163 172 174 175 176 180 181 185 186 187 189 191 198 199 202 203 204 206 209 211 216 217 220 224 226 227 229 232 235 241 246 249 250 257 258 260 261 263 264 265 266 267 269 270 273 274 275 276 282 283 284 287 289 294 296 299 300 303 305 306 307 309 310 312 313 316 317 319 320 322 324 325 327 330 334 337 341 
255 120 125 129 134 142 146 148 150 153 154 161 164 171 172 187 197 204 207 220 225 234 239 252 255 259 264 270 276 281 283 286 287 289 299 301 311 313 318 326 331 335 
284 1 116 118 122 128 132 134 139 140 141 143 145 147 150 152 155 156 157 159 161 164 167 171 177 180 181 183 184 185 187 189 191 195 197 199 203 204 205 207 208 211 213 215 216 217 218 223 224 225 228 229 231 232 233 238 239 241 242 244 246 252 253 258 265 268 273 277 282 284 285 286 288 289 292 297 299 305 307 312 314 315 316 318 321 325 327 329 331 334 336 337 341 342 
96 116 117 118 126 130 140 143 145 147 150 153 156 159 163 164 166 170 178 180 186 187 188 193 195 197 200 201 205 207 210 217 218 219 220 221 225 226 228 229 232 240 250 256 264 267 270 272 273 279 280 281 282 285 287 289 292 294 296 299 301 305 307 308 312 322 323 328 331 332 333 335 
51 115 121 122 127 132 135 137 138 140 145 147 149 150 153 157 163 174 175 178 180 181 184 191 194 200 202 204 207 211 214 217 218 221 224 228 229 230 231 236 239 243 244 250 253 255 256 259 261 268 269 271 273 274 276 280 286 288 291 292 294 296 308 309 311 312 316 320 322 325 327 332 336 337 
44 1 127 128 132 133 139 141 145 155 159 168 173 206 209 212 218 225 226 236 243 246 248 255 262 284 285 288 291 300 313 317 322 324 327 342 
9 293 
198 1 148 150 156 158 167 168 173 182 186 193 197 199 202 225 235 236 237 246 247 255 262 270 275 276 282 290 296 298 301 308 324 332 335 336 
200 116 117 127 138 140 151 152 160 166 180 182 185 186 192 195 199 211 214 215 216 222 230 234 235 237 239 244 248 249 253 267 270 274 275 287 290 302 303 304 330 339 341 
210 117 122 136 165 174 194 197 206 222 242 258 279 287 316 322 335 338 
218 147 
265 122 129 131 133 139 141 148 152 163 173 179 181 188 192 194 196 198 200 204 207 214 233 235 236 265 275 281 291 299 305 313 314 317 321 322 324 325 329 333 338 
124 116 119 123 130 132 136 137 139 140 141 143 144 145 149 153 155 156 158 164 165 167 169 171 172 173 177 178 180 182 184 185 186 189 195 200 203 205 210 211 216 220 222 224 225 226 232 236 240 241 246 248 251 252 257 261 266 268 269 273 274 275 279 281 285 286 289 297 301 302 306 310 311 322 323 327 331 333 335 341 
260 115 119 120 121 124 125 127 128 132 133 135 136 140 141 142 143 146 150 152 155 157 158 161 168 169 170 175 176 179 180 184 187 195 201 203 218 226 230 234 254 255 260 262 265 266 268 276 277 283 285 300 303 308 316 322 327 328 334 337 339 
9 165 196 209 213 216 224 233 280 
265 115 117 118 120 121 127 129 131 138 139 143 148 153 156 157 158 160 168 170 171 173 174 175 179 186 189 202 203 204 210 211 215 222 223 230 233 235 240 242 243 244 248 249 254 255 257 258 259 263 265 268 269 273 290 291 298 306 309 310 313 315 316 317 320 323 324 333 337 
44 118 119 120 130 132 139 144 151 153 165 169 171 172 174 194 199 200 208 209 210 225 226 233 245 246 247 253 265 269 282 294 299 301 305 308 314 316 319 321 
212 123 129 132 133 135 137 141 143 145 147 148 149 152 154 157 161 162 164 165 167 172 173 176 181 182 186 190 193 195 199 200 209 212 215 220 222 226 228 229 230 244 250 253 255 257 261 263 267 272 274 278 280 282 284 285 289 291 292 294 298 299 301 302 305 307 310 312 314 318 319 320 323 324 331 332 335 339 341 342 
40 118 120 124 125 126 127 128 139 140 144 150 155 161 162 170 174 177 183 185 198 204 205 218 222 225 226 227 228 232 237 241 245 246 249 254 266 268 275 277 281 283 291 292 298 300 301 303 306 307 310 311 319 328 329 333 337 
22 115 128 141 145 184 185 202 203 218 223 224 225 226 234 236 242 246 258 261 267 273 283 290 300 318 
127 117 121 123 125 128 129 130 132 134 138 143 146 147 151 152 153 155 161 162 163 168 169 171 174 175 177 182 183 188 190 192 201 204 207 216 220 228 229 231 236 237 240 250 253 254 255 256 257 261 262 263 271 272 276 279 280 283 284 285 289 291 292 294 297 298 299 301 308 309 313 314 318 320 322 323 324 325 334 335 336 
120 214 238 
277 121 130 131 134 136 142 143 148 153 154 157 166 175 177 178 179 190 192 196 197 199 203 211 214 215 216 222 237 239 241 244 246 248 255 259 268 272 276 279 283 284 288 290 293 296 304 308 310 318 319 321 322 331 337 339 
290 133 135 137 138 141 145 159 160 161 168 194 195 196 201 206 215 218 226 235 243 244 247 253 257 263 273 275 280 285 286 292 295 297 299 302 303 318 321 322 338 342 
119 117 120 136 138 140 144 146 150 157 160 164 165 166 174 175 177 187 188 200 201 205 206 213 232 234 238 246 251 253 257 259 260 262 263 271 272 277 281 287 290 292 295 300 303 308 309 312 318 319 322 324 332 333 341 
242 152 162 170 237 243 275 282 293 
47 124 131 134 135 142 153 154 165 177 186 198 204 208 215 218 219 224 225 228 231 237 244 253 262 266 280 281 293 298 302 303 305 309 311 316 318 320 335 
220 131 133 137 141 147 152 158 160 163 171 172 239 259 266 273 331 
93 115 122 136 137 145 156 162 166 210 211 239 250 293 299 313 317 325 339 342 
88 210 209 72 298 194 251 131 293 196 271 88 36 255 35 248 297 40 295 168 271 23 25 32 251 45 277 279 62 270 145 223 200 192 68 135 231 62 221 131 204 115 90 160 179 255 120 70 295 169 96 124 77 50 57 75 71 220 113 61 206 233 117 237 292 285 235 17 178 82 207 276 154 154 49 286 211 67 288 196 34 131 70 59 44 260 50 147 161 263 289 195 39 263 142 298 114 7 131 70 119 162 126 55 280 182 231 103 29 173 136 134 265 49 226 40 190 211 40 152 250 121 154 2 214 118 259 140 268 293 160 281 276 138 211 180 14 270 90 218 26 74 252 131 74 264 224 286 222 205 131 78 238 29 142 26 84 28 269 107 124 195 214 250 4 43 24 107 252 237 91 43 194 89 120 235 59 78 230 19 140 82 280 75 173 161 139 114 35 75 103 286 226 188 141 266 42 40 82 18 83 137 26 180 101 38 119 114 157 118 217 120 152 3 264 210 191 259 170 300 197 298 34 12 117 66 248 14 41 240 235 269 3 180 191 266 3 150 262 42 57 37 248 252 76 26 251 61 202 60 39 173 108 284 298 94 185 78 43 91 256 108 241 237 75 251 274 246 145 14 196 60 284 220 222 221 23 247 164 175 93 207 250 235 6 168 25 234 213 262 69 74 270 147 253 48 62 56 259 71 189 210 89 101 250 77 89 52 218 39 298 100 208 99 255 259 204 172 67 167 194 159 104 99 48 222 236 114 20 29 200 65 221 178 222 177 40 41 166 125 118 215 
