230 345
72 122 126 147 195 205 228 265 281 304 306 314 319 340 344 
61 1 123 124 131 157 169 172 179 190 193 196 208 209 212 221 224 225 229 254 261 273 274 276 278 281 283 288 290 301 308 331 335 
66 125 132 136 139 141 146 148 157 160 165 168 170 178 182 183 195 213 222 240 255 258 270 278 279 286 291 295 297 300 301 306 309 318 319 327 334 337 
175 128 130 131 137 176 206 213 222 227 232 248 250 269 277 291 305 319 337 341 
146 1 117 122 127 131 133 134 136 137 138 141 142 144 146 147 148 149 152 153 156 157 164 165 166 169 171 174 175 177 178 179 180 183 185 186 187 188 191 192 193 199 200 201 206 210 216 218 222 223 225 232 237 244 250 253 259 267 271 272 280 284 286 287 289 295 297 299 302 306 309 310 311 314 319 321 322 323 324 326 327 330 331 332 333 340 342 345 
85 124 151 161 166 167 168 170 178 181 187 190 191 193 202 211 221 223 240 245 255 258 260 268 272 273 277 278 279 280 285 289 296 314 320 322 327 329 338 341 
58 128 336 
47 1 121 123 127 130 132 133 137 138 140 147 148 149 151 154 156 157 161 163 164 167 168 173 175 176 177 179 180 181 182 189 191 194 199 200 205 211 213 218 221 224 225 231 233 234 235 238 242 244 246 248 253 258 261 262 265 266 267 271 273 277 286 288 290 291 292 296 300 302 304 309 312 313 316 317 323 327 329 330 331 332 333 336 338 340 342 343 344 
132 117 121 129 141 148 150 152 155 160 164 168 174 176 177 181 182 194 204 217 227 233 237 238 243 254 259 262 264 277 282 291 299 303 305 313 331 333 
1 190 212 
103 1 117 122 128 137 138 143 150 153 158 159 160 162 165 170 176 177 184 188 191 193 196 198 199 208 211 212 214 215 222 223 238 239 240 248 249 252 258 260 262 272 279 283 285 287 289 294 296 297 301 302 304 308 317 322 323 326 328 329 331 335 336 337 342 
92 117 118 121 123 126 131 142 145 147 150 151 161 162 163 167 168 174 176 182 184 188 191 193 196 197 198 199 203 204 206 211 212 218 222 224 226 228 230 231 237 238 243 244 251 260 261 264 272 274 278 290 294 295 296 305 313 320 322 323 324 331 333 336 341 344 345 
228 122 123 139 141 142 162 180 188 190 195 198 199 208 214 217 222 231 232 235 236 239 243 244 248 255 257 264 281 282 293 306 308 343 344 
63 117 130 165 181 185 201 246 249 255 266 323 339 344 
132 116 120 137 148 152 154 157 158 169 177 187 189 196 202 203 212 215 218 220 223 238 246 250 261 263 265 270 278 282 287 292 301 304 325 326 344 
38 117 122 129 130 132 134 135 136 138 140 143 144 149 155 159 162 163 164 172 178 182 187 188 191 193 202 203 206 214 215 216 217 220 221 224 225 226 228 231 233 235 241 246 247 252 257 263 266 268 269 270 271 282 285 287 288 289 290 295 302 303 305 306 307 308 313 323 326 327 331 339 
212 178 179 208 214 235 245 304 330 332 336 
95 1 118 122 124 126 130 140 144 145 146 151 154 160 161 162 164 167 168 170 171 173 174 175 177 180 183 188 190 193 194 199 202 203 204 207 209 210 214 218 223 224 226 235 238 241 242 243 244 247 248 253 257 260 264 270 277 287 294 298 300 303 304 308 314 315 319 329 334 336 337 339 340 341 
42 1 116 117 118 123 125 126 131 132 135 138 147 155 157 161 162 164 167 168 172 173 184 185 187 188 189 191 197 200 201 202 203 207 216 217 220 226 230 239 241 243 249 250 251 254 258 259 265 267 270 274 275 277 279 281 284 285 291 301 306 319 322 325 327 329 331 339 340 341 343 
219 120 125 126 129 130 133 137 152 155 156 158 159 160 166 167 168 174 175 179 181 182 183 184 185 186 190 194 196 197 198 199 200 201 209 212 215 219 228 235 236 237 241 242 243 251 252 253 257 261 272 275 277 278 280 281 283 286 292 295 296 298 299 301 303 306 311 313 320 323 324 325 326 328 330 336 344 
260 1 124 130 136 140 148 150 154 160 163 167 168 171 177 181 189 194 195 196 197 207 214 217 221 228 229 230 231 236 237 243 246 249 251 260 263 264 265 266 272 274 275 280 285 286 288 291 295 297 301 308 311 315 321 324 326 327 332 344 345 
27 116 126 128 135 140 141 142 145 154 155 158 160 165 170 176 179 181 182 195 196 200 201 230 234 236 240 242 243 247 249 256 260 265 266 267 275 280 281 283 291 292 296 298 300 301 311 315 316 319 320 332 333 336 340 343 344 
84 116 118 119 122 124 128 133 135 143 147 150 158 161 164 169 171 175 177 182 187 189 194 195 196 203 204 205 208 209 210 211 213 223 225 230 232 233 242 249 250 251 256 257 270 276 282 288 289 294 297 299 303 307 311 314 316 329 332 338 339 
168 118 133 135 136 139 141 142 143 147 148 152 155 157 158 159 160 161 162 164 168 170 173 178 179 184 185 191 192 195 197 198 201 209 213 214 217 220 222 228 230 235 236 238 241 242 243 248 250 252 254 257 258 259 262 263 266 267 268 271 272 273 274 275 276 278 279 281 285 286 287 290 297 299 301 302 306 310 311 313 314 316 318 322 323 330 335 337 340 342 343 344 
159 121 122 135 142 145 177 182 191 270 274 277 279 288 303 324 327 338 
299 1 118 123 126 131 139 149 158 160 174 176 179 183 184 185 189 194 198 201 202 206 212 214 224 228 239 240 248 256 257 261 264 265 272 273 276 279 282 283 287 298 300 304 326 329 334 338 339 340 344 
55 150 166 197 205 211 214 216 231 273 283 287 290 302 325 338 345 
280 121 137 154 155 175 184 186 193 196 199 201 206 208 209 216 218 222 223 226 227 229 231 234 236 239 241 247 253 254 255 257 259 260 261 272 278 281 283 287 290 291 295 296 298 300 304 309 313 316 322 323 325 332 343 
9 118 120 129 132 134 146 152 153 156 159 160 162 164 166 168 169 176 177 178 179 187 188 189 194 197 200 202 203 207 210 212 213 215 216 218 220 221 226 227 231 234 236 238 240 252 256 259 262 266 270 273 275 277 279 281 282 283 287 289 290 292 293 294 296 297 300 304 306 307 311 313 314 315 319 320 322 327 336 340 341 342 343 
137 149 162 178 201 239 244 250 255 263 293 323 328 342 
76 119 122 124 125 126 127 129 134 136 138 141 142 143 145 152 157 162 163 165 172 174 176 177 180 185 191 196 199 200 201 206 214 217 218 239 244 245 248 250 251 252 253 256 258 270 272 273 275 276 279 282 285 288 290 301 303 304 312 315 319 320 321 326 327 333 338 339 340 345 
131 1 120 124 128 129 133 134 137 146 148 149 150 154 156 160 161 163 166 167 169 170 174 175 176 178 179 181 183 184 186 189 190 191 193 194 196 202 204 205 208 211 212 216 218 220 223 233 235 236 237 238 239 240 251 253 255 259 260 261 265 269 271 275 276 277 278 284 286 287 288 301 302 305 309 311 313 314 315 316 318 321 323 331 334 335 341 343 344 
150 120 127 133 136 152 154 157 164 189 190 194 196 200 207 209 220 232 235 237 256 290 295 297 307 312 317 319 325 
75 123 139 142 144 148 150 162 168 171 174 175 177 180 183 194 200 202 203 205 206 209 211 216 228 238 241 245 247 250 252 274 277 278 282 286 289 294 296 304 305 306 308 323 327 345 
131 118 122 126 130 132 137 138 141 154 166 172 175 183 193 203 206 207 209 211 231 245 252 253 254 274 275 288 293 294 298 311 314 315 320 321 332 335 344 
142 120 122 123 127 139 142 143 144 147 150 152 157 169 182 189 195 196 198 200 201 204 212 216 226 228 237 241 242 244 256 261 267 281 283 289 290 304 307 308 313 321 328 331 339 341 344 345 
184 156 157 171 194 225 230 264 284 305 325 341 
57 128 132 141 142 151 155 160 164 166 170 186 198 200 208 212 214 219 225 239 242 259 261 262 269 272 274 276 277 281 283 287 320 326 329 333 338 344 345 
118 119 126 129 132 135 137 146 149 152 184 188 191 194 200 208 212 213 227 229 231 235 248 249 251 256 259 263 265 266 270 273 278 288 297 298 309 320 321 323 326 335 340 342 343 
257 119 124 125 134 138 150 154 155 163 165 166 171 172 174 175 180 181 189 193 197 202 203 204 205 207 212 217 220 221 228 234 235 244 252 258 259 265 266 273 277 278 280 290 294 302 306 311 325 327 334 335 343 
242 120 122 125 130 137 138 143 151 153 161 162 164 168 169 178 181 183 186 192 199 200 202 221 231 238 241 245 252 258 260 263 280 286 288 290 297 301 302 306 315 327 328 329 330 333 338 342 
300 1 117 119 121 123 125 127 128 129 130 131 132 137 141 144 150 152 155 157 162 163 170 173 177 179 180 181 185 193 196 203 207 209 210 218 220 228 229 233 237 238 239 244 249 251 254 257 259 262 273 274 277 278 279 281 285 287 289 294 296 302 304 307 310 312 315 319 322 328 336 339 341 
153 122 124 125 126 136 139 142 149 153 156 157 161 183 189 192 195 199 208 218 230 237 238 247 251 255 264 279 281 287 292 299 303 314 336 339 345 
59 125 132 137 138 142 147 156 159 168 173 178 180 191 196 207 212 214 219 224 238 246 251 281 285 290 302 316 322 324 335 338 340 343 345 
272 127 144 146 153 165 172 173 213 220 236 264 279 316 318 333 345 
103 118 121 122 123 125 128 131 139 142 145 147 150 151 152 154 158 160 165 167 168 170 175 180 181 190 191 197 198 201 202 203 205 207 212 213 220 225 226 232 235 244 246 248 251 253 256 257 258 266 267 269 280 282 283 284 285 299 306 307 314 318 319 321 327 330 331 333 335 337 
206 166 177 218 259 263 281 284 345 
65 137 145 149 150 151 156 161 162 164 166 171 173 177 180 183 187 189 190 192 193 197 200 203 209 213 216 217 218 221 224 229 236 239 240 251 252 255 259 279 280 283 284 285 286 287 302 308 312 317 322 323 326 327 328 329 336 
115 119 126 127 129 130 132 149 167 173 174 179 180 186 188 190 191 192 193 195 196 202 209 210 211 212 213 214 217 218 229 234 236 239 240 241 245 246 250 254 257 261 262 263 264 280 288 291 297 301 310 312 314 316 322 323 326 335 339 
232 117 121 129 133 139 143 147 148 150 155 164 167 171 173 176 177 196 199 222 240 262 278 280 288 298 305 313 314 336 339 341 343 345 
275 127 134 264 288 306 
125 128 129 134 135 139 142 146 147 149 152 155 157 161 165 174 177 178 182 183 192 193 197 220 222 224 229 230 245 250 254 256 258 261 262 263 273 276 277 281 283 286 290 291 294 295 301 302 303 304 311 318 319 323 328 330 338 340 345 
208 116 118 120 123 129 134 136 140 143 148 150 153 164 169 177 186 193 194 195 207 208 218 220 225 226 231 242 252 253 280 286 288 310 319 323 334 341 
163 1 116 120 123 125 127 131 133 139 140 142 143 144 148 151 152 153 156 157 158 159 163 164 172 178 180 185 189 194 195 196 198 200 201 209 214 215 217 218 222 235 236 237 240 241 242 243 245 246 248 250 252 253 254 262 267 275 276 280 281 285 286 287 289 298 306 307 309 316 317 322 323 326 331 334 338 340 
238 1 122 123 126 128 130 131 133 135 136 141 146 150 152 164 170 173 178 179 187 189 190 194 196 200 202 204 205 206 208 209 210 211 214 216 227 228 230 241 243 248 249 251 253 255 261 266 268 273 278 280 282 285 286 290 292 293 298 299 301 302 305 306 307 313 314 319 321 323 327 328 331 334 337 339 343 
266 136 250 256 270 304 331 345 
227 117 118 121 137 151 198 212 223 225 235 244 253 268 276 278 279 283 296 314 315 320 332 344 
173 120 125 128 130 132 135 143 145 147 148 153 154 155 162 163 164 168 169 173 176 180 185 189 190 193 194 198 201 207 208 211 212 214 215 217 218 219 220 223 226 227 230 234 238 242 243 246 247 248 249 250 252 254 260 262 265 267 272 278 279 285 287 291 292 295 296 300 303 304 312 313 315 317 320 325 328 334 337 344 
211 116 118 120 121 126 130 136 142 143 145 150 152 156 159 160 164 166 167 170 171 173 175 177 189 191 192 195 196 197 198 204 206 207 208 212 216 218 222 223 229 232 234 237 240 241 243 247 254 261 262 264 275 276 277 281 282 287 290 293 294 296 304 307 309 311 315 317 319 321 324 327 333 336 340 343 344 345 
246 117 126 128 130 131 137 150 153 156 161 162 169 172 177 180 181 186 188 191 198 201 209 214 216 222 228 235 238 245 246 247 250 253 254 257 260 263 264 267 268 270 281 284 289 293 297 299 303 307 310 312 315 317 318 323 329 331 333 337 
64 119 134 138 140 147 154 175 186 193 209 236 257 263 270 280 289 295 296 306 315 318 
256 1 119 120 122 124 126 128 129 131 133 134 135 136 137 138 140 145 147 155 159 160 161 164 165 167 176 179 182 193 196 197 198 199 202 207 208 211 213 214 217 220 222 237 244 248 249 250 253 260 267 272 274 275 282 283 286 288 296 297 303 308 310 311 313 323 326 331 345 
74 1 118 121 122 123 126 129 135 139 148 155 160 162 164 165 167 172 174 175 178 179 182 184 189 200 201 205 217 221 222 223 224 225 226 227 250 252 256 260 265 267 268 269 274 275 279 280 281 289 290 291 295 298 309 315 323 339 343 345 
242 120 124 126 127 130 133 136 138 146 150 158 159 162 186 191 194 198 200 207 211 213 215 220 224 225 227 228 234 236 239 246 254 262 269 276 296 302 305 306 307 309 311 333 336 339 343 345 
85 118 121 127 139 151 152 165 178 193 195 201 202 205 207 254 263 272 281 282 289 300 327 
184 122 124 132 143 147 157 158 164 175 177 186 187 188 191 195 199 201 206 209 212 215 216 222 223 227 230 237 251 253 260 262 271 272 280 284 287 289 292 298 303 306 307 308 310 315 325 326 327 332 333 336 345 
22 117 148 149 163 189 196 198 208 231 235 236 240 250 254 257 259 262 263 282 287 296 311 330 336 338 343 345 
1 119 120 126 127 133 135 137 138 141 144 146 152 156 157 159 161 162 164 167 171 172 174 175 183 187 193 194 196 197 198 200 203 206 208 210 211 212 215 217 218 219 224 229 232 235 237 240 241 243 244 247 257 265 274 275 277 279 280 284 285 288 291 296 297 298 302 305 318 320 324 325 327 328 330 331 332 334 335 336 338 339 342 343 344 345 
38 117 125 135 136 139 147 148 155 162 164 169 180 189 205 207 222 224 225 233 237 239 244 250 254 256 259 263 264 267 268 281 290 291 310 314 316 318 320 326 328 
271 1 121 122 123 127 133 142 144 147 151 156 159 162 166 169 171 173 174 175 176 178 193 195 196 202 210 211 215 216 219 221 227 228 230 233 238 239 251 255 257 259 260 261 268 270 272 277 280 281 283 288 292 295 308 317 324 325 329 330 332 337 343 
234 134 157 164 167 169 176 191 198 200 209 216 227 233 234 236 242 254 271 272 275 281 285 288 292 298 299 305 312 314 315 320 328 329 330 332 340 
3 119 133 138 150 188 199 211 212 219 223 225 227 229 232 234 240 241 245 257 259 262 263 270 271 272 282 291 311 327 331 332 337 339 
43 118 125 127 128 138 186 187 205 208 209 222 226 230 235 246 252 260 261 262 273 275 289 290 291 293 296 297 302 326 332 344 
132 118 127 153 160 164 171 176 177 187 196 204 215 238 242 248 250 254 273 301 306 309 328 331 338 
191 116 121 123 124 128 141 159 172 176 186 189 191 205 206 224 225 227 263 265 293 341 
4 138 193 197 300 342 
79 280 315 324 339 
57 1 116 117 118 120 125 126 129 131 132 134 136 142 143 145 147 150 153 159 160 161 165 166 173 176 181 182 184 187 190 193 194 198 199 200 204 207 209 210 211 212 213 226 228 229 230 232 233 242 247 248 249 254 260 266 269 271 272 273 274 276 278 281 285 289 295 296 298 307 308 309 310 313 314 319 320 321 322 326 330 335 336 337 340 341 342 
187 1 116 117 124 126 128 129 138 140 144 147 150 154 157 158 159 161 162 168 169 176 179 181 182 184 190 191 192 196 200 205 208 209 210 213 214 215 223 227 228 232 235 236 237 238 241 246 247 251 262 263 264 265 267 268 276 277 280 282 284 286 293 294 298 302 303 305 314 315 319 320 321 327 330 331 336 339 340 341 342 344 345 
142 117 121 122 124 127 130 138 139 144 149 150 158 161 162 173 188 198 201 204 208 210 212 224 231 233 235 240 246 250 254 261 262 264 265 266 268 269 282 283 285 287 288 290 291 297 299 302 308 311 312 313 320 325 326 327 
299 120 128 131 164 176 182 196 208 235 238 249 255 287 293 312 
32 117 118 119 120 121 124 126 128 129 131 133 136 139 141 146 148 150 155 156 159 160 163 164 165 169 170 173 174 178 181 188 189 191 192 195 208 210 211 216 219 221 223 224 226 227 232 233 234 235 236 237 239 243 245 246 249 250 251 252 253 255 262 263 265 270 271 274 276 279 281 283 284 285 286 287 292 293 294 298 300 302 304 310 312 315 320 321 325 330 334 335 336 340 341 344 
47 118 134 140 145 147 150 151 153 155 157 159 164 167 170 173 175 182 188 191 205 208 212 217 220 223 224 230 234 257 258 277 284 290 293 294 304 305 313 323 325 329 330 331 332 338 340 
56 1 130 132 134 136 140 143 146 151 153 160 163 165 169 170 183 197 198 199 201 202 215 217 218 223 224 226 234 242 243 247 254 259 260 261 267 271 279 280 282 283 288 292 295 297 298 306 308 310 312 315 316 324 328 329 333 341 
61 116 122 126 129 130 131 133 135 136 140 141 143 144 153 158 159 162 166 167 170 172 182 183 184 192 193 204 206 208 211 212 215 226 231 237 246 255 260 262 263 268 270 271 272 279 280 284 286 293 296 299 303 305 308 310 314 315 317 321 326 328 332 333 338 
46 116 117 118 122 129 133 144 146 153 160 164 167 168 196 201 207 214 222 225 226 229 230 235 238 244 247 249 251 260 265 269 275 284 285 297 306 324 328 335 
287 126 138 139 173 179 187 206 236 244 274 280 
224 121 137 266 
84 117 125 129 132 134 151 158 161 169 177 181 196 197 206 208 209 234 236 240 253 256 257 261 271 272 273 294 302 306 310 340 
197 122 130 146 151 152 153 154 156 157 159 161 162 164 165 170 175 176 177 179 181 182 184 192 194 196 209 210 212 215 218 220 223 224 228 235 237 239 240 243 249 256 257 261 262 264 266 271 277 280 282 283 286 289 291 294 295 296 297 305 307 316 322 324 328 334 337 
205 1 116 118 120 130 134 137 141 146 154 164 171 173 176 177 178 180 182 189 193 194 196 200 205 208 217 219 220 221 222 227 231 232 235 241 246 247 253 254 258 259 262 263 266 269 271 274 276 277 284 286 288 291 297 303 307 310 314 315 317 321 324 325 326 328 330 334 335 344 
287 128 135 192 214 230 247 252 317 325 
238 138 158 165 171 184 225 246 257 270 272 296 331 333 335 343 
103 122 139 175 205 219 231 235 252 255 307 336 
8 118 133 135 152 154 161 162 170 172 175 182 185 188 196 198 201 203 205 208 209 212 220 223 226 227 242 245 246 249 255 257 258 261 264 265 266 268 269 271 274 275 277 286 288 291 295 297 299 302 308 309 316 317 318 320 323 326 327 332 336 343 
288 119 124 130 137 139 142 146 147 148 149 155 158 160 167 169 170 171 174 175 179 181 182 187 188 192 193 195 198 199 205 206 207 209 210 213 217 218 219 221 222 230 234 235 236 237 238 239 242 244 245 246 248 250 252 253 254 258 259 263 265 266 268 273 277 279 280 281 285 291 293 295 301 303 306 308 310 319 320 322 323 327 329 331 332 338 339 343 
18 118 136 137 163 169 181 183 188 196 200 202 204 217 230 265 272 273 277 285 286 292 293 294 302 306 314 321 322 327 335 338 342 344 
7 1 126 127 128 132 136 138 139 140 142 144 145 147 148 151 159 161 162 165 166 169 173 179 180 181 185 187 188 191 193 196 198 200 206 209 211 218 222 224 226 231 232 237 240 241 242 249 251 255 256 258 266 272 274 292 293 294 297 299 301 304 308 319 323 325 328 333 340 341 344 345 
134 118 119 124 128 134 135 136 141 146 148 151 153 158 167 170 173 176 180 185 188 192 196 198 200 202 210 211 215 218 219 221 222 223 224 235 237 242 245 249 257 264 265 266 274 275 279 281 284 285 286 295 300 301 305 316 317 318 320 325 328 332 334 337 341 
87 121 145 148 150 163 175 179 191 194 207 231 236 253 261 272 283 285 292 293 301 306 319 
111 116 117 118 124 125 126 130 132 140 141 142 143 146 149 150 156 162 164 166 167 168 173 174 178 182 184 186 189 191 195 197 198 204 205 206 209 214 217 222 224 227 229 230 233 238 240 245 255 259 261 263 268 269 270 271 272 274 275 279 282 284 288 289 293 294 295 296 298 299 300 301 303 305 306 307 308 311 313 322 326 328 338 339 340 342 343 
126 122 123 126 129 142 151 159 161 162 164 177 180 190 192 199 207 211 213 216 217 234 245 266 267 287 292 294 296 307 308 324 330 331 345 
78 118 130 140 147 190 194 205 208 230 247 263 302 315 332 
269 116 118 125 146 152 154 157 162 168 184 186 188 194 206 208 223 224 226 229 240 241 260 264 268 269 273 274 276 287 309 315 325 334 336 345 
70 151 247 256 260 286 289 298 
103 152 156 159 165 168 177 179 182 183 207 212 229 232 241 244 245 248 262 264 265 283 290 302 304 305 307 310 313 335 341 
238 116 117 128 136 144 147 150 151 154 157 158 163 169 170 172 177 191 203 215 222 233 235 240 251 253 259 264 267 269 278 281 287 294 297 299 301 311 322 323 327 332 340 
232 171 343 
192 118 119 120 123 124 131 132 134 138 141 142 143 145 146 155 160 164 169 171 173 176 180 181 182 184 189 190 191 193 194 195 200 210 212 219 220 224 227 232 235 239 246 249 250 252 255 267 269 270 273 280 281 299 302 304 308 309 310 311 313 319 325 328 330 338 342 344 
184 175 192 202 295 304 319 
140 146 154 162 165 174 177 183 185 189 194 217 227 230 233 240 252 258 260 275 280 281 290 300 342 344 
191 116 118 120 137 148 150 161 165 172 205 221 236 261 262 275 279 285 300 321 324 
233 190 210 277 322 
24 116 118 119 127 130 132 134 137 138 157 161 162 164 168 169 175 176 179 180 183 187 191 192 194 198 199 200 201 202 206 208 213 216 225 226 228 229 230 236 237 241 244 247 250 252 258 260 262 275 278 279 280 283 288 292 296 298 301 307 308 311 312 314 317 319 321 324 325 332 334 335 336 337 338 340 343 344 
83 131 133 137 147 168 194 238 240 262 277 323 
141 125 127 135 136 153 156 159 160 162 168 179 180 181 182 201 204 206 208 212 213 224 234 249 250 264 269 284 287 288 304 316 318 319 328 329 332 336 339 343 345 
61 116 117 118 126 127 131 146 149 151 154 156 157 158 159 163 164 166 168 173 175 180 181 182 188 189 190 193 194 196 197 198 200 206 208 209 210 211 212 214 216 217 222 223 224 225 227 233 237 238 239 243 244 248 249 254 258 262 263 264 272 281 287 290 292 295 297 299 302 311 312 317 330 331 334 335 338 344 
78 116 118 119 121 122 123 127 129 131 135 140 144 150 151 153 156 158 160 166 167 169 177 179 181 183 184 185 187 188 190 192 194 196 197 198 201 205 209 210 212 214 215 218 219 224 225 228 230 232 236 238 239 240 241 243 244 247 258 263 264 266 269 272 274 278 279 286 287 288 289 290 291 292 293 296 300 301 305 306 307 312 314 319 320 321 322 323 325 331 334 337 338 339 342 343 345 
221 117 118 120 122 123 133 134 136 145 149 154 155 161 164 166 167 169 170 173 175 179 180 184 186 189 190 193 195 198 201 203 210 211 212 213 217 220 221 222 226 230 234 239 240 246 247 248 249 254 258 260 262 265 268 270 275 278 280 288 289 291 295 298 304 306 309 310 313 315 318 320 322 324 325 326 328 332 341 345 
107 1 118 122 127 128 132 134 140 142 143 145 148 151 152 154 156 160 161 162 163 165 172 173 174 176 177 178 182 184 186 190 193 195 200 203 205 206 207 208 214 217 218 220 230 233 235 240 242 245 251 254 256 257 262 267 269 271 272 277 281 287 288 290 298 301 304 305 306 308 309 311 313 321 331 332 335 337 339 341 343 344 
104 168 196 219 239 294 317 
169 116 118 119 121 122 125 134 135 136 137 144 146 150 152 159 160 167 169 173 174 179 180 183 184 186 189 192 197 200 201 202 205 208 211 213 214 226 227 228 233 238 240 247 251 257 259 263 264 266 273 275 276 277 278 279 281 283 286 290 291 293 295 296 298 302 303 305 309 310 315 317 321 322 323 328 331 332 336 337 340 341 343 
107 135 144 177 180 182 188 190 193 198 204 214 216 247 249 251 253 255 257 260 267 272 275 276 277 283 284 300 301 308 310 315 337 
206 121 142 149 170 181 183 190 206 210 217 229 235 241 248 250 262 297 304 306 340 342 
161 125 128 130 131 133 134 140 148 149 151 152 154 157 160 162 165 167 169 172 175 176 180 182 184 186 194 198 205 208 209 215 220 222 224 230 233 235 237 245 255 265 276 279 280 282 283 284 285 289 290 291 293 296 301 304 307 312 315 325 332 333 336 338 342 344 345 
123 116 122 127 129 131 133 134 137 142 147 151 156 158 163 164 169 178 180 181 183 184 186 187 188 189 190 194 196 199 201 204 205 208 216 220 222 225 227 228 229 230 232 234 235 236 238 244 251 252 254 256 261 263 266 268 271 277 278 279 283 285 286 287 290 291 295 303 305 309 311 314 315 317 320 324 325 326 334 335 336 339 340 343 344 345 
105 119 123 126 138 148 159 183 198 204 205 207 210 211 214 222 225 231 235 236 239 253 254 258 277 283 285 291 292 297 304 305 312 315 322 335 338 342 343 
74 1 125 128 132 134 135 136 138 139 141 144 146 147 153 154 155 156 159 160 162 163 164 165 167 168 171 173 174 178 179 182 186 189 193 197 198 200 209 210 213 216 217 219 223 228 229 231 235 236 238 243 245 250 251 252 253 256 259 261 264 267 269 274 277 287 290 291 293 298 299 300 304 306 311 313 315 318 319 330 331 334 339 
287 119 120 129 146 153 154 155 159 160 167 175 183 186 190 208 209 210 211 212 213 247 260 264 265 270 279 281 286 288 295 314 319 332 338 340 341 
299 118 120 121 122 126 132 137 138 141 145 149 152 153 157 158 159 160 161 165 167 170 175 176 179 181 182 183 187 188 190 198 199 200 202 203 204 216 218 219 221 222 223 224 227 232 235 241 245 247 248 251 253 255 256 257 258 260 261 262 263 268 269 277 282 285 286 290 293 302 303 304 305 306 307 311 312 313 314 315 320 324 325 326 330 331 332 333 336 337 339 341 343 345 
46 1 117 118 119 124 125 126 129 131 133 134 138 141 142 143 145 147 148 149 151 156 159 160 161 165 172 173 174 176 184 186 189 190 191 192 195 197 198 200 201 204 219 222 223 224 225 226 230 231 233 236 242 243 244 246 249 250 260 261 264 265 267 271 274 275 276 283 284 286 290 296 308 315 319 323 325 326 335 336 339 341 342 344 345 
54 123 128 150 156 157 165 173 174 188 191 201 203 204 205 214 231 237 248 260 273 288 293 306 309 312 323 325 333 342 
287 116 118 122 127 134 138 140 141 144 147 149 151 156 158 159 160 162 175 178 187 191 201 205 206 208 216 224 234 236 238 239 241 242 244 250 257 258 267 268 270 275 278 279 280 281 284 288 292 293 294 300 302 305 307 309 310 311 312 313 315 317 319 324 326 328 330 336 340 
67 202 212 235 332 
65 123 124 127 136 137 142 145 152 155 156 160 165 168 173 174 182 187 197 219 220 226 228 236 238 240 246 247 255 259 261 264 265 269 272 273 279 281 284 300 306 310 322 324 326 327 330 331 333 338 340 343 
187 118 123 126 129 135 136 139 149 150 153 161 166 169 171 172 186 193 202 203 206 219 223 229 232 239 240 243 244 250 251 256 259 262 268 269 270 272 273 281 283 284 288 290 291 295 297 305 308 311 316 317 319 327 329 336 
298 116 123 125 136 139 143 144 145 146 147 148 154 157 169 175 176 182 192 195 196 198 203 208 215 222 226 227 228 230 236 237 253 260 263 274 283 288 291 295 298 308 310 315 316 327 329 333 339 342 345 
268 1 116 117 118 119 121 122 126 127 129 139 140 145 146 148 156 160 163 165 166 167 173 176 182 183 185 186 188 196 197 201 202 205 208 209 211 214 219 223 226 230 231 240 241 243 245 246 251 252 253 257 259 261 263 267 270 273 274 275 278 279 288 290 292 297 302 304 309 311 312 314 316 318 320 322 326 329 330 332 333 335 338 339 344 
293 1 119 126 137 142 149 162 165 171 172 184 186 202 205 214 253 260 275 291 297 300 307 312 320 324 343 
141 117 128 132 137 138 145 147 152 180 184 191 192 207 210 212 216 220 221 226 228 240 241 242 243 245 277 285 290 301 330 333 343 
58 131 135 151 164 191 204 209 223 225 242 266 279 327 335 
138 117 121 122 124 130 132 133 135 137 143 144 147 150 154 158 162 165 166 170 171 181 184 187 190 193 195 200 201 203 207 209 213 218 224 225 227 228 233 235 238 239 240 241 242 243 244 249 256 257 259 269 274 285 286 296 298 300 301 302 306 307 308 311 315 317 321 322 325 326 328 329 330 336 340 
250 117 119 121 123 133 134 138 144 147 152 155 157 160 165 167 169 170 173 179 181 183 189 194 197 199 201 202 209 219 222 227 229 233 234 238 240 243 248 260 261 263 264 265 266 272 274 275 276 279 283 289 296 301 304 310 311 313 314 317 319 323 327 330 332 339 343 345 
287 126 129 130 157 166 185 187 192 204 224 244 246 249 281 284 288 318 328 337 
172 159 169 184 237 257 272 291 315 
24 122 123 125 126 127 132 140 149 162 165 166 173 176 177 187 189 193 199 204 212 233 235 236 247 251 257 262 263 264 265 272 276 279 280 282 285 291 297 301 309 312 315 316 319 320 324 332 333 
186 136 141 148 151 156 177 180 194 197 199 200 219 241 251 265 274 275 291 295 296 299 302 307 308 309 343 
170 119 123 127 131 141 146 157 158 193 214 218 248 251 256 261 267 271 272 280 290 
189 120 155 158 178 193 195 201 216 256 258 260 261 283 288 292 294 306 313 314 317 322 323 340 
6 168 175 229 233 236 244 326 
230 116 118 128 130 154 157 162 164 172 174 181 191 192 196 198 205 225 231 233 244 247 259 260 262 265 272 273 287 289 290 293 295 297 302 306 308 311 314 316 318 321 323 324 328 333 334 342 345 
244 122 123 124 125 127 131 133 138 139 142 147 151 152 153 155 157 169 178 181 186 195 197 199 200 202 203 210 214 221 226 230 232 235 240 245 260 274 276 277 280 286 290 294 297 298 301 302 305 312 315 322 323 326 331 337 338 339 342 345 
194 297 
197 122 124 133 134 136 139 141 143 144 145 146 147 162 164 167 169 183 184 188 198 202 205 210 218 221 225 231 236 239 241 247 251 262 273 274 278 290 298 299 303 307 314 317 320 328 330 331 333 337 338 
253 118 123 124 125 127 133 137 143 147 151 154 165 172 174 175 179 185 187 188 190 223 226 230 232 235 244 248 259 263 279 281 290 291 303 311 312 320 321 334 338 341 344 
57 160 164 187 225 299 321 
209 117 120 124 128 132 134 143 148 152 153 158 163 166 169 176 179 183 184 188 192 193 200 201 202 204 205 208 210 214 218 237 238 248 255 257 262 271 272 276 278 281 283 294 295 300 304 311 316 317 320 323 327 330 339 342 
178 1 116 123 130 135 136 143 145 148 153 155 158 161 162 167 169 181 183 191 195 199 201 206 209 211 213 216 218 222 224 225 228 231 234 240 242 245 250 253 256 257 259 261 267 268 270 272 273 274 276 279 280 284 286 288 289 291 293 294 297 301 304 308 309 310 312 313 315 320 324 327 329 331 338 341 342 344 345 
57 125 130 131 132 134 141 156 176 180 185 196 202 204 206 211 222 230 231 239 247 257 260 262 263 272 296 304 306 308 309 310 326 327 330 332 340 341 344 345 
47 1 117 121 123 124 128 129 130 132 133 161 164 171 176 181 186 190 196 200 206 220 226 230 231 233 240 241 247 251 266 270 285 288 289 298 299 303 306 307 309 319 332 333 334 
236 126 142 173 199 311 342 
161 118 120 124 131 135 141 144 145 146 149 153 154 159 162 164 168 170 171 177 179 181 182 185 186 188 190 191 192 195 196 201 203 208 210 212 217 218 220 223 227 228 232 233 238 248 251 255 259 261 263 267 268 269 271 272 273 274 276 277 280 282 284 285 287 291 297 298 299 302 305 307 317 318 319 320 324 328 332 333 335 336 344 345 
285 117 119 127 129 131 139 140 141 147 149 153 156 157 159 166 176 178 184 186 188 189 190 194 196 197 202 203 204 208 209 210 222 230 238 241 242 243 244 250 264 271 274 279 280 282 288 289 290 292 295 306 310 311 316 321 326 330 333 337 339 341 344 
212 118 123 138 161 167 178 205 207 250 289 312 319 329 335 
38 136 149 151 163 171 193 211 213 242 246 258 264 319 326 327 339 
284 118 121 125 133 134 135 143 146 153 162 178 182 185 193 196 197 200 202 210 211 216 219 222 224 227 230 234 243 249 252 254 256 260 265 267 272 273 275 276 286 293 294 298 299 301 302 305 309 317 318 321 322 323 325 329 333 334 340 341 344 
239 1 127 132 134 143 150 155 169 193 201 277 330 
182 122 133 137 139 142 152 163 165 197 205 217 231 234 260 266 279 314 320 327 328 340 344 
47 1 124 131 133 135 138 139 142 145 146 149 151 152 153 154 156 161 173 176 180 181 192 193 195 196 200 204 205 207 212 220 222 225 226 231 235 238 239 243 246 247 251 252 254 257 259 268 274 275 279 281 284 290 291 293 295 298 299 300 301 305 307 308 316 318 321 326 328 339 340 342 344 345 
8 119 127 132 142 144 162 165 177 180 186 192 199 215 217 222 225 240 247 252 254 259 282 289 290 292 294 306 317 319 324 325 330 331 335 
161 119 123 144 171 174 183 185 186 191 199 207 215 217 219 228 231 240 245 252 254 273 278 284 292 297 300 316 330 341 
163 116 118 121 129 131 143 145 146 147 149 157 159 161 166 170 185 191 196 200 201 203 207 217 220 224 225 234 239 241 249 251 269 288 289 290 293 296 301 305 308 315 324 325 327 330 336 340 
32 121 127 145 148 160 179 183 186 187 188 202 211 222 223 230 252 257 277 285 314 336 341 
17 118 125 126 127 129 139 140 141 143 144 148 149 150 151 153 156 159 162 172 175 182 187 190 193 197 199 200 206 212 214 215 216 217 218 219 224 225 226 231 237 240 241 242 244 251 252 254 259 260 262 263 264 265 270 271 276 278 279 284 287 288 292 294 297 307 313 317 323 324 326 328 333 336 338 339 340 345 
76 1 118 119 120 125 126 127 129 133 134 138 139 143 144 147 149 150 151 153 158 160 161 165 166 171 175 177 183 186 187 189 193 195 199 206 211 213 215 218 223 225 226 228 230 231 232 233 243 244 247 248 249 251 255 259 266 268 273 277 286 288 289 290 296 297 299 301 302 304 308 309 312 315 323 324 325 332 336 337 340 341 
78 116 117 118 119 121 122 123 125 130 132 136 139 140 149 154 156 161 165 172 173 179 180 182 184 185 186 187 193 194 196 198 200 201 202 205 210 218 224 226 228 234 236 237 238 244 248 251 259 274 278 280 283 286 294 295 297 299 304 306 309 312 316 317 322 323 328 332 336 
258 116 117 119 123 125 126 129 131 134 139 141 148 149 150 158 160 161 162 163 165 170 177 178 182 184 186 201 202 207 209 215 216 217 219 223 230 231 232 234 237 240 243 246 248 254 255 257 259 265 266 267 268 269 270 272 273 275 279 281 283 294 296 298 299 302 303 316 317 318 319 320 325 326 331 333 339 341 343 
22 1 116 121 122 123 124 129 141 142 146 147 148 151 154 155 162 163 167 175 177 180 181 184 188 190 191 200 208 209 211 212 217 222 226 229 232 233 241 242 245 246 247 248 250 254 256 257 265 266 272 277 278 284 285 288 293 294 298 301 304 307 309 310 312 314 317 319 324 325 326 327 328 329 330 331 333 335 340 341 
166 126 142 143 150 157 158 163 167 183 188 193 200 212 219 238 243 259 267 272 274 292 294 295 306 310 314 316 321 324 332 336 343 
4 119 136 141 144 145 161 167 168 206 214 218 237 250 263 273 277 278 281 293 302 308 312 317 318 324 330 
6 1 120 122 124 128 132 142 143 145 147 152 153 154 155 156 162 163 165 172 179 182 187 188 192 199 202 205 206 209 212 213 214 215 220 221 225 229 230 235 238 242 250 258 269 272 273 281 283 286 287 288 292 296 303 306 310 313 324 332 334 341 343 
161 116 117 121 123 127 128 130 137 149 155 156 158 160 165 171 176 177 186 189 191 192 207 208 209 218 233 241 242 254 255 259 262 269 271 272 278 280 283 288 294 300 304 306 315 318 319 328 333 334 335 344 345 
92 1 125 128 132 135 142 143 146 149 166 168 171 172 177 178 184 185 188 194 196 205 217 218 228 231 232 238 239 243 247 255 256 258 266 271 272 273 276 283 288 295 302 303 306 307 309 317 322 332 334 341 342 
63 116 118 120 123 126 127 132 133 136 137 147 151 152 155 157 159 160 167 174 176 177 178 180 188 189 192 193 194 195 196 197 198 200 203 204 206 209 212 214 217 222 223 225 227 228 229 232 234 241 242 243 247 248 250 254 257 261 263 264 268 269 272 279 280 284 285 293 294 296 301 307 310 312 313 315 319 322 324 328 331 333 336 340 341 
108 117 119 121 123 125 129 130 134 136 139 149 154 156 164 165 167 168 171 175 181 186 187 189 192 203 207 208 210 211 214 216 217 219 220 222 232 233 234 236 237 244 255 263 265 277 289 291 292 296 298 303 304 307 309 311 315 327 329 330 338 339 342 
187 119 121 133 136 139 148 151 152 153 155 159 160 163 167 176 205 216 219 220 229 233 235 236 238 241 244 250 259 262 267 270 277 279 282 289 302 307 308 309 318 323 330 335 344 
108 1 116 120 124 128 135 136 138 140 141 144 147 148 149 155 156 158 162 171 176 178 180 181 183 185 186 192 193 195 198 206 209 219 224 226 230 231 234 236 248 250 252 257 263 266 271 273 277 279 281 284 285 293 297 302 303 306 309 310 326 327 335 336 337 339 
145 136 145 156 188 223 251 269 293 314 340 
78 119 134 142 158 169 180 181 186 193 202 278 284 300 308 314 333 336 
201 1 125 126 130 134 141 146 147 153 154 156 158 176 178 179 181 184 191 202 207 209 210 222 223 227 230 235 238 239 247 255 259 260 261 269 273 274 275 277 279 280 284 290 291 295 297 298 300 307 312 321 326 328 329 331 332 
26 122 126 134 136 149 161 165 169 177 179 183 193 198 200 202 207 216 221 222 226 230 237 244 260 265 268 275 279 282 283 290 293 299 310 334 337 339 341 343 
115 116 118 121 125 127 128 131 135 137 142 144 146 147 148 162 166 167 173 175 176 177 180 181 182 184 186 187 190 205 212 214 215 225 227 231 235 236 240 243 245 247 248 250 252 253 257 268 275 280 285 289 291 299 301 304 305 306 309 314 315 320 323 327 335 337 340 341 
149 167 175 190 272 302 328 
300 116 124 127 128 132 137 140 142 149 154 155 157 160 162 164 165 168 169 175 177 179 182 188 189 191 198 199 201 202 203 209 211 212 214 217 219 222 225 230 232 234 237 240 242 246 248 250 251 254 255 259 267 270 271 273 275 276 277 279 281 282 283 284 293 294 297 299 302 303 304 305 316 317 320 321 324 326 329 331 333 339 345 
130 127 128 148 165 166 174 178 207 215 218 225 235 236 244 248 254 260 262 272 278 300 
90 117 122 125 142 158 166 177 182 186 189 190 209 224 227 243 247 258 264 293 304 313 328 330 335 342 
2 150 163 174 184 202 208 211 230 240 244 258 263 268 275 294 307 314 335 340 
64 1 136 140 146 182 228 280 284 310 328 
226 116 117 119 121 125 129 130 131 132 133 137 142 145 148 149 150 151 155 157 162 164 178 180 181 185 188 193 195 196 197 198 203 208 209 212 214 215 222 223 231 234 244 248 251 253 257 267 278 279 280 283 285 289 300 301 305 312 318 319 320 321 328 329 331 337 338 339 340 341 
182 117 122 131 135 139 148 150 166 178 181 187 194 198 199 203 206 235 264 265 269 270 272 275 300 314 326 327 328 329 330 
107 123 129 175 189 235 267 308 311 318 334 
171 124 126 128 130 132 133 135 138 139 141 142 152 155 156 157 158 161 162 165 167 169 172 176 179 180 183 185 186 187 189 191 192 195 196 199 202 203 209 210 211 212 216 221 222 224 228 229 231 232 234 237 240 242 247 253 256 257 261 262 263 264 266 271 272 274 281 282 283 284 285 287 290 291 295 300 304 305 306 307 310 312 314 319 321 324 330 333 338 344 345 
238 163 202 
10 1 118 122 124 128 133 136 138 151 152 154 167 169 170 171 174 178 189 192 193 198 201 202 205 207 209 213 214 215 218 219 224 228 230 237 241 245 246 249 252 256 263 269 270 281 286 288 289 293 298 301 302 303 305 306 309 311 312 317 318 319 320 325 328 330 333 334 336 339 343 
186 1 121 123 127 131 133 143 146 147 160 163 166 168 170 171 176 179 186 188 192 199 203 210 211 221 224 236 239 241 242 243 244 258 266 268 270 286 290 293 305 310 321 323 
221 119 125 127 133 134 139 145 149 154 158 159 160 162 163 165 167 176 178 182 188 190 197 206 208 209 211 215 218 220 225 226 227 228 233 234 243 250 252 253 254 262 265 267 270 271 277 281 283 285 289 293 296 307 309 310 311 312 318 319 320 328 335 340 342 
259 123 125 127 129 130 136 138 139 140 141 149 150 151 152 154 157 160 166 169 171 173 174 175 176 180 184 189 190 192 197 200 202 204 211 212 223 225 226 230 237 238 241 243 244 246 249 251 253 254 255 259 261 262 263 265 266 268 269 273 276 278 281 284 287 289 290 291 294 299 310 311 317 319 326 328 329 334 336 341 345 
294 122 123 140 142 143 149 159 162 166 171 174 189 190 192 200 203 210 213 218 221 224 236 239 240 247 248 250 255 258 263 270 271 277 284 302 304 319 322 330 336 341 345 
81 176 187 276 303 
60 1 116 122 129 130 134 136 137 142 145 146 147 151 152 154 155 156 168 169 170 173 180 185 189 190 191 194 199 202 208 210 213 214 218 219 220 222 226 230 231 232 234 237 245 246 247 251 255 256 257 260 264 271 273 281 284 291 292 296 299 304 307 309 310 312 313 316 321 322 327 329 330 339 341 342 
218 128 137 138 148 149 150 159 165 170 175 182 187 191 193 196 200 203 204 206 218 225 228 236 238 254 255 258 260 272 273 286 292 295 300 305 307 308 309 310 311 312 314 315 332 334 335 340 342 344 
3 124 132 158 162 170 211 212 229 240 243 250 252 260 263 278 305 320 322 334 335 340 343 
204 1 118 119 120 121 124 129 130 136 140 149 150 151 154 157 159 163 164 166 170 171 173 175 179 182 188 189 190 191 195 203 207 217 218 219 220 221 230 239 244 245 246 247 251 255 260 266 267 273 274 275 276 279 287 298 302 304 305 308 309 310 312 314 316 318 327 328 330 331 332 335 337 338 340 341 343 
103 120 121 125 132 134 139 143 146 148 151 154 156 157 158 162 167 171 172 175 178 179 182 187 190 193 196 197 198 202 203 207 208 211 214 216 221 224 227 231 232 236 237 239 243 248 251 252 253 254 255 257 259 265 272 273 277 279 284 285 289 294 295 297 300 301 302 303 304 313 315 321 322 327 331 332 334 335 340 341 342 
183 1 117 119 122 124 125 126 128 130 131 132 137 138 139 146 149 151 153 157 162 163 164 165 166 168 170 171 172 179 193 196 201 203 206 208 209 210 211 212 213 222 223 226 228 233 234 240 241 243 246 247 248 249 252 256 260 261 265 266 276 277 279 281 284 291 293 295 296 297 298 301 302 306 307 316 320 321 322 323 324 327 329 333 335 336 337 338 340 342 
37 118 119 121 122 124 126 128 130 132 134 135 136 139 142 145 146 150 153 156 157 158 162 163 166 169 173 175 177 178 181 186 189 192 193 196 199 201 206 210 213 214 216 217 220 221 223 225 230 231 236 237 239 242 246 252 265 267 268 272 273 276 282 285 290 291 292 293 295 297 298 299 300 308 311 312 317 320 322 323 328 329 330 333 334 335 339 340 341 342 343 
193 117 120 121 131 133 136 141 143 148 149 155 160 170 171 175 188 190 194 198 200 210 218 219 233 237 240 244 253 256 260 261 264 265 269 272 278 285 294 297 298 305 308 319 321 322 325 328 330 334 336 341 345 
217 120 133 147 174 180 209 235 242 259 269 272 276 282 301 305 332 
97 1 116 117 120 122 123 127 128 130 133 136 139 142 143 149 150 157 160 163 167 169 174 176 177 178 181 185 187 190 192 194 196 199 201 205 216 218 221 222 227 230 237 239 244 245 246 249 252 256 257 258 259 262 266 267 268 269 276 277 278 280 282 286 290 297 298 300 301 302 303 304 305 307 310 321 326 330 332 336 339 340 
268 119 121 126 128 129 130 131 134 136 138 142 143 147 150 153 154 160 161 164 170 178 181 182 185 186 188 190 191 195 206 209 211 216 217 218 219 221 226 233 236 237 243 244 253 256 259 262 265 266 269 270 276 277 279 280 282 288 289 290 291 292 300 306 307 312 313 314 319 321 324 329 331 332 335 337 338 340 341 
5 1 118 121 124 126 131 142 147 148 149 150 157 162 164 166 174 182 185 189 190 192 194 195 196 200 201 202 203 206 212 214 216 217 227 230 237 238 244 249 254 264 273 274 276 280 282 294 295 299 301 303 310 311 314 315 318 322 333 334 337 338 339 343 
15 118 121 122 124 125 126 130 132 133 136 137 138 143 145 147 148 150 152 153 161 162 166 169 173 177 179 183 184 186 187 188 190 193 197 198 201 204 207 208 209 212 217 227 229 230 240 244 246 247 249 254 255 257 263 264 265 272 281 283 285 286 287 288 290 293 298 300 303 313 319 321 326 327 330 331 336 338 340 341 343 345 
265 120 128 134 138 145 150 172 174 175 195 199 202 209 214 220 221 231 239 247 250 254 255 259 265 268 273 275 282 290 308 312 313 314 315 318 320 321 323 327 332 336 341 344 
272 121 122 124 126 135 142 148 151 154 157 158 163 165 169 170 172 173 175 176 178 194 197 200 201 202 204 205 207 212 214 224 231 234 236 237 240 241 255 257 259 265 267 269 270 271 273 276 277 280 281 282 283 286 292 295 304 306 312 322 326 327 328 329 330 332 336 338 341 343 
185 125 168 190 200 227 231 238 261 305 323 
248 116 128 131 134 136 137 138 139 140 142 148 151 156 158 163 169 176 178 183 184 185 194 195 200 201 202 206 211 212 222 223 224 237 239 259 263 265 266 272 273 275 281 284 285 286 291 297 298 300 304 317 321 322 323 334 335 337 339 340 345 
252 117 118 119 120 123 124 127 130 134 137 138 142 144 146 154 156 161 163 169 170 174 175 176 181 182 185 186 191 192 193 206 208 210 211 214 215 217 220 223 226 227 230 231 233 234 235 238 239 245 252 257 258 259 262 266 268 271 273 274 279 281 283 284 285 288 290 294 297 310 314 315 316 319 320 334 335 340 341 
294 134 141 154 161 168 196 224 239 254 295 323 342 
245 116 117 121 122 125 128 133 136 137 145 159 175 176 179 180 184 185 187 189 190 191 192 193 197 198 204 215 218 219 224 225 226 228 230 235 243 245 246 249 256 260 263 274 287 288 290 293 296 299 301 302 303 311 314 315 316 319 324 328 333 335 337 339 
221 126 163 167 176 179 204 208 209 239 265 288 293 309 317 319 
186 77 75 16 178 203 34 264 7 214 246 9 74 159 237 209 5 215 264 7 293 54 195 255 247 294 163 193 53 253 25 196 70 22 79 39 300 231 209 22 272 264 251 185 14 163 281 83 124 248 44 143 276 118 24 65 223 274 196 277 22 287 208 276 90 256 143 286 77 183 214 178 193 42 47 163 223 286 70 14 176 54 110 300 134 246 10 215 300 89 32 92 187 84 107 298 298 44 102 36 98 131 204 221 242 116 57 67 92 101 135 169 252 150 166 71 46 220 130 133 274 6 119 172 237 81 195 170 266 66 91 149 255 7 55 41 200 15 114 244 168 291 185 217 209 214 77 39 103 227 168 194 12 239 166 268 288 98 210 94 239 198 300 284 69 280 223 165 100 57 114 70 283 26 111 259 232 51 154 299 44 120 192 297 94 83 126 270 146 42 119 234 248 213 134 115 178 239 149 289 226 259 60 209 77 248 232 111 122 53 158 209 229 121 232 40 121 76 158 121 118 247 193 80 111 7 124 241 276 128 51 197 258 123 50 101 83 282 46 161 280 37 58 58 251 37 96 146 115 28 114 105 245 137 131 237 159 86 120 251 129 63 161 93 267 201 235 130 260 59 107 128 79 216 100 253 50 254 80 253 1 155 87 115 70 73 156 173 299 121 242 105 287 159 30 154 124 186 1 119 216 15 249 108 76 59 251 248 46 50 161 172 74 53 7 232 131 65 164 35 173 91 215 272 133 221 225 75 25 293 140 118 229 292 161 242 123 121 166 151 221 283 289 83 205 
