236 354
10 122 131 132 136 142 144 147 154 155 162 171 182 184 186 194 196 201 203 205 217 225 229 233 239 250 254 260 261 266 269 270 274 275 295 303 304 310 315 320 323 325 344 347 353 
265 122 123 126 134 140 154 163 165 174 192 201 208 210 219 221 222 223 229 232 233 238 242 248 249 250 252 259 262 265 269 276 283 289 290 294 302 304 307 308 318 320 321 323 330 331 334 335 336 339 340 344 
94 131 138 244 259 265 330 
141 138 140 145 173 181 195 207 252 269 332 336 340 342 344 
90 138 140 143 154 159 162 167 171 177 201 208 233 236 243 248 258 266 268 269 281 282 291 295 297 316 326 348 349 351 
152 130 137 138 140 142 144 147 152 159 162 164 168 176 185 196 201 206 210 215 216 217 226 231 232 234 242 250 257 263 264 274 275 293 296 301 310 311 324 331 340 345 349 350 351 
22 154 157 161 179 188 194 222 241 244 284 291 296 303 305 306 309 325 352 
284 127 149 152 153 161 187 196 219 221 222 235 241 255 260 294 296 302 327 330 338 339 346 
196 128 147 171 176 184 185 193 206 218 231 232 236 241 251 255 285 286 296 301 329 345 346 
141 1 120 126 131 133 141 143 151 154 157 162 183 186 188 189 193 194 198 202 204 211 213 216 217 218 219 227 235 236 237 245 252 255 258 259 263 264 265 268 274 278 279 288 289 290 298 306 307 310 312 315 319 326 328 329 331 348 353 
117 128 135 136 138 139 142 148 151 152 153 155 156 161 162 163 164 169 171 175 179 181 183 184 187 192 195 203 207 214 215 224 229 230 231 234 236 237 245 246 247 248 249 255 257 258 262 263 264 266 270 274 276 281 283 286 288 292 296 298 310 311 318 321 322 323 333 334 337 347 
34 119 123 130 132 139 141 143 144 145 148 149 150 151 155 156 157 160 161 163 164 169 170 174 177 179 180 181 185 189 190 194 195 198 199 200 202 204 207 209 218 220 221 223 226 230 231 235 237 238 240 244 253 254 262 263 265 268 271 274 278 280 282 284 286 289 290 292 295 298 300 304 306 307 308 312 327 331 338 343 346 350 351 353 
88 145 158 176 224 252 344 349 
230 1 121 123 126 129 131 133 148 150 153 157 161 164 168 173 179 180 182 184 191 195 200 201 202 205 206 207 210 212 218 219 225 226 232 237 238 243 244 246 251 252 253 254 260 262 263 264 265 270 273 276 278 280 282 283 284 285 292 299 301 302 303 305 312 313 318 319 320 323 327 328 331 333 334 337 339 340 342 348 
194 1 119 120 122 123 126 130 131 133 134 140 141 142 143 144 148 150 152 154 157 159 169 172 174 176 177 181 183 184 187 188 190 193 194 197 203 204 206 211 214 217 219 223 224 226 229 236 239 241 243 244 248 249 250 251 252 253 256 258 262 266 267 268 270 271 272 281 283 284 289 292 299 300 302 304 310 311 313 316 319 323 325 326 327 331 333 334 335 336 337 339 340 350 353 
256 119 120 122 123 136 142 144 147 160 170 178 183 188 189 190 204 205 206 207 210 213 218 221 223 227 228 229 244 248 256 263 268 273 274 275 278 281 284 294 299 301 303 310 314 316 319 328 334 335 339 342 349 354 
290 162 245 271 275 
206 119 124 126 175 176 195 197 199 204 207 208 211 217 222 250 255 266 268 269 287 290 296 298 304 312 313 319 320 328 331 334 335 339 343 
249 1 124 126 131 134 135 140 142 144 148 150 152 156 157 160 162 166 168 169 171 174 177 184 186 203 204 213 214 216 221 223 225 229 233 235 238 244 245 246 247 249 251 255 256 257 258 269 270 272 277 278 279 283 290 296 297 298 301 303 304 308 309 311 312 313 314 315 317 318 319 320 321 322 323 327 328 329 331 333 340 341 342 344 346 348 351 353 
147 122 123 132 142 144 151 168 172 183 187 188 189 205 210 220 221 235 238 248 254 255 259 264 266 270 272 282 302 305 312 319 329 330 331 332 338 346 348 350 351 354 
291 126 133 134 145 149 159 167 180 181 184 185 197 202 212 224 225 235 237 240 241 250 253 257 264 284 302 306 308 309 310 315 316 332 338 339 350 352 
131 126 127 132 134 142 146 154 158 162 168 171 180 186 188 209 210 217 227 228 235 236 241 248 252 259 271 272 273 277 279 281 284 288 290 292 295 298 299 301 306 311 315 318 349 353 
55 1 119 127 128 130 131 137 139 140 141 145 147 150 157 165 169 170 171 172 173 174 177 182 184 187 192 194 195 200 202 204 209 210 212 213 218 219 220 223 224 227 230 231 232 234 235 238 240 242 246 247 258 261 262 264 265 269 270 272 273 277 279 281 285 290 293 295 297 304 312 313 315 316 318 320 322 330 331 332 335 337 339 340 343 345 347 349 352 
2 131 138 149 151 163 164 170 172 177 187 196 200 206 207 211 216 217 219 221 225 230 262 263 276 280 281 290 291 298 302 306 311 318 331 342 346 352 
291 123 133 135 139 141 159 167 169 185 189 190 197 221 227 233 240 243 245 253 262 268 281 282 288 295 296 299 302 303 307 313 317 337 343 344 348 
2 124 126 127 132 134 159 163 165 167 173 174 176 178 180 181 187 188 192 193 200 204 207 215 216 218 219 225 226 229 232 235 239 243 246 257 261 266 268 269 276 278 282 284 285 292 298 300 301 304 308 318 321 323 326 332 333 335 341 342 343 345 
238 123 125 128 129 130 136 138 140 142 143 146 148 150 156 161 165 172 177 179 185 190 191 195 196 205 216 218 219 220 222 229 234 238 244 246 249 250 252 253 257 271 273 279 280 285 287 290 294 295 296 304 305 311 315 318 322 323 328 331 332 334 338 339 340 342 343 348 349 350 
300 1 121 123 128 133 151 155 163 167 176 178 180 187 201 214 217 224 232 256 259 261 263 274 277 287 293 295 301 306 307 311 314 320 323 326 327 328 330 337 341 
116 119 121 125 128 137 138 139 141 146 147 148 155 160 162 163 168 171 176 179 181 182 184 186 194 195 197 198 199 200 201 203 214 215 228 237 239 240 244 245 246 263 265 266 268 273 274 276 277 281 283 286 291 297 298 301 302 304 307 309 310 311 312 313 325 326 330 336 339 344 345 348 349 352 354 
296 126 135 136 137 161 170 203 215 218 222 240 241 247 248 252 260 261 277 292 310 316 317 327 339 341 342 
149 122 124 127 134 139 142 145 149 154 156 158 162 164 167 169 175 176 177 183 185 188 189 191 195 201 202 207 209 215 218 219 221 225 226 227 228 231 232 236 243 247 249 253 254 257 258 259 266 267 271 273 275 277 278 283 284 285 287 290 291 292 308 309 321 322 325 327 337 338 352 353 354 
297 121 123 124 128 129 131 134 138 139 141 144 145 147 148 152 155 158 162 163 166 171 172 176 177 183 184 188 191 192 194 195 196 197 202 211 213 216 217 224 225 227 229 232 234 239 245 248 251 254 259 262 264 266 268 269 274 275 278 281 282 283 285 288 291 294 297 304 306 307 312 314 315 316 317 318 321 322 327 329 332 335 336 338 340 341 343 344 346 349 350 351 353 
138 120 122 123 125 129 130 131 132 133 135 137 143 146 149 155 156 159 160 161 164 167 170 171 182 183 188 189 191 195 196 197 198 200 205 207 208 209 210 214 215 216 217 224 225 226 228 229 234 239 240 242 246 247 248 254 255 256 261 262 270 271 275 278 283 284 289 299 300 302 304 305 308 312 314 318 322 327 328 331 332 336 338 345 348 349 352 
57 119 120 123 124 126 130 131 132 136 138 141 142 145 148 154 157 165 168 169 172 174 177 179 187 191 196 197 201 205 211 213 214 218 219 220 221 222 224 226 227 234 242 244 245 253 254 256 257 260 261 265 270 272 274 276 279 280 284 298 301 302 303 305 308 309 311 312 316 317 318 319 321 324 328 334 336 337 339 344 346 354 
19 120 128 135 167 180 193 201 214 219 225 267 271 272 288 289 298 322 330 
66 122 144 150 166 174 186 215 235 237 252 268 281 336 352 353 
86 122 132 135 136 138 141 146 148 152 153 154 155 159 162 168 169 173 174 176 182 184 185 186 187 188 190 191 194 196 197 203 210 212 215 216 218 220 225 227 230 234 235 239 245 247 249 251 252 255 259 265 266 270 275 276 279 285 290 292 293 294 297 298 299 301 313 314 316 317 336 338 340 341 343 346 352 
279 129 131 137 153 156 191 232 285 292 293 325 335 344 
290 121 136 137 148 155 157 159 162 163 184 192 193 200 205 209 213 220 222 223 227 229 234 248 254 255 256 264 276 281 289 291 293 317 318 323 331 335 345 349 350 
81 119 125 133 134 135 141 142 154 157 159 163 164 166 167 178 182 183 188 190 192 193 195 199 205 206 208 209 210 211 220 225 227 233 238 240 245 246 249 253 262 264 270 272 275 281 284 285 295 297 300 305 311 313 314 315 319 320 321 323 326 341 346 349 
24 169 
29 1 123 124 127 131 132 133 135 136 137 140 144 147 149 151 153 154 156 157 160 161 164 166 169 171 172 174 175 179 181 186 188 192 198 201 202 205 208 212 215 216 228 229 237 238 239 244 247 249 250 251 255 256 257 261 266 267 268 271 273 274 275 283 285 288 292 293 298 299 300 302 312 315 316 317 320 322 324 325 326 332 336 338 339 342 343 345 348 350 
153 128 132 137 141 147 157 176 184 198 202 212 219 221 228 261 264 276 300 318 328 334 338 
278 1 122 126 134 135 138 140 148 159 161 163 166 168 172 176 178 181 183 189 191 193 200 203 211 220 221 222 226 227 233 235 236 239 242 248 254 260 265 268 269 274 284 287 291 298 299 300 301 303 307 308 319 322 323 324 325 327 334 341 344 354 
286 119 145 169 171 177 179 212 266 273 281 287 295 297 303 305 327 350 354 
269 155 161 206 
120 119 120 121 122 128 137 139 143 144 146 149 160 162 164 165 173 174 177 182 183 184 187 193 195 196 198 203 204 206 211 217 228 229 231 235 239 241 243 244 245 246 248 249 254 255 260 264 266 268 271 272 274 276 280 285 292 294 298 301 302 306 309 310 316 317 326 327 328 332 334 336 337 340 341 342 345 347 349 
22 124 158 257 349 354 
286 119 121 127 129 132 135 136 145 148 151 154 158 159 166 167 182 183 204 206 207 208 213 216 217 218 227 232 233 235 237 240 242 263 265 268 271 276 278 279 280 283 284 297 300 306 310 313 314 315 317 325 328 331 333 334 340 344 350 
239 119 131 187 213 220 225 256 300 
34 124 126 132 134 138 143 149 151 165 169 170 172 174 180 184 190 196 199 200 202 205 212 216 217 226 227 228 230 231 233 235 236 238 241 245 248 251 254 255 259 264 268 275 276 278 288 291 293 300 303 310 313 314 315 317 321 323 325 330 334 338 341 346 347 349 352 
262 120 121 123 126 132 142 144 145 149 154 158 163 167 169 176 178 179 181 183 186 187 192 193 199 205 214 216 221 224 225 226 228 232 234 236 237 254 256 258 259 263 266 269 270 272 278 279 281 289 293 295 297 299 303 307 308 309 313 315 318 320 321 325 328 330 331 336 337 345 346 347 348 349 351 
297 120 121 124 125 126 127 132 134 138 144 149 152 156 161 167 168 180 191 194 195 197 202 203 212 221 222 224 228 230 232 234 243 253 255 256 262 264 268 280 289 290 291 296 298 303 313 315 324 325 327 330 332 333 334 337 339 346 348 351 
124 135 143 145 150 174 175 182 183 214 217 234 240 251 271 324 328 
212 126 131 133 136 137 138 139 142 143 151 152 154 157 161 164 167 168 171 172 173 175 181 182 186 193 194 195 196 202 206 208 218 220 224 225 235 236 240 242 245 246 248 250 254 269 272 273 274 279 293 296 298 300 307 310 316 317 331 336 340 341 347 348 351 353 
281 121 132 133 140 142 160 164 193 197 201 204 208 222 226 231 245 278 287 292 316 321 322 324 329 332 346 349 353 
93 119 120 131 138 143 144 146 149 171 178 181 182 188 191 193 204 206 207 215 216 217 222 226 227 228 229 231 241 243 244 245 246 251 252 253 258 263 267 280 281 282 286 295 296 300 302 305 309 317 319 328 331 336 344 346 351 353 
69 287 290 
102 119 125 126 127 132 133 143 146 147 150 158 159 162 164 165 167 170 173 177 183 185 186 197 200 201 202 204 209 215 219 221 229 233 234 240 244 245 248 251 252 255 256 259 268 273 276 280 282 283 284 285 287 292 293 296 301 302 308 309 311 316 319 324 325 327 328 329 331 334 340 341 345 
245 1 120 122 126 127 129 131 144 146 151 152 160 163 166 171 176 177 190 191 195 213 216 217 219 225 229 232 244 248 258 260 266 268 272 280 281 284 287 289 292 294 295 302 304 305 306 308 314 316 322 329 339 340 341 348 353 354 
233 1 122 123 125 126 132 134 143 155 157 160 169 171 172 173 179 181 183 185 186 195 199 203 213 216 217 218 223 229 231 232 242 248 259 263 264 268 269 270 272 276 277 285 304 315 326 328 339 342 347 349 351 
233 1 120 123 125 126 129 131 133 135 138 141 142 146 149 150 153 160 162 164 165 168 173 181 182 183 186 187 188 189 191 193 195 196 197 200 204 207 210 213 214 218 219 222 223 228 230 236 237 238 239 242 248 251 253 254 255 257 259 262 271 272 275 276 277 291 294 296 297 299 302 303 304 305 308 310 311 314 316 320 322 323 324 329 330 334 335 339 342 345 347 349 351 353 354 
130 127 130 131 139 155 159 166 167 169 181 183 185 189 190 197 198 199 210 213 218 220 225 226 232 235 236 242 248 252 253 262 269 270 276 278 280 289 293 297 298 299 300 304 306 311 312 313 314 319 321 333 334 341 345 354 
190 124 130 138 139 144 146 148 151 154 160 164 165 170 173 174 176 178 179 180 182 185 191 192 199 206 209 215 217 219 232 240 241 244 246 247 248 252 254 259 260 264 270 274 282 285 290 293 294 302 305 312 313 315 320 327 332 337 341 342 343 344 345 349 351 352 
109 120 123 124 125 127 128 129 133 138 141 144 145 148 149 151 154 159 161 162 163 166 169 170 180 181 182 183 185 191 201 202 204 209 210 214 215 217 220 222 226 229 233 234 235 236 238 240 242 243 245 246 247 248 249 252 253 254 265 270 271 273 275 277 280 282 283 284 286 290 292 296 299 300 309 311 313 315 318 329 334 335 336 341 343 346 347 350 353 
197 1 120 121 126 130 131 135 137 146 147 149 150 153 155 156 158 159 163 171 172 173 175 179 180 182 185 186 188 192 194 197 200 205 207 208 209 213 215 216 223 224 233 236 237 241 245 249 251 252 253 254 255 261 267 270 275 276 278 280 281 282 285 289 291 292 293 296 298 299 300 304 307 310 312 317 322 327 333 334 336 339 340 342 343 346 349 350 353 354 
95 119 121 128 133 137 144 156 165 173 217 220 222 228 234 245 246 248 249 252 262 265 267 281 283 284 291 299 312 334 347 
240 122 130 131 155 158 165 167 174 175 184 197 205 214 218 220 222 228 233 241 242 249 285 307 325 330 342 346 
105 124 140 157 173 175 184 188 214 227 230 233 243 261 274 286 289 310 314 336 
276 122 124 127 128 132 136 142 147 148 164 172 197 207 211 219 227 235 238 239 261 281 289 310 311 313 319 326 337 350 353 
4 120 121 123 128 137 143 147 157 158 160 169 171 173 176 178 181 182 185 190 194 196 198 201 204 208 209 210 217 227 228 230 232 233 235 236 238 249 251 256 261 274 280 286 298 299 300 304 305 315 320 322 326 329 332 333 334 335 342 346 347 350 
69 124 125 130 136 140 144 146 152 154 156 163 179 203 210 212 217 222 226 229 232 233 240 241 243 246 248 251 257 260 262 263 265 280 281 283 284 288 293 296 299 302 305 308 309 312 314 315 322 323 326 327 331 336 339 343 344 350 
29 121 126 139 144 163 188 203 210 211 218 232 243 269 271 283 316 319 320 344 346 
215 130 172 183 203 204 209 240 253 280 303 313 343 
145 1 120 121 122 123 129 130 131 132 138 141 145 147 148 149 151 154 157 158 164 165 166 167 168 170 171 177 178 181 183 187 195 200 202 204 206 207 209 210 212 213 214 215 217 219 220 224 226 229 230 231 232 234 237 238 242 249 252 254 255 256 266 269 274 279 284 290 291 293 302 303 305 309 310 314 315 320 321 322 323 326 328 331 332 333 334 336 342 349 351 353 
263 128 137 138 143 175 193 212 226 233 246 283 311 316 321 322 328 339 353 
91 123 126 131 142 147 152 154 172 177 184 200 205 213 221 223 227 241 248 277 284 304 308 315 319 333 335 341 345 
104 120 122 127 129 133 137 143 147 149 151 153 157 159 160 169 170 173 180 181 183 189 195 204 217 219 225 227 234 235 247 248 254 269 283 285 290 293 302 305 312 313 321 323 324 329 338 339 345 354 
271 121 124 137 142 153 155 158 163 164 166 168 169 172 176 178 184 191 199 200 204 205 209 219 222 225 226 228 231 236 237 247 254 255 259 265 272 273 275 278 279 287 291 292 297 301 303 305 306 308 312 321 323 330 331 337 339 341 342 346 350 351 352 
267 1 122 126 128 130 134 135 139 140 142 148 150 151 153 154 155 158 163 165 168 171 183 186 189 197 199 200 201 202 206 210 212 214 217 221 222 223 224 226 231 235 237 247 253 255 258 259 261 264 266 270 272 276 281 286 288 299 301 302 309 310 311 313 315 317 318 319 322 326 331 332 333 334 338 340 344 346 348 350 351 353 
65 1 120 124 125 128 131 132 134 140 142 143 147 153 156 157 160 172 176 177 180 182 184 186 187 191 193 194 196 207 209 216 220 222 223 224 228 229 234 235 236 242 245 248 252 253 268 272 273 277 279 280 281 286 289 297 303 306 310 311 314 316 322 325 331 333 342 345 348 350 351 
264 121 123 126 127 133 136 138 143 144 147 149 152 155 157 158 162 165 166 169 170 174 177 186 191 192 196 203 205 206 207 211 217 221 226 227 228 230 237 243 247 248 251 253 257 258 265 266 267 269 270 279 280 281 282 283 289 292 297 299 301 304 305 306 319 321 323 325 326 327 328 329 332 333 337 338 339 340 343 352 354 
158 1 122 123 126 132 137 149 153 166 167 170 177 178 184 188 191 192 194 197 198 200 203 205 210 225 231 232 233 236 243 244 255 277 283 286 290 315 324 326 328 333 335 337 347 351 
232 288 
295 120 122 127 131 133 134 135 136 139 140 142 145 150 151 152 155 156 161 162 164 166 167 170 175 177 182 187 188 196 205 207 213 215 221 225 227 228 230 231 233 236 239 245 249 250 253 255 257 259 261 263 265 271 273 274 275 276 278 284 286 291 292 293 303 304 309 313 314 315 318 321 324 325 333 334 337 338 339 347 351 
168 1 119 120 122 125 139 150 152 153 159 161 167 169 171 176 182 186 195 205 206 210 217 218 219 221 222 223 232 233 237 239 243 244 252 258 263 264 270 274 275 278 279 285 287 289 293 294 297 300 306 307 309 310 312 314 318 321 324 331 333 334 335 337 349 
189 128 134 136 143 149 157 159 181 184 198 205 223 246 249 251 252 253 271 272 305 336 
8 119 120 141 145 151 155 157 167 173 183 187 190 194 199 204 210 228 229 239 255 257 264 266 270 273 275 277 280 293 301 304 305 308 309 311 321 328 332 335 336 337 338 342 346 
139 136 176 180 
43 119 120 126 128 130 132 133 135 137 146 149 151 152 154 157 162 163 165 167 168 169 170 171 177 179 182 183 185 188 192 193 198 199 200 202 204 210 212 213 215 217 219 222 226 228 231 232 235 236 237 239 241 245 249 251 258 260 262 265 275 282 288 289 290 292 293 297 298 308 309 310 312 314 316 319 321 323 325 331 334 337 339 340 341 342 343 350 354 
124 119 121 125 126 129 131 134 136 142 148 151 161 163 166 177 179 184 185 187 188 191 194 195 196 198 202 204 208 211 214 221 227 228 229 230 235 239 246 269 271 281 292 297 301 306 307 312 313 317 318 322 323 324 326 328 329 330 341 345 348 350 352 
119 336 
279 119 124 130 136 137 139 140 141 147 148 149 151 152 154 158 159 160 164 170 179 183 184 185 188 191 193 194 196 200 203 208 210 212 217 218 220 221 225 226 228 229 231 235 240 242 246 247 252 253 254 262 263 266 267 269 271 274 275 276 277 280 290 291 292 296 300 301 302 315 316 322 331 333 339 343 344 346 351 
199 124 125 126 127 135 142 152 159 165 170 174 179 182 190 193 194 196 211 213 223 230 240 242 256 257 259 268 272 291 297 298 301 306 307 311 316 317 335 343 
93 138 173 177 196 219 283 286 300 302 317 331 344 347 350 
154 238 249 264 
163 119 121 124 125 126 129 131 133 140 142 146 148 150 152 153 154 155 159 160 163 165 166 167 169 177 180 182 189 191 192 196 202 203 204 206 211 214 216 218 224 232 234 246 248 250 253 258 260 263 269 271 277 280 281 285 286 289 296 298 300 302 303 305 306 313 314 316 317 320 322 325 327 332 334 335 346 348 354 
250 136 155 237 300 338 
157 119 122 131 141 150 153 165 167 176 177 178 179 185 186 189 190 191 198 205 212 215 222 229 231 242 245 249 252 253 264 265 267 268 273 274 275 277 291 299 302 309 322 323 326 330 333 345 353 
117 120 121 122 127 141 143 144 146 159 160 166 172 173 177 179 192 194 196 206 210 211 224 231 233 244 245 251 255 257 258 259 260 277 280 287 289 291 292 297 298 303 308 322 325 327 332 335 337 339 351 
228 137 141 149 155 167 170 173 187 189 195 217 222 223 224 226 239 240 246 256 266 269 275 276 281 288 304 307 311 312 316 319 326 328 330 344 
269 119 120 127 130 131 133 135 136 146 156 160 161 165 166 167 169 170 172 175 179 183 185 186 187 191 193 202 204 205 206 208 209 210 215 216 217 220 227 230 231 233 242 246 247 248 251 260 261 262 264 269 271 277 278 281 283 284 286 290 292 295 297 298 301 304 306 308 310 312 323 327 329 332 337 338 343 345 346 347 348 349 350 351 
184 121 126 133 134 136 137 150 153 154 155 161 162 167 174 189 192 195 196 197 200 203 205 208 221 236 243 246 247 258 270 284 286 289 298 308 310 315 316 328 329 335 339 340 341 343 353 
182 130 131 133 136 138 141 143 145 147 150 154 156 158 165 169 177 185 189 197 205 212 213 214 215 222 240 250 252 253 256 261 263 267 268 275 278 289 291 293 301 302 304 310 319 321 325 332 334 340 351 353 
253 1 122 129 131 137 138 149 150 152 153 158 160 166 171 180 182 185 188 189 202 205 206 209 215 216 218 220 222 224 228 234 238 240 246 251 252 253 256 258 259 265 266 269 271 273 277 279 280 283 291 297 301 302 303 305 310 313 315 325 329 333 334 335 343 344 346 350 351 354 
117 1 120 121 125 129 137 138 139 144 148 150 151 155 160 161 164 165 174 177 183 200 201 207 213 214 222 234 235 241 248 252 257 258 259 268 269 278 284 297 305 308 311 315 318 322 325 326 328 330 338 342 344 348 350 351 
110 136 150 181 214 231 336 
274 1 130 139 145 166 168 171 174 180 181 185 189 192 195 200 210 217 221 235 246 248 253 254 264 266 279 287 289 294 312 319 320 324 325 332 
14 193 234 308 317 318 339 351 353 
214 123 124 127 131 134 135 136 140 142 145 147 151 154 159 163 165 166 168 172 173 175 179 180 181 185 186 189 190 192 196 197 201 204 207 208 212 222 223 227 231 232 234 237 239 241 242 244 248 250 251 254 256 257 260 262 263 270 271 273 274 275 277 282 284 287 288 293 294 295 297 298 303 311 312 313 317 318 321 322 330 332 336 341 343 346 350 351 352 353 
268 133 151 158 171 203 204 210 214 217 218 219 226 233 240 247 259 261 268 277 286 295 306 319 322 332 342 344 349 
61 126 128 137 142 158 180 183 201 218 219 227 233 244 264 269 277 279 301 304 306 337 344 
15 1 133 153 158 162 168 189 215 223 230 232 245 268 283 290 299 303 314 319 321 345 347 349 
232 159 211 224 238 308 325 334 
60 119 124 128 135 152 154 159 163 164 167 201 216 232 240 247 290 314 342 343 353 
141 1 120 122 124 125 127 132 138 139 141 145 150 153 159 161 163 168 169 173 175 179 180 184 185 187 189 190 191 193 194 195 200 205 207 208 217 218 222 224 231 235 239 240 244 245 250 252 254 255 256 264 268 270 271 272 274 277 278 280 281 282 283 284 285 287 289 292 295 299 300 301 302 305 308 311 314 315 316 320 321 328 329 331 333 335 343 347 348 349 354 
63 120 125 127 132 133 136 138 141 142 145 148 157 160 164 168 187 188 190 206 208 209 213 223 233 237 238 239 255 257 259 260 272 273 275 278 280 284 287 295 305 314 318 319 321 333 352 
208 124 133 139 140 150 153 158 160 167 174 178 188 199 202 228 232 277 281 288 300 328 346 
41 121 131 134 137 186 188 206 219 222 232 236 240 260 283 284 313 338 341 
253 124 133 134 139 141 148 161 164 174 180 181 188 193 194 207 223 225 226 229 246 259 277 291 293 298 302 316 318 320 322 332 334 349 
102 143 169 225 282 302 321 322 
257 1 121 124 125 153 168 171 172 173 179 189 201 202 204 217 223 247 249 251 279 280 288 302 304 312 320 332 343 347 
224 121 122 126 132 133 136 145 156 158 159 162 164 175 187 191 207 211 216 220 221 222 224 231 235 243 256 259 261 267 269 275 276 277 279 292 294 304 308 309 316 319 320 321 327 332 333 338 340 351 
64 124 125 126 133 137 148 151 157 164 167 168 178 183 191 192 194 219 224 261 262 265 267 272 276 287 291 300 323 
171 137 146 147 162 163 170 171 177 188 203 224 228 231 258 259 268 278 315 333 338 344 346 351 352 353 
13 119 120 121 124 126 134 135 144 149 153 159 161 167 172 174 177 179 182 185 191 195 197 201 206 212 215 216 221 222 223 229 230 233 234 236 238 240 242 243 244 245 250 253 255 256 262 265 266 269 273 278 279 285 288 290 294 297 301 305 315 321 323 326 335 343 344 
193 1 119 121 138 142 145 146 151 166 172 177 183 199 200 202 205 212 218 221 222 229 230 241 243 248 250 254 264 268 270 274 276 280 290 295 298 304 310 313 316 323 331 334 335 338 341 345 347 351 
138 119 124 133 193 211 323 
83 129 135 142 209 237 244 270 290 314 328 330 350 
175 119 120 123 124 126 130 131 132 135 136 137 138 141 142 143 148 149 151 152 155 158 160 163 165 169 178 184 185 190 191 196 199 201 203 215 218 219 222 223 224 225 230 231 233 235 236 240 241 244 246 247 249 251 253 254 258 260 263 265 268 269 270 271 273 278 279 287 288 289 301 302 303 306 307 308 309 311 315 316 319 325 328 329 330 333 334 336 343 344 346 347 350 354 
95 132 140 141 151 152 155 158 160 163 165 174 182 186 191 198 200 205 217 220 221 222 235 237 242 251 252 256 258 264 277 284 295 296 304 306 307 308 321 326 338 347 
24 124 125 128 139 142 153 154 158 162 163 168 174 191 193 197 199 204 212 229 232 244 248 250 256 262 264 273 281 292 294 295 306 307 327 329 334 347 353 
136 153 158 165 170 187 211 236 247 273 280 281 297 301 330 341 
240 129 137 139 140 167 171 182 185 190 212 219 222 241 244 253 258 265 275 302 317 334 
297 125 
14 120 125 127 132 133 144 147 148 157 158 159 162 163 169 175 179 181 190 197 200 204 212 216 224 229 231 232 233 236 244 247 250 251 253 254 256 258 259 270 273 276 278 288 289 290 294 295 297 299 305 307 308 309 311 313 315 317 318 322 327 328 329 333 336 338 342 347 354 
8 147 153 176 178 193 210 217 218 219 226 235 241 248 254 262 266 282 285 312 315 317 323 339 344 345 348 351 
81 122 129 134 139 197 210 224 274 283 284 339 350 
59 133 148 149 154 158 165 168 169 172 176 177 180 183 185 186 194 195 201 213 220 235 239 247 251 264 269 280 282 294 324 331 332 339 354 
99 131 171 172 174 188 193 205 214 220 221 222 233 248 262 272 300 305 308 318 341 348 
29 119 120 126 128 129 130 131 132 133 134 135 136 150 151 153 163 164 166 173 175 176 182 184 186 189 191 192 205 206 209 211 214 215 219 225 227 230 233 235 241 248 255 258 271 272 274 276 283 284 285 286 287 288 289 296 297 301 305 307 308 312 313 314 319 322 325 333 341 344 347 350 352 
61 1 120 122 123 127 128 130 131 133 135 141 143 144 145 147 149 153 156 157 158 159 163 168 172 174 179 180 182 185 186 190 193 200 204 207 208 209 211 212 220 221 222 225 228 232 235 237 238 239 240 253 258 260 264 265 266 272 276 280 281 289 290 291 294 296 299 300 305 308 313 315 318 322 323 324 329 331 332 333 336 338 343 345 346 350 351 353 354 
142 119 129 132 143 145 149 156 162 169 175 181 184 192 206 207 209 210 211 221 236 240 255 257 262 264 275 282 284 294 295 296 297 299 304 307 310 312 314 319 325 326 332 333 342 344 345 349 352 
137 1 122 127 130 132 134 136 137 141 145 146 150 156 157 158 160 163 164 165 168 169 171 172 174 175 180 181 182 183 184 186 190 193 194 197 198 214 216 217 224 232 234 235 236 237 239 241 245 257 264 265 267 272 273 274 275 276 278 283 284 286 291 292 293 294 299 303 304 305 308 312 313 318 321 323 324 331 332 333 334 335 338 339 345 347 349 351 352 
159 1 119 121 123 126 129 131 147 151 156 159 162 163 165 166 167 168 169 170 171 172 175 176 177 181 182 183 185 189 190 192 193 201 209 210 212 228 229 239 240 244 251 252 253 254 255 256 257 260 268 269 274 276 280 285 286 290 292 293 301 303 304 306 307 309 314 317 320 321 324 326 327 331 336 337 343 347 348 351 
210 1 125 127 130 135 140 143 149 151 155 156 157 167 168 169 170 171 173 175 176 180 181 187 189 192 193 195 200 201 202 203 207 210 214 217 227 228 234 238 242 243 249 255 260 261 262 267 268 269 273 274 275 276 277 278 284 285 291 294 296 299 302 307 308 310 313 316 319 327 330 334 336 337 338 341 347 349 352 354 
66 121 135 150 152 158 171 173 182 185 188 189 191 193 195 198 199 201 218 222 240 245 261 282 292 299 318 319 325 326 329 340 341 345 350 
209 121 124 127 129 134 135 137 139 142 145 148 151 152 156 157 160 164 168 171 173 175 177 181 183 192 193 194 199 205 208 210 212 221 222 224 229 230 233 238 241 247 248 251 252 255 258 262 264 266 267 268 269 273 277 279 286 288 295 299 303 304 306 307 308 310 317 319 320 323 324 325 326 327 331 342 345 347 348 351 352 353 
130 1 119 120 121 124 125 129 131 132 134 146 147 148 150 151 152 154 155 156 157 158 163 164 167 170 172 174 176 177 178 179 191 194 196 198 201 202 203 204 206 207 209 212 214 215 216 220 224 225 228 229 232 235 236 250 252 254 256 259 260 261 263 266 277 281 285 287 289 290 299 301 308 309 316 322 323 324 329 337 345 347 353 
236 121 124 130 131 136 141 147 148 153 156 160 162 163 165 166 171 172 174 177 178 179 180 184 185 193 194 195 201 202 208 209 210 212 214 215 219 221 226 227 229 231 234 235 237 238 246 248 249 250 254 258 263 265 267 274 275 278 281 288 292 293 294 296 297 300 301 303 311 312 315 317 321 323 325 326 328 330 332 339 350 353 
50 152 233 243 254 256 300 314 
169 1 119 120 121 122 125 127 128 129 131 136 138 140 141 142 143 159 163 164 166 172 173 174 176 178 179 180 182 185 191 192 196 201 202 205 206 207 209 212 215 218 219 221 223 225 226 227 228 230 233 236 246 251 253 255 256 263 265 266 267 268 273 275 279 282 286 288 289 291 292 293 295 296 299 309 313 314 316 320 321 328 329 331 333 334 336 
185 122 125 126 128 130 131 134 142 144 145 146 149 155 156 159 160 162 166 169 170 172 173 175 182 185 189 190 191 194 195 196 197 202 205 207 215 216 219 221 224 227 229 236 238 241 242 243 244 250 251 253 255 258 260 262 265 267 270 271 273 278 283 284 286 287 288 290 292 294 297 300 303 312 313 315 317 320 323 326 332 333 334 336 337 339 342 345 346 347 349 352 354 
135 121 122 124 125 130 134 136 137 138 145 146 148 149 150 155 156 157 158 159 160 161 166 167 170 171 173 174 176 177 178 179 181 184 186 191 195 198 205 206 209 210 215 218 220 221 222 223 226 228 233 238 239 240 241 246 248 253 254 255 261 263 269 270 280 282 283 288 292 297 300 301 305 308 316 317 318 321 322 323 324 328 329 332 334 339 340 341 345 350 
258 1 121 123 125 127 132 136 141 143 144 145 147 148 156 158 160 168 172 175 176 177 179 183 186 188 195 196 197 202 203 206 208 212 213 214 216 219 221 232 234 236 242 246 250 254 258 260 268 269 278 283 286 287 292 296 298 302 306 308 314 316 317 319 320 338 340 341 344 351 
119 149 151 155 158 169 183 190 199 201 234 237 249 267 276 279 291 306 319 340 344 346 
254 1 119 122 125 131 138 140 141 145 147 153 164 171 173 177 181 189 194 195 197 199 202 206 213 214 218 224 228 235 237 245 249 253 257 262 266 268 269 274 277 279 281 284 286 287 288 294 298 299 300 302 303 306 307 308 311 316 320 321 326 328 330 332 334 335 341 343 348 
146 119 128 130 144 148 150 167 173 174 181 182 184 196 201 219 225 236 239 254 259 278 284 288 297 302 331 333 339 348 351 354 
23 119 120 121 122 123 130 131 136 137 138 147 148 152 154 161 163 166 171 173 176 178 182 183 184 187 190 192 200 209 211 219 228 240 241 243 244 251 255 257 262 265 266 268 270 272 276 277 279 282 290 293 299 303 304 305 306 308 309 315 318 323 325 326 330 332 333 347 349 351 353 
22 135 157 206 209 223 
136 122 150 155 159 167 170 173 181 184 186 190 191 201 205 215 223 236 244 246 252 263 278 288 291 304 305 306 308 312 314 316 320 322 332 335 338 341 342 346 349 351 353 354 
267 127 143 147 150 177 191 211 224 235 236 240 242 244 247 249 254 259 262 270 278 296 312 322 324 336 350 353 
98 123 124 126 130 132 142 143 146 157 166 167 169 171 173 178 180 181 188 196 201 206 208 210 215 216 226 233 239 243 246 250 255 256 259 272 274 275 278 286 293 294 302 306 309 314 321 324 325 331 333 334 342 343 344 350 351 
237 1 134 159 161 198 211 226 235 238 263 291 303 307 309 
173 119 121 123 125 126 128 130 137 138 139 142 147 151 155 160 163 164 168 170 175 176 179 180 183 185 186 190 191 192 203 205 208 210 216 218 223 224 229 233 234 235 243 244 246 257 258 259 269 271 275 276 281 283 288 289 291 300 301 302 305 308 309 311 319 321 331 332 333 337 339 342 343 352 354 
289 121 131 133 157 164 165 178 186 192 193 214 225 232 235 246 260 269 287 291 294 300 306 313 315 328 338 344 
186 119 122 124 136 143 144 149 150 152 153 154 158 159 163 166 168 170 171 172 177 181 182 183 184 185 188 190 196 207 213 215 221 222 223 225 227 229 231 233 237 246 252 253 254 258 262 265 267 270 274 275 280 283 287 289 293 294 299 300 303 312 313 314 316 319 322 325 328 334 336 338 342 347 349 353 
92 143 165 205 228 251 256 282 289 290 292 
166 127 128 130 144 149 151 158 162 167 174 176 178 179 183 208 211 215 222 225 230 231 234 236 240 244 253 255 256 257 259 260 262 269 271 276 277 281 283 284 289 292 294 299 304 307 308 310 311 314 318 324 330 333 336 342 343 344 349 
242 1 134 136 137 140 149 193 201 202 204 211 214 219 261 268 271 273 281 284 295 301 302 308 326 327 350 
247 1 121 124 125 126 127 131 132 134 136 138 141 143 148 149 150 153 154 159 160 164 178 181 184 189 193 194 195 197 201 204 205 206 209 212 214 220 225 226 230 232 236 238 239 240 242 246 247 251 252 255 256 261 267 270 277 278 282 298 300 303 304 312 314 317 318 321 322 325 328 329 334 345 351 352 353 
276 120 122 124 125 127 128 129 130 131 140 143 146 151 152 155 156 159 163 165 167 172 173 175 178 187 189 192 193 194 197 200 201 205 211 212 219 220 224 232 234 235 237 239 242 252 257 260 263 264 265 269 270 273 274 281 284 289 291 293 295 296 300 303 315 316 319 321 324 325 327 331 332 335 336 337 340 341 342 351 354 
258 119 125 129 133 136 139 140 141 146 147 151 153 156 158 161 164 170 172 175 179 182 185 186 193 203 209 213 215 217 221 222 223 224 226 227 228 229 230 231 239 243 246 248 252 253 256 259 262 263 265 268 275 279 281 286 290 296 298 300 304 305 306 309 322 332 333 334 340 341 342 343 345 347 348 350 
142 121 122 125 127 128 132 134 135 136 142 143 144 146 147 150 151 162 164 165 167 172 174 175 186 187 188 189 190 192 193 194 198 201 206 208 209 210 211 212 213 214 215 217 219 224 227 229 231 232 233 237 240 243 247 250 251 255 257 262 263 264 265 268 269 272 274 279 282 284 285 288 289 290 292 293 294 297 300 302 303 312 315 317 319 323 329 331 332 337 343 346 352 
28 130 137 142 145 154 163 164 199 207 212 214 221 227 237 243 251 254 265 276 281 285 287 291 298 305 312 317 319 323 328 334 337 341 342 350 353 354 
13 1 123 124 126 130 131 133 137 138 139 140 143 144 147 148 161 163 164 166 167 169 170 171 172 173 175 176 179 180 184 186 188 189 190 191 200 201 203 206 209 210 213 214 215 222 224 226 232 235 237 243 250 252 256 257 263 264 265 268 271 273 282 284 288 291 295 300 302 305 308 313 314 318 319 320 323 332 334 335 338 342 351 352 353 354 
81 121 123 125 126 127 129 130 133 140 143 145 146 151 152 155 160 163 165 167 171 178 179 183 185 187 195 203 206 210 212 216 217 218 220 221 230 238 239 243 244 248 257 259 261 263 264 270 272 277 278 288 295 297 298 301 303 308 310 314 327 333 338 339 344 352 354 
95 122 126 127 128 132 139 141 145 148 150 158 159 160 161 165 172 175 178 185 188 189 190 191 193 195 196 200 201 204 205 207 209 210 211 215 220 223 236 240 241 242 243 250 261 262 268 272 277 278 283 284 285 288 290 291 293 305 312 313 320 322 325 335 344 345 346 351 
164 1 122 128 130 131 133 134 135 136 137 138 139 140 141 142 144 145 147 161 170 174 179 181 182 184 186 189 190 191 193 198 200 201 203 209 212 214 215 216 221 225 228 231 232 237 244 245 250 254 258 260 270 271 273 274 275 278 279 280 282 283 286 289 290 297 299 301 302 305 307 312 316 317 319 325 327 332 334 338 347 348 350 
190 119 123 129 137 140 157 173 185 196 205 206 228 242 249 253 267 272 276 280 294 305 306 311 316 333 337 349 350 
153 129 130 138 158 162 170 171 173 176 179 180 185 186 189 196 204 212 215 235 237 238 239 245 248 251 252 255 260 267 269 272 277 280 288 289 296 307 313 315 317 328 330 337 341 344 347 
79 1 126 127 128 129 131 133 134 135 136 137 138 143 154 159 162 163 164 165 168 173 174 177 178 179 180 181 182 184 186 188 189 190 191 192 195 200 201 209 211 212 213 214 219 222 227 228 232 235 237 238 240 242 245 246 248 250 252 254 257 258 261 262 266 267 270 273 274 275 279 282 291 294 295 300 301 305 306 307 311 313 314 317 321 323 324 325 335 337 343 345 346 347 350 351 352 354 
138 120 127 128 135 137 138 142 144 146 149 152 153 154 158 161 165 167 169 172 178 180 189 198 199 200 204 205 207 208 209 211 214 218 223 224 228 233 235 239 240 242 244 245 247 248 249 251 255 258 266 271 275 276 280 282 286 288 289 291 292 293 294 300 303 304 316 317 318 319 320 321 324 325 327 328 334 335 336 338 340 342 343 346 347 349 353 354 
288 123 127 131 136 137 145 147 148 157 158 160 165 167 172 178 180 181 185 186 195 197 200 203 207 208 214 217 220 222 223 231 232 233 234 239 242 243 250 255 256 260 263 265 270 271 272 275 276 280 286 287 288 292 302 303 306 309 313 316 318 321 328 330 334 337 343 344 345 348 352 
70 132 138 139 146 149 150 152 156 158 162 164 169 170 171 174 175 178 181 182 184 192 194 196 200 203 205 207 214 223 227 230 233 234 243 247 251 253 256 257 264 267 273 275 285 291 292 295 296 297 304 305 310 315 318 321 329 330 332 338 341 343 
89 1 121 122 126 131 132 137 140 141 142 144 155 158 160 165 169 174 177 180 183 186 187 200 202 208 228 231 232 239 241 242 243 245 249 252 254 258 260 261 271 272 278 286 287 288 289 290 291 292 300 312 313 315 334 344 349 351 
212 133 137 141 144 157 215 281 286 339 347 348 
263 204 
67 121 132 136 138 142 143 150 154 161 162 166 167 169 171 175 177 178 179 185 188 192 193 209 211 218 222 227 228 233 235 238 241 243 244 246 255 257 262 263 266 270 278 279 283 292 299 321 329 331 333 340 342 343 347 349 350 
296 121 124 129 136 143 151 166 188 195 214 215 228 238 255 272 286 291 292 306 309 310 331 339 353 
113 1 122 126 127 128 134 135 137 145 148 152 153 155 156 157 160 164 165 166 167 170 177 178 180 181 183 184 185 195 196 198 203 206 210 211 217 222 223 228 234 237 250 251 254 259 263 264 271 273 280 281 286 297 300 303 304 305 307 308 310 311 330 334 337 339 340 342 346 348 349 350 351 
284 1 119 123 136 138 141 149 153 154 165 169 172 182 186 187 215 218 224 232 233 242 247 249 258 259 263 269 270 278 281 288 290 304 306 315 322 330 331 332 336 337 348 354 
213 125 128 132 139 156 161 164 186 215 229 231 241 257 263 269 287 293 296 299 305 345 
58 151 199 335 
89 234 250 304 327 
275 123 130 135 138 151 166 168 170 173 174 178 195 215 218 227 229 231 234 235 236 238 260 263 268 276 281 288 291 295 304 305 308 312 313 317 328 334 335 343 346 349 351 
162 1 126 130 131 132 146 167 180 192 210 223 230 232 255 259 260 276 295 301 338 342 347 
26 1 119 120 123 134 137 141 143 144 145 150 154 160 164 165 166 172 175 182 185 187 190 196 198 201 206 207 208 209 211 224 228 229 230 250 251 253 259 262 263 268 270 273 274 275 283 284 290 302 305 306 307 310 313 317 318 319 337 339 340 346 352 354 
81 122 203 223 225 236 239 268 293 
63 1 122 123 131 135 138 141 147 153 158 165 167 177 181 183 184 191 207 209 215 216 218 225 231 235 242 254 255 271 285 288 293 297 304 308 310 316 324 325 338 345 346 351 353 354 
192 1 119 121 125 130 132 136 137 140 143 145 147 152 153 165 166 174 186 191 192 195 198 203 204 205 212 215 221 228 231 232 233 235 236 237 238 240 241 243 250 251 255 258 261 262 264 271 272 273 274 277 287 289 294 299 304 307 308 313 320 323 324 327 329 330 333 337 338 339 345 347 348 353 
112 1 119 120 121 132 134 138 140 141 142 145 150 153 160 161 166 169 173 175 176 179 183 184 185 186 188 200 202 209 214 216 217 220 221 222 223 224 226 229 234 236 241 242 244 250 251 254 255 256 257 258 262 263 265 269 273 275 276 278 280 282 286 290 299 300 307 314 317 318 319 323 325 327 328 331 335 336 339 340 341 342 343 347 353 354 
95 134 162 206 286 336 353 
295 131 135 141 154 165 187 200 246 267 279 281 284 334 344 
185 122 123 125 132 134 135 136 137 147 149 156 163 165 166 175 179 183 184 188 190 194 205 206 207 208 213 214 218 219 220 221 223 225 227 228 230 231 235 237 238 243 247 250 251 252 253 255 256 257 258 259 260 262 269 275 278 282 283 286 289 292 293 294 306 307 310 312 322 325 326 329 336 343 348 349 
291 120 122 128 131 135 137 139 140 141 143 145 146 150 152 154 159 160 161 166 167 169 171 186 188 189 190 192 194 202 204 206 212 215 219 224 226 227 228 229 237 238 239 242 243 244 246 248 271 278 283 284 287 288 291 299 307 314 319 322 323 324 325 326 334 336 338 339 340 343 344 349 352 
211 119 121 122 123 124 127 131 133 137 138 139 144 154 159 162 164 166 176 178 185 186 188 195 196 197 198 204 212 213 217 222 223 225 230 232 233 234 237 245 246 252 255 256 259 263 264 266 267 269 271 276 280 282 288 291 294 296 298 299 300 301 302 304 305 311 312 313 318 320 321 323 325 327 328 330 333 335 336 338 347 
23 122 124 127 129 131 132 133 141 142 143 145 146 147 150 154 156 163 164 167 168 171 172 176 182 183 187 189 191 196 197 207 210 213 214 217 218 219 221 226 229 230 233 234 240 242 243 245 256 258 263 265 267 268 275 281 283 286 292 293 294 298 300 301 305 309 310 312 313 315 320 321 322 323 327 331 337 339 341 343 344 347 349 
31 1 119 122 124 128 129 131 134 135 136 137 140 142 143 145 148 149 152 156 161 163 164 166 167 168 171 174 181 185 191 196 198 202 203 205 209 212 219 220 231 232 237 238 242 246 252 253 254 255 256 260 261 270 272 275 280 286 288 289 290 291 293 299 304 316 318 319 324 325 328 332 334 335 336 337 342 343 345 346 347 348 354 
234 121 122 123 124 127 129 140 145 150 153 154 159 163 167 169 170 171 173 180 181 187 202 219 234 243 249 250 255 256 259 260 261 268 270 271 273 274 277 288 289 290 298 306 314 316 321 322 325 329 330 332 340 342 344 351 353 
106 121 125 131 134 137 142 143 145 148 152 154 156 157 161 162 164 168 177 183 184 186 196 197 203 204 225 226 230 231 232 233 235 237 247 251 263 266 273 277 284 285 291 295 302 304 315 316 320 323 328 329 337 343 346 347 
26 1 122 123 126 131 135 136 138 139 144 146 148 152 157 159 160 162 163 164 167 169 170 171 173 178 179 181 182 190 191 192 202 204 208 210 211 213 214 216 218 224 227 228 229 230 231 233 236 241 243 252 253 254 257 259 261 262 265 266 271 272 273 274 276 278 281 286 289 293 296 305 311 313 315 317 320 325 330 331 337 338 339 342 346 348 349 350 351 
97 128 130 139 140 144 149 151 160 173 174 178 183 185 188 190 194 199 201 209 214 222 225 229 230 234 236 239 242 243 247 249 256 260 263 269 274 275 278 281 286 290 298 299 302 303 304 306 307 313 315 326 332 334 341 345 348 350 353 354 
236 120 130 132 135 136 144 151 156 162 173 178 180 184 191 193 199 204 206 211 212 221 226 230 232 237 241 243 250 251 254 255 260 261 262 267 268 271 272 273 274 275 276 289 290 296 297 299 300 304 305 316 321 324 325 326 329 334 340 345 347 351 
79 119 123 124 129 130 134 136 144 147 148 149 157 158 160 174 177 178 179 186 187 192 195 197 199 204 222 224 230 237 241 243 248 250 252 256 259 260 263 266 273 275 276 277 280 281 288 290 291 300 302 306 312 320 325 330 337 338 341 344 346 347 348 354 
254 119 126 140 157 168 174 176 189 198 279 303 306 314 315 336 339 342 349 
291 1 121 122 126 136 137 141 151 152 157 159 161 162 163 164 176 182 185 186 190 192 193 194 196 205 206 219 223 229 230 231 235 236 255 261 262 268 269 275 276 277 280 281 283 285 286 291 294 295 297 298 308 313 323 324 325 327 330 331 332 334 343 344 349 
136 119 154 196 233 239 255 282 287 288 289 303 305 318 322 326 
142 1 119 124 125 128 135 137 140 141 143 144 145 146 147 149 154 156 159 165 169 171 177 182 184 189 190 195 196 213 215 217 218 219 222 223 224 225 227 230 232 233 242 243 244 246 248 252 256 257 259 260 263 266 269 270 274 278 283 288 291 293 298 299 301 302 304 306 308 309 312 315 316 318 328 330 331 333 334 341 344 354 
35 121 123 126 132 145 162 164 171 177 178 179 185 191 194 201 208 219 224 225 229 232 244 253 254 255 275 291 297 303 309 312 313 314 319 327 339 342 350 353 
127 119 125 127 128 134 138 144 148 153 154 155 157 159 161 163 164 165 169 170 173 179 183 189 191 192 193 194 195 196 199 201 203 205 206 208 209 211 214 215 216 217 218 225 230 231 232 233 235 236 238 240 241 246 252 254 255 260 261 262 264 265 268 269 273 275 276 278 280 281 282 283 291 292 295 304 305 306 307 310 311 315 318 326 333 337 338 343 344 350 353 
277 121 123 130 133 140 144 149 151 152 154 156 158 163 164 170 172 178 181 184 187 193 195 211 212 218 219 227 235 240 243 246 248 249 250 260 263 265 267 268 269 273 280 281 282 285 286 288 293 294 295 296 302 303 306 308 309 311 313 316 318 320 322 326 331 345 346 354 
292 328 330 
229 128 135 141 163 193 237 248 256 287 305 309 310 311 318 319 320 324 327 329 333 339 345 347 
82 152 154 157 163 189 230 252 277 
102 122 164 172 179 206 226 232 260 287 288 300 329 342 
274 125 132 141 147 152 153 158 183 194 196 203 214 226 232 233 236 241 250 257 264 266 272 295 296 302 304 307 313 320 323 350 352 
157 139 150 157 168 171 181 193 208 221 223 239 245 249 267 280 298 302 306 311 319 323 327 
122 120 128 130 131 134 136 137 139 145 146 147 149 150 152 156 157 158 162 163 165 169 172 180 183 184 185 191 192 194 196 197 199 204 205 206 207 210 212 213 220 221 222 223 226 227 229 234 237 242 243 244 245 248 250 253 257 259 261 263 268 269 272 274 277 278 279 280 282 284 287 288 296 297 299 300 309 310 317 321 324 329 333 334 335 336 340 342 345 347 351 352 354 
69 119 129 131 135 137 140 143 147 149 151 152 153 154 156 160 162 165 168 169 174 176 177 180 183 184 186 189 190 191 199 202 206 208 211 212 215 218 223 229 230 234 238 241 242 246 254 255 256 261 264 265 267 268 270 274 276 277 280 283 288 291 296 297 302 304 305 308 312 315 316 320 323 325 329 332 333 338 341 343 347 348 349 353 
104 121 122 124 134 137 139 142 143 145 148 150 152 155 157 159 162 165 166 169 174 179 185 186 187 191 192 196 199 206 207 213 214 216 221 222 224 225 226 228 233 235 239 240 242 244 245 247 253 259 260 262 271 272 275 277 278 279 280 286 288 290 297 299 301 305 308 309 311 312 313 315 316 317 319 330 331 334 335 339 342 343 352 354 
186 137 140 166 174 178 202 294 334 
114 122 123 124 126 129 132 135 136 137 138 139 142 143 145 152 158 159 162 167 168 170 171 179 189 190 195 197 201 205 208 209 213 215 217 219 220 222 224 229 231 232 234 238 240 241 242 243 256 261 266 268 269 271 275 276 282 284 286 288 294 295 296 299 301 302 304 306 312 316 318 322 325 327 328 330 331 336 337 339 340 342 343 345 348 350 
241 125 145 152 154 167 181 185 202 209 219 227 228 240 244 256 291 314 322 337 343 353 
12 122 124 126 136 137 140 146 147 150 151 154 159 160 161 162 164 168 170 171 172 174 176 177 179 180 181 182 186 191 192 194 201 206 207 209 213 215 216 220 226 232 234 241 242 243 245 246 248 250 252 254 258 261 262 264 271 273 276 282 290 296 302 306 307 308 310 311 315 319 320 321 328 330 332 336 345 349 350 353 
64 1 121 123 128 130 132 140 141 147 148 149 154 173 176 178 180 181 182 189 190 194 199 203 209 218 220 224 230 234 238 243 248 251 257 264 266 270 282 286 292 316 321 322 323 331 333 335 339 347 349 
104 18 68 252 24 7 169 33 202 6 60 100 114 122 155 187 35 252 155 68 177 11 159 52 81 128 264 278 6 221 152 40 79 122 117 35 128 19 51 161 30 124 173 40 58 53 266 73 3 247 76 110 117 173 235 200 211 272 231 177 155 255 26 290 210 150 250 212 20 108 229 253 188 294 191 161 21 82 129 295 221 277 299 7 148 199 6 24 80 113 24 138 118 63 264 291 149 85 66 70 296 273 22 40 10 123 253 240 80 133 56 123 258 223 98 273 207 99 253 154 213 162 61 56 290 72 29 60 138 298 213 42 233 60 270 46 97 159 63 75 58 111 114 217 248 115 37 124 54 54 272 200 245 31 1 103 203 16 48 197 221 296 260 52 83 293 133 276 141 48 1 64 91 277 128 139 61 144 226 300 206 132 245 195 144 94 108 47 138 186 78 264 135 92 13 276 274 193 266 212 168 205 227 91 26 189 293 218 74 159 105 27 80 7 139 120 77 289 65 50 150 91 70 251 111 83 134 118 249 157 43 184 177 157 121 243 2 186 145 295 275 14 204 109 270 255 281 283 299 122 137 153 262 167 121 114 217 212 285 252 203 146 44 94 77 85 42 214 10 85 298 196 70 136 232 225 210 158 91 99 5 257 133 245 78 34 219 213 232 292 225 187 6 220 193 28 224 15 37 56 74 77 32 220 86 195 155 91 261 142 9 45 79 77 153 72 300 146 177 168 296 215 266 67 201 255 77 62 251 153 223 231 62 297 57 270 82 73 293 16 102 262 48 264 215 156 212 201 18 181 180 97 123 114 
