238 357
193 120 123 124 126 129 130 132 133 134 136 144 146 150 153 156 158 159 162 164 175 178 179 181 182 183 186 187 189 190 191 201 204 205 207 208 214 215 216 217 218 220 222 224 226 228 233 235 237 239 242 244 249 251 253 254 256 258 259 260 264 265 268 270 271 272 278 279 281 284 291 293 294 299 302 303 305 307 309 312 313 316 317 319 320 323 330 332 334 339 341 342 344 348 352 353 355 
253 121 127 128 134 135 144 146 148 165 181 189 192 196 202 210 221 227 230 237 238 242 251 255 261 265 292 298 315 318 325 334 353 
1 120 121 124 126 127 129 130 131 134 136 138 142 144 146 153 158 162 165 170 171 173 179 180 182 183 190 191 194 196 198 199 201 203 205 208 209 213 218 223 225 226 227 228 234 236 237 242 247 249 250 251 252 256 258 259 265 266 267 268 270 272 274 276 277 283 285 288 289 290 293 294 298 301 306 308 309 312 314 315 321 325 330 337 338 339 342 344 345 346 348 351 352 354 356 
53 127 139 158 161 162 173 192 211 222 237 240 279 282 294 297 306 309 313 336 342 350 
80 122 141 145 146 169 175 179 181 189 193 196 211 217 221 225 230 235 245 249 250 258 264 286 293 313 328 329 342 349 352 
49 1 122 126 127 132 140 153 158 160 162 167 178 179 181 190 192 194 198 200 204 206 213 216 218 220 227 229 230 231 233 247 248 251 264 265 267 269 270 280 295 298 300 303 315 316 318 326 328 329 333 334 337 339 341 343 347 348 352 357 
7 1 121 127 132 135 138 144 147 151 161 168 169 170 173 174 177 179 181 182 184 186 190 197 198 201 202 203 205 212 213 214 217 222 224 229 231 233 236 240 246 247 249 260 261 262 264 268 273 275 276 280 291 295 297 298 300 301 305 308 310 317 320 343 349 
3 1 121 122 133 136 140 144 150 161 176 197 198 237 252 253 255 259 277 283 303 306 319 321 343 344 
44 130 134 135 136 138 141 144 145 147 154 156 161 173 181 182 185 208 229 236 237 247 249 250 252 259 278 301 308 311 327 345 351 
103 126 129 130 133 141 143 151 152 158 160 161 164 166 178 179 181 184 192 193 194 199 205 206 208 213 220 227 228 242 244 247 248 256 267 272 274 275 283 289 292 294 296 297 307 314 327 339 342 348 356 
154 120 121 140 161 167 169 182 191 200 221 227 243 264 284 290 292 307 326 329 330 332 342 347 348 
103 124 129 143 144 156 172 176 177 187 188 195 209 220 222 225 229 236 261 263 281 284 291 297 299 300 306 324 345 347 350 352 356 
169 143 147 154 156 159 174 200 201 204 218 219 229 230 243 247 250 265 271 288 293 295 307 309 316 321 328 334 338 356 
142 1 120 124 125 127 137 140 141 144 148 152 154 155 156 158 160 163 167 169 170 174 176 180 182 186 198 199 204 206 207 209 211 213 218 221 222 229 230 231 234 237 242 243 244 249 250 251 252 254 259 260 261 263 265 266 269 271 285 292 299 303 307 308 312 318 320 322 326 327 331 336 338 344 350 351 353 354 355 
1 1 120 124 129 130 132 133 139 140 145 146 153 165 168 170 174 177 183 188 190 200 202 203 207 216 217 220 222 223 233 240 242 247 252 260 266 277 283 288 291 301 304 316 318 323 329 338 346 347 348 351 356 357 
146 1 121 128 129 131 132 133 134 135 140 142 143 146 162 165 170 171 174 176 177 178 180 181 182 190 194 195 197 201 204 205 208 213 214 216 222 223 224 225 230 234 236 242 245 247 248 249 252 271 274 277 278 282 284 285 287 290 293 294 300 304 307 314 315 319 329 334 335 338 339 344 346 348 350 353 355 
227 1 122 123 128 129 131 133 134 137 138 142 145 149 152 155 161 164 178 182 185 187 200 201 205 206 209 213 216 217 220 221 233 235 238 241 245 250 251 252 253 256 260 269 270 276 280 282 302 304 305 309 314 329 331 334 337 339 345 347 348 350 354 356 
128 1 122 127 132 135 136 143 149 152 154 160 163 167 174 176 184 187 193 197 204 214 224 244 247 249 256 263 264 269 270 272 274 275 276 278 279 290 295 298 299 304 312 319 321 325 327 338 343 357 
84 1 134 135 185 190 220 291 302 333 
156 188 
162 121 129 133 134 136 138 141 154 161 164 165 181 186 190 194 195 204 205 212 221 234 239 241 243 244 250 251 252 258 267 278 280 284 286 287 291 295 303 321 325 328 329 333 343 344 353 354 355 
52 122 143 145 147 148 149 162 166 177 185 191 193 203 212 216 223 228 241 245 247 248 249 261 266 298 302 321 328 329 337 343 348 356 
281 120 122 125 129 132 133 134 140 144 153 155 159 165 177 179 185 188 199 208 215 216 217 219 220 222 224 226 228 229 230 234 236 238 244 249 255 256 264 265 270 275 276 277 279 280 281 287 298 301 308 310 313 316 317 319 320 325 334 335 336 347 357 
113 121 133 135 146 147 150 154 177 188 198 205 221 225 250 251 254 263 264 271 283 288 293 295 313 316 317 321 328 330 339 341 342 
102 120 121 123 127 129 130 136 138 143 153 158 161 168 169 170 172 173 174 175 189 191 196 199 208 209 212 213 221 222 232 234 238 239 240 242 246 253 260 266 267 268 271 276 277 278 279 280 283 284 287 292 293 294 305 309 313 323 331 336 338 339 340 345 357 
266 120 121 125 130 131 135 138 139 140 146 150 163 176 199 201 207 208 210 211 212 214 216 218 219 226 227 231 234 240 242 243 246 249 251 252 253 254 256 263 282 283 305 307 316 319 323 331 332 333 336 341 343 347 348 349 350 353 357 
105 131 132 134 138 142 144 150 161 167 169 173 174 179 181 196 199 203 206 208 214 227 232 235 245 249 258 261 264 282 304 308 310 317 322 343 344 
248 120 124 125 130 132 140 141 144 146 149 150 152 158 162 163 167 169 176 178 182 186 192 193 195 203 205 223 226 229 231 233 235 237 240 243 244 254 259 260 262 266 273 275 276 277 290 298 302 304 310 330 331 335 339 342 345 348 353 354 357 
200 120 125 126 128 132 137 148 155 159 169 171 172 174 176 184 191 194 198 200 201 202 207 208 210 216 217 220 223 224 226 228 229 236 237 240 241 249 250 254 256 261 262 263 264 265 268 269 271 272 275 279 280 285 286 287 288 289 293 296 299 300 301 303 307 308 309 313 324 328 330 332 333 336 350 351 356 
24 123 125 126 130 131 133 134 142 148 149 154 161 164 166 167 169 173 175 177 178 179 183 186 191 196 199 201 203 205 206 208 209 210 212 213 218 223 233 234 236 237 242 248 251 258 261 262 263 264 265 273 274 275 277 278 282 283 285 287 288 290 291 295 300 301 304 308 309 315 318 319 321 327 328 329 330 333 334 335 339 341 342 343 348 350 352 357 
15 120 125 126 128 132 134 135 137 139 142 144 148 150 152 159 160 164 171 176 187 188 189 190 191 193 194 202 207 208 210 212 213 217 220 221 224 227 230 231 233 234 235 240 242 245 250 251 253 255 258 260 261 262 267 274 275 278 282 286 289 290 294 295 299 307 310 311 312 314 315 319 320 324 326 327 330 333 334 335 336 339 348 349 353 354 357 
267 124 128 131 134 135 140 141 142 144 147 149 151 154 157 158 159 160 164 165 166 177 184 185 193 195 198 203 208 209 214 215 218 219 220 224 225 229 233 239 247 249 251 265 271 272 273 276 278 285 289 290 291 296 299 307 311 320 321 325 332 333 337 338 342 346 348 349 351 352 355 356 357 
213 120 121 122 127 129 130 132 133 135 136 139 141 142 145 146 147 149 156 157 158 160 162 164 165 167 169 172 173 178 180 182 187 189 190 193 194 195 196 198 199 200 211 213 219 220 223 226 229 230 234 239 240 245 248 249 255 257 258 261 264 265 268 269 273 274 275 278 279 282 284 285 291 294 295 296 298 306 309 314 319 321 322 335 338 345 354 
222 120 121 125 127 128 130 137 140 144 146 148 151 153 159 160 163 164 167 168 170 177 179 181 184 189 190 191 194 195 197 200 208 210 211 212 215 216 217 218 219 227 231 233 238 243 245 246 247 250 253 268 271 272 275 280 284 287 290 291 294 298 302 306 309 322 323 324 330 333 336 338 339 340 344 353 354 357 
59 120 121 127 129 130 133 136 137 138 143 145 149 152 153 155 158 165 166 168 170 172 174 177 179 182 188 195 198 200 206 208 210 211 212 216 220 221 226 233 236 238 239 242 245 249 250 252 253 254 256 257 266 268 271 276 279 283 286 287 291 298 300 305 320 322 323 326 329 331 338 347 348 351 354 355 
25 139 152 154 158 174 186 203 222 225 232 263 275 299 310 320 324 327 343 348 351 354 356 
99 1 122 123 125 129 130 133 134 142 145 154 161 162 163 164 165 166 168 170 173 180 196 198 202 203 209 213 214 220 221 222 224 228 230 231 234 235 236 237 238 239 242 248 252 253 256 264 271 272 279 281 286 295 300 301 307 312 313 326 330 333 338 341 343 351 353 355 
207 122 131 136 156 184 274 276 294 302 308 313 333 343 
187 120 122 126 128 137 139 144 145 148 152 153 157 159 160 162 165 167 168 170 173 174 181 185 186 192 193 195 197 201 203 206 207 215 223 230 231 232 233 234 235 244 245 246 248 249 254 257 260 261 266 273 275 280 281 287 288 296 298 304 312 314 316 327 328 330 334 335 341 344 350 352 355 357 
264 130 131 133 136 140 141 142 143 152 154 159 160 162 164 172 173 174 186 194 200 202 207 211 212 214 219 222 226 232 235 237 241 242 245 246 251 253 257 258 267 269 270 271 273 274 280 283 284 287 289 293 298 304 306 308 312 313 314 315 323 326 328 331 338 339 341 342 343 344 352 357 
148 1 128 131 142 148 150 156 158 159 169 171 172 173 175 177 182 184 189 194 201 203 204 205 211 212 215 221 222 223 224 228 239 244 251 255 259 260 267 271 277 279 282 286 288 291 300 301 304 318 319 320 323 324 325 330 333 334 339 346 349 356 357 
44 137 138 141 142 145 147 155 158 162 163 175 177 182 184 185 194 199 206 212 213 214 217 224 225 229 233 237 238 240 242 246 249 252 253 254 256 263 273 274 276 280 283 297 312 318 320 329 338 340 354 
225 120 122 124 125 129 131 132 133 136 137 138 139 147 148 155 156 157 162 163 169 176 180 187 188 189 191 192 193 199 206 207 208 210 212 216 223 229 231 232 239 243 245 246 248 251 252 256 261 266 267 270 272 273 276 277 278 279 281 282 283 288 289 295 298 299 302 308 314 318 319 321 323 327 329 330 331 342 344 347 350 353 354 355 357 
73 123 128 129 136 139 140 144 153 160 161 166 170 173 174 178 187 188 192 196 201 206 207 210 213 216 236 237 242 243 245 248 252 259 264 265 271 272 275 276 277 278 291 301 315 320 328 330 334 340 345 347 349 350 352 356 357 
9 121 126 131 132 146 149 154 165 168 192 193 197 204 208 216 218 222 225 228 239 243 257 262 267 268 273 287 288 289 303 304 321 337 343 345 350 351 
156 139 161 183 188 198 207 212 214 220 222 238 257 273 278 291 292 308 
39 121 123 124 126 127 128 130 132 133 136 138 144 148 150 153 156 159 164 165 166 167 168 170 174 175 178 184 191 192 195 204 205 206 207 212 213 215 216 217 218 219 226 228 229 230 232 237 239 240 243 244 253 255 257 260 264 268 269 271 272 275 276 277 278 284 291 292 296 301 302 303 304 305 306 309 310 311 312 317 320 322 324 325 330 333 334 335 336 338 341 342 344 348 353 354 355 356 357 
262 123 124 136 139 143 151 154 161 162 170 178 185 199 202 206 208 209 223 224 231 238 255 262 274 283 285 287 291 297 315 317 323 327 337 342 354 356 
182 120 121 127 128 132 140 144 145 148 154 156 168 176 177 180 181 188 192 194 204 206 207 208 214 220 223 234 236 237 245 247 256 266 267 270 273 276 282 286 297 298 301 309 310 315 323 328 331 333 337 349 350 355 
181 1 132 141 142 146 149 150 156 168 170 174 180 185 187 188 196 198 207 210 213 215 216 219 220 221 232 239 241 248 260 262 264 265 268 271 273 274 275 280 287 288 291 298 304 307 308 309 315 317 318 321 322 329 336 337 338 341 346 347 348 353 
249 125 126 130 131 132 133 135 139 140 142 146 147 150 152 159 160 161 165 167 169 170 172 176 180 190 198 200 210 211 216 218 225 229 230 231 236 237 240 248 250 253 255 257 259 261 267 268 270 273 275 279 281 283 284 285 290 294 295 296 298 299 302 304 306 308 310 312 314 315 316 318 320 324 328 333 334 336 337 338 341 343 345 347 349 353 356 
264 125 137 138 142 145 152 155 165 177 181 185 191 192 203 211 224 236 238 244 249 251 258 259 270 271 275 280 281 296 304 305 310 312 313 314 317 332 333 344 347 
286 140 183 193 213 216 284 285 299 317 337 347 
14 150 170 193 205 208 218 248 286 352 
236 138 145 151 161 172 179 211 220 226 228 329 334 356 
129 120 121 124 125 129 143 145 147 157 158 171 176 177 180 189 190 194 195 203 204 208 213 217 219 220 224 228 235 237 240 242 246 248 252 256 260 266 268 270 271 281 282 286 307 311 313 320 321 331 341 342 344 345 346 349 350 354 
191 1 120 127 129 137 139 140 141 142 144 149 151 153 155 157 159 162 163 168 172 177 183 186 187 192 193 194 200 205 207 208 209 211 213 214 217 218 221 222 227 231 235 239 240 241 242 248 249 250 254 260 263 265 266 270 272 274 277 280 281 283 286 288 289 293 298 301 302 306 307 309 310 311 313 315 321 329 334 335 337 341 343 346 347 348 353 355 357 
7 120 123 139 145 148 168 170 188 189 195 229 232 241 246 253 262 266 272 280 289 290 302 303 315 345 357 
249 243 250 284 290 300 302 325 343 
145 127 130 131 167 180 185 201 203 209 214 232 233 235 242 257 259 275 283 284 304 320 327 343 
258 1 126 128 129 133 136 137 138 140 144 145 146 147 148 149 154 160 163 164 165 166 174 175 178 181 184 186 193 194 195 197 199 201 202 207 209 211 214 215 217 221 223 228 229 233 236 238 239 242 243 245 248 252 256 257 259 264 267 269 272 276 277 279 280 281 282 286 288 290 292 299 305 307 311 314 315 317 322 323 324 325 328 329 331 333 335 336 337 345 352 354 356 
291 131 137 149 151 158 171 172 185 194 200 204 207 212 224 231 250 258 267 273 275 295 309 310 314 319 328 329 332 339 
184 1 127 131 136 139 141 150 156 166 169 181 191 195 203 210 228 241 243 251 257 265 267 268 270 271 273 279 280 286 289 290 297 298 299 301 303 313 319 321 323 327 328 339 341 344 352 
258 131 167 188 191 212 290 291 337 342 345 354 
260 120 134 143 150 172 176 180 187 205 209 223 236 244 252 257 269 270 274 278 282 288 290 305 307 308 313 317 323 326 336 349 355 
127 126 128 129 135 136 137 145 149 151 152 155 159 163 164 171 172 179 182 189 192 193 196 197 203 210 213 214 218 222 225 230 233 235 236 239 248 250 251 257 261 268 280 284 292 298 301 305 314 318 319 320 321 322 324 330 334 348 351 352 354 357 
45 128 135 136 143 151 160 162 171 176 180 185 187 191 200 201 207 211 214 220 221 222 224 228 229 231 239 242 243 247 248 252 276 279 281 282 286 293 296 297 301 307 310 314 319 333 337 340 343 345 351 354 357 
114 122 133 134 138 146 155 174 180 181 200 207 217 243 252 288 327 332 341 349 
185 120 122 123 124 126 133 137 141 149 152 154 157 159 161 163 167 169 171 172 174 176 182 183 186 188 189 193 194 195 198 200 204 209 215 216 218 223 227 230 231 236 240 242 245 246 247 249 251 252 253 254 259 260 262 268 269 272 273 274 276 282 283 284 287 289 290 291 292 293 297 300 302 305 309 313 316 317 318 319 320 322 326 328 329 330 331 336 340 347 351 352 353 354 356 
152 132 135 136 142 158 172 181 185 186 194 201 250 256 262 264 273 290 315 331 338 
205 121 122 124 126 127 130 132 134 136 138 149 151 157 163 172 174 179 181 194 196 203 207 209 213 217 221 226 229 230 231 236 243 251 259 263 265 266 269 271 272 276 277 286 290 299 310 312 314 315 316 317 320 326 330 331 336 339 340 341 345 352 357 
202 123 124 126 136 142 143 145 149 150 155 162 167 169 175 177 179 192 194 196 197 198 202 206 220 222 227 228 229 233 239 241 244 245 253 254 266 272 273 274 275 277 279 283 285 288 290 293 299 304 305 306 311 317 323 331 340 343 344 345 350 351 357 
296 120 123 127 128 129 134 135 136 138 139 140 143 144 146 150 153 157 158 163 169 170 171 178 179 181 187 188 191 192 195 196 197 202 204 205 206 209 210 211 214 224 226 229 231 234 237 243 245 247 249 251 253 256 258 262 263 268 271 274 276 278 283 284 285 286 287 289 294 295 298 299 303 305 308 309 311 313 314 315 319 320 326 327 335 336 338 345 347 352 353 355 357 
99 123 129 132 139 147 148 152 159 160 161 174 177 178 184 195 221 239 243 249 254 262 273 279 288 297 301 309 312 318 325 327 343 345 346 347 350 
195 120 121 126 127 132 141 144 146 151 152 153 155 156 162 164 166 168 174 177 181 183 190 195 197 198 201 202 207 208 209 213 216 217 218 220 223 225 227 231 232 241 246 249 251 259 262 263 265 266 270 271 273 274 277 281 282 284 286 299 301 302 306 308 310 315 318 319 321 329 331 332 333 334 337 341 342 346 347 350 354 
164 1 122 124 128 129 138 142 159 160 162 171 175 177 182 183 195 197 206 208 210 224 230 235 237 238 241 243 244 255 257 281 285 294 295 299 312 313 318 330 339 345 348 350 354 357 
232 120 124 126 128 130 132 138 145 149 156 161 162 164 166 173 174 176 181 182 189 191 192 193 194 195 199 201 204 205 212 213 216 219 220 222 225 227 229 231 232 235 239 242 251 258 266 272 277 283 285 292 296 297 299 300 309 312 313 315 317 321 323 326 327 330 331 335 342 343 346 349 350 354 356 357 
71 120 123 128 129 136 137 140 142 144 147 152 154 156 158 160 166 173 175 177 181 185 186 187 192 194 202 203 205 207 210 213 214 221 224 226 228 230 241 245 248 251 257 258 261 263 266 268 270 271 272 280 281 282 284 286 289 291 299 301 303 306 307 308 310 311 312 314 316 320 322 323 328 334 340 343 346 351 
191 121 124 140 144 145 150 152 153 157 159 161 168 174 175 176 178 184 186 187 206 208 209 215 217 222 223 225 229 230 234 239 241 242 243 248 249 254 256 257 259 261 262 264 272 274 281 283 284 287 290 291 297 304 307 309 314 316 317 330 334 340 345 346 356 
104 122 123 129 131 136 137 139 148 166 167 172 175 178 180 181 183 192 205 211 215 217 219 226 236 243 249 260 264 266 268 271 273 281 282 289 293 295 301 304 310 320 329 333 336 337 344 346 348 352 353 354 356 
57 123 139 141 144 147 172 188 218 256 273 281 
100 1 121 126 127 128 131 134 138 140 146 148 149 162 164 168 169 173 182 184 186 187 191 202 207 211 231 237 240 241 243 246 247 250 255 258 262 264 265 268 269 273 274 275 277 281 284 285 286 297 305 307 313 316 317 321 323 324 325 333 339 342 343 346 347 351 353 354 355 
52 174 177 206 211 221 236 329 
81 1 121 127 130 134 138 139 141 144 159 165 166 171 172 179 180 181 183 188 191 195 200 202 205 206 207 208 209 212 216 218 219 229 231 239 241 243 247 256 259 272 277 282 284 297 298 300 302 303 309 311 319 322 331 334 335 340 341 343 344 346 349 350 
5 131 148 177 181 190 202 203 207 224 227 228 234 235 238 248 249 251 253 254 257 265 267 274 281 287 290 293 297 299 302 306 312 314 321 322 328 338 340 344 346 353 355 
222 120 122 124 128 134 137 138 140 145 148 152 153 154 159 160 168 169 173 175 177 178 182 184 185 189 190 191 197 198 202 203 205 208 209 213 214 215 216 217 220 223 226 227 228 230 234 238 239 240 243 246 248 250 251 254 256 257 275 280 284 288 289 290 292 294 295 296 301 302 304 307 313 316 317 321 323 325 331 334 335 340 341 347 352 353 354 356 357 
204 121 123 124 125 132 134 136 140 141 151 152 154 155 163 167 168 170 172 173 179 182 183 186 187 204 206 209 210 211 213 217 219 221 222 223 227 228 233 237 238 241 242 247 248 250 251 253 254 258 260 262 273 274 275 278 282 283 293 305 307 312 314 319 320 321 322 325 327 332 334 337 339 341 342 343 344 346 348 351 353 354 
59 154 235 247 258 269 280 330 
262 1 123 127 132 137 138 142 143 153 154 159 161 169 172 178 181 187 188 190 193 194 195 199 200 204 207 208 209 211 213 218 219 228 231 234 235 241 244 248 256 261 264 266 270 272 274 277 279 281 282 284 294 295 301 305 306 307 313 315 317 322 324 326 332 337 338 344 347 349 
39 123 129 131 135 136 155 156 159 160 172 174 179 186 190 194 196 205 212 218 222 223 232 237 242 253 267 284 286 287 296 300 302 308 310 313 316 319 320 333 338 350 352 353 
285 1 120 126 127 130 131 132 135 139 144 146 149 151 156 157 160 168 173 176 177 183 187 189 190 191 192 195 201 212 215 216 217 218 220 223 228 229 232 236 239 241 242 248 250 254 255 257 261 267 268 270 274 277 279 281 286 288 291 292 293 294 296 300 303 305 308 310 312 314 319 322 326 329 330 332 333 339 342 343 348 351 357 
224 1 125 134 136 152 155 162 171 172 173 178 183 187 188 190 197 209 210 216 218 219 247 248 263 267 277 278 286 300 303 307 312 323 334 340 347 349 
3 122 123 124 127 133 135 136 137 143 144 145 150 152 155 157 159 163 168 169 172 178 186 188 189 191 194 199 201 202 203 205 208 209 211 212 214 215 221 227 230 232 237 238 243 247 248 249 250 251 254 258 260 261 266 268 272 273 278 281 284 285 286 290 291 293 294 297 300 302 304 307 308 314 321 323 325 330 335 338 339 340 342 345 348 349 356 357 
92 121 122 126 127 139 140 145 151 164 165 172 181 186 187 188 191 195 198 202 210 215 226 228 237 242 243 244 246 251 253 254 263 264 265 267 269 270 271 272 279 282 283 286 287 289 292 294 295 297 300 301 305 311 315 319 324 327 328 329 332 334 335 344 347 356 357 
80 1 121 125 128 129 131 132 138 139 140 142 144 146 150 152 155 156 159 160 162 164 166 167 169 170 182 183 184 185 195 199 203 204 213 216 224 233 234 235 236 238 239 242 244 245 246 247 250 252 253 255 258 261 263 269 273 278 280 283 292 295 296 298 299 300 303 304 307 313 316 320 323 324 325 331 332 338 341 349 352 353 
19 183 199 234 242 245 265 337 
122 129 133 145 146 154 177 187 206 210 244 250 267 301 338 342 
299 120 144 159 179 185 223 235 246 255 258 327 337 
91 124 137 141 145 152 162 164 165 180 189 190 197 216 219 231 232 240 243 249 255 261 262 267 277 279 283 285 288 290 294 297 305 316 324 328 330 340 343 349 350 353 354 
128 124 129 131 132 134 135 136 146 148 151 152 155 157 161 162 167 168 169 176 177 179 181 182 184 186 187 188 189 191 192 193 195 198 200 202 208 215 217 218 228 229 237 242 243 245 246 249 255 256 259 261 266 275 276 277 279 281 288 293 298 303 305 309 310 316 317 319 321 323 325 327 328 329 331 333 334 338 339 344 347 350 351 356 357 
109 121 129 131 132 133 141 143 144 148 150 155 156 158 162 163 166 167 171 173 175 179 184 185 188 189 191 194 199 203 204 208 209 213 214 216 217 225 229 231 238 243 253 260 262 263 268 270 271 275 279 280 282 291 293 296 297 303 310 311 312 313 316 318 325 328 329 332 334 338 341 348 
214 123 133 149 154 159 162 170 179 184 189 201 203 207 210 212 217 224 237 239 240 246 264 266 267 271 277 278 283 302 316 320 328 329 333 335 342 349 351 354 355 
139 122 124 131 140 154 156 162 167 168 169 184 186 188 189 194 198 217 219 226 231 238 241 243 251 259 270 272 274 277 281 288 289 298 301 303 307 309 310 311 313 315 316 324 325 326 331 334 339 341 342 343 344 352 353 357 
24 121 123 129 131 133 138 139 140 142 144 145 148 149 158 159 160 162 164 165 167 174 177 179 182 187 188 190 193 197 198 203 205 214 218 221 222 230 232 235 237 246 248 254 256 258 260 262 264 265 273 275 280 295 297 298 301 303 307 318 322 323 328 333 334 338 339 355 
61 123 129 130 133 139 141 153 155 158 160 171 172 178 227 254 257 267 272 287 301 306 309 323 
194 123 127 132 133 134 136 139 141 143 146 147 148 149 150 151 158 159 160 181 186 187 189 192 194 197 199 201 202 205 207 208 212 216 218 221 225 236 237 245 253 254 260 261 264 272 288 289 290 294 299 302 303 306 307 315 316 318 323 324 325 326 330 331 332 345 350 
175 124 127 130 132 134 137 138 139 141 144 152 154 155 157 158 162 163 165 167 168 169 171 173 175 176 182 184 185 192 193 194 195 196 198 202 203 212 213 216 217 218 219 221 224 225 227 230 233 235 237 238 242 246 252 253 254 255 259 261 262 263 266 267 269 270 272 274 275 280 283 288 291 292 298 299 300 301 302 303 306 307 308 310 313 314 315 318 326 330 333 334 341 351 352 353 354 356 
68 120 131 132 134 136 141 142 143 146 147 153 155 160 162 164 166 172 175 177 180 183 186 188 190 191 192 193 195 199 201 202 208 211 213 216 218 222 224 225 228 231 234 236 240 243 244 247 253 255 257 258 265 269 276 280 281 282 287 289 291 292 293 294 302 305 306 310 311 313 316 320 321 322 325 327 328 334 337 338 340 344 348 349 351 356 357 
195 125 129 133 134 149 154 182 185 190 191 206 209 214 226 232 236 239 251 258 267 272 279 284 287 292 296 304 309 310 313 315 318 322 326 334 338 340 
91 129 139 143 144 159 182 184 190 207 213 221 234 252 264 279 283 287 290 293 313 315 331 336 341 342 345 347 
30 120 124 125 129 136 138 140 145 149 151 152 154 156 158 161 162 163 164 166 171 175 179 184 187 189 191 193 196 197 200 201 203 204 205 207 209 210 211 213 215 216 217 219 220 221 222 223 226 236 237 239 243 244 245 251 256 259 261 267 268 275 277 279 280 285 287 295 298 299 300 304 310 311 313 317 320 325 330 334 336 337 339 341 345 347 349 352 356 
120 1 128 132 133 138 143 146 149 151 154 155 161 165 170 174 179 180 183 184 198 206 213 214 217 227 230 232 233 235 236 238 241 247 250 254 259 260 265 269 270 274 279 280 286 290 302 303 305 307 321 327 329 336 348 353 356 
243 1 120 132 133 140 141 143 157 158 168 170 171 173 184 188 190 196 213 214 234 237 238 241 253 265 267 270 271 277 279 281 284 291 308 316 319 333 338 354 
147 138 143 146 150 154 158 160 169 180 185 188 190 191 209 218 226 227 231 237 238 239 247 254 256 265 267 268 276 281 283 292 295 300 302 305 308 323 325 329 332 337 341 351 
214 124 126 127 128 129 130 135 137 140 141 150 151 156 157 166 170 172 177 180 181 185 186 187 191 196 197 198 202 203 208 209 210 214 215 218 219 220 224 225 227 229 230 231 233 235 239 245 247 251 252 253 259 265 274 278 285 288 289 292 294 295 297 298 301 303 306 307 310 314 315 316 317 324 327 331 334 338 339 346 347 348 350 351 355 357 
90 121 123 133 134 139 143 148 160 161 166 168 179 188 195 198 204 210 215 218 222 223 229 232 238 244 253 255 256 260 301 303 305 306 312 317 318 319 328 334 352 354 355 
66 125 127 128 130 136 141 142 145 150 155 156 159 162 166 168 172 175 180 181 202 204 207 214 216 218 220 221 222 223 224 226 227 235 244 248 250 251 257 262 266 269 282 295 305 312 314 322 337 346 350 353 354 
34 120 122 124 126 129 133 134 147 148 150 153 171 180 186 190 194 196 200 204 205 215 217 218 220 221 223 224 229 231 237 238 240 243 245 246 250 255 256 259 260 262 263 264 265 270 275 276 278 285 287 290 291 293 295 296 303 310 311 314 319 321 326 328 330 331 333 336 343 344 345 347 349 351 353 354 356 
289 122 126 127 131 138 141 149 155 158 161 162 168 172 173 184 192 206 208 210 221 223 230 231 236 237 242 248 254 255 256 258 261 262 263 270 273 280 283 284 286 291 294 299 303 304 307 313 321 327 328 329 332 339 340 347 355 356 357 
183 1 121 123 124 129 131 132 133 135 137 139 142 143 144 145 148 151 152 158 159 160 162 172 173 180 182 192 193 194 195 196 198 199 200 202 206 207 208 209 210 216 217 218 220 222 225 230 232 234 237 239 241 244 247 250 251 253 254 259 267 268 269 272 275 282 285 289 290 291 293 296 298 300 301 306 307 312 316 318 319 322 323 325 328 329 330 331 332 333 347 348 349 355 
28 141 151 165 212 244 247 252 274 289 293 302 306 326 353 356 
135 120 127 129 133 140 151 157 158 161 163 164 165 166 168 171 177 179 181 188 194 197 199 201 203 204 212 214 215 224 226 227 229 231 232 247 251 253 254 258 262 264 269 270 275 281 282 285 290 295 302 303 305 308 310 314 315 318 319 320 325 326 329 330 335 337 341 342 344 347 351 353 356 
145 120 123 134 144 147 148 156 157 158 176 178 187 189 201 206 207 208 210 215 217 219 220 221 227 235 253 254 264 269 278 287 290 292 295 299 301 308 317 318 331 334 335 337 340 342 345 350 351 352 355 
163 120 128 131 135 137 140 141 143 145 150 162 177 179 180 184 186 187 188 190 191 193 203 210 211 215 218 224 226 230 232 237 241 243 247 252 255 259 267 270 275 276 278 282 283 285 291 295 299 301 305 306 308 311 312 316 321 333 334 338 342 344 345 348 352 353 357 
110 127 131 134 136 137 148 154 182 183 184 186 189 196 199 205 208 212 216 218 231 235 241 242 254 258 269 272 295 300 314 321 322 323 330 337 345 348 350 351 352 
299 121 142 150 152 157 165 167 175 184 191 198 204 205 208 218 222 223 226 234 236 237 246 247 248 260 267 270 281 282 283 284 297 299 306 307 309 312 315 318 323 324 325 329 332 333 341 343 345 347 357 
79 1 123 134 137 149 150 156 159 160 161 171 174 175 186 189 190 194 199 200 202 205 215 222 229 230 236 237 239 240 242 243 250 253 266 275 284 287 294 300 305 318 324 330 337 344 345 349 350 
299 124 140 172 194 311 
181 120 123 124 129 135 142 143 144 145 147 149 151 155 156 157 159 161 167 171 179 183 186 188 189 192 195 202 203 204 205 208 211 220 221 230 234 236 238 239 241 242 251 258 260 263 264 270 272 278 279 280 287 299 300 302 309 312 315 319 320 326 327 329 330 332 333 336 340 348 352 
187 1 134 139 145 152 154 156 158 173 177 181 191 192 195 198 199 200 201 203 214 217 220 229 235 237 238 242 243 244 246 255 266 271 281 283 288 300 303 307 308 312 324 327 
121 179 180 182 204 221 223 243 244 245 264 274 307 315 335 349 
268 142 163 190 194 200 201 230 237 244 307 321 348 351 356 
28 120 121 128 129 130 134 135 138 142 144 155 160 163 178 179 180 187 190 195 197 198 209 214 225 227 231 232 233 237 238 240 246 247 248 251 253 263 269 272 273 280 281 282 291 296 301 314 318 321 322 326 329 331 335 337 343 347 349 355 
247 1 122 124 127 131 132 134 137 139 142 145 153 154 155 157 160 166 167 168 171 174 175 178 179 180 183 184 185 186 189 200 204 205 207 210 213 214 218 223 224 226 231 235 236 237 238 241 242 244 245 250 255 258 267 271 273 275 276 277 279 280 283 284 288 289 292 293 294 295 296 299 301 303 306 307 308 311 315 316 319 320 323 325 326 327 329 330 331 333 335 336 338 339 340 343 345 346 355 357 
249 141 144 145 167 188 191 233 238 240 244 245 247 256 263 276 318 342 349 
81 1 121 122 126 127 133 135 147 148 150 152 155 157 162 163 164 169 173 176 177 179 180 182 186 192 193 195 196 200 204 206 207 208 210 211 216 218 226 227 228 229 230 234 236 237 238 240 242 245 246 248 249 250 252 253 258 260 262 264 267 268 275 283 286 288 290 292 301 303 304 305 308 309 314 318 319 321 322 323 324 328 329 331 335 341 345 346 347 349 350 352 353 355 356 
145 134 196 215 247 254 268 
10 1 124 127 139 141 149 151 155 171 177 193 196 212 217 231 232 237 243 277 288 289 295 306 310 317 322 334 336 348 
265 127 137 152 157 175 180 186 191 206 209 212 221 227 233 235 236 237 239 243 261 274 277 279 285 287 289 311 314 317 318 322 324 339 341 344 349 350 354 356 
7 124 132 136 139 152 156 161 176 182 183 184 189 217 223 252 253 259 288 291 293 304 307 312 313 316 324 338 347 
75 123 126 137 149 159 170 172 180 187 191 192 198 228 229 230 232 239 245 249 250 262 265 273 293 296 298 310 320 322 323 336 344 348 351 354 357 
101 152 162 169 200 207 217 224 241 248 257 280 297 304 309 322 349 350 354 
100 143 168 184 192 199 216 236 245 247 260 308 309 336 355 
250 120 121 122 123 126 128 134 137 138 139 144 146 151 152 158 159 162 163 166 167 175 178 181 183 184 186 190 191 192 193 195 196 197 204 205 206 207 211 225 230 241 244 245 254 256 258 260 262 274 275 276 277 278 279 282 283 285 287 288 290 292 300 303 304 307 308 310 311 312 316 317 318 319 320 321 324 327 329 331 338 340 341 344 345 353 355 357 
291 120 126 128 133 147 148 153 166 167 170 178 182 191 196 198 199 202 204 213 215 226 230 233 234 236 237 238 239 240 246 247 256 271 272 273 275 277 290 295 299 300 304 306 315 318 321 324 328 331 333 336 338 340 341 349 350 352 355 
206 120 121 123 135 151 154 156 163 164 165 167 173 175 177 178 181 184 191 195 197 205 211 220 222 230 234 235 238 253 256 257 259 282 287 288 294 295 306 312 314 321 324 325 330 335 336 342 350 351 353 
195 1 120 132 140 143 153 156 157 161 165 178 182 189 190 208 212 225 233 237 248 273 276 287 298 305 309 327 328 334 345 
47 1 120 125 130 135 136 143 148 153 154 157 160 161 165 171 180 184 193 199 203 204 205 206 207 208 212 221 224 231 232 234 244 246 248 250 252 258 259 260 268 269 272 274 277 286 287 290 293 298 299 300 301 303 304 306 307 310 312 313 314 315 318 322 323 336 340 345 351 
73 1 135 140 161 173 174 175 180 181 183 186 187 193 214 219 234 236 237 240 251 252 254 259 262 263 265 268 276 283 288 300 315 319 321 326 330 334 341 344 353 354 355 
255 1 120 126 127 129 131 134 137 140 143 144 146 154 155 165 173 175 177 185 189 191 192 198 209 216 220 221 222 224 236 240 243 249 252 257 260 268 272 273 282 283 286 287 288 289 290 293 299 304 306 308 312 314 318 319 320 321 332 334 335 337 339 347 351 352 353 354 357 
139 127 133 136 139 142 143 144 146 148 151 153 156 157 159 163 166 169 170 175 176 177 184 187 189 201 205 206 207 208 212 213 216 218 224 225 226 229 233 239 240 243 245 246 248 249 250 252 253 258 259 261 263 264 265 266 268 271 275 276 279 280 284 286 287 289 291 292 293 297 302 304 306 308 311 313 316 320 321 322 325 331 333 334 337 339 343 344 345 348 351 352 353 355 356 
75 120 124 133 137 139 163 166 167 168 181 184 195 198 199 205 211 218 219 220 229 230 231 232 233 235 243 254 269 271 272 273 275 276 284 288 290 298 299 301 303 310 312 313 315 317 318 319 321 325 330 341 345 348 353 
127 126 127 133 134 146 147 150 156 159 160 165 168 171 174 177 178 183 184 187 189 191 192 194 196 197 198 199 200 203 206 210 212 221 223 224 225 228 230 232 233 236 251 255 256 257 262 265 266 269 270 276 278 279 283 284 287 290 292 293 295 296 298 303 309 310 311 313 314 321 327 328 331 334 335 336 337 340 341 343 344 345 346 347 353 356 
99 123 132 136 139 143 148 150 156 158 159 160 162 165 168 173 184 191 196 202 205 221 244 254 255 256 263 270 273 278 284 285 287 291 303 308 320 330 335 336 346 347 357 
147 129 158 163 168 172 179 208 210 212 220 227 252 254 270 280 313 325 331 336 341 343 
47 120 123 125 126 129 135 137 148 150 152 154 156 160 161 165 169 171 176 181 192 193 194 202 205 208 213 216 217 224 227 228 229 230 231 235 237 239 247 249 256 257 258 263 264 265 266 269 272 274 277 278 280 285 286 287 289 292 296 302 303 304 307 308 310 317 320 336 342 345 351 
194 135 137 142 145 146 170 179 199 202 204 211 217 243 261 265 267 271 272 274 285 297 298 307 311 332 
147 143 147 166 169 183 188 225 261 262 276 280 349 350 
228 1 120 125 133 135 137 143 144 146 156 161 164 167 177 178 180 181 182 184 188 194 197 198 203 204 205 213 221 223 225 228 231 232 233 234 236 239 240 241 242 243 246 247 250 253 255 264 267 271 272 274 277 280 284 285 286 289 290 291 293 297 300 301 303 305 306 310 320 321 322 325 331 332 334 335 338 340 341 345 347 348 349 350 351 353 354 355 357 
210 120 121 122 125 129 130 131 137 140 141 142 143 145 148 149 153 155 157 169 170 172 173 174 175 177 183 186 189 190 193 198 200 202 203 207 208 209 212 215 217 219 223 224 226 227 230 235 237 238 239 241 243 245 256 263 270 275 276 277 278 280 286 287 295 296 297 298 306 307 312 315 316 320 323 326 327 331 333 336 337 339 341 343 347 353 
156 121 122 129 130 131 142 150 151 153 154 155 157 163 166 170 171 172 173 175 177 182 193 194 201 204 215 219 222 223 231 232 236 237 238 240 247 252 266 271 281 284 289 292 294 306 313 319 322 327 332 336 338 342 345 348 351 352 356 
70 120 126 127 128 129 130 131 137 141 142 159 163 168 169 171 174 179 181 190 193 200 213 214 225 255 258 265 281 290 308 313 317 320 321 322 324 336 337 338 345 351 
20 171 316 
125 128 129 138 154 163 165 166 179 188 209 210 216 257 273 275 288 295 353 355 
282 120 123 125 126 129 131 132 133 145 150 151 152 155 156 157 161 163 176 179 187 191 196 199 202 204 205 212 217 221 228 238 239 243 245 247 252 254 256 257 260 261 262 265 271 274 277 282 284 285 287 289 292 297 307 313 315 322 323 325 326 327 328 329 331 332 336 337 343 354 
210 126 128 132 139 140 142 143 144 145 146 147 150 154 155 161 163 166 167 174 176 177 182 186 188 189 192 195 197 198 200 201 202 203 215 216 217 219 227 231 235 236 237 238 246 247 248 249 253 254 255 257 259 264 265 268 274 276 282 284 286 287 288 293 294 295 297 300 305 308 309 315 316 320 326 331 335 344 345 348 350 356 
71 127 128 129 132 133 136 137 138 146 152 158 160 164 177 179 184 185 188 191 192 200 203 205 208 212 220 221 226 231 232 233 240 244 246 251 256 258 262 264 265 271 279 281 285 287 293 297 306 308 310 311 312 314 316 320 323 324 325 326 341 355 
176 120 123 130 137 140 147 157 178 179 180 187 203 204 208 220 227 239 243 247 264 271 280 283 291 295 299 337 356 
193 264 331 
259 144 157 172 177 268 316 318 328 352 
174 122 123 124 125 126 134 135 138 141 143 144 145 148 153 156 157 158 161 162 169 174 175 176 182 186 187 190 193 197 198 201 203 207 209 211 213 222 223 227 229 232 238 240 244 247 262 263 264 267 275 279 280 281 285 286 290 292 294 295 301 304 306 312 317 321 329 335 337 338 346 349 353 357 
298 1 121 122 127 137 142 143 144 146 149 151 157 158 161 164 166 167 168 172 173 182 184 189 190 191 192 204 208 211 215 219 221 222 223 225 226 232 233 234 236 238 245 246 248 250 252 253 256 258 260 264 265 270 273 274 277 279 284 289 293 298 299 300 302 305 306 308 312 314 319 320 325 330 333 337 342 344 346 348 350 
244 1 120 121 126 128 130 131 133 135 137 141 142 146 151 155 156 164 168 169 178 182 183 188 195 198 201 202 203 210 216 219 221 223 234 239 248 250 252 253 255 260 261 262 268 272 285 286 291 295 298 299 300 302 303 306 311 315 317 320 321 323 325 326 328 331 333 339 340 342 343 347 348 350 352 
253 130 147 167 190 259 264 288 293 306 307 313 343 352 
292 1 120 122 123 130 134 135 136 137 143 148 151 152 153 155 159 164 166 174 178 179 181 186 187 188 189 191 193 194 195 196 197 200 205 206 209 210 211 212 213 217 228 231 233 234 235 236 237 238 239 242 244 254 255 258 260 263 264 265 266 272 274 281 282 283 284 285 287 289 291 294 298 310 312 313 316 317 319 321 324 326 330 334 335 338 342 344 346 352 
39 121 122 134 137 138 143 157 158 159 167 171 186 187 190 193 208 210 214 222 224 233 234 235 239 249 255 260 263 267 273 275 283 285 293 294 297 298 308 323 
64 126 131 134 137 141 146 147 148 150 154 155 158 164 168 170 175 177 178 192 193 205 207 211 221 222 225 226 228 230 231 236 240 241 242 243 244 245 246 254 255 259 260 261 262 263 270 272 275 277 280 281 282 284 285 287 288 289 292 294 297 299 301 303 304 307 309 310 316 322 323 324 334 336 341 345 348 350 353 356 
278 120 122 124 128 132 133 136 140 144 146 153 154 156 174 177 178 186 195 200 202 204 208 209 210 211 212 217 218 221 224 225 226 241 242 246 254 256 261 265 271 272 275 280 282 283 291 297 303 305 309 313 316 327 329 338 339 344 351 
299 121 125 127 128 131 133 137 140 141 142 146 152 153 154 156 157 158 163 166 168 172 173 182 183 186 187 195 196 198 204 209 210 212 215 217 220 224 226 232 236 239 244 251 255 257 259 261 264 272 274 275 281 288 291 292 295 300 301 307 310 311 313 315 316 319 324 332 334 337 338 345 348 352 356 357 
13 138 139 155 171 202 203 215 227 231 236 240 263 275 287 288 294 315 329 
216 122 125 126 130 133 135 137 141 142 145 146 147 148 151 155 158 164 165 169 170 172 173 182 183 189 192 193 194 197 198 209 213 220 221 222 226 228 232 233 236 237 242 246 249 253 254 256 261 262 277 278 285 294 295 296 297 299 300 301 303 304 305 307 313 314 315 321 322 323 327 329 331 334 336 337 338 351 355 357 
181 120 122 124 126 129 131 134 135 137 139 140 141 145 149 151 153 154 157 158 163 165 168 170 172 174 176 178 180 183 184 185 187 188 190 191 193 194 196 200 208 212 218 220 226 228 230 236 237 238 240 241 243 250 251 256 259 260 263 268 271 279 281 282 284 289 292 297 299 300 304 307 309 314 325 330 336 340 341 345 348 352 354 
61 120 124 127 131 133 134 135 137 139 140 144 145 146 147 149 152 155 159 161 163 167 172 173 176 177 179 180 181 182 183 186 189 190 195 197 198 199 204 205 207 215 216 218 225 226 228 230 231 237 239 240 246 248 249 250 252 258 261 264 267 270 272 273 276 283 288 289 291 293 294 295 296 300 303 306 309 315 322 327 328 339 340 341 346 349 351 353 355 357 
134 132 145 172 180 183 222 227 234 249 261 269 285 291 331 340 
62 121 123 125 126 130 134 137 138 141 143 147 148 149 158 161 163 164 166 168 170 171 174 177 178 181 189 190 191 195 198 200 203 206 207 214 215 216 220 223 224 225 229 230 244 247 248 250 251 252 253 257 261 268 270 272 274 277 280 283 284 287 288 291 292 295 297 298 299 301 306 308 311 313 314 316 322 323 328 330 333 335 336 339 340 344 345 348 351 352 353 355 356 
209 1 123 124 125 131 139 145 147 148 150 156 157 161 166 171 172 179 180 181 182 186 187 188 193 194 195 199 200 201 202 204 205 210 212 213 217 224 228 229 231 232 234 236 240 241 251 252 255 262 267 269 270 274 275 276 279 281 286 290 292 296 305 312 323 331 332 335 339 341 342 349 351 354 356 357 
63 120 127 132 133 141 143 146 152 154 156 162 164 166 168 169 172 174 186 187 190 191 195 196 197 198 200 201 206 207 209 217 218 220 221 222 223 228 229 231 235 238 239 241 245 247 257 260 267 271 275 282 284 285 304 311 312 328 329 332 337 338 339 341 345 349 350 352 353 355 
292 120 121 124 125 126 132 134 138 139 140 141 145 146 148 153 158 162 163 169 171 178 181 186 198 203 204 208 212 218 220 222 224 230 235 238 239 241 245 246 247 249 251 252 258 271 273 274 278 281 283 285 288 292 296 301 307 311 313 314 317 324 328 329 330 331 332 334 337 340 342 343 350 351 352 354 356 
203 129 150 176 210 220 222 225 227 250 260 262 263 271 273 280 283 289 298 312 314 316 322 356 357 
112 122 124 125 127 135 137 161 171 174 175 195 196 198 199 207 211 222 225 226 232 234 235 246 247 252 254 257 267 270 271 273 283 284 285 289 290 291 299 301 309 321 322 325 333 341 348 
249 1 121 125 126 127 129 131 135 143 148 149 151 152 163 165 166 171 172 175 179 186 187 189 190 191 192 197 201 203 211 213 216 219 222 225 228 230 234 239 240 253 254 255 258 264 265 270 271 276 279 280 285 287 292 293 297 300 301 311 313 315 316 317 318 322 324 325 326 330 334 340 341 344 352 355 357 
83 120 124 128 137 138 145 152 164 173 175 200 208 213 216 222 223 225 227 234 251 259 260 262 269 275 281 284 288 291 293 294 309 315 316 323 333 337 350 355 
249 1 120 123 128 131 132 133 134 143 144 145 162 163 173 178 184 187 188 189 190 203 206 211 212 214 222 226 234 235 242 246 249 258 259 261 263 267 269 275 289 295 296 300 301 305 308 310 311 312 317 319 321 322 324 326 336 342 349 350 351 354 355 356 
195 127 131 136 139 145 153 154 156 166 171 191 196 199 203 204 212 214 216 221 222 226 228 230 235 240 243 244 249 250 252 253 257 262 264 271 284 286 288 289 290 292 293 298 300 301 306 310 314 316 330 332 333 351 352 355 
115 123 124 130 134 139 141 142 143 147 151 156 158 159 161 165 166 169 170 172 173 174 175 182 185 186 188 192 194 197 199 204 209 212 213 217 218 219 221 223 227 229 231 237 240 245 246 250 251 252 253 259 262 265 267 272 274 276 277 281 282 290 296 297 298 305 306 309 313 321 324 328 329 334 336 339 340 343 344 346 347 348 349 351 352 
57 1 130 132 134 140 149 152 156 168 172 177 182 184 187 188 189 191 198 204 207 212 220 231 235 241 243 245 247 270 279 280 283 287 289 291 296 298 307 321 322 326 328 333 335 340 344 345 349 
29 234 248 
110 120 125 128 132 137 138 140 144 149 151 153 158 159 165 173 180 181 184 194 201 210 211 215 224 228 231 238 252 254 264 265 271 286 290 293 298 299 301 304 307 309 320 322 323 336 343 
112 1 126 128 134 139 144 162 171 172 174 176 184 193 194 208 215 218 219 221 225 228 232 234 235 250 254 255 257 259 262 265 281 296 307 309 321 334 340 345 346 
222 122 123 134 136 151 184 194 199 205 212 228 233 240 244 261 267 274 275 294 296 337 344 345 348 
55 125 128 132 142 146 150 151 162 163 164 167 170 182 186 192 195 202 203 208 210 219 226 230 231 233 242 255 259 263 267 269 270 274 282 288 291 306 311 319 321 324 330 331 333 336 338 350 353 354 355 
266 122 123 124 130 131 134 142 150 159 160 164 178 181 184 185 195 198 204 219 226 235 237 243 246 275 276 278 293 298 302 303 306 323 331 336 342 352 357 
143 120 123 124 125 127 128 129 131 133 136 144 155 161 163 167 171 174 175 176 180 183 184 188 192 194 196 198 201 212 213 215 223 225 226 227 237 243 250 251 252 253 254 256 258 262 264 265 268 269 270 273 274 276 279 280 283 284 285 286 287 292 293 294 295 296 303 312 316 317 318 321 322 323 324 325 326 329 331 332 333 335 341 342 344 345 349 350 355 
38 150 178 179 185 203 221 233 253 287 312 337 342 345 346 
196 126 134 147 148 150 151 153 155 160 172 175 188 192 193 198 200 201 209 210 212 218 221 222 225 227 233 235 237 243 246 253 263 264 268 272 273 274 275 278 279 287 289 290 291 292 293 299 303 305 308 312 314 319 320 326 327 330 332 336 338 339 349 354 355 
252 122 125 128 131 133 135 143 150 152 155 160 161 165 167 169 173 184 187 188 197 198 200 203 205 209 212 213 221 226 229 231 234 235 237 244 246 251 252 253 261 262 263 264 265 269 275 276 278 279 283 285 287 291 292 300 303 308 312 314 318 322 323 327 328 335 343 345 346 347 351 352 355 356 357 
198 127 149 152 153 154 160 167 174 177 179 188 191 193 194 195 210 211 213 215 216 217 218 220 221 222 226 227 231 233 234 235 236 239 243 245 247 248 251 252 255 256 262 264 266 268 269 270 273 276 277 283 292 297 301 311 312 314 315 318 322 323 326 329 330 334 336 337 338 341 346 347 350 355 
214 1 129 132 138 141 151 157 160 164 170 177 178 179 181 183 188 190 195 206 209 219 223 229 234 235 236 237 239 256 257 258 261 264 273 274 280 282 284 285 286 300 302 311 312 318 319 320 322 323 325 327 331 336 338 343 347 348 351 353 354 357 
112 153 163 166 177 185 195 199 228 233 271 287 290 296 316 340 
264 123 128 129 133 135 137 141 147 159 162 166 171 172 177 178 179 181 185 192 202 204 207 209 212 216 218 219 224 225 235 236 238 245 248 250 254 257 258 260 261 266 268 271 273 280 281 286 295 299 305 310 311 314 316 317 325 329 332 333 335 336 339 343 356 
255 128 140 155 178 192 201 206 272 295 
266 129 138 139 162 178 198 205 206 209 219 220 224 226 228 237 251 252 255 259 279 294 306 310 317 325 353 354 
157 122 126 135 139 141 143 147 151 155 156 164 166 170 178 182 185 191 197 200 210 215 216 219 232 235 238 255 257 258 266 269 291 296 298 299 305 306 309 310 326 328 332 333 343 345 
275 1 123 126 127 128 131 135 140 143 144 145 149 151 152 153 154 155 159 160 163 164 165 170 175 176 179 184 194 195 198 208 209 210 212 217 218 219 220 221 225 229 231 233 236 243 247 248 250 252 256 258 261 262 263 266 272 274 279 281 287 288 290 293 294 299 301 303 304 306 308 309 311 313 315 317 319 325 326 327 328 329 331 332 334 339 341 344 346 348 349 350 353 357 
18 1 120 124 125 126 131 133 139 152 157 164 165 170 172 175 176 188 191 195 198 199 200 204 205 206 208 212 213 215 219 229 232 239 245 252 256 257 260 263 266 272 274 275 286 292 295 297 298 307 317 318 323 327 330 334 335 337 345 350 352 356 
74 123 126 127 129 132 133 135 137 139 140 141 152 154 155 157 163 169 171 174 175 178 179 181 185 191 196 197 199 207 211 212 213 221 222 224 225 226 227 232 236 237 240 241 244 248 249 260 261 263 271 274 276 284 285 291 292 293 297 305 306 307 313 316 317 321 323 325 326 328 329 330 332 333 334 335 336 338 340 345 348 351 352 357 
195 1 120 123 125 127 129 136 141 143 145 153 154 156 157 158 161 163 169 172 179 189 192 193 198 199 200 208 212 215 217 221 222 230 232 233 238 241 243 249 250 252 255 258 259 263 265 272 276 281 284 285 287 289 291 296 298 299 300 308 310 311 312 313 319 323 331 332 333 334 339 340 343 349 350 356 357 
270 120 124 126 136 146 149 150 151 152 153 155 158 159 160 161 165 169 189 195 200 207 212 213 218 223 229 246 247 252 264 267 271 280 281 283 284 287 292 297 299 314 315 330 332 335 338 353 
151 1 120 121 123 125 126 127 135 136 138 139 143 148 157 162 163 164 167 170 173 177 178 180 185 188 192 194 201 207 209 213 217 218 223 224 229 234 236 240 243 247 258 262 265 266 267 273 274 276 277 281 285 287 291 294 297 299 300 304 308 310 311 312 317 320 321 322 323 329 330 339 340 341 345 347 349 350 351 353 355 357 
123 120 122 123 124 126 130 147 153 160 173 184 185 187 188 204 211 212 213 215 219 226 229 233 234 239 242 250 253 259 263 268 276 277 278 279 284 286 300 304 316 319 320 322 329 338 345 346 354 
81 121 126 127 130 133 135 137 142 145 149 151 160 162 164 165 167 169 178 182 186 187 198 203 204 206 208 210 217 219 225 226 227 232 235 237 241 244 252 256 258 265 268 270 271 278 285 291 308 310 312 317 322 328 332 333 336 339 346 347 350 352 353 355 
168 124 125 132 144 146 151 152 156 159 165 167 187 193 202 209 210 224 227 228 235 238 260 261 262 284 287 288 290 304 305 314 319 322 325 327 328 330 338 343 348 354 357 
159 124 137 164 174 198 222 240 242 246 252 262 281 295 303 352 355 357 
75 133 135 146 157 177 180 181 184 186 187 191 202 209 211 215 220 222 223 225 230 237 239 254 255 256 257 259 267 272 277 279 281 284 300 301 302 303 307 308 310 313 316 317 321 324 335 338 342 343 352 356 
67 127 134 149 173 246 294 297 320 326 334 335 356 
44 122 123 125 127 130 133 135 138 139 143 148 150 151 153 157 164 165 172 176 179 183 188 189 195 196 201 202 212 217 220 221 222 228 229 232 233 238 240 241 248 249 256 258 265 280 281 282 283 284 293 300 301 304 306 309 310 311 314 315 318 321 324 326 330 332 338 341 344 345 349 353 357 
153 120 123 126 135 139 140 141 144 146 163 164 185 186 188 197 219 220 221 222 228 233 239 246 247 251 256 260 269 271 285 286 290 292 294 297 298 313 319 325 329 343 344 345 348 
201 121 131 143 146 154 160 168 175 177 179 185 188 198 199 218 231 238 239 243 252 262 279 310 314 317 327 328 331 
78 120 123 126 128 131 132 135 138 141 144 147 148 149 150 153 158 160 162 163 164 166 167 172 178 179 185 187 189 192 196 203 205 207 208 212 213 214 215 218 219 229 231 234 235 236 237 238 242 243 246 256 257 258 260 261 262 263 270 272 273 275 277 280 283 285 287 291 294 296 298 300 305 310 311 314 317 318 321 323 326 332 335 337 341 344 345 347 350 352 353 355 356 357 
128 1 120 122 124 126 142 157 159 160 169 171 176 178 181 184 188 191 195 196 200 206 212 217 218 222 223 225 232 234 237 246 251 252 256 262 264 265 268 275 278 287 294 297 303 307 308 317 332 336 338 341 344 351 356 
15 128 135 136 138 142 143 144 155 157 165 171 176 179 180 184 187 189 192 197 199 201 202 204 210 212 216 219 225 226 232 233 236 238 241 244 246 249 251 253 255 258 266 267 275 276 286 290 291 295 304 305 306 307 313 314 319 322 323 325 327 329 338 340 343 344 347 350 352 354 357 
37 1 124 125 127 128 138 139 142 144 146 148 150 152 154 155 156 166 169 178 184 187 189 190 196 200 202 203 211 215 226 228 236 246 247 251 257 265 266 273 276 279 281 286 289 298 301 305 311 313 316 323 330 331 332 334 336 338 345 347 349 350 353 355 
147 125 135 137 152 171 183 198 211 212 216 217 220 222 229 253 254 255 262 280 282 290 317 341 354 
249 121 122 123 128 129 131 135 137 139 141 146 150 152 153 155 159 161 162 167 170 173 174 176 188 192 201 202 203 204 207 211 213 216 223 225 228 231 237 238 239 241 244 245 246 249 250 251 253 256 257 258 259 261 266 274 275 276 277 279 285 286 287 289 291 296 297 299 301 302 303 305 306 312 317 322 325 326 327 336 343 344 345 347 348 349 350 352 353 354 
18 122 123 128 129 130 131 132 133 134 139 141 143 145 148 151 153 154 157 158 159 162 163 164 165 170 172 176 177 178 180 184 186 187 190 192 193 200 203 204 206 207 210 211 212 213 216 219 222 223 226 239 242 243 244 246 252 255 258 261 268 271 272 273 276 282 283 285 286 287 288 291 292 296 299 304 305 306 307 311 315 316 317 319 324 326 330 332 337 341 344 345 350 351 352 353 354 356 357 
64 121 122 123 125 129 139 142 143 146 158 186 190 208 211 222 230 234 239 247 249 250 252 256 259 260 265 272 273 278 280 282 283 289 291 294 297 303 304 305 311 338 341 349 350 
9 1 123 127 128 129 131 133 136 137 142 143 145 150 151 153 156 159 160 162 168 171 172 177 182 183 185 191 193 197 201 202 206 207 208 215 217 218 221 227 229 237 239 243 244 246 251 254 257 259 263 265 266 271 274 275 276 277 280 281 282 283 284 285 288 291 292 296 299 300 302 303 304 305 309 313 314 315 318 319 320 328 333 339 341 343 349 350 355 
295 121 122 126 129 130 131 134 137 138 141 142 143 145 146 148 154 155 159 160 161 165 170 171 172 174 178 179 181 187 188 192 193 199 200 203 204 206 210 215 216 218 220 221 224 229 234 235 248 251 252 253 254 256 260 262 264 274 278 287 289 294 297 298 304 311 314 325 327 329 330 331 332 335 340 342 350 351 356 357 
159 13 87 164 257 259 21 201 55 83 14 111 131 257 35 272 255 11 184 114 229 19 6 251 218 146 165 217 152 207 190 156 204 263 108 104 18 186 42 198 112 228 267 296 165 99 94 116 267 126 218 14 105 90 71 267 111 249 22 120 74 279 104 6 281 111 234 54 169 207 137 91 71 121 271 124 3 12 272 129 63 138 260 250 184 229 32 208 194 199 292 86 122 44 33 191 29 217 39 284 95 111 150 244 169 16 214 211 195 288 269 251 53 251 195 76 51 298 102 39 166 237 160 287 1 114 193 24 267 210 78 164 269 200 142 76 130 118 276 133 168 143 130 47 240 185 287 106 132 259 36 271 74 127 113 130 221 273 187 186 162 92 148 3 289 221 118 249 269 242 3 84 62 37 43 200 171 229 262 232 277 271 57 261 22 145 120 198 134 276 175 111 224 10 203 46 237 164 118 184 14 56 167 106 120 209 193 78 69 283 45 288 102 263 282 95 257 211 18 204 172 224 77 27 219 160 242 118 15 280 88 211 296 82 105 155 103 286 121 219 294 118 64 108 48 101 126 85 124 211 137 176 245 226 290 256 138 60 117 293 19 267 159 254 161 123 40 101 141 194 294 282 80 250 121 97 106 110 247 261 294 106 102 78 121 148 156 227 87 167 90 164 286 198 268 113 230 103 68 67 252 206 17 70 155 176 35 82 152 128 90 173 287 254 105 269 262 1 267 39 275 42 93 261 178 192 79 282 5 271 142 106 260 66 76 144 274 292 251 179 77 250 75 148 142 208 285 58 119 297 111 231 173 193 181 250 84 
