24 36
23 1 16 19 21 24 25 27 28 29 33 
22 30 35 
97 16 17 20 25 28 32 33 35 36 
48 32 33 34 36 
3 1 13 17 18 21 27 28 30 32 34 36 
9 14 16 23 27 
59 14 15 27 28 30 33 
32 15 17 19 20 31 35 
82 1 16 18 
36 19 31 
13 1 14 17 18 26 27 32 33 
69 13 35 
80 13 16 17 19 24 25 27 31 36 
78 30 
75 1 14 18 20 23 28 29 31 35 
46 15 21 23 29 34 
35 33 
98 1 15 29 31 34 
88 1 18 21 26 31 33 
44 13 18 20 22 25 30 31 36 
51 13 15 16 17 20 21 22 32 34 
10 13 19 20 34 
51 13 15 16 25 29 
84 35 36 
49 85 59 16 66 38 54 30 13 37 73 40 44 22 18 65 63 70 53 89 11 45 30 39 85 15 51 36 59 63 27 64 11 7 25 3 
