240 360
42 130 131 137 139 140 141 145 154 158 159 167 172 177 182 183 193 194 199 206 210 212 217 218 219 220 225 230 235 241 243 247 251 258 272 273 276 285 294 299 300 303 306 311 314 315 317 327 329 330 331 334 335 345 347 349 356 357 
112 129 134 149 150 157 160 173 179 182 195 196 198 200 201 208 214 216 229 231 244 259 265 293 305 307 316 317 331 339 348 350 357 
186 124 125 132 137 138 140 143 147 154 156 175 180 195 199 200 203 206 211 212 213 214 215 218 221 225 233 234 235 237 238 247 250 257 258 261 264 270 271 278 286 287 293 299 300 301 306 308 311 315 316 321 327 330 335 345 352 353 354 358 
199 1 122 124 127 130 139 144 151 155 157 158 162 165 171 172 177 180 192 194 205 207 212 215 217 220 224 228 249 251 255 256 261 267 268 270 277 278 282 302 307 324 334 335 336 344 347 
200 139 141 152 155 164 169 170 178 181 184 185 191 201 204 224 228 251 284 294 300 333 335 337 339 345 
231 136 138 146 149 151 167 207 235 257 279 283 301 302 304 306 331 352 
244 121 124 127 130 133 136 145 148 160 161 162 164 168 171 175 178 179 180 181 182 183 187 188 202 203 213 214 218 219 220 221 223 226 233 234 238 239 240 246 247 248 249 253 256 259 261 264 265 266 267 275 276 277 278 284 285 291 296 302 306 309 310 311 312 317 318 320 328 329 332 333 337 340 342 345 347 353 354 356 
8 122 125 126 130 133 142 150 152 165 169 173 174 176 179 188 195 203 205 212 216 224 227 228 234 235 236 238 242 243 244 255 259 260 264 270 273 276 281 282 285 294 307 311 314 319 320 328 330 332 335 336 340 345 347 349 358 
135 136 202 271 286 303 307 
36 121 124 125 128 135 136 138 144 147 149 152 155 162 167 168 170 171 174 177 178 181 183 185 187 188 189 193 194 196 197 200 202 205 209 210 213 214 218 219 220 230 231 232 233 234 237 240 241 242 243 247 248 251 253 255 259 261 262 263 266 267 271 273 277 278 281 284 296 297 301 303 305 306 310 312 318 321 324 325 327 328 332 334 337 344 346 347 350 353 357 358 359 360 
6 127 137 139 149 158 164 169 176 181 186 188 189 209 211 219 220 221 224 241 250 252 262 267 274 293 295 298 301 303 316 327 331 332 335 339 345 351 
200 1 127 128 132 136 138 145 146 147 149 157 159 162 163 164 166 173 174 176 184 186 192 199 201 202 204 205 209 210 211 212 215 216 223 227 232 236 237 238 242 245 251 252 254 263 266 268 274 278 279 287 289 294 295 298 305 310 311 312 315 319 322 323 325 326 328 330 333 335 338 351 352 353 356 357 359 
104 124 128 130 131 133 134 137 138 145 147 159 167 170 179 180 182 183 187 189 190 191 193 196 199 200 201 205 206 212 221 223 224 226 227 233 234 235 236 240 241 242 247 255 256 260 267 268 271 274 275 276 278 279 282 284 287 288 292 305 307 312 314 318 322 325 328 336 338 342 346 348 349 351 354 355 356 357 360 
214 125 148 168 187 194 198 214 215 219 222 239 252 259 281 299 305 339 353 
40 125 133 136 148 156 164 178 179 198 213 215 216 220 222 223 228 233 239 242 245 247 259 266 271 272 275 282 290 296 299 301 303 312 320 330 334 345 
258 128 132 146 154 162 166 173 181 187 193 194 202 208 209 211 223 226 228 233 234 241 243 247 248 257 265 276 286 294 296 302 304 305 307 308 311 312 313 316 319 321 322 325 326 328 331 334 338 343 355 358 
182 122 128 137 138 146 148 154 159 160 165 167 171 180 188 189 192 195 197 206 212 214 218 224 226 227 229 230 234 235 236 240 241 244 249 255 269 270 276 280 283 288 292 293 294 296 298 301 306 310 317 321 322 328 329 330 331 333 334 337 338 348 351 352 354 357 359 360 
231 1 122 126 127 133 134 136 140 143 145 148 150 156 161 163 168 171 174 178 181 186 188 190 192 194 203 204 207 209 210 212 214 217 218 221 230 241 245 247 254 255 258 262 263 266 267 272 274 276 277 280 282 284 285 287 288 291 292 293 298 300 303 311 315 317 320 321 323 326 328 329 330 331 339 341 342 353 356 358 359 
175 1 125 127 135 137 140 143 146 150 153 156 157 158 159 163 164 167 168 171 175 176 181 191 192 193 196 198 204 207 210 212 213 214 215 217 218 223 224 226 227 228 229 235 237 238 239 246 247 248 249 258 261 268 269 270 275 276 277 281 283 284 285 286 292 293 295 296 299 303 306 308 310 314 319 320 321 322 332 333 334 335 337 338 340 342 344 347 352 354 358 
97 229 312 
261 124 128 134 140 141 142 149 154 157 160 162 164 168 174 177 179 185 189 191 197 199 201 206 207 214 216 220 222 223 225 226 229 235 238 239 240 242 243 248 249 257 258 259 268 271 278 284 289 294 300 302 303 305 309 314 316 318 326 331 334 337 338 346 351 352 356 358 360 
49 122 125 131 134 135 137 140 142 143 150 151 152 156 159 160 163 166 167 168 169 172 180 183 191 194 198 206 209 211 213 217 221 222 225 229 231 233 235 236 237 241 245 247 260 261 263 274 276 277 280 281 286 287 289 290 299 300 303 306 307 308 314 317 319 323 324 325 335 339 341 346 352 353 
189 122 123 127 130 131 132 136 138 140 143 144 145 153 161 163 165 169 170 171 174 175 179 186 187 193 197 199 202 203 206 208 209 212 216 218 225 234 235 239 242 243 247 248 252 253 262 265 268 269 273 276 281 284 287 292 293 295 296 300 304 306 307 308 309 311 312 313 314 317 319 324 326 329 332 333 335 337 339 343 345 349 350 351 354 355 359 360 
140 121 122 128 132 138 140 143 144 145 146 149 153 156 157 159 160 163 170 173 175 178 180 184 185 191 192 193 194 197 200 201 202 203 204 208 209 214 218 221 222 224 226 228 230 231 236 239 248 249 253 254 258 259 260 262 263 274 277 278 281 284 286 287 290 291 297 301 302 304 306 307 311 313 316 320 327 330 335 336 337 339 342 352 354 358 
51 1 124 125 138 143 144 147 148 151 154 155 162 166 174 175 176 183 191 194 196 202 206 210 213 219 221 224 225 226 227 236 237 241 254 257 263 267 272 273 275 276 284 287 289 291 296 299 300 302 303 306 307 311 312 318 319 322 327 328 330 331 332 333 334 339 340 341 343 344 347 351 353 354 359 360 
288 154 155 164 177 215 265 288 292 305 
67 142 162 176 187 206 210 216 266 272 274 280 285 286 319 332 342 352 355 359 
242 132 165 185 215 233 240 257 259 306 324 326 334 351 355 358 
221 122 123 138 143 145 157 158 176 177 186 189 195 202 205 208 218 223 225 233 241 258 260 267 272 288 296 309 313 318 320 323 325 327 330 334 339 340 342 355 
72 121 122 123 125 127 134 138 141 146 150 151 155 161 166 169 171 172 178 180 181 196 205 212 221 239 250 256 257 262 264 282 289 301 313 315 323 324 326 335 351 353 355 357 
134 132 135 137 139 142 145 146 147 149 150 151 152 155 166 171 180 188 198 205 226 251 258 261 266 267 277 282 283 326 332 341 344 354 355 359 
172 1 122 124 129 139 154 164 167 177 181 200 211 218 228 230 231 242 243 267 269 280 282 284 305 318 324 330 
124 121 138 151 159 244 314 337 
37 121 123 126 131 132 134 135 136 139 141 143 144 149 150 151 155 159 193 200 201 204 209 211 212 213 216 222 224 225 227 231 233 234 235 238 242 244 247 248 253 260 263 265 266 268 271 272 275 281 282 284 285 288 295 297 304 307 311 312 317 320 323 324 325 326 329 330 331 338 339 340 345 351 353 354 359 360 
283 123 124 125 130 140 149 157 160 161 163 174 175 176 179 183 188 190 214 216 217 218 227 228 232 235 236 238 247 249 262 266 268 270 272 275 285 290 293 294 302 309 313 317 318 319 323 324 330 342 344 350 356 
139 121 133 134 136 139 142 145 149 153 155 158 167 175 179 182 189 190 192 193 195 196 198 208 209 213 215 232 238 240 246 247 249 251 252 256 258 259 265 266 269 271 276 277 282 284 288 290 293 297 302 305 311 315 316 318 321 322 326 331 342 346 347 350 356 
253 124 128 129 166 183 188 196 200 203 213 228 230 256 258 282 291 292 302 306 307 314 321 332 348 
111 160 165 172 174 187 191 195 196 207 214 231 233 258 259 265 275 313 315 320 334 347 
256 1 121 122 128 133 137 140 145 146 147 150 151 152 154 155 157 169 171 183 187 190 192 195 197 198 199 200 207 208 209 213 219 224 226 233 236 242 243 245 247 250 251 254 258 260 268 269 288 291 292 297 303 307 311 312 319 320 322 327 331 336 345 346 354 355 
89 121 123 124 129 139 141 142 151 154 158 159 173 179 184 191 201 211 227 232 252 255 267 281 287 290 299 303 307 318 323 333 358 
97 121 123 127 128 144 149 150 162 169 172 176 188 191 197 201 202 203 209 216 217 233 239 243 249 253 257 259 260 261 262 265 266 309 315 318 320 326 327 339 343 348 350 
41 1 126 131 132 136 140 142 144 147 149 153 165 171 174 193 199 205 211 212 214 217 221 226 230 239 243 248 259 262 275 278 282 284 287 293 295 297 298 300 301 304 305 308 311 314 322 325 327 329 330 332 333 334 340 344 345 351 356 360 
172 122 123 126 131 133 134 135 141 143 144 145 147 155 164 167 171 175 179 180 181 187 189 190 191 192 195 198 201 203 204 205 210 213 214 216 221 223 224 226 230 233 235 243 244 246 251 254 255 259 277 279 286 287 288 295 296 298 300 301 302 309 326 329 333 334 346 348 349 351 360 
169 152 159 173 177 178 183 187 191 201 213 227 236 253 257 263 268 269 270 272 273 275 280 283 296 324 342 348 351 354 358 
214 154 176 217 240 241 242 247 248 264 268 271 274 284 285 288 289 292 301 313 320 323 330 331 337 348 359 
178 129 131 132 133 147 149 160 161 171 175 183 185 187 193 195 220 221 229 241 242 248 250 253 269 283 287 294 312 320 323 324 354 
203 121 130 131 135 137 140 142 144 151 154 155 159 166 175 176 178 188 191 198 215 216 221 222 223 228 229 240 244 247 253 254 259 265 268 270 273 276 281 284 286 287 289 300 301 303 308 310 314 324 328 329 331 339 340 349 354 356 
231 167 237 260 281 285 333 
154 125 126 127 131 137 140 141 147 151 152 155 156 159 161 162 165 168 170 171 174 175 177 181 182 188 190 191 192 193 194 196 198 200 205 206 208 209 210 211 217 220 223 226 229 231 232 237 239 241 243 251 252 254 266 268 270 271 278 280 281 283 287 288 289 290 295 296 299 300 301 304 306 308 310 313 314 315 317 323 327 330 332 337 338 340 343 346 353 354 355 357 360 
155 121 122 131 132 133 135 136 137 139 144 148 150 151 152 153 157 158 159 161 162 163 164 165 166 172 179 184 186 188 193 195 197 204 211 214 219 220 226 233 234 235 239 240 243 246 248 250 252 259 260 263 265 266 274 279 287 294 299 304 306 310 312 320 324 339 343 345 350 351 354 359 
117 124 125 131 134 143 144 149 150 153 155 157 159 162 163 167 168 171 172 173 177 178 179 180 185 186 189 190 192 193 194 195 198 199 201 203 204 206 214 217 218 221 222 225 228 230 232 233 235 237 241 242 246 247 253 260 262 263 265 268 269 270 271 272 275 276 279 280 282 284 286 287 295 297 298 300 301 306 314 316 318 319 323 329 331 335 338 340 341 342 344 346 
99 121 124 130 132 134 137 138 140 141 144 149 150 159 162 164 165 167 168 170 172 174 175 176 178 183 184 186 191 193 196 197 199 201 207 211 218 219 220 229 231 237 239 243 245 249 255 256 259 260 263 267 268 271 274 276 288 295 296 299 302 311 313 315 316 317 319 322 328 329 330 331 334 336 338 344 346 348 349 355 356 
259 127 155 165 168 170 194 198 204 207 210 216 221 224 240 268 272 282 292 300 308 313 314 320 334 336 338 
40 129 132 136 137 138 144 148 158 160 162 163 164 166 167 168 177 185 186 188 197 198 205 208 212 222 229 236 244 247 256 273 274 281 289 290 291 294 295 300 308 313 318 319 334 336 339 340 345 346 349 352 
62 129 133 139 142 150 152 163 167 183 194 195 197 202 203 218 219 224 231 233 235 239 242 251 253 260 267 270 275 283 285 291 300 313 316 317 318 336 338 340 347 351 352 355 356 
152 135 185 192 276 342 
104 130 133 139 142 164 165 167 169 171 189 195 198 203 209 226 227 242 246 253 257 263 271 289 309 311 327 330 333 334 341 
231 128 132 134 135 136 138 142 158 159 162 163 165 167 169 171 172 173 176 177 181 191 192 193 195 199 202 206 207 209 210 211 212 213 216 218 219 222 224 227 236 238 240 241 242 244 245 248 262 264 265 274 277 278 286 289 291 296 298 301 302 307 308 310 318 319 322 323 328 331 334 336 337 340 341 343 347 349 350 355 
29 136 151 183 193 207 220 239 247 312 344 
291 124 130 150 166 170 173 178 179 186 190 222 223 228 232 235 239 240 249 250 251 256 262 268 272 275 278 289 304 314 320 342 344 349 355 
72 122 127 128 132 138 140 141 143 148 151 157 158 159 166 172 173 179 197 198 199 201 207 210 212 215 216 219 224 229 235 242 244 246 249 251 252 255 256 258 263 267 273 276 279 283 284 286 288 294 297 299 300 305 309 311 313 314 315 318 324 339 343 345 346 348 351 354 358 
184 122 124 125 131 138 140 144 147 164 167 174 175 181 182 183 185 187 188 200 210 213 220 223 226 230 231 234 240 241 242 243 244 248 252 257 258 261 262 263 266 267 268 270 272 283 294 300 305 308 316 320 325 327 332 336 338 340 343 345 347 354 
182 145 221 223 243 314 
296 122 126 128 129 130 136 143 146 149 152 155 158 159 161 162 165 171 179 182 184 188 189 193 197 203 208 210 211 212 218 227 228 241 246 250 253 254 257 266 267 273 276 278 280 285 290 293 294 297 298 301 311 312 315 317 318 319 322 324 329 334 335 340 342 345 347 349 350 352 360 
155 121 125 131 141 143 144 148 154 155 157 159 161 165 173 176 177 178 179 182 187 188 205 206 208 209 212 213 214 220 227 229 231 234 235 236 237 238 240 243 248 249 250 265 266 267 271 276 281 285 286 292 293 298 299 302 307 308 309 310 313 316 317 319 320 325 327 328 333 344 348 349 351 355 357 
75 124 125 133 134 141 145 149 151 152 153 155 158 160 163 164 167 168 179 180 184 185 186 195 196 199 202 203 205 206 208 210 215 216 218 219 222 225 227 230 235 240 241 243 247 248 251 253 256 257 261 265 267 269 272 273 274 279 280 281 282 284 287 291 293 295 296 298 299 304 306 311 314 322 323 326 330 331 333 335 338 339 341 342 345 346 351 352 355 356 359 360 
6 1 122 127 129 131 136 143 144 145 148 149 151 152 154 156 160 161 162 163 164 165 168 170 171 173 176 177 179 188 190 192 207 210 211 213 214 217 219 220 221 223 225 228 231 234 235 242 243 245 248 249 252 255 258 261 264 274 276 277 284 285 294 295 301 305 307 308 309 311 312 317 318 319 320 322 323 324 326 330 332 333 335 337 340 341 342 345 350 354 360 
286 122 131 133 135 139 140 142 146 147 148 149 150 155 164 166 172 173 175 190 191 198 199 200 204 208 213 219 220 224 228 229 230 231 232 234 237 242 243 244 246 250 252 260 261 262 263 266 268 274 275 281 285 286 291 293 294 295 297 301 302 305 311 313 314 315 317 319 322 325 328 336 338 339 342 343 347 349 350 351 352 353 
118 126 135 137 146 148 153 177 182 186 202 227 239 244 246 261 271 279 281 284 312 323 325 331 335 343 359 
69 128 131 134 141 147 156 158 161 164 168 173 175 181 183 187 202 206 208 209 214 217 222 229 233 237 239 262 278 280 294 298 299 309 310 315 320 325 328 332 337 349 352 357 
234 121 122 123 129 131 133 134 135 137 139 143 144 145 149 153 155 159 160 161 163 166 168 175 177 178 179 180 182 183 184 185 186 189 191 193 194 195 198 199 200 202 203 205 206 208 209 211 213 215 217 227 232 233 243 244 250 253 254 256 257 258 266 270 271 278 279 282 288 292 293 294 297 299 300 303 306 308 314 315 318 320 322 327 329 331 334 336 337 343 344 347 348 351 358 360 
218 1 121 125 126 129 130 131 139 141 146 150 156 163 165 167 169 171 175 176 190 191 199 206 207 208 233 235 236 237 238 239 240 247 252 253 271 274 299 300 302 305 310 313 319 321 322 337 339 340 342 345 346 350 354 356 
19 123 126 131 133 135 141 148 149 150 155 172 176 177 183 185 186 188 192 197 206 208 220 221 222 224 226 233 234 236 240 253 254 260 265 268 269 270 275 288 289 290 300 302 305 309 312 315 320 327 328 330 332 336 338 347 348 349 356 
155 127 144 164 180 187 199 245 253 260 262 267 301 312 
264 1 124 126 128 129 131 133 134 139 144 152 155 156 157 158 159 161 169 170 173 177 179 186 187 189 191 192 193 197 209 213 214 216 217 220 226 235 236 240 244 248 255 256 257 259 260 262 264 267 273 276 278 288 290 291 292 296 301 305 307 310 313 318 331 337 340 345 351 353 360 
76 126 128 137 141 143 153 155 157 163 165 167 173 174 179 187 198 204 211 213 214 216 217 222 224 225 229 237 238 248 250 265 269 274 278 290 291 298 299 301 302 303 304 308 313 317 320 321 325 327 328 334 339 343 345 351 352 
28 124 129 135 136 143 144 146 150 152 155 156 160 161 163 167 175 176 178 182 185 191 192 201 205 211 215 216 219 221 232 233 237 241 242 247 257 263 264 265 269 271 274 277 296 306 308 312 315 317 318 319 321 323 336 337 345 358 360 
159 121 122 123 125 131 133 134 139 141 152 156 163 165 171 178 183 185 187 193 195 200 205 216 226 230 234 238 245 251 252 264 267 269 273 274 277 285 287 293 300 302 308 312 314 316 318 321 322 326 328 329 336 342 346 355 358 360 
117 1 148 151 173 176 177 183 192 198 199 208 218 229 244 255 265 270 276 277 286 297 299 303 315 340 348 350 352 
144 126 173 195 199 227 239 263 279 291 302 307 316 344 
268 123 136 179 193 210 223 245 252 287 294 302 322 333 
223 1 127 132 135 137 149 154 162 166 170 181 187 197 204 205 207 219 221 222 227 233 234 236 239 240 243 257 260 262 265 266 270 277 284 296 302 309 323 325 326 334 336 338 339 344 347 348 354 358 359 360 
174 125 133 135 137 138 139 142 145 149 156 160 161 167 168 169 171 176 178 179 181 183 184 187 195 198 199 202 203 204 206 211 213 221 224 227 229 230 232 233 235 237 239 243 245 246 251 253 257 259 260 261 262 264 267 270 273 278 280 282 286 289 290 293 296 297 304 306 309 310 311 314 319 320 321 323 324 332 333 339 340 344 347 350 351 354 355 356 357 359 
172 122 128 132 133 137 148 151 153 163 165 166 169 170 173 177 178 179 181 182 184 187 190 197 200 201 203 205 211 221 228 230 231 232 237 238 239 241 243 250 258 260 263 265 266 269 270 271 272 277 279 280 281 286 288 290 291 296 297 298 300 302 307 309 313 316 321 322 324 332 335 340 342 343 344 345 353 356 359 
123 123 125 126 136 137 138 140 141 144 153 154 156 163 165 166 167 168 170 171 178 191 193 196 197 204 211 215 216 217 218 229 235 236 237 240 244 247 249 257 258 261 264 267 269 270 271 272 274 276 277 281 283 287 288 301 303 304 311 312 314 317 322 323 325 329 332 336 339 343 346 348 353 354 360 
146 124 125 128 129 133 136 140 143 144 149 155 157 159 166 174 181 186 187 194 196 203 206 209 210 213 215 217 218 220 222 224 225 227 229 230 231 232 241 247 257 258 259 270 274 275 278 280 284 286 288 289 294 297 298 299 301 302 306 308 315 317 318 325 332 333 334 335 336 337 340 350 357 
200 1 124 125 127 129 131 138 140 141 142 143 146 151 155 157 158 159 161 164 166 167 168 170 173 174 175 184 185 187 191 192 193 195 199 205 206 211 215 216 219 222 225 226 230 232 234 236 238 239 245 246 251 252 255 256 263 266 269 270 281 282 288 290 291 293 295 296 297 299 300 302 312 313 316 323 324 325 327 331 333 334 336 337 339 342 348 349 350 354 355 357 
102 122 124 130 131 132 136 138 140 142 144 146 153 155 165 172 175 176 177 178 181 182 186 187 191 192 194 197 202 203 204 207 212 213 214 215 217 223 224 232 233 235 236 237 240 248 250 252 260 262 264 271 274 275 276 278 282 283 284 286 288 290 296 300 303 307 308 310 311 312 313 318 321 322 324 326 327 329 330 331 334 338 340 341 348 352 353 355 356 357 360 
200 123 125 129 139 152 153 154 159 169 172 173 178 189 196 197 200 203 209 212 218 222 225 227 240 242 243 248 254 257 265 266 268 273 274 280 282 286 287 288 292 294 295 308 315 319 322 338 344 347 348 349 352 355 
145 128 132 172 179 186 210 231 269 275 293 299 303 308 311 312 320 324 329 330 350 356 
198 139 140 146 159 170 173 184 185 186 189 193 194 205 213 214 220 238 243 247 258 267 269 270 271 283 288 297 298 311 316 319 320 339 351 
44 121 132 134 140 143 144 153 162 178 189 191 195 205 206 209 222 224 227 228 230 232 234 235 236 246 253 260 261 271 272 276 280 282 294 299 303 305 308 312 314 320 325 328 329 334 336 339 345 348 354 356 
133 131 146 154 166 170 174 175 181 187 193 195 200 202 210 229 235 239 251 256 267 314 319 322 323 325 329 337 340 344 345 347 359 
193 121 122 124 127 128 135 139 143 144 147 148 152 153 157 164 169 171 172 173 174 175 177 182 185 188 189 194 198 199 201 204 209 212 217 219 221 229 230 231 232 233 234 236 238 239 246 247 249 251 255 256 259 265 267 270 271 273 276 278 287 290 291 292 294 296 299 306 309 310 311 315 321 322 323 324 325 326 330 331 336 337 338 341 342 350 351 357 359 360 
21 143 144 148 151 167 181 214 223 224 268 299 329 335 
239 128 133 139 153 163 208 224 241 248 250 260 308 310 319 345 357 
264 1 122 126 133 140 141 144 147 150 153 154 155 161 162 163 167 170 175 177 182 189 197 198 203 210 211 212 219 224 233 235 244 246 249 256 259 261 273 274 287 292 293 297 300 304 306 312 314 329 331 335 345 349 352 356 360 
232 125 128 129 136 143 146 149 153 161 163 166 167 174 198 199 202 203 206 207 209 218 221 230 244 247 248 256 257 263 265 266 276 280 299 301 305 306 308 316 319 321 324 334 344 346 354 356 359 
277 141 226 233 251 270 288 313 357 
130 1 121 122 123 125 127 129 136 164 168 171 176 178 180 181 182 188 191 197 206 209 211 214 217 218 219 220 224 234 241 258 271 273 274 277 284 288 290 297 299 307 308 310 312 316 317 320 321 325 326 337 341 344 351 356 
284 125 126 127 128 130 131 133 134 136 138 141 142 144 147 149 151 152 155 156 157 160 162 165 168 170 173 174 188 190 205 207 208 209 216 218 219 220 222 223 224 226 228 230 232 233 234 235 239 241 250 252 259 261 262 266 267 269 271 274 275 282 283 286 288 291 293 297 298 304 308 311 312 314 315 316 317 318 323 324 325 328 329 330 331 332 334 336 341 343 344 346 349 352 353 355 358 
74 124 128 130 133 134 138 140 145 147 150 151 152 155 158 159 161 163 164 167 177 180 185 186 187 190 191 196 198 205 208 209 212 214 215 216 220 227 231 235 238 239 242 244 250 255 259 268 270 275 276 278 281 282 285 289 293 296 297 301 302 303 304 306 308 309 316 318 323 328 331 335 336 337 338 342 351 353 355 359 
104 122 123 124 126 132 147 154 162 174 178 182 183 189 190 201 235 240 248 262 265 286 289 292 293 298 311 319 327 331 333 337 348 357 358 
128 121 122 124 129 130 132 143 149 154 159 161 164 168 170 173 175 178 180 181 189 192 198 201 204 205 207 217 218 220 222 223 225 226 231 233 235 237 238 242 245 246 247 251 252 258 259 260 262 263 270 271 272 278 280 282 283 288 291 292 294 299 301 302 305 306 307 308 312 315 319 321 323 325 326 328 333 335 337 339 346 347 349 351 356 360 
232 141 152 160 187 202 229 230 237 248 249 254 256 268 275 277 316 324 326 331 341 351 354 359 
198 124 128 162 180 184 186 187 201 203 211 213 215 218 225 227 250 258 264 282 295 302 304 308 310 325 340 353 
62 1 121 125 126 128 129 130 131 132 136 138 139 140 144 146 152 153 156 161 162 165 166 169 171 176 182 189 191 193 194 196 200 201 205 210 217 222 223 225 228 229 231 232 236 238 240 243 244 247 248 249 250 252 255 256 260 264 267 268 270 271 272 273 274 275 278 280 282 284 287 290 295 297 299 304 307 309 313 314 318 325 328 330 332 335 339 345 346 347 348 351 352 353 355 357 358 
253 125 128 129 140 141 150 152 158 160 163 169 175 178 179 180 188 192 196 199 209 210 212 215 216 217 218 219 220 222 224 228 229 231 234 238 241 246 252 253 254 260 264 267 270 273 278 280 283 288 289 291 295 309 316 320 323 326 330 331 333 339 341 349 354 
84 1 121 122 123 125 127 128 134 137 138 142 144 145 154 155 161 166 170 176 177 180 181 182 184 185 186 187 190 195 199 200 203 205 207 211 213 215 216 219 225 232 236 237 238 239 242 245 248 253 254 257 259 260 262 265 269 274 276 277 281 283 289 290 291 292 296 299 300 301 302 304 305 311 312 313 314 318 323 326 329 336 339 341 344 348 349 360 
80 132 139 142 146 150 156 163 164 175 176 178 189 194 195 196 201 221 224 227 248 251 254 266 285 288 290 294 296 298 305 319 321 335 336 338 343 348 352 353 
100 122 129 130 132 133 139 145 152 156 159 160 163 167 171 172 179 181 186 190 193 200 201 203 207 212 216 220 224 228 229 230 234 237 242 244 245 246 247 248 250 255 260 261 268 270 271 276 278 283 286 292 293 294 295 299 302 306 307 314 319 320 327 332 334 343 354 356 359 
223 123 127 130 136 138 143 165 167 180 184 200 215 218 247 250 252 253 263 303 305 315 326 332 336 338 
94 148 151 158 159 176 227 229 267 278 281 345 
137 131 143 146 148 150 154 156 160 163 172 181 188 196 198 206 207 216 217 219 220 221 222 230 232 237 250 264 268 269 276 277 280 282 283 285 286 298 314 321 324 326 329 331 339 340 343 347 349 353 
96 126 130 136 138 142 152 155 156 162 163 164 166 171 173 174 178 179 183 184 187 189 191 192 193 197 198 202 203 207 208 214 216 223 228 229 230 231 232 237 239 242 244 255 256 257 259 260 266 267 271 276 280 281 291 293 295 299 308 318 319 321 322 325 326 328 330 332 335 341 345 353 354 
199 121 124 128 129 132 134 148 151 158 164 166 167 171 174 175 184 186 187 189 190 191 193 194 202 203 204 209 210 217 222 223 225 227 230 238 239 240 241 243 246 253 260 263 268 271 292 295 296 297 305 310 322 331 332 335 341 347 349 358 
162 127 128 140 143 153 154 157 166 169 193 198 201 202 204 211 212 214 220 222 225 232 247 249 259 278 286 302 303 305 331 338 346 357 
266 121 125 129 130 131 132 135 145 146 150 151 152 169 174 175 176 178 179 185 186 187 189 196 201 203 206 211 214 217 219 223 224 225 231 235 236 242 245 252 253 260 263 268 269 278 281 284 288 293 294 296 302 303 314 318 321 324 327 329 330 332 338 344 347 354 
10 121 123 127 131 135 136 140 142 144 146 149 150 153 159 162 165 172 173 174 177 180 181 183 185 187 195 196 197 208 211 214 216 218 226 234 235 236 237 238 240 241 243 244 249 250 256 257 261 263 265 269 270 271 277 278 280 284 286 291 293 295 299 300 303 304 306 308 309 311 312 313 316 317 320 321 323 328 332 333 337 338 339 341 343 351 352 
199 1 122 124 125 126 132 135 144 145 146 147 149 150 151 152 153 155 157 158 179 181 182 184 195 197 199 203 204 210 221 230 232 233 234 235 236 237 242 249 250 252 256 260 264 265 266 267 271 273 274 280 283 284 285 286 288 293 297 299 301 302 304 306 309 310 313 316 317 319 322 325 326 327 329 330 336 342 344 346 347 350 355 356 357 
190 1 127 132 134 141 143 144 146 149 165 166 167 172 180 186 194 195 196 199 201 205 209 222 223 225 227 237 238 255 263 280 284 286 291 293 300 305 307 308 315 320 321 323 330 331 334 340 358 
109 122 140 143 151 159 160 165 171 175 184 190 194 213 239 285 292 296 320 332 352 353 357 
78 1 125 132 142 145 151 162 182 185 188 193 199 204 207 213 214 215 223 224 231 234 235 240 241 249 271 285 289 291 295 301 309 313 318 324 328 331 335 339 343 350 351 356 357 359 
255 121 126 127 129 130 131 132 136 139 141 147 150 151 154 157 161 164 167 170 171 172 174 176 182 184 197 200 203 205 209 210 214 216 218 222 230 231 232 233 234 236 237 238 239 243 244 248 252 254 256 258 268 269 271 272 275 276 277 279 280 282 285 288 289 295 296 297 299 300 304 307 313 314 315 318 322 325 326 327 330 331 333 337 343 346 347 349 350 353 354 
248 121 123 124 126 127 128 129 131 135 138 139 140 141 144 148 152 157 164 170 171 175 177 183 184 187 188 190 193 194 196 199 200 203 205 206 208 209 213 220 227 228 234 240 241 242 243 251 253 256 259 261 262 263 264 268 274 275 279 286 288 293 300 302 311 313 314 317 319 325 327 336 343 346 348 349 350 352 353 
65 121 124 127 131 133 141 143 145 147 156 157 160 166 169 177 179 180 182 188 193 194 200 201 203 209 210 211 215 216 218 222 225 226 227 233 236 238 240 241 244 246 253 256 259 261 262 264 273 274 277 278 279 281 283 285 286 293 294 295 299 305 306 309 310 312 313 315 317 320 327 331 333 337 338 346 351 359 
51 125 136 141 143 147 149 151 156 172 175 179 185 194 202 204 205 206 207 208 212 216 228 230 235 239 241 244 266 269 272 274 275 276 281 282 283 291 299 301 302 306 317 320 321 323 325 335 340 345 353 358 
55 122 127 130 135 138 143 152 155 157 160 164 165 168 171 181 186 188 196 200 202 203 204 205 207 209 211 212 215 222 224 225 226 231 234 237 238 241 243 244 245 250 254 256 259 262 265 270 271 273 281 283 287 288 290 292 296 300 302 303 308 309 315 319 322 323 324 325 329 332 333 339 342 346 348 349 352 357 359 
200 132 136 137 147 149 154 158 163 170 171 176 185 191 193 197 199 213 217 219 227 231 247 253 263 265 270 271 281 289 298 311 317 324 325 338 345 352 
136 1 121 122 124 125 128 131 132 134 135 143 144 146 147 148 153 159 161 162 163 164 166 167 169 172 173 174 179 180 183 185 187 191 193 194 195 202 206 210 211 217 220 223 226 234 236 238 239 243 248 251 252 255 262 263 268 269 271 272 273 275 281 286 287 290 292 296 297 298 306 310 321 322 324 327 328 333 338 341 343 346 348 349 350 355 356 359 360 
272 126 137 142 150 158 189 191 208 210 242 252 267 301 326 334 
137 158 180 283 300 
284 121 127 128 132 133 136 143 149 155 156 164 167 168 169 177 179 185 196 199 203 204 208 212 216 218 219 221 222 223 226 232 234 237 243 247 249 252 256 259 261 262 264 268 271 272 275 279 280 283 285 289 291 293 296 299 309 310 311 312 321 328 331 334 336 337 353 359 
218 122 126 136 137 138 142 144 145 147 154 155 156 160 167 171 172 176 178 179 181 186 188 196 201 203 204 207 208 217 218 219 220 225 229 231 234 236 237 247 248 252 254 256 261 264 266 268 270 275 276 278 284 286 299 300 303 308 312 314 316 325 327 336 337 343 346 350 353 354 
201 123 125 128 130 132 133 139 141 142 143 145 149 150 152 155 157 158 159 161 169 170 171 173 175 177 179 180 184 187 190 196 202 203 204 205 207 208 209 213 214 216 220 221 223 224 228 232 233 240 244 245 249 251 252 253 257 265 266 267 270 273 280 281 282 286 287 288 289 296 303 306 309 310 311 313 314 320 325 326 328 333 338 340 342 345 347 348 354 355 357 358 359 360 
150 122 125 127 131 134 135 136 138 139 141 146 152 155 158 162 167 171 175 176 177 187 189 192 200 207 210 212 221 225 229 231 236 238 241 242 243 251 259 262 265 266 274 277 278 290 293 294 299 303 305 308 311 313 315 328 330 331 341 346 349 351 353 354 356 
242 121 127 131 133 134 137 139 140 142 145 147 149 150 151 152 154 155 156 160 161 162 167 169 173 178 185 189 191 193 202 206 207 213 215 222 224 225 227 232 233 235 237 238 240 241 245 249 250 252 259 260 262 263 267 270 274 277 280 281 282 286 302 303 304 306 309 313 314 315 318 319 321 323 324 326 330 331 335 337 345 346 347 351 355 357 
245 130 132 137 139 141 143 159 162 164 177 179 180 183 198 199 209 211 212 218 219 221 226 241 250 251 262 263 267 269 271 277 282 290 291 292 297 305 308 310 312 314 330 335 336 337 338 341 345 348 355 359 360 
242 1 127 128 129 133 135 136 138 139 141 143 145 148 149 150 151 155 156 163 166 167 169 171 174 177 178 181 188 194 195 196 197 198 206 207 209 212 213 222 224 225 228 235 237 238 239 243 249 256 258 264 266 267 269 270 273 274 283 287 288 290 291 298 299 304 305 306 310 311 312 316 319 320 321 330 332 338 340 344 345 346 348 349 350 351 352 353 355 357 359 
95 125 134 135 138 140 142 145 149 151 152 153 155 160 161 163 170 173 174 176 184 185 195 197 200 207 208 211 212 214 216 218 220 221 225 229 232 234 236 239 241 242 244 248 252 253 257 260 275 276 278 279 281 284 285 286 289 290 296 308 319 320 322 339 340 343 345 347 348 349 353 354 355 358 359 360 
275 121 124 133 137 138 143 145 146 148 154 159 170 171 172 173 181 183 184 187 190 192 195 199 202 205 208 212 215 224 228 231 234 238 244 252 253 256 264 266 271 281 284 286 287 289 292 299 300 308 312 319 328 332 333 335 336 337 341 359 
28 130 139 145 148 154 160 164 167 176 182 190 197 202 204 209 220 227 230 232 240 241 242 246 257 259 260 266 270 272 275 281 282 286 296 301 304 308 316 317 318 327 343 344 348 352 353 354 356 
194 122 125 126 127 131 134 137 139 141 143 145 148 153 155 158 160 162 171 173 175 179 181 186 194 195 197 199 200 201 204 210 211 220 227 230 232 237 247 248 251 254 261 264 265 274 277 278 279 281 282 283 284 286 288 289 300 301 303 305 313 317 323 326 333 337 339 346 348 352 353 356 358 359 
191 122 126 130 141 159 172 177 179 180 183 184 185 190 192 196 206 213 219 220 221 224 225 237 238 243 244 245 246 250 252 262 263 267 273 274 278 281 283 289 296 297 302 307 309 314 315 318 320 322 323 328 338 340 341 344 347 353 357 
70 1 128 132 134 135 143 152 156 164 169 172 173 174 175 176 179 180 184 193 195 199 203 204 205 206 208 209 215 217 218 219 223 226 228 229 230 233 236 237 247 267 274 277 280 284 290 300 309 310 317 319 320 321 323 333 336 340 346 348 352 358 
184 122 125 127 129 134 135 141 142 144 146 150 154 155 158 163 172 173 174 175 176 177 179 180 183 185 187 190 191 197 199 202 203 205 215 217 220 221 225 227 232 240 242 243 245 246 249 251 252 255 256 257 260 265 268 276 282 283 284 287 288 292 293 294 295 296 299 308 314 317 319 323 324 327 330 331 334 339 342 343 352 353 354 
74 1 123 126 129 133 134 140 144 145 148 150 151 157 160 163 165 169 171 173 182 183 187 188 190 192 193 194 198 199 207 209 210 211 212 223 224 225 243 257 261 262 266 269 270 271 272 275 285 288 290 291 294 295 296 297 298 301 303 306 308 314 316 319 320 321 327 333 337 341 343 350 359 
128 121 126 135 140 143 144 149 153 169 172 173 176 180 183 188 193 195 202 205 210 215 218 224 225 227 228 229 235 236 239 242 247 259 260 261 262 264 265 271 272 276 277 278 282 290 302 303 310 312 315 317 319 322 327 338 344 347 348 354 356 358 360 
169 121 126 127 133 144 147 148 152 154 156 163 164 165 168 169 170 178 181 182 183 186 187 192 193 203 204 206 208 210 214 218 221 223 224 225 226 227 228 229 231 235 238 239 240 244 245 246 250 254 255 262 266 273 277 278 279 282 286 290 295 296 298 301 302 305 307 308 310 317 322 324 329 332 333 341 353 355 357 
175 121 122 125 131 139 142 143 147 150 153 155 158 159 162 166 167 173 180 182 185 188 189 191 196 200 204 207 211 212 213 214 219 224 225 226 235 240 251 254 256 257 259 262 263 266 267 268 272 273 274 275 280 281 283 289 290 294 296 297 299 308 310 311 316 318 320 326 328 329 332 334 338 339 353 354 356 357 358 
6 121 130 143 144 174 192 195 214 256 270 276 289 311 316 333 
126 125 132 133 137 149 151 152 153 154 158 161 166 167 168 169 177 180 181 184 185 186 187 189 192 193 195 202 211 218 221 224 225 226 234 235 236 242 244 247 252 254 256 257 261 268 269 273 276 278 280 287 292 302 303 313 317 324 329 331 336 342 343 345 347 349 355 
219 130 153 164 167 170 183 198 203 204 255 260 294 314 345 346 357 
284 124 125 133 134 145 159 160 164 165 173 174 185 192 194 204 207 220 221 222 223 231 232 234 239 251 254 260 277 281 288 289 291 295 296 303 304 307 312 314 315 320 329 345 346 348 350 352 355 360 
192 128 132 205 215 257 276 307 314 322 350 359 
279 130 141 142 151 152 157 158 161 165 170 172 181 192 194 197 201 214 235 244 245 247 250 254 259 264 265 267 270 272 275 281 293 294 298 299 312 320 322 327 333 338 343 346 348 349 357 
196 143 195 200 212 222 231 239 245 257 272 284 285 290 310 315 316 332 350 
262 123 124 129 133 135 139 141 147 171 175 180 184 186 189 201 208 210 215 221 222 249 251 252 256 261 269 270 272 274 276 283 285 290 310 315 324 338 358 
204 124 126 130 131 134 139 151 157 161 168 170 172 173 176 178 184 185 193 198 202 205 215 217 218 220 221 237 241 247 248 249 252 254 255 271 275 291 294 297 306 307 311 314 320 323 324 332 334 336 337 343 347 349 352 356 358 359 
271 1 121 122 136 138 140 141 145 146 150 151 152 155 157 160 162 166 167 169 170 173 176 180 182 183 186 189 190 192 193 198 201 204 208 209 210 216 220 224 227 228 232 234 241 246 249 255 258 265 270 274 278 281 285 295 296 302 305 309 314 315 316 317 321 322 323 331 336 340 342 347 348 354 359 
2 152 199 
117 121 143 160 174 180 187 197 201 202 206 207 222 224 225 233 249 254 256 259 280 291 296 321 326 331 336 350 357 360 
81 121 122 127 128 131 133 138 139 142 144 153 154 155 156 161 163 164 166 168 169 170 171 173 175 177 179 180 181 187 193 199 201 205 209 210 216 217 221 224 227 230 233 234 235 239 244 250 256 259 260 263 269 270 271 274 276 280 282 283 284 285 288 289 301 302 303 304 310 311 312 317 319 320 323 328 329 331 332 333 334 344 350 356 359 360 
190 1 121 122 123 127 128 132 133 136 137 138 140 141 146 148 149 150 151 153 161 163 169 170 171 178 179 183 184 185 187 189 190 194 196 198 206 207 208 210 212 213 217 219 221 226 229 233 234 237 240 244 245 248 249 250 252 253 254 255 256 257 258 259 261 262 266 272 276 278 279 280 283 284 287 288 289 290 291 294 295 299 300 308 321 323 326 333 337 340 343 344 349 352 
19 121 124 128 130 136 137 139 140 144 148 149 156 157 161 166 169 170 175 178 181 185 186 188 190 192 193 196 198 203 205 209 210 211 217 219 221 224 226 227 231 237 238 239 244 245 251 257 267 271 272 273 275 277 278 279 281 284 289 293 294 296 298 299 302 303 304 305 307 309 311 312 315 316 319 320 323 325 326 331 332 334 338 339 341 345 347 348 351 356 360 
6 1 121 122 124 125 129 132 133 135 136 142 143 145 150 155 158 159 161 164 166 169 170 172 173 179 187 189 190 192 193 201 203 206 207 208 214 216 218 222 225 226 227 229 230 232 242 244 246 247 250 251 261 263 264 265 267 272 276 279 280 283 287 293 296 297 298 301 302 303 308 315 316 317 320 326 334 337 344 347 349 351 353 355 359 360 
25 121 122 124 128 133 134 140 150 153 158 163 171 172 174 178 181 187 188 190 195 197 198 205 208 209 211 213 215 216 219 224 227 228 231 232 233 234 236 237 240 241 243 245 247 248 250 252 258 264 268 271 274 275 276 277 278 282 283 288 291 295 297 301 305 314 317 323 325 328 330 333 334 335 343 350 354 355 
71 123 127 132 136 137 139 140 143 144 148 150 151 153 156 157 158 165 167 171 172 173 174 178 184 186 188 191 193 195 196 198 199 200 201 202 204 207 210 211 212 213 214 215 217 219 223 224 225 229 232 233 234 236 239 241 242 243 244 245 246 248 250 251 252 259 260 268 270 272 274 277 278 282 283 288 292 293 296 297 300 302 304 306 311 312 318 319 327 328 330 331 333 335 336 337 345 348 351 355 
232 122 128 132 133 139 145 149 154 159 164 167 172 177 182 187 189 195 198 202 205 219 222 226 227 230 231 233 235 241 243 246 251 257 260 262 275 276 277 283 284 285 288 289 291 292 294 295 300 301 305 309 313 317 319 323 324 325 327 328 329 330 332 334 341 342 349 351 353 
291 139 143 146 151 154 162 164 182 186 204 224 228 243 246 247 251 269 280 281 307 311 351 357 358 
166 172 173 193 195 197 217 224 229 240 244 256 280 303 354 
265 122 128 131 132 133 136 140 145 151 152 153 154 160 161 163 164 166 169 170 174 176 184 185 186 187 192 199 203 205 206 207 213 215 217 221 227 242 243 251 252 266 275 277 280 282 300 307 311 314 316 319 321 323 333 335 338 341 342 344 345 348 356 358 360 
244 124 125 129 135 137 142 147 148 149 151 162 167 169 185 187 190 197 206 211 212 214 215 222 224 228 230 231 233 242 244 247 254 258 259 261 266 274 275 276 277 280 283 294 305 306 307 309 317 324 331 332 338 341 351 353 357 
49 124 125 126 128 129 130 131 132 135 142 146 147 148 156 158 161 162 163 165 166 168 169 172 173 174 177 178 182 184 185 191 195 201 202 203 205 207 208 210 211 214 216 218 221 224 228 231 232 235 236 237 238 240 247 248 253 258 263 266 268 270 271 275 277 286 287 288 294 296 298 300 301 306 309 315 320 324 325 326 331 337 340 345 349 353 354 357 358 
56 220 227 255 269 292 295 340 347 351 
202 121 128 129 145 146 147 148 151 169 171 173 175 181 182 193 198 199 202 205 208 212 229 230 239 240 252 254 265 270 272 274 275 276 291 293 299 303 304 305 307 308 309 311 312 313 319 323 328 332 337 339 340 341 342 346 351 356 357 359 
150 128 129 131 132 136 145 159 160 165 175 176 177 190 191 195 198 199 200 201 204 206 208 211 213 216 221 227 231 243 244 255 257 259 270 275 279 280 301 302 305 313 317 327 330 334 338 339 347 358 360 
240 127 151 152 166 178 188 191 214 216 222 236 248 274 276 279 280 291 303 344 
297 1 121 122 128 130 132 133 135 140 149 150 152 157 160 162 166 170 171 173 177 178 179 180 187 188 193 196 201 203 206 208 209 210 211 212 214 215 217 224 225 227 236 243 245 246 251 252 254 257 261 262 263 272 278 280 284 286 288 290 295 296 297 301 305 306 310 314 317 321 323 327 328 331 332 340 345 350 353 355 357 
189 187 208 215 221 229 234 244 265 284 304 307 319 324 
39 121 125 126 129 132 134 136 139 147 155 159 168 174 177 182 183 206 210 211 222 225 226 254 261 283 295 315 321 322 346 357 358 
91 1 123 125 133 134 135 141 147 148 149 153 157 165 166 170 172 173 175 176 177 179 185 187 192 195 196 198 199 201 205 206 219 221 226 227 228 229 232 233 237 248 257 258 259 262 265 266 271 272 273 279 283 285 289 292 299 300 302 303 310 311 313 323 325 326 330 335 336 339 344 345 351 352 355 356 360 
184 121 122 123 129 135 141 146 149 150 154 155 157 158 161 162 165 169 170 174 178 179 182 185 186 198 199 200 205 206 207 208 212 225 227 228 232 233 234 238 240 242 245 247 250 258 260 261 264 269 278 279 286 290 295 298 303 304 308 312 313 315 320 325 329 332 340 343 344 349 355 356 
225 122 123 128 129 131 135 136 140 141 147 152 153 156 157 159 161 163 165 166 168 169 174 191 197 198 201 203 205 208 210 212 213 215 216 219 221 227 228 229 230 232 234 241 249 250 253 254 255 258 263 265 268 270 281 283 284 286 289 290 291 293 299 300 304 309 311 313 314 315 318 320 323 325 327 328 329 331 335 336 339 343 345 346 347 350 352 354 355 358 359 
124 127 135 136 154 156 158 162 167 170 174 176 184 185 213 218 220 222 234 236 243 252 263 267 273 276 290 291 294 300 309 310 317 322 324 335 336 351 
125 126 132 135 140 144 149 151 152 153 155 158 159 162 164 168 169 171 175 176 181 182 185 189 190 193 195 197 199 200 201 202 204 210 211 212 214 215 217 218 223 228 230 231 232 233 238 240 242 255 256 257 260 263 267 270 273 275 277 281 285 287 292 293 295 298 299 300 301 303 304 305 307 318 323 326 332 334 342 343 345 346 347 351 354 356 358 360 
295 122 123 124 128 130 131 138 139 142 144 147 151 152 155 170 172 178 185 188 189 192 194 195 198 199 204 205 210 212 213 214 216 220 221 223 226 227 235 243 249 252 255 256 257 258 260 262 266 272 275 283 285 291 293 296 301 302 303 306 308 310 311 315 324 327 334 338 340 341 346 350 351 354 355 358 
38 125 130 132 134 139 140 142 143 154 155 157 165 169 170 171 176 183 186 187 189 191 192 193 195 198 200 206 207 208 211 216 217 226 227 230 233 236 247 248 251 259 264 265 272 279 282 285 287 288 291 294 297 299 300 305 310 311 312 314 318 321 323 328 330 331 333 336 338 339 344 347 359 
108 123 124 126 130 131 137 145 147 148 149 154 155 156 157 168 169 173 174 175 184 186 190 191 193 195 196 199 203 205 207 208 215 216 217 224 225 231 233 235 237 244 252 254 257 265 266 267 270 277 279 280 284 287 291 292 293 295 298 300 309 311 314 325 326 331 333 334 337 346 348 350 358 
109 126 128 130 136 142 143 144 146 148 157 160 175 188 196 199 201 217 218 227 241 245 252 256 258 270 283 296 307 308 322 323 328 331 339 343 347 357 
289 122 123 124 127 130 131 133 134 137 148 151 152 156 157 159 177 179 180 181 182 186 191 192 196 202 205 210 213 216 219 222 225 228 231 234 237 240 241 242 245 255 256 260 261 263 265 266 271 274 276 277 278 290 296 298 300 302 306 307 312 325 328 329 330 331 332 335 340 347 349 355 356 360 
151 1 121 143 157 170 177 183 205 217 221 230 231 245 253 257 277 298 320 334 337 348 360 
270 123 124 125 126 130 131 132 133 134 135 136 138 140 141 145 147 148 152 153 154 156 160 161 163 165 169 171 173 174 176 179 180 182 183 185 187 189 197 198 199 200 201 202 203 212 216 222 226 229 232 233 242 246 249 250 253 256 258 261 272 277 279 282 285 286 287 288 291 293 298 303 304 306 310 313 314 315 316 319 326 328 330 332 333 334 336 338 340 341 343 344 355 356 358 359 
79 146 149 195 280 
280 121 124 140 141 147 148 151 155 158 169 178 179 183 186 189 194 198 207 209 211 212 213 214 215 220 221 226 231 232 237 240 242 245 248 249 266 270 276 280 281 285 287 288 295 296 298 300 307 312 315 318 322 325 326 332 337 345 351 352 356 359 
284 135 136 138 143 154 163 178 182 188 190 196 199 207 208 216 218 220 224 229 230 238 254 257 260 261 264 272 288 292 297 301 302 306 308 310 313 314 322 331 341 342 349 355 359 
178 122 128 130 134 142 143 145 146 153 154 161 165 167 181 188 190 194 195 198 199 207 211 216 222 230 237 241 253 257 260 262 267 269 273 276 288 290 291 294 300 302 305 315 319 323 325 328 330 335 338 351 
245 126 134 136 141 147 159 168 173 174 180 186 204 206 213 215 231 232 233 236 242 243 250 253 260 261 262 264 276 282 286 293 309 310 323 341 350 351 353 359 
110 1 126 130 141 148 156 158 162 163 165 166 167 170 174 177 179 180 182 183 188 195 197 198 200 203 208 209 212 214 215 216 218 225 227 229 231 234 237 243 245 247 249 254 257 259 261 264 266 272 273 275 276 277 278 279 281 283 286 290 294 295 298 302 304 305 306 308 309 311 315 319 320 322 324 337 339 340 341 343 344 346 347 350 351 353 360 
102 121 122 123 125 129 132 142 150 168 171 180 181 199 220 221 233 237 238 245 250 254 258 270 272 275 276 279 289 294 295 298 305 306 326 329 331 332 338 349 352 353 356 
278 124 126 127 130 131 133 142 144 145 155 159 161 164 166 170 171 174 183 189 192 198 199 200 203 206 216 217 223 234 236 238 240 242 251 257 258 259 260 263 265 266 270 271 276 277 280 284 285 295 296 299 305 308 310 313 314 320 323 326 327 331 336 340 341 345 348 354 360 
274 121 124 125 127 133 135 137 144 145 147 148 149 155 156 157 158 161 162 173 174 175 176 177 178 182 186 190 193 194 196 202 205 209 213 216 217 218 219 221 222 223 226 230 232 237 239 246 247 251 253 258 266 272 276 277 284 287 302 303 304 306 307 308 310 314 318 325 332 334 338 339 342 346 347 348 352 355 357 358 359 360 
265 1 129 131 134 146 154 155 163 172 182 185 187 190 206 215 220 226 231 232 233 244 248 250 261 264 267 276 280 281 282 288 291 293 315 319 320 323 328 330 332 333 337 357 
174 1 127 128 132 134 136 137 139 141 157 159 160 162 165 170 176 188 189 190 202 207 211 213 218 220 228 230 231 236 243 245 249 259 262 264 268 279 282 285 302 306 307 309 313 315 321 322 327 328 332 350 356 360 
195 122 149 153 164 167 179 180 181 186 194 196 207 217 222 231 256 263 295 300 301 302 305 314 323 334 341 355 359 360 
287 131 161 203 206 207 208 212 243 268 302 323 335 337 360 
294 149 162 229 248 291 334 342 344 
227 121 128 135 138 139 148 159 173 175 177 193 199 200 206 217 219 225 232 233 234 243 247 248 255 266 269 270 273 279 283 284 289 295 298 304 305 306 309 311 312 318 323 331 341 352 356 
110 122 129 131 132 173 181 196 206 215 230 236 246 256 259 269 272 274 288 289 293 302 304 314 317 324 338 352 355 
265 142 152 173 214 220 226 233 249 257 272 274 288 330 
8 1 121 124 128 138 143 144 148 152 162 168 170 182 192 195 198 204 205 210 221 224 240 241 252 255 259 260 268 275 278 279 280 281 284 287 297 315 320 323 326 327 339 340 345 348 353 
281 131 137 141 144 148 154 180 184 198 203 204 213 215 221 248 250 255 266 283 326 329 341 342 347 351 
155 124 131 132 134 138 139 142 143 144 147 150 153 154 166 170 177 185 186 188 193 197 199 201 209 214 220 229 233 237 241 253 254 257 260 261 264 268 270 271 272 275 287 288 291 292 295 296 297 304 306 308 313 314 315 320 321 327 330 333 339 341 348 349 355 359 
269 122 131 134 135 141 142 143 147 148 152 161 162 167 168 169 170 173 178 179 183 184 185 188 189 191 193 194 198 199 203 206 208 214 223 225 228 230 231 232 234 236 237 240 241 242 243 247 251 257 260 262 263 264 265 267 269 270 271 272 275 276 277 278 281 283 286 289 291 293 294 300 301 302 304 310 316 317 318 321 322 323 324 325 332 333 336 337 339 340 343 347 353 358 359 360 
264 146 148 149 151 154 155 156 160 167 175 180 184 186 192 193 196 198 200 212 214 216 224 236 240 258 262 263 264 269 276 297 315 317 320 326 327 334 341 342 347 351 359 
199 1 131 134 136 138 139 142 150 152 156 161 163 165 166 169 172 177 178 179 180 181 187 191 192 195 202 207 208 210 214 217 222 223 231 233 236 248 253 254 261 263 266 271 278 280 283 285 288 291 292 294 300 301 310 312 316 326 329 330 333 336 338 344 346 348 352 355 359 
143 122 126 128 134 152 161 168 172 175 179 183 188 192 216 218 223 229 234 235 239 242 243 247 249 251 252 262 267 277 281 282 283 284 285 287 289 290 299 301 303 307 308 314 321 332 337 340 344 345 347 349 351 352 358 
132 153 160 231 241 243 252 256 276 306 318 333 345 
77 1 121 128 131 136 147 148 155 157 175 177 183 186 193 199 201 202 207 209 211 216 217 224 225 230 244 245 246 249 250 251 255 256 258 259 261 266 268 270 275 278 279 280 282 283 288 290 291 292 293 302 303 304 307 311 316 319 321 332 333 334 341 342 349 355 357 
282 192 195 
51 1 122 123 125 126 129 132 135 136 141 143 146 152 156 167 172 179 182 183 185 188 189 190 199 203 207 209 212 216 217 218 220 222 224 228 231 232 240 245 250 260 261 262 265 269 276 280 282 284 286 291 292 294 295 296 299 300 301 303 304 312 313 316 321 323 333 335 336 341 345 346 347 348 351 353 354 355 357 358 
243 123 139 148 152 158 167 171 176 178 180 183 191 201 202 203 211 214 215 218 220 230 235 240 246 253 261 281 283 285 286 293 298 309 311 313 315 320 324 331 332 347 351 353 
205 122 139 140 143 147 149 169 173 174 176 180 193 198 199 206 208 212 213 216 223 229 232 233 245 254 258 266 277 291 318 330 339 348 357 
163 133 134 165 166 172 174 185 195 203 220 230 232 235 240 255 262 265 274 283 293 304 315 318 319 347 358 
109 124 127 132 136 138 139 140 143 145 159 160 161 163 170 174 187 188 209 214 215 219 229 233 235 236 240 241 252 257 266 277 278 280 290 291 300 306 307 309 319 325 333 335 336 337 338 343 356 
140 143 144 150 156 178 192 212 237 238 242 294 328 339 354 
124 126 129 134 143 147 149 156 157 159 162 168 172 180 186 187 190 196 199 203 205 214 216 221 223 224 226 231 232 236 238 239 243 245 248 250 255 260 261 262 271 277 279 280 286 288 290 291 297 298 303 305 312 315 320 322 324 328 332 334 339 343 345 349 354 355 356 358 359 
292 1 125 128 129 130 131 132 134 136 138 144 150 153 155 157 159 160 161 164 170 172 173 178 180 182 183 186 192 196 200 205 214 216 219 223 228 231 234 235 236 237 238 246 249 256 259 260 269 270 272 280 282 283 288 294 301 310 314 315 316 322 323 324 329 332 334 335 338 339 342 343 345 351 353 354 360 
27 132 143 145 163 164 174 177 182 190 226 239 252 285 319 359 
84 1 122 123 130 137 144 151 152 153 157 161 169 171 174 176 178 181 184 196 203 205 211 214 224 226 230 234 237 243 249 253 256 259 264 265 267 270 271 276 278 280 281 287 296 298 301 306 307 311 315 316 317 319 322 330 333 341 342 359 
275 156 169 191 222 245 250 284 306 355 
284 204 
214 122 125 129 132 136 139 140 141 143 149 150 153 162 164 170 171 174 182 183 184 186 190 199 205 208 210 212 213 214 219 224 227 228 230 231 233 234 236 241 249 253 254 255 257 264 266 269 271 273 275 276 279 281 282 284 285 289 294 298 302 304 306 323 324 331 333 334 336 338 340 343 344 347 350 351 355 360 
215 131 140 169 191 192 199 202 206 218 221 237 255 262 268 290 298 331 337 351 
113 1 123 127 129 131 132 136 137 138 139 140 141 143 144 145 146 151 157 163 168 170 176 178 179 181 184 186 192 199 202 203 208 211 214 219 220 221 230 232 236 240 242 244 255 260 261 266 269 271 272 285 287 288 290 294 295 301 302 305 306 308 310 311 314 318 319 320 323 330 338 340 341 342 343 345 348 349 351 352 354 
73 1 128 131 139 148 154 157 161 162 163 165 167 170 171 179 180 182 185 190 193 194 198 199 201 206 210 212 215 218 221 222 223 224 228 237 240 241 250 255 256 257 268 273 274 277 279 281 284 286 287 289 296 300 308 314 321 324 330 336 337 338 339 344 352 353 354 356 359 
191 131 135 145 147 151 173 180 198 200 221 224 239 240 242 260 277 281 303 305 317 328 330 340 347 
52 121 127 131 134 139 140 141 146 148 152 154 155 160 161 162 166 168 173 174 180 183 184 188 192 194 197 198 201 210 211 216 219 220 225 228 231 238 240 243 245 251 253 257 259 262 263 269 278 281 282 285 287 289 291 293 297 302 304 307 308 310 314 322 323 324 325 326 328 331 332 334 336 338 342 348 349 
114 133 153 189 192 202 223 230 245 259 262 287 288 296 306 312 320 322 329 333 342 352 358 
139 128 136 137 144 150 166 168 169 184 191 216 218 221 222 225 226 244 256 272 276 277 282 288 295 314 315 318 320 323 332 335 341 348 355 358 359 
16 64 174 213 96 6 259 202 169 58 37 257 182 3 195 126 270 137 249 24 203 230 71 184 60 117 28 93 137 169 150 264 166 18 146 293 212 80 4 157 12 213 79 296 256 287 55 119 36 31 295 68 252 109 246 88 256 256 246 164 57 152 288 242 25 168 165 66 152 250 233 214 105 231 107 17 138 196 82 11 230 213 186 66 112 9 75 164 41 142 295 169 239 82 186 31 144 100 208 4 108 177 84 60 164 210 285 170 241 288 235 120 249 146 80 269 64 265 287 151 138 259 108 132 78 92 9 268 121 211 150 176 282 265 142 76 297 65 122 189 52 273 160 240 33 33 74 249 48 118 147 196 5 100 25 58 232 175 228 160 44 211 236 281 295 264 257 36 79 137 183 276 1 139 54 278 296 283 227 231 28 80 225 42 5 14 132 141 206 25 55 282 103 176 127 278 280 2 113 59 32 31 187 103 260 228 291 130 3 51 109 192 76 244 31 119 223 249 236 72 8 172 199 106 185 148 56 165 15 291 128 230 77 245 105 229 3 276 100 219 192 276 237 282 171 12 179 269 124 32 222 218 204 118 204 65 48 151 121 123 136 274 297 196 254 219 5 208 260 146 80 127 160 292 179 10 152 200 133 289 109 189 225 10 145 172 105 83 261 207 66 40 139 7 7 109 234 100 61 255 154 271 68 50 162 100 182 129 300 126 194 74 160 7 232 48 126 178 10 134 214 150 160 179 284 179 253 275 250 91 14 149 214 129 108 86 233 92 151 202 180 291 153 7 77 177 115 226 210 269 85 54 230 258 191 214 221 178 67 115 
