242 363
46 1 125 133 154 175 199 225 254 290 295 300 302 303 310 315 334 
222 127 131 133 139 159 205 207 212 216 218 258 265 267 280 288 294 295 299 305 326 336 347 350 
251 125 128 158 159 171 176 186 206 212 214 215 229 230 245 248 249 256 260 264 269 272 276 283 291 295 300 307 318 319 334 338 346 347 348 352 
21 122 127 132 138 139 140 141 149 152 153 155 159 160 162 168 169 179 183 186 188 195 199 200 209 219 222 223 224 230 232 234 238 241 255 256 258 261 268 269 279 286 290 291 293 294 297 300 303 304 313 323 331 339 340 343 345 353 361 
278 124 125 127 128 129 130 131 135 137 139 143 144 149 153 157 160 163 164 168 169 170 171 173 177 183 196 201 202 206 212 214 217 218 224 225 227 231 232 233 234 237 238 239 243 245 246 247 248 249 253 254 256 259 261 265 266 267 268 270 277 278 283 289 298 301 304 308 313 314 317 318 323 324 330 332 333 334 341 342 343 346 347 352 356 359 362 
80 1 135 139 144 154 162 176 181 184 189 199 212 214 217 221 226 231 234 237 243 244 252 258 270 282 283 285 288 294 296 302 303 304 305 312 326 329 335 338 340 349 352 355 362 
296 127 128 129 130 133 135 138 140 141 143 147 150 151 153 157 160 162 168 172 176 179 181 184 200 204 205 209 211 219 221 224 226 233 234 242 246 247 251 253 254 255 256 257 258 263 265 266 268 271 278 282 283 284 286 292 295 298 299 304 306 310 315 317 322 326 329 332 333 335 342 346 348 350 351 355 356 358 361 362 
216 123 140 142 144 149 160 185 193 197 214 219 235 237 248 290 307 309 320 324 341 343 344 
285 123 125 155 181 198 212 218 250 260 275 290 315 328 
87 1 122 124 127 128 129 134 140 143 144 146 147 150 151 154 157 158 161 163 168 169 171 172 175 178 180 182 183 185 190 193 195 198 199 204 205 209 210 213 215 216 217 221 222 233 234 236 238 239 241 242 243 246 247 250 253 254 256 257 260 262 269 272 276 281 282 283 284 285 286 287 288 290 291 296 298 300 301 303 307 316 319 322 327 330 333 334 339 340 341 345 349 355 356 360 362 
59 192 243 255 290 301 
86 122 123 127 136 137 144 148 150 154 160 164 168 169 171 173 176 182 183 191 192 201 202 203 207 211 212 216 217 230 232 235 240 244 250 252 258 259 261 265 266 267 269 276 277 283 286 288 291 294 297 314 320 325 331 334 335 336 337 338 341 343 344 349 356 358 360 361 362 
212 129 135 171 175 266 
11 1 122 123 125 131 132 135 137 138 149 153 154 157 162 170 172 173 176 188 200 204 210 211 215 219 220 221 226 228 230 241 244 247 251 258 261 262 263 266 269 279 281 282 290 299 301 302 305 312 313 317 320 340 341 350 352 357 363 
255 1 123 127 130 132 135 137 138 152 163 165 171 183 184 190 192 194 198 203 205 206 207 210 214 215 222 236 240 244 245 246 248 249 251 252 259 261 262 266 271 273 278 283 287 291 293 296 297 298 302 304 310 311 312 314 315 319 324 325 326 329 330 335 339 340 341 343 347 348 349 354 358 361 362 
167 137 143 151 160 163 164 186 212 219 235 245 263 284 285 291 294 295 299 300 324 328 348 363 
123 132 153 156 189 204 206 284 305 327 
189 122 123 128 132 133 135 147 148 152 153 159 160 161 162 164 167 169 170 173 176 177 179 181 187 192 194 196 198 203 205 211 214 222 224 225 229 239 244 248 252 253 258 260 265 266 268 269 275 288 289 290 293 297 298 310 319 324 330 339 340 341 355 357 359 362 
81 125 130 133 134 145 146 147 151 152 154 157 162 167 168 176 180 184 185 187 188 190 196 199 200 201 202 203 209 212 216 220 223 225 229 232 235 238 241 246 249 255 269 270 271 272 275 277 278 281 283 286 292 294 296 297 300 301 306 307 308 315 316 319 321 323 328 330 331 335 336 338 340 343 346 347 348 353 359 363 
224 123 125 128 132 133 134 136 138 140 141 147 148 155 158 159 161 163 164 165 167 171 173 175 177 181 183 184 188 190 191 194 203 212 215 219 223 224 229 230 233 235 236 238 239 240 241 248 252 256 258 260 265 266 268 270 272 274 277 280 283 286 291 292 293 295 300 301 304 306 310 318 323 324 325 329 330 333 334 335 336 338 339 340 349 350 353 363 
89 129 130 132 153 167 190 193 201 205 219 233 235 241 265 270 275 278 290 297 307 315 317 318 356 
282 124 126 127 130 131 132 134 136 137 140 141 148 150 151 153 156 161 163 164 165 167 169 179 180 183 184 185 186 191 196 202 204 205 208 213 225 239 240 241 242 244 245 247 248 257 262 263 265 275 278 279 283 285 287 295 300 301 302 303 305 308 309 312 313 321 322 325 326 339 341 342 346 347 348 351 353 360 
116 189 196 265 308 333 
233 122 133 181 192 199 200 201 211 223 231 243 248 250 259 261 274 276 279 284 286 300 306 337 338 346 348 349 
262 122 126 127 128 129 133 139 141 142 143 144 145 147 150 151 153 154 156 158 159 163 164 165 171 172 174 175 176 177 183 184 185 193 197 200 202 205 208 214 216 218 219 229 231 239 240 245 246 247 255 261 266 273 275 280 282 285 287 288 291 294 295 296 297 298 308 309 311 313 321 322 326 327 329 334 346 348 357 
68 122 123 132 134 135 141 144 145 150 155 162 164 165 169 171 172 180 183 185 189 190 193 198 199 202 208 209 216 217 220 224 225 230 236 237 240 241 243 248 253 255 256 257 261 262 270 272 273 278 280 288 289 291 295 300 302 304 306 308 309 312 323 326 328 338 342 345 351 357 358 
257 135 136 148 152 153 155 157 159 161 168 175 183 187 193 201 224 234 238 239 256 258 270 274 275 288 291 294 300 308 313 314 341 343 347 
92 124 129 138 148 160 163 168 170 177 179 184 187 196 199 201 202 230 231 234 238 239 243 249 254 255 258 259 262 272 277 278 284 288 299 308 319 321 324 341 342 346 353 354 
164 1 126 128 129 130 140 145 150 151 152 153 155 156 157 158 159 160 161 164 167 168 172 181 183 184 190 196 198 199 200 204 209 210 219 221 227 228 235 241 246 249 254 264 265 270 278 279 288 289 290 292 293 294 296 297 299 301 305 310 312 314 316 318 319 320 325 326 329 330 337 344 358 
287 153 171 179 209 213 224 251 255 269 282 291 
182 138 159 170 172 175 185 199 206 210 237 261 264 273 284 287 290 292 297 322 333 343 345 356 359 
92 125 126 129 130 132 135 139 141 146 149 157 159 163 164 173 179 182 194 197 200 207 213 216 219 220 221 222 223 226 228 231 243 244 250 254 259 260 269 271 272 275 283 285 290 291 296 300 301 309 315 326 332 346 350 351 356 360 
292 129 136 138 144 146 148 150 167 177 183 185 187 199 200 205 213 224 226 234 236 245 252 263 268 274 280 282 290 291 317 318 325 328 329 338 350 352 363 
287 123 128 135 146 147 155 159 161 164 165 167 168 171 180 190 198 200 201 202 205 207 208 209 212 218 225 233 234 235 239 241 242 243 244 246 247 248 260 261 262 266 276 277 279 281 284 286 288 289 296 298 299 301 305 306 308 309 311 315 317 320 323 324 325 328 329 332 333 335 336 337 338 339 343 345 352 353 360 362 
120 129 131 142 146 155 177 179 181 182 190 194 202 214 220 224 241 250 252 260 262 264 271 273 275 291 293 295 298 315 316 331 332 333 335 350 354 
2 122 127 129 130 131 133 134 139 144 149 151 155 156 157 158 159 163 167 169 171 173 178 179 181 183 185 186 187 193 196 198 200 201 211 217 218 230 233 236 239 240 246 253 255 257 263 264 266 274 277 278 280 283 291 292 293 294 301 302 312 316 317 323 325 335 338 339 342 345 349 350 352 355 356 358 360 361 362 363 
15 1 126 128 134 148 158 161 162 165 167 172 178 191 192 196 208 213 224 226 227 234 236 253 256 258 261 266 287 294 309 310 312 318 323 325 326 328 336 338 353 361 
240 146 163 184 196 201 206 214 224 236 252 253 272 281 285 287 290 304 305 311 313 319 347 353 
41 131 138 158 162 176 181 182 189 208 235 242 251 257 258 265 274 311 314 326 328 346 360 
95 126 128 129 132 135 146 154 161 168 169 173 179 187 210 219 225 242 243 252 255 267 271 275 296 299 303 306 310 312 336 346 347 348 351 357 
275 122 123 124 127 128 138 139 140 141 143 146 148 150 153 160 163 165 166 167 169 172 173 177 180 185 194 195 198 200 201 202 203 208 214 222 225 227 228 229 230 232 233 239 241 247 249 252 260 264 267 269 280 283 284 288 293 294 296 300 306 307 308 309 310 311 315 316 318 328 331 333 340 345 350 351 354 358 360 361 
130 124 134 136 137 148 151 153 169 191 196 205 210 214 223 231 250 254 262 271 273 286 287 294 296 301 320 348 350 355 
214 128 131 132 135 136 139 141 143 147 150 155 163 164 165 169 172 174 176 180 187 188 189 190 191 192 196 197 216 220 222 225 226 229 230 237 241 243 244 247 248 249 252 256 260 261 262 265 266 268 269 273 274 280 288 290 291 299 303 306 307 308 309 311 314 318 319 320 321 324 330 332 334 338 340 347 350 352 353 357 358 
184 1 122 124 125 134 135 138 144 145 148 150 152 156 162 163 165 166 172 173 175 177 180 184 195 199 209 216 221 224 228 229 231 233 234 240 243 256 258 266 273 277 279 283 293 295 296 301 303 306 309 310 311 314 320 324 325 329 330 332 336 338 340 344 345 347 350 353 360 
83 125 129 141 154 171 176 207 210 220 222 224 228 229 243 261 270 310 315 318 330 354 361 
89 126 128 134 136 137 140 141 144 146 147 149 150 151 153 156 158 164 165 167 169 170 172 173 175 182 183 186 187 188 190 191 198 200 209 210 211 212 216 217 218 219 223 227 228 230 237 238 241 243 245 246 247 249 250 254 255 258 261 262 267 274 275 276 278 280 289 292 296 298 299 300 304 306 308 309 310 318 319 322 323 325 329 331 332 335 336 337 343 350 354 356 358 360 363 
49 126 128 130 133 137 139 140 142 144 146 148 151 152 155 163 164 166 169 172 173 188 190 191 198 204 208 211 217 218 220 223 228 231 233 235 236 245 254 258 262 263 264 265 273 278 279 280 284 293 296 297 303 307 310 312 314 315 316 319 321 322 328 330 332 336 337 348 350 351 353 354 363 
103 134 146 152 158 166 168 171 175 181 182 183 194 196 228 238 285 287 292 299 309 346 348 352 360 
289 127 131 133 139 141 147 156 164 165 166 167 168 175 177 179 183 188 197 200 201 210 212 216 217 218 221 231 238 240 251 258 262 263 266 267 275 280 283 286 287 288 297 302 303 307 312 317 326 333 336 337 339 342 345 346 347 348 350 351 352 356 361 
3 123 131 135 136 138 144 146 149 151 153 155 158 163 164 170 171 173 175 176 180 181 185 188 190 192 197 201 205 210 218 220 227 229 230 232 233 235 246 252 253 254 260 264 271 273 278 283 284 285 286 291 292 294 296 298 299 303 306 307 317 318 320 322 328 331 335 336 340 343 344 353 354 357 359 360 362 
300 124 137 142 143 147 150 157 162 179 196 200 202 204 205 208 214 217 229 230 236 245 256 257 259 266 277 304 305 310 314 318 325 336 342 345 357 
68 1 123 124 133 146 150 164 166 168 170 190 207 213 214 226 241 268 271 277 299 302 304 305 319 322 351 
202 130 138 139 144 150 152 153 154 180 182 183 184 195 213 218 219 234 235 258 261 262 267 271 278 325 345 347 349 352 356 357 359 
162 268 281 
190 122 123 127 128 130 131 134 136 138 140 141 142 148 150 152 155 156 160 161 164 165 174 175 178 181 186 187 190 195 198 203 215 227 229 231 235 236 241 242 246 248 249 250 251 252 255 257 260 261 262 263 264 266 268 270 274 277 280 282 286 289 291 302 306 308 312 317 318 320 322 325 331 334 347 349 350 351 356 360 
220 124 132 134 147 152 154 167 168 174 180 185 187 188 194 195 196 197 205 217 219 227 234 237 238 248 253 254 260 262 264 268 275 276 278 282 285 287 291 293 305 309 312 330 331 338 342 345 348 359 
19 123 180 236 303 357 
286 123 125 133 135 137 140 141 142 143 149 155 158 168 169 174 182 190 191 194 200 201 203 204 209 214 220 223 224 238 243 246 247 248 249 250 252 253 256 257 262 263 264 265 267 268 269 271 278 279 280 281 285 292 293 302 307 308 309 311 314 316 317 327 328 329 332 336 344 346 348 360 
120 1 125 127 134 136 142 143 146 150 154 155 157 159 162 164 168 169 172 178 179 182 184 185 186 190 192 201 203 205 206 209 210 214 216 218 219 220 221 222 225 227 229 233 236 237 239 240 242 243 247 248 249 251 254 255 263 264 266 268 270 271 278 281 282 286 289 290 292 294 296 300 302 304 305 313 315 318 321 322 327 336 337 344 345 349 351 352 356 359 360 
49 1 122 123 124 132 134 135 137 140 144 146 148 153 154 155 159 163 165 166 167 168 169 170 177 179 182 183 186 187 191 192 197 199 201 211 214 218 220 223 225 230 235 237 238 240 247 250 251 254 255 257 258 266 269 270 272 275 277 280 286 288 292 293 294 296 297 298 299 302 303 304 307 309 310 311 313 317 319 329 335 339 340 344 345 349 353 
114 122 132 135 137 142 156 176 180 186 187 195 197 204 218 221 226 227 235 239 240 246 247 255 259 261 264 267 274 275 276 280 281 283 287 299 305 307 314 320 322 327 328 333 335 339 345 
46 123 124 125 128 131 132 133 138 146 149 151 160 161 165 167 172 174 176 177 180 181 182 184 188 195 201 202 209 211 215 219 222 226 227 232 233 238 241 244 245 248 249 250 251 252 258 264 265 268 271 273 278 282 284 294 297 298 307 308 309 314 315 316 317 325 329 331 332 334 336 339 342 345 346 350 351 354 356 357 
91 1 123 128 140 144 150 155 165 177 179 180 186 188 191 192 208 212 218 223 226 230 237 239 249 251 254 255 257 258 260 268 277 279 290 309 318 319 321 324 328 334 341 342 348 350 353 363 
109 1 122 131 145 147 151 189 213 218 220 225 236 248 250 251 260 271 276 281 282 283 291 295 298 304 305 308 309 315 321 326 329 333 338 339 342 346 351 353 362 
24 146 155 156 183 207 210 235 242 244 246 279 355 359 
67 124 126 132 134 136 138 139 140 141 142 147 149 150 154 156 157 161 169 170 173 175 176 180 181 183 184 188 189 190 194 196 198 199 204 205 207 209 214 224 228 229 232 234 241 243 246 248 251 252 255 256 258 259 261 262 263 264 268 271 273 275 281 282 285 286 288 293 301 303 304 306 311 313 318 319 326 329 333 334 339 341 347 351 353 355 356 359 362 363 
111 124 126 128 130 131 139 141 143 144 145 146 149 150 153 155 157 159 163 165 168 173 175 181 184 186 190 193 197 198 199 209 215 220 221 222 228 232 236 237 239 244 246 249 250 261 265 269 272 277 278 281 283 286 289 291 294 296 299 300 305 315 320 321 324 326 330 341 344 345 346 354 359 360 363 
198 122 125 126 129 138 139 142 143 144 147 148 154 155 157 160 173 177 180 181 182 184 185 188 192 198 201 202 204 216 219 221 224 230 234 237 244 246 247 250 257 261 265 266 267 269 271 272 273 275 278 280 283 284 293 295 302 303 308 311 312 313 317 318 319 321 323 324 325 326 327 328 335 339 342 343 344 347 351 353 361 363 
213 1 122 123 125 128 129 132 133 135 138 141 143 145 148 150 151 153 154 160 162 180 186 190 196 199 211 216 218 219 221 226 228 232 233 240 241 242 249 251 253 254 255 257 260 265 267 268 269 270 277 287 290 294 297 298 299 306 308 310 313 314 315 316 320 323 326 328 332 344 350 354 359 362 363 
49 1 124 126 128 129 133 136 140 141 142 144 145 146 147 154 156 163 164 166 167 169 173 174 175 177 179 182 183 185 187 188 189 195 196 199 202 206 207 208 209 211 212 213 215 230 234 236 239 242 243 245 247 248 249 251 252 254 255 257 259 260 261 263 264 267 280 282 287 290 294 296 298 304 305 312 316 317 319 320 325 329 337 339 340 348 350 351 352 353 356 358 359 361 
55 144 148 156 164 172 180 192 203 204 209 219 223 232 256 262 273 285 291 299 321 324 352 
194 243 349 
269 147 168 254 256 296 297 308 354 
26 135 137 154 156 173 196 209 217 219 237 239 240 246 254 255 257 263 311 314 320 328 330 342 345 
103 122 128 129 131 134 137 140 141 144 145 147 152 155 156 161 163 166 171 175 176 179 180 183 184 185 187 188 190 192 194 195 198 200 201 204 205 206 210 214 216 221 227 231 233 234 240 243 245 249 253 255 256 257 258 262 269 271 277 281 288 297 299 304 309 311 313 314 329 330 334 336 337 341 345 351 353 356 357 
93 124 131 132 133 138 147 150 154 168 170 183 201 212 213 232 233 238 245 251 256 275 288 295 309 335 343 346 347 350 357 361 362 
300 126 129 132 133 138 143 156 159 160 161 164 173 177 178 179 180 187 189 192 195 198 202 204 205 208 209 210 212 213 216 221 227 234 236 237 238 239 240 242 244 245 246 247 248 252 253 254 257 270 273 274 275 276 282 283 284 285 286 287 289 290 292 296 298 308 311 312 316 318 320 323 325 327 328 334 336 337 338 340 344 346 348 350 354 355 357 360 
3 1 123 125 126 128 130 142 154 158 163 164 165 170 178 179 185 188 191 192 194 203 205 207 208 209 210 212 217 225 229 233 234 235 236 237 241 242 243 247 248 250 253 256 257 260 262 264 265 272 275 277 285 287 288 289 290 301 308 313 315 316 317 319 320 321 325 328 331 337 339 349 350 352 355 360 361 363 
231 1 123 125 126 129 135 138 139 142 152 154 157 158 160 161 162 163 166 173 174 177 181 182 183 184 188 193 196 199 202 204 205 211 212 213 221 227 229 230 239 241 245 247 248 249 251 252 253 254 255 262 265 267 270 275 276 277 278 283 284 286 293 295 296 297 299 302 307 308 309 311 313 314 315 316 317 320 321 323 324 327 331 336 337 339 341 346 348 354 355 358 360 361 
122 123 127 140 143 144 150 151 152 154 159 161 171 191 195 201 203 205 209 215 223 226 230 231 233 235 238 240 241 242 244 247 249 260 267 271 272 282 287 291 298 305 316 333 340 341 345 349 350 360 
36 127 138 140 143 159 171 180 203 208 213 217 220 222 238 255 259 266 287 293 302 314 330 333 342 
167 126 129 131 145 154 163 167 178 190 210 219 240 268 269 275 279 280 306 308 332 355 
130 135 142 146 153 160 167 193 202 216 219 227 233 261 265 266 269 272 289 296 300 304 310 313 320 330 334 341 345 351 352 358 363 
62 122 123 126 128 131 133 134 137 138 142 149 150 154 160 174 180 185 187 189 194 197 206 214 217 218 220 221 223 225 228 231 232 234 241 246 248 253 256 258 262 263 268 269 270 273 280 281 286 289 290 292 296 299 307 316 317 320 323 324 328 329 335 337 340 345 349 350 354 360 361 
107 246 308 
254 124 126 133 161 164 198 201 221 226 234 236 240 250 252 253 268 281 286 291 300 302 305 313 325 328 344 347 351 352 361 
149 1 122 123 126 127 131 132 135 136 137 139 141 142 144 145 146 147 149 152 153 158 162 163 164 171 175 179 180 181 182 184 185 187 188 192 195 196 200 206 208 213 216 217 221 223 224 226 227 228 231 233 243 250 252 254 255 256 263 264 267 269 273 274 276 282 283 292 294 298 301 302 308 316 317 319 321 324 325 326 330 333 337 339 340 341 342 345 349 352 354 355 359 360 361 363 
129 127 130 131 136 148 161 166 167 174 175 184 190 204 211 227 228 229 230 234 237 239 244 247 266 273 274 276 277 282 293 302 311 322 326 329 334 335 339 353 
151 122 126 131 154 157 161 162 163 167 176 186 213 223 234 237 239 243 244 254 265 271 273 275 279 285 293 298 311 313 314 321 323 326 333 334 336 340 348 
158 123 124 125 128 129 132 133 134 137 138 139 144 147 148 149 150 152 154 155 156 160 161 165 166 167 168 172 181 183 188 191 192 194 198 199 201 203 206 207 208 225 227 230 233 234 238 242 244 248 254 255 258 264 265 266 267 270 275 276 280 286 296 298 299 303 306 308 317 319 320 321 323 326 327 340 342 343 345 349 352 355 356 361 363 
147 141 148 155 156 158 179 207 216 219 234 247 261 279 284 289 297 300 305 307 313 317 318 329 330 345 346 349 352 353 354 357 358 361 362 
139 123 126 132 135 137 143 146 148 149 151 159 160 165 169 173 174 176 179 180 181 182 185 188 190 192 193 194 195 197 198 199 200 201 203 205 206 208 211 212 214 215 216 218 219 224 225 229 234 242 243 244 246 247 250 251 254 255 257 258 260 263 265 266 267 269 275 276 279 283 284 285 287 288 289 292 294 296 297 298 303 304 305 310 313 314 316 317 326 327 332 336 339 340 345 347 350 355 356 357 358 359 
43 132 148 207 225 255 256 264 299 
24 125 141 145 155 156 161 163 168 175 176 186 187 188 189 194 199 202 203 205 209 210 215 218 222 228 231 236 242 253 257 259 262 263 264 268 270 278 281 283 284 285 288 296 301 305 313 316 318 326 328 329 330 342 343 344 347 
228 123 129 134 139 146 169 179 190 191 204 208 209 212 216 219 231 235 237 247 250 254 259 263 276 291 292 297 303 310 334 336 343 349 353 
287 134 141 143 146 151 162 163 164 168 169 170 171 173 174 178 187 188 190 194 195 199 206 207 208 211 214 218 219 221 223 230 234 235 236 237 239 244 251 253 258 262 265 266 269 274 284 295 299 307 309 312 315 316 319 320 330 335 341 346 352 353 361 362 
116 159 165 177 192 218 265 295 
7 123 127 130 135 137 145 148 154 156 157 163 166 171 173 179 181 183 186 198 200 201 207 209 212 215 216 220 225 234 241 244 245 246 249 253 255 259 262 265 270 272 285 289 291 295 296 307 309 311 318 321 322 323 326 329 330 333 334 339 340 341 343 346 347 348 355 359 
183 128 131 133 135 139 144 147 151 154 155 157 158 161 162 164 165 166 171 175 178 181 183 184 185 190 197 203 204 205 207 209 210 217 232 237 247 249 251 255 259 261 262 266 271 278 285 292 294 295 300 301 302 305 308 312 316 318 319 321 323 325 329 336 340 347 348 351 352 357 358 359 362 
1 122 125 126 131 136 140 141 146 152 153 154 157 160 163 165 167 168 173 175 180 182 184 190 191 192 193 194 195 196 199 200 201 202 207 211 212 216 217 218 223 225 228 234 238 239 240 242 244 246 247 257 260 261 267 271 273 274 286 289 293 296 298 300 301 304 306 307 311 312 313 317 320 327 328 333 334 340 341 346 347 353 355 356 357 363 
68 128 142 152 164 178 197 208 230 235 251 254 262 281 291 295 297 298 320 323 331 338 357 
37 123 124 147 153 156 174 178 180 195 212 224 226 234 253 260 266 268 269 272 283 286 288 292 300 302 313 317 330 335 337 340 341 342 343 349 362 
169 126 158 176 178 182 206 214 245 278 344 361 
224 1 123 127 135 136 139 146 152 156 157 164 168 172 177 185 191 192 200 201 205 207 209 213 214 215 216 225 233 242 252 255 258 260 267 268 270 277 281 283 284 286 287 289 302 306 310 316 317 327 335 337 339 340 341 344 345 352 363 
38 1 126 130 137 145 146 147 149 151 165 166 169 170 173 176 177 179 186 189 203 204 209 212 213 216 222 224 230 244 257 258 267 271 279 284 288 291 302 303 304 308 309 316 317 323 324 330 332 333 350 
126 123 126 127 131 132 134 137 139 142 147 148 152 155 156 157 159 162 164 165 167 170 172 175 177 181 184 187 188 189 195 196 201 202 206 208 209 220 221 224 225 226 227 231 232 234 236 241 250 251 256 257 258 259 261 264 267 268 272 274 276 277 288 290 298 302 303 305 312 315 316 318 320 322 323 325 329 330 331 336 338 341 343 344 346 348 350 351 355 356 360 
41 123 129 130 133 145 146 147 148 149 152 155 160 162 167 179 194 197 200 203 206 212 213 220 223 227 234 240 246 248 254 262 264 267 273 276 285 289 292 293 299 303 311 320 321 325 326 327 329 346 355 360 363 
115 126 127 133 135 141 142 146 152 157 158 159 166 185 195 198 216 218 221 223 224 233 236 244 247 251 254 261 262 263 269 274 275 280 283 287 288 290 300 301 302 305 309 310 317 318 320 321 323 324 328 330 335 338 339 347 352 353 363 
202 1 130 131 133 139 145 150 153 177 188 191 195 197 201 202 227 245 252 256 266 267 274 281 298 304 331 335 342 345 350 
118 125 139 170 201 214 236 258 261 277 279 281 282 287 293 300 301 305 321 325 337 339 342 
247 136 138 157 164 168 171 179 187 188 202 208 213 224 225 226 227 233 235 238 240 242 248 272 279 286 288 299 308 309 334 340 344 346 350 352 357 358 361 
100 122 129 131 143 152 157 161 164 178 181 183 189 191 192 193 200 202 204 205 207 208 210 213 220 222 223 224 225 226 227 230 232 233 235 238 239 243 251 253 254 255 257 261 262 265 269 272 274 275 276 277 278 279 281 285 286 294 295 296 298 299 300 303 305 307 309 310 311 313 316 318 321 322 326 331 334 342 344 346 350 354 356 357 360 
114 137 139 142 146 153 162 176 178 181 182 183 187 188 223 225 226 232 236 253 268 273 280 282 292 296 312 327 330 337 338 343 344 359 
28 131 140 150 170 187 191 205 219 224 234 244 252 255 264 279 289 296 325 341 342 358 361 
86 128 129 145 146 147 155 167 173 174 175 184 190 194 203 204 212 218 227 228 233 244 248 249 259 260 266 267 271 273 274 279 280 288 289 290 293 295 296 306 308 313 314 315 320 323 329 331 340 
198 130 140 146 153 156 157 158 163 166 167 170 176 178 179 181 185 188 194 196 197 203 204 208 209 212 213 216 219 221 224 232 233 239 241 242 245 246 254 255 258 259 261 267 268 270 271 272 273 280 283 288 291 292 296 304 305 306 308 309 312 314 315 317 323 324 327 332 333 343 346 350 352 354 361 363 
233 1 125 130 134 135 136 138 141 152 153 164 168 169 173 175 178 179 183 187 190 192 194 197 198 204 208 222 225 227 228 231 235 237 240 243 244 248 251 254 260 261 268 269 272 283 286 288 291 292 297 300 303 307 310 321 322 325 326 327 328 330 333 335 336 342 345 348 356 357 358 
219 126 128 129 133 134 138 140 142 153 155 156 158 165 168 170 175 186 189 193 194 195 197 198 201 202 204 214 215 217 220 221 231 233 235 237 241 242 245 248 252 253 254 261 266 269 270 272 277 288 293 296 303 305 312 313 314 320 321 326 331 333 334 338 344 348 351 356 358 
41 1 122 128 130 139 141 143 146 148 157 158 159 162 164 166 171 174 176 177 178 179 180 182 183 186 191 196 198 199 201 206 210 216 217 220 221 222 224 228 230 243 245 250 251 254 256 257 258 269 271 272 278 279 281 282 285 286 287 288 292 295 296 309 310 311 315 323 325 327 331 339 343 346 347 349 358 361 
225 1 132 134 136 142 144 145 148 150 154 157 159 162 163 170 171 172 173 175 196 197 199 203 205 209 215 220 221 223 227 232 234 246 249 260 261 262 281 286 290 293 296 301 302 305 306 311 314 315 316 329 332 340 342 344 355 
11 134 167 176 177 179 211 219 232 234 236 237 263 277 287 290 300 310 328 332 
35 1 122 126 129 130 131 132 137 143 144 145 150 151 156 158 162 163 174 180 182 191 200 201 221 223 235 236 241 243 254 255 266 268 274 276 289 290 291 293 302 311 315 319 333 336 341 342 343 346 347 350 351 355 363 
257 280 292 
100 1 123 124 128 129 130 138 139 141 142 144 147 148 153 156 157 161 162 163 166 168 171 172 173 175 178 181 182 185 191 193 196 198 203 204 214 216 218 225 229 231 233 234 237 241 242 248 251 257 258 259 263 264 266 268 270 274 281 282 296 298 305 306 308 310 312 317 320 323 333 341 346 350 355 357 359 360 361 362 
159 128 129 131 143 144 146 169 172 193 197 214 216 218 226 243 245 262 271 273 275 286 287 288 293 297 299 300 308 325 326 335 345 350 352 
17 132 134 136 137 138 139 140 142 144 146 147 154 158 159 163 164 167 168 172 177 188 189 191 195 196 197 198 202 216 221 228 229 231 232 233 234 236 237 238 239 241 245 251 262 265 266 268 269 271 272 273 279 280 281 285 294 296 299 300 301 303 304 305 308 318 322 326 330 331 335 336 337 355 358 363 
96 122 127 129 131 134 135 150 158 160 161 168 172 174 187 200 201 205 208 212 217 221 224 227 230 234 237 254 268 280 281 288 291 296 298 300 302 309 315 322 329 332 335 336 354 359 360 
274 223 244 
175 124 126 130 137 148 162 170 172 173 174 175 176 178 182 184 187 195 205 206 207 211 215 221 225 233 240 248 250 257 261 264 265 278 282 290 303 305 313 317 320 326 331 333 340 351 352 353 359 363 
152 122 131 133 136 146 153 159 161 174 185 189 194 198 199 201 206 210 211 218 228 231 237 253 271 272 277 280 288 289 291 296 305 306 307 316 325 335 336 348 360 
195 122 127 128 132 136 138 139 144 147 148 151 155 160 168 171 180 184 192 195 196 201 203 206 211 215 219 222 223 224 225 226 237 238 244 245 252 255 259 261 262 263 265 266 267 270 271 280 282 284 286 287 290 292 293 295 296 298 299 302 303 306 309 311 312 315 316 320 322 325 331 333 338 340 341 342 350 356 357 359 360 363 
113 122 126 127 130 138 143 146 150 151 152 158 159 162 165 168 171 173 175 186 210 216 218 219 226 227 236 241 245 249 253 260 261 266 271 272 273 277 282 284 290 297 298 300 307 312 318 323 325 328 331 341 344 347 350 354 359 360 362 363 
12 1 123 125 126 132 137 138 143 146 148 158 159 164 170 181 184 192 196 197 200 202 204 205 207 215 217 218 219 221 226 228 236 238 250 251 258 273 287 290 291 293 294 304 312 316 318 321 322 323 331 332 333 340 346 352 359 360 361 362 
121 123 130 135 139 149 150 151 152 165 168 179 189 190 191 209 219 227 243 245 254 266 281 288 291 294 300 306 312 316 317 321 335 337 339 346 350 355 362 
185 128 136 154 167 173 187 195 198 257 277 288 301 328 332 335 336 338 341 349 354 
148 130 132 136 137 138 139 144 154 156 157 162 165 174 179 182 184 190 193 199 201 202 212 215 220 222 223 226 228 243 247 251 256 260 261 262 265 267 270 274 276 277 283 285 289 295 303 304 309 316 317 320 326 327 328 329 333 335 342 347 351 362 
132 124 127 130 132 134 135 139 140 141 143 147 149 150 151 156 159 160 161 167 169 172 175 176 177 182 184 187 189 200 205 208 214 215 216 221 230 235 236 238 242 244 245 246 248 254 255 263 280 281 283 285 287 290 293 299 300 303 305 307 309 310 311 314 317 318 320 325 329 333 340 347 348 349 350 351 352 353 354 355 358 361 
69 122 126 127 135 137 139 141 152 154 156 157 161 168 169 171 175 180 183 186 187 205 216 218 224 228 231 240 241 243 244 245 256 257 278 281 282 288 290 295 297 306 308 310 313 344 345 346 351 354 357 
273 132 136 137 138 144 145 146 147 151 162 163 165 168 170 172 183 193 198 212 216 218 220 223 240 255 264 276 280 282 284 285 299 306 308 313 316 324 328 332 334 336 340 343 351 352 360 
103 122 125 127 130 131 134 135 136 139 143 145 146 147 152 156 158 159 165 167 169 173 179 182 187 207 209 211 216 222 229 230 235 242 243 246 251 252 254 260 261 262 266 269 270 272 282 287 293 295 300 302 303 304 319 325 327 330 338 340 346 348 350 359 362 
123 122 124 126 129 132 133 139 141 143 144 146 147 161 168 169 174 180 182 188 192 195 196 202 203 209 212 215 220 222 223 224 225 228 229 231 233 234 237 239 241 246 247 248 252 254 256 262 263 267 268 269 270 274 280 287 291 300 301 304 307 308 313 314 321 326 343 346 348 349 355 357 360 
209 122 126 129 144 148 156 178 181 188 192 194 217 232 236 237 250 255 258 264 278 279 282 283 287 308 311 317 323 327 335 340 352 
42 126 129 130 131 142 147 148 151 158 165 172 176 181 182 183 201 202 205 209 211 220 221 234 235 246 252 258 264 269 274 281 282 285 286 290 291 292 299 301 306 307 309 310 311 314 316 317 318 320 322 325 328 329 335 341 346 349 351 357 
17 180 195 205 212 228 282 286 326 
94 122 124 126 128 131 133 134 135 137 138 139 140 141 142 145 149 150 151 152 153 160 161 162 163 164 165 166 174 175 177 178 188 194 198 200 204 205 206 207 208 212 213 214 215 216 219 222 223 228 231 235 236 237 238 249 251 253 256 261 268 271 272 275 276 277 280 288 289 300 301 304 310 311 313 317 319 322 333 334 335 337 338 340 344 347 351 356 360 
201 128 134 136 138 142 147 148 151 154 155 167 177 178 179 183 184 185 186 187 191 192 194 195 196 198 200 203 205 206 207 208 210 211 217 224 227 231 241 244 247 249 253 255 258 266 267 268 272 286 287 294 297 300 302 303 304 308 309 311 312 314 315 322 325 326 333 335 339 340 342 360 361 
52 1 123 125 128 129 130 134 135 137 139 144 147 148 154 156 159 160 174 176 179 185 186 187 196 202 203 206 208 212 214 218 221 224 226 227 230 233 235 242 244 247 249 251 252 255 261 263 264 265 267 269 271 282 283 284 286 288 297 300 302 303 306 308 314 315 318 322 324 326 327 329 331 339 340 341 343 344 346 349 351 353 361 363 
205 124 127 133 135 136 138 139 140 141 145 149 150 151 154 160 173 178 185 188 191 194 198 202 203 206 207 217 219 224 226 228 231 235 236 242 244 246 259 266 280 286 287 290 293 303 306 308 310 314 319 324 326 327 334 335 336 337 346 348 349 350 352 
168 138 143 146 150 151 166 167 186 191 204 232 235 236 237 239 245 263 264 268 269 285 288 290 297 298 305 309 327 328 329 337 339 
118 1 131 132 140 142 144 147 153 164 169 173 176 177 184 185 186 187 189 206 207 208 212 215 216 227 228 229 232 237 242 247 248 249 250 258 259 261 264 268 272 273 278 284 288 291 297 300 301 303 305 306 308 310 313 317 318 319 320 321 323 324 329 331 333 334 338 340 348 
100 122 123 126 127 129 133 136 138 140 141 149 157 162 166 168 170 185 188 190 195 197 198 200 205 214 216 218 221 223 226 227 231 237 242 245 253 254 256 259 261 264 265 266 271 273 274 277 279 282 285 288 290 295 298 303 304 309 312 313 316 322 323 324 326 328 331 333 335 336 337 338 340 343 346 349 351 361 362 363 
251 123 128 129 135 145 146 147 149 171 172 174 179 182 188 192 193 196 198 201 206 209 212 218 230 244 246 251 257 261 266 273 276 289 291 303 305 308 312 323 324 327 328 330 338 346 353 
152 122 123 125 127 131 134 144 149 152 157 160 170 174 178 182 186 187 198 203 204 206 208 213 214 215 216 217 223 229 234 238 240 245 249 255 256 262 263 266 269 274 278 284 285 287 295 296 300 302 304 305 308 311 312 314 315 316 323 331 340 345 356 359 360 361 362 
92 126 129 134 140 145 152 178 187 188 197 201 206 221 225 235 247 250 261 262 266 268 272 282 283 286 290 310 321 326 337 342 349 357 
77 123 124 126 144 145 159 160 166 173 174 178 185 196 197 202 204 207 210 216 217 221 222 224 227 231 234 236 239 246 252 258 262 266 269 272 276 277 278 282 284 289 292 294 295 300 309 317 321 324 327 331 332 335 338 343 361 
236 1 123 125 126 128 129 135 138 147 155 157 159 168 171 172 173 177 178 204 213 215 244 247 250 251 253 258 268 280 297 301 311 317 322 324 326 340 361 362 
287 130 133 141 143 144 151 161 166 169 177 178 180 184 192 200 201 214 224 238 242 245 248 252 254 255 258 260 267 268 274 277 278 286 289 290 295 296 298 302 304 312 315 318 324 335 339 343 345 351 354 
210 1 126 129 131 134 138 139 142 143 144 145 147 149 150 152 153 157 158 159 161 163 165 169 170 180 181 184 186 188 189 190 193 194 195 200 201 203 206 207 210 211 212 213 214 219 221 225 226 239 240 241 242 247 250 251 252 255 257 258 260 267 268 270 274 280 284 288 295 297 298 300 303 305 307 310 311 313 314 320 322 323 324 330 332 333 334 337 338 343 347 348 352 357 359 360 
26 1 122 123 124 131 134 135 139 140 144 147 148 149 150 153 155 157 158 161 164 165 168 172 173 174 180 181 184 185 189 191 192 200 203 207 211 228 232 234 237 243 254 261 270 274 275 278 279 280 281 282 286 287 289 290 292 298 299 301 308 309 310 318 319 327 328 331 341 349 352 353 357 358 362 363 
281 1 124 125 129 136 144 149 151 153 157 159 160 161 162 164 168 170 185 189 190 195 197 201 202 209 225 227 228 229 230 232 233 234 240 242 243 247 248 249 251 254 256 260 266 271 278 288 290 294 302 305 311 312 317 325 327 328 334 335 339 342 346 350 356 360 362 
161 123 126 141 143 146 151 153 156 159 160 161 166 169 180 181 182 186 193 196 197 204 208 223 226 227 247 249 251 253 264 265 276 283 287 292 293 296 299 307 312 314 323 326 328 331 332 334 339 346 347 352 357 359 360 361 
192 246 260 
101 124 131 134 140 142 143 155 161 162 163 166 167 172 175 178 180 183 184 185 191 192 193 195 201 203 204 209 214 215 219 220 224 230 232 233 237 239 246 253 262 264 272 273 274 277 279 281 285 286 287 288 291 292 293 296 297 300 302 303 305 310 311 313 321 325 328 333 334 337 341 346 349 350 351 358 359 363 
56 122 126 129 136 142 148 166 179 200 203 214 226 237 248 254 257 264 268 269 283 286 287 298 332 333 340 343 352 362 
92 122 123 131 137 139 152 154 160 161 168 171 174 177 184 190 200 202 212 220 222 224 226 240 245 258 266 267 270 271 277 282 284 285 290 304 316 317 322 328 329 340 343 347 350 354 356 357 
38 127 137 138 139 145 150 159 162 164 174 181 184 189 191 198 203 217 220 227 233 235 242 249 252 257 260 266 268 269 272 276 278 296 297 299 304 310 312 319 321 322 323 328 333 335 338 341 350 359 
250 126 137 141 144 146 147 148 152 167 168 175 177 196 200 241 263 286 298 305 306 321 327 335 
271 1 122 125 129 133 136 138 142 145 147 158 161 162 164 166 169 172 176 178 181 182 186 191 194 198 199 213 215 216 218 220 230 236 239 240 244 247 249 251 253 255 260 264 269 272 276 278 279 280 282 284 293 294 299 306 310 311 314 316 319 320 322 324 327 330 337 343 344 346 347 348 349 353 355 357 
10 135 139 140 141 142 177 197 220 232 235 240 248 250 251 263 284 303 351 362 
73 124 126 130 133 137 142 144 147 149 150 152 155 164 166 173 174 175 177 178 180 181 183 184 185 187 190 191 201 206 213 218 222 223 225 227 228 233 239 243 246 258 259 261 265 278 284 285 294 296 306 307 310 318 325 332 337 338 339 340 341 347 348 349 350 353 354 356 358 360 
190 122 125 135 137 140 142 150 152 159 174 180 193 204 208 225 230 235 252 262 275 283 317 320 325 330 349 358 362 
87 1 123 125 129 130 131 134 137 139 143 144 145 147 149 153 154 159 160 161 162 167 168 169 170 171 175 176 178 179 185 194 195 196 205 210 214 215 219 220 229 230 233 240 241 244 254 258 262 263 267 268 285 288 289 295 297 298 304 307 308 312 313 318 322 324 325 327 328 330 331 335 338 339 340 344 345 349 351 352 353 356 357 360 
70 1 123 130 132 153 165 167 183 185 187 192 206 208 211 218 224 249 250 262 306 309 324 325 329 344 
130 139 141 143 145 150 151 152 153 157 159 161 170 174 180 181 182 183 185 186 187 190 191 194 196 207 210 215 221 231 234 237 244 251 254 255 260 262 263 264 270 276 278 279 282 283 288 291 292 297 300 306 309 312 315 322 325 327 328 335 336 343 346 347 349 354 361 
146 165 185 187 189 219 222 233 246 256 347 363 
124 1 128 133 134 135 138 140 143 151 152 155 156 160 162 163 164 168 172 175 176 180 181 193 195 196 197 199 202 210 220 227 230 235 237 239 240 245 247 259 263 266 267 272 280 281 283 286 294 296 302 303 305 311 317 325 328 335 337 344 352 354 355 356 
136 1 124 126 128 131 133 134 136 138 143 146 148 149 153 159 160 161 164 165 171 179 184 186 187 188 193 195 198 205 211 212 213 215 222 223 224 231 232 234 235 237 240 243 244 245 248 249 250 255 259 261 264 265 268 269 281 283 287 290 296 298 303 307 309 312 316 317 319 320 325 328 329 330 331 333 336 337 343 346 348 350 354 356 357 
119 1 129 138 139 141 146 153 170 175 180 184 192 194 227 228 233 236 237 245 248 255 260 261 265 266 279 282 287 288 300 308 314 317 318 319 323 327 336 340 341 351 354 358 361 
51 124 125 126 127 128 129 130 131 138 144 149 151 153 157 159 160 164 165 167 169 173 175 184 192 197 198 207 208 213 215 217 218 227 232 233 236 238 240 254 257 271 272 273 278 281 282 283 288 290 291 300 301 307 308 309 314 316 317 318 323 326 338 340 343 346 355 357 359 
234 148 302 
163 156 
287 123 124 131 136 137 142 146 148 150 152 154 155 160 164 167 170 173 177 180 185 188 191 200 211 235 236 242 247 250 257 266 269 279 281 293 299 301 303 322 340 352 355 357 
145 122 157 177 185 204 233 234 261 265 275 288 295 335 355 
204 1 123 126 129 137 138 145 146 148 151 152 154 157 159 160 162 164 171 172 173 178 188 189 193 199 210 211 215 217 219 222 225 227 230 231 233 235 242 245 247 252 254 257 260 264 266 267 272 273 274 275 276 279 280 282 283 285 288 291 292 295 296 297 301 304 308 314 315 316 320 328 331 340 341 342 346 347 349 357 360 361 362 
271 1 124 125 126 129 131 132 137 138 139 143 144 146 147 150 151 153 155 158 159 163 165 170 171 173 174 175 178 180 185 190 201 205 206 209 210 212 216 218 224 226 229 232 234 235 236 238 241 245 246 248 250 251 252 255 256 258 264 268 271 273 280 281 283 287 290 295 296 298 299 300 303 306 308 311 318 320 322 323 324 326 331 334 335 339 342 343 345 350 351 354 357 360 361 362 
269 1 123 125 130 132 136 138 139 142 144 150 157 159 166 168 172 173 175 176 178 180 181 182 183 187 191 193 196 197 207 213 218 219 225 228 234 235 237 245 249 257 259 261 266 269 273 277 278 279 282 284 285 289 292 298 299 300 304 306 316 326 338 340 347 348 358 362 
48 147 173 184 203 258 271 286 351 354 360 
200 126 153 154 155 161 165 177 179 182 186 194 201 204 211 240 250 259 262 264 268 269 279 283 285 290 292 307 312 319 325 330 335 337 340 348 351 356 
271 188 198 206 233 264 266 276 292 299 307 308 313 333 339 358 
197 141 145 146 150 156 183 192 194 199 200 204 209 212 240 242 245 246 248 254 255 258 269 282 285 293 300 303 306 316 321 325 327 339 346 352 359 361 363 
190 123 128 131 135 136 140 142 143 145 147 148 149 151 154 159 162 164 169 170 173 175 178 183 188 189 191 192 193 195 196 203 206 207 208 209 212 214 216 233 238 242 243 247 249 250 251 255 257 258 267 268 275 276 281 282 284 285 287 290 292 293 297 298 299 300 306 309 311 312 317 320 323 327 328 329 331 334 335 340 343 348 353 355 357 359 361 362 363 
100 126 131 135 139 154 161 176 198 199 201 207 218 221 234 244 247 256 261 263 267 268 269 282 303 306 311 335 340 343 
183 131 137 147 151 164 175 194 202 217 223 242 245 255 256 273 284 295 299 325 332 345 346 357 360 
68 1 122 133 135 136 143 146 148 153 156 166 175 176 178 189 194 196 197 200 201 206 208 209 215 218 220 221 224 226 227 234 235 236 237 238 239 253 254 262 270 273 280 290 291 293 296 302 307 309 321 324 336 346 348 353 356 
102 123 136 144 158 164 169 174 179 180 185 190 198 205 213 230 243 245 246 253 256 257 274 282 303 304 305 306 312 318 320 327 329 345 354 
29 126 129 148 157 159 161 165 167 169 172 191 192 193 200 203 205 210 215 216 218 222 227 231 238 241 243 246 256 259 260 266 278 283 284 286 288 302 304 311 315 317 321 323 326 334 337 342 344 345 363 
242 1 127 130 133 136 138 139 149 151 153 155 160 161 162 174 176 177 181 187 188 190 191 192 193 195 196 198 199 200 202 206 207 209 211 215 217 229 231 233 235 241 243 245 254 258 259 262 268 269 270 271 272 277 278 279 280 298 299 302 306 307 311 313 314 316 328 330 332 334 335 344 349 350 352 353 354 357 360 
91 138 198 218 227 229 262 279 283 311 320 323 339 357 361 
129 126 128 131 133 134 135 139 141 150 151 160 161 162 163 164 166 167 168 172 173 184 185 190 192 196 204 206 218 221 225 231 234 237 242 245 247 251 252 255 256 262 266 270 273 276 277 281 283 284 285 287 292 294 295 298 299 303 308 311 314 328 338 343 346 349 350 351 353 354 
193 128 132 137 140 145 146 148 155 160 216 224 230 233 240 244 251 254 266 267 272 289 304 307 308 310 311 323 332 333 336 342 361 
280 1 126 128 131 134 137 139 142 143 154 155 156 161 165 172 174 175 178 179 182 183 191 192 197 198 208 211 213 214 215 223 237 240 241 242 243 245 247 249 252 256 258 260 264 268 273 280 282 285 286 289 290 292 295 297 305 307 308 309 313 316 320 328 329 332 336 337 339 340 343 347 348 349 350 352 356 357 360 362 
116 123 139 140 141 143 148 149 162 163 166 167 168 181 185 186 187 188 189 191 192 195 197 202 205 208 212 214 215 216 220 224 225 226 234 238 240 241 245 246 247 248 255 257 265 266 269 273 276 279 290 291 292 297 300 302 304 309 310 312 313 314 316 318 320 323 327 328 336 341 342 346 348 350 352 356 357 
282 122 123 124 127 133 137 138 139 147 151 152 153 154 156 158 160 164 165 166 167 168 169 170 178 179 180 182 191 193 197 200 201 202 203 210 214 215 216 217 221 222 223 225 230 233 240 244 245 251 257 267 268 269 276 277 278 279 282 294 299 303 308 316 322 324 325 326 328 331 333 334 336 337 338 349 353 355 356 362 
91 128 135 136 138 141 142 145 150 153 154 157 162 163 167 171 177 181 184 186 188 191 192 194 198 200 204 205 213 215 217 220 223 227 232 234 236 237 244 247 257 258 263 267 269 276 282 283 286 300 303 307 314 329 330 333 338 342 348 356 357 359 
84 122 124 126 128 131 139 148 150 154 161 162 169 170 174 185 196 199 202 203 204 218 222 224 227 230 233 236 244 248 258 264 273 280 283 285 289 290 292 296 305 306 312 314 322 327 335 337 340 341 346 347 352 353 
136 1 126 136 138 139 141 146 147 152 161 164 165 168 169 174 179 182 183 186 192 195 196 197 205 209 210 212 222 223 224 233 234 236 237 238 241 246 247 251 253 254 256 260 265 267 270 276 278 279 282 284 285 286 288 289 290 295 296 297 304 312 318 321 328 329 335 341 345 351 352 355 357 362 363 
300 122 125 126 129 131 135 141 148 153 157 160 167 170 171 172 173 176 180 188 191 192 195 201 203 208 210 218 221 222 224 231 233 235 247 248 250 252 254 256 260 263 264 267 271 276 278 281 282 285 289 294 296 303 304 305 312 317 318 327 330 332 333 334 337 340 344 348 350 351 353 359 360 
118 129 130 144 148 150 151 155 159 161 165 167 174 176 183 188 190 194 197 200 202 205 207 210 224 239 243 245 259 280 282 284 287 295 297 298 304 311 317 318 319 322 324 326 337 341 346 357 360 361 
243 1 122 124 133 138 147 148 150 153 159 160 165 169 170 174 176 186 190 191 193 199 200 201 206 207 208 211 215 216 221 224 226 231 235 236 239 243 247 252 253 261 269 272 279 281 283 285 287 291 295 296 299 301 303 308 317 318 324 328 334 335 338 339 342 348 349 351 355 359 360 
67 123 126 130 133 134 138 139 141 142 145 150 151 155 156 158 161 167 170 175 177 179 182 183 184 186 191 192 194 195 198 200 201 203 208 209 211 213 215 219 220 226 233 234 237 240 241 242 244 249 252 254 257 262 263 264 265 268 270 271 272 279 280 289 292 296 299 301 302 306 310 313 318 319 321 325 327 333 334 339 343 345 348 350 352 356 359 362 
179 125 129 131 135 140 142 146 148 152 157 158 166 167 173 175 176 178 180 181 184 185 187 194 198 203 205 209 210 212 217 219 220 223 229 231 232 235 236 238 240 241 244 246 248 256 257 260 263 270 271 272 277 284 285 288 290 292 295 296 299 302 306 307 313 323 325 326 328 333 334 335 336 339 342 346 352 355 356 357 358 360 
4 1 122 124 126 127 128 132 135 136 138 139 141 142 144 145 150 153 155 156 160 161 162 167 168 173 175 176 190 192 193 194 195 196 199 200 203 205 210 211 212 214 215 217 218 219 220 223 226 227 232 236 245 246 249 250 256 258 263 264 266 267 270 274 276 277 281 284 285 286 290 291 298 304 306 307 308 311 315 317 318 324 328 330 334 335 336 337 339 342 343 345 360 363 
261 1 127 134 135 137 138 144 156 159 163 184 185 187 195 196 200 203 211 222 225 227 232 235 241 252 263 264 278 281 284 286 292 293 295 298 303 305 312 317 324 328 329 331 332 333 334 343 344 345 347 353 356 357 358 359 
216 1 122 124 127 129 130 132 134 140 141 143 144 147 148 152 157 158 163 166 169 170 171 179 180 190 192 193 197 198 201 212 215 217 220 223 226 227 228 230 231 235 236 237 238 243 245 246 247 251 252 253 254 260 262 263 269 271 278 281 287 288 296 297 298 302 305 307 310 311 315 318 319 323 324 326 328 329 330 332 333 335 336 337 339 341 343 347 353 356 357 358 
240 122 131 159 179 190 191 197 214 217 219 227 228 229 265 270 278 305 320 328 334 
175 146 154 166 170 172 177 194 205 208 223 228 235 262 276 280 298 
4 1 124 125 127 128 129 130 135 141 143 146 149 150 155 159 162 163 164 174 185 186 188 189 193 197 205 212 213 220 224 228 230 235 236 237 241 246 250 251 272 278 279 281 285 289 290 291 293 295 296 297 299 303 304 308 319 324 325 326 328 330 333 335 337 343 346 347 353 354 355 360 
71 122 130 140 144 145 148 156 159 168 169 175 176 186 191 192 207 213 224 239 240 254 255 264 271 285 288 292 293 295 309 312 326 327 328 331 335 338 345 
116 126 128 139 140 142 145 146 150 153 155 160 164 165 166 171 172 179 184 188 190 196 206 207 210 211 242 247 248 249 255 262 263 268 280 281 282 283 285 286 293 296 297 301 302 304 307 310 311 315 317 319 320 323 324 331 333 335 341 348 350 352 359 360 361 
144 130 135 142 146 147 148 149 151 152 153 159 161 164 166 170 171 174 176 178 180 181 184 190 192 194 196 197 199 200 203 211 212 214 217 219 220 223 224 226 228 232 233 234 239 242 243 258 259 262 263 265 270 272 278 282 284 286 288 289 290 294 300 302 304 310 311 312 314 315 317 322 326 335 336 342 343 344 346 349 352 353 359 361 363 
76 129 133 138 141 145 161 164 165 176 183 185 195 198 199 202 203 205 210 216 221 224 231 232 233 238 245 255 264 278 290 295 297 304 311 315 329 330 345 349 352 353 358 
27 124 139 142 143 146 154 163 175 181 183 187 194 209 210 214 219 221 225 226 227 230 232 235 240 244 247 255 262 266 276 278 280 282 284 288 290 292 301 302 308 309 312 314 315 318 320 326 327 345 348 350 359 
142 1 123 124 125 126 130 131 132 138 139 145 151 158 163 164 165 167 170 174 176 181 183 190 191 192 195 196 198 202 206 207 210 213 217 219 221 223 228 230 235 242 243 246 251 253 263 265 273 277 280 283 286 289 291 294 298 299 303 306 311 312 313 318 320 326 327 328 333 341 348 350 351 352 353 354 355 
179 122 123 125 126 128 130 131 149 160 167 169 170 176 180 181 186 195 197 206 218 219 239 247 262 265 271 272 274 281 287 291 292 293 296 301 302 307 309 311 330 334 337 339 340 350 357 
40 126 127 133 134 135 136 137 139 143 144 148 151 152 156 157 158 167 170 172 173 175 178 179 180 181 185 189 194 196 198 200 202 207 208 209 210 211 214 216 217 220 226 231 233 234 239 240 247 248 253 254 261 266 267 269 270 272 273 274 277 279 280 281 291 292 294 295 296 297 302 305 309 311 315 321 322 323 325 327 328 330 334 337 339 346 347 348 351 357 360 
119 1 132 148 149 150 154 155 161 166 167 171 172 173 176 182 186 189 190 194 195 196 197 198 199 204 209 211 214 215 219 223 228 229 239 240 241 242 244 248 250 263 272 282 284 293 296 298 299 303 304 305 306 307 309 310 320 321 322 327 328 331 335 342 347 351 352 353 356 360 
28 1 125 127 128 129 141 142 146 152 158 159 160 162 168 169 172 173 176 182 183 186 187 189 191 192 199 200 202 207 208 209 213 214 215 216 217 219 221 228 230 235 236 238 241 243 258 262 263 268 279 282 288 289 293 294 295 296 308 309 317 318 319 320 328 330 336 340 342 343 346 349 350 353 358 360 
258 133 141 144 146 153 161 162 164 169 172 188 190 195 198 209 224 232 233 237 242 250 251 255 256 261 264 266 268 271 275 277 278 282 283 284 295 296 298 306 307 312 314 319 330 331 335 355 356 360 
277 1 122 125 126 129 130 131 133 134 140 143 147 150 153 155 156 157 163 165 167 170 173 174 177 180 187 196 199 200 201 206 209 211 216 217 220 223 226 234 235 238 241 243 247 251 254 256 274 277 279 280 281 283 284 286 289 290 291 292 294 297 307 312 315 320 321 325 329 330 333 340 341 349 357 361 362 
137 130 152 179 210 222 225 248 272 279 285 322 324 341 349 353 358 
105 123 124 133 139 140 158 161 164 169 179 181 187 189 198 199 210 214 215 228 247 250 254 256 258 260 261 267 282 284 285 287 288 294 299 306 307 318 319 322 324 336 351 358 359 
87 127 139 182 194 197 199 202 214 228 231 238 250 265 267 274 275 285 290 298 301 319 328 330 332 353 
145 131 133 166 208 209 212 230 235 243 254 258 330 332 349 
105 129 134 135 139 146 147 149 159 162 170 176 177 182 185 186 196 197 203 206 209 210 212 217 221 223 225 229 230 240 242 244 246 248 250 255 266 271 272 274 275 280 282 283 290 294 301 312 315 317 319 321 323 325 326 329 330 331 344 345 346 350 351 
289 122 132 158 210 269 298 302 321 336 362 
85 122 129 135 136 149 152 153 155 156 161 162 164 167 171 172 175 176 177 178 181 182 186 194 196 197 198 209 214 215 220 224 227 228 230 232 236 238 239 244 245 246 249 250 254 259 261 265 266 270 272 273 275 280 282 284 288 289 291 298 299 300 302 306 307 312 313 314 319 321 322 323 324 325 328 330 335 340 342 343 357 361 
193 130 133 136 138 142 145 151 152 154 156 158 160 167 170 171 172 174 177 183 191 192 194 200 201 205 207 214 216 217 219 220 222 224 227 230 232 233 234 236 237 246 248 264 271 275 277 279 286 291 295 297 298 300 303 306 307 310 311 313 315 322 329 330 331 350 351 354 356 
33 124 125 126 130 131 136 138 140 141 143 145 146 147 148 150 152 154 156 157 161 163 166 174 175 179 181 184 185 186 189 190 191 195 197 199 204 205 224 229 230 231 236 237 238 240 243 246 247 249 251 252 258 261 265 266 267 274 277 284 285 287 292 297 298 299 300 305 311 312 316 320 322 326 331 334 337 340 347 348 354 356 357 359 361 363 
260 125 129 130 141 142 144 146 149 152 154 159 162 168 172 174 177 179 185 191 192 193 197 208 212 218 222 223 231 238 239 240 243 244 245 247 249 250 252 256 258 259 261 264 270 276 283 288 290 291 292 294 299 303 305 313 314 317 319 327 328 330 334 335 336 338 339 340 343 344 346 348 351 360 361 
252 130 147 150 194 202 204 206 246 288 293 316 330 333 334 336 
217 1 129 131 135 136 141 145 146 155 157 163 167 177 181 191 205 220 221 222 224 228 247 267 268 271 276 280 281 286 287 288 291 301 307 313 328 329 331 332 333 339 343 345 350 351 354 355 357 
53 1 127 128 133 146 147 148 150 151 152 156 159 164 169 170 174 177 178 180 181 184 186 189 191 193 197 198 200 203 204 206 211 212 213 216 217 221 223 224 226 228 232 240 245 246 247 253 255 256 258 259 261 264 267 269 276 277 281 283 287 289 290 293 294 295 299 301 302 303 305 313 314 315 318 321 324 325 328 331 335 336 339 341 342 345 346 347 349 350 351 352 355 358 359 361 
37 12 98 229 1 244 275 261 189 152 76 63 192 230 114 50 112 112 30 11 273 157 246 249 259 133 279 85 120 32 283 72 56 25 167 300 38 295 42 106 152 80 226 41 207 88 233 210 136 199 19 296 246 127 202 191 17 64 202 273 242 18 269 99 277 195 108 167 138 224 246 47 34 145 209 108 148 54 115 90 220 42 170 30 69 199 269 272 76 89 3 269 171 245 203 54 199 58 57 270 76 292 258 2 26 123 99 54 157 223 21 224 74 280 6 122 9 179 81 278 216 89 198 2 82 203 285 184 215 236 29 282 29 255 231 262 6 34 15 164 133 122 242 184 140 105 226 32 249 89 5 62 82 47 196 161 104 122 126 252 159 18 148 19 33 262 243 62 182 166 224 270 144 263 71 145 83 128 280 268 55 265 256 80 94 139 218 266 75 84 181 70 229 16 90 9 5 113 227 205 249 255 114 241 187 244 173 299 23 221 250 273 180 239 277 155 256 276 182 294 45 30 118 126 164 160 25 240 281 262 176 214 261 19 171 265 187 76 186 2 196 125 289 212 244 150 127 86 226 114 58 192 138 202 148 11 270 82 229 22 188 227 216 64 103 100 1 104 297 212 207 66 35 42 270 35 119 86 49 297 94 267 28 71 51 130 65 37 160 99 69 46 190 174 254 182 153 17 102 276 111 108 58 12 193 249 177 283 71 225 256 212 16 68 284 195 296 39 24 8 78 92 231 141 90 156 21 234 39 59 132 279 102 213 170 29 195 32 142 267 11 249 240 231 106 233 40 38 216 26 23 146 241 232 283 54 35 18 69 85 289 114 202 
