244 366
14 1 128 131 141 142 143 146 153 154 155 156 164 166 167 173 174 177 178 182 183 185 187 188 191 192 193 194 195 199 200 202 204 205 208 214 219 221 225 229 236 237 238 239 247 249 251 253 254 255 259 261 264 269 270 271 273 274 276 277 278 280 287 290 298 301 304 306 320 321 323 325 327 328 330 337 341 342 345 350 352 359 362 
136 252 267 281 
176 123 124 126 136 139 140 149 152 163 168 176 178 185 189 191 195 205 212 223 226 237 241 243 249 251 253 259 260 263 267 273 284 285 287 297 298 303 310 320 323 326 330 333 336 346 351 361 
55 124 132 138 139 141 160 162 165 168 174 177 178 181 185 186 188 192 194 195 198 201 211 212 214 216 218 222 231 232 235 237 239 248 249 252 255 259 262 263 271 276 282 289 292 294 295 297 307 310 317 322 323 325 330 334 340 345 348 354 358 361 362 
205 126 129 139 140 145 163 189 194 197 200 207 212 224 238 253 257 271 276 278 286 289 290 293 295 307 311 319 321 324 334 358 
244 130 134 142 148 151 156 158 161 163 164 165 166 169 171 175 176 180 186 187 188 189 192 194 195 196 198 200 203 207 209 210 213 221 223 224 225 226 232 235 237 238 239 244 245 246 250 253 258 259 265 267 269 270 271 273 280 287 288 293 294 300 302 304 307 309 310 311 316 317 319 323 326 327 331 334 337 338 342 345 348 353 357 365 366 
22 1 123 124 125 126 127 129 130 133 136 137 138 144 148 152 159 160 168 169 172 173 175 181 183 188 192 193 197 202 203 206 210 214 215 218 222 231 233 236 237 241 243 246 248 250 260 261 263 271 275 276 280 281 284 285 287 292 294 300 302 305 312 313 314 318 319 321 323 324 328 329 334 336 337 338 341 342 343 346 347 351 352 354 359 360 361 365 
13 125 129 131 159 165 168 170 172 192 201 209 231 237 246 254 259 263 270 286 292 300 301 316 327 339 340 341 344 349 359 361 
212 123 126 128 129 130 131 133 136 139 142 143 144 145 147 153 156 160 162 170 175 181 183 184 186 189 190 198 199 201 204 205 208 215 217 218 221 227 229 233 234 236 237 241 250 255 256 257 259 264 272 274 275 276 294 300 310 311 318 320 321 326 329 333 341 344 346 353 355 356 363 
200 130 139 142 149 165 187 214 232 239 240 257 269 291 293 295 312 314 318 323 324 330 348 351 357 363 
151 1 127 136 143 144 149 166 172 215 217 218 220 224 229 233 247 258 269 274 279 280 286 299 300 301 320 332 336 343 358 364 
256 1 126 130 131 136 137 142 143 145 148 150 151 152 154 164 165 169 170 171 173 176 185 187 199 203 205 209 212 213 214 221 222 229 231 233 234 247 249 251 253 257 260 262 267 269 274 276 277 278 281 286 287 289 291 296 297 303 307 312 314 320 322 331 341 342 343 345 348 360 361 363 364 
101 1 123 124 129 133 143 144 145 147 149 156 167 168 170 172 186 190 192 193 200 202 204 207 215 218 221 226 229 230 232 233 234 236 238 242 244 247 251 252 255 259 265 267 269 281 284 288 293 295 296 298 300 308 309 315 320 324 339 345 349 350 359 361 
206 1 130 136 142 145 147 155 156 158 166 167 175 178 181 182 193 194 200 206 214 215 217 224 230 239 240 251 253 254 258 264 266 267 269 277 289 297 302 306 307 316 318 319 320 323 324 325 327 347 349 350 352 358 363 366 
229 193 222 223 229 286 325 
5 166 193 208 221 262 271 284 309 341 
242 1 126 129 130 140 141 143 147 149 152 153 157 158 159 160 162 164 170 174 182 184 188 189 194 198 200 201 203 205 207 208 212 213 218 220 221 222 225 227 228 230 234 236 237 238 240 242 243 246 247 249 252 255 256 257 259 268 273 275 276 279 284 289 290 291 293 294 304 309 311 317 320 321 324 329 330 331 335 338 341 344 345 346 348 352 353 354 355 361 365 
267 124 126 130 139 140 141 143 147 148 149 150 151 158 159 169 170 191 192 194 197 203 204 212 213 214 216 221 222 224 228 229 231 233 237 238 239 246 257 258 262 263 264 267 268 270 275 277 279 280 285 286 288 293 295 297 300 304 306 315 316 324 325 326 330 331 334 335 337 345 346 349 350 351 364 
28 1 124 128 131 134 137 138 140 146 148 150 155 157 159 160 163 171 177 178 184 186 188 189 190 195 199 202 203 205 206 209 210 211 213 216 218 219 220 222 223 225 227 232 236 237 244 248 250 254 256 259 264 266 268 272 274 276 284 286 287 289 292 293 300 303 304 305 306 307 308 310 316 317 321 327 331 336 337 340 341 344 345 346 348 350 353 354 362 363 366 
116 1 123 124 125 126 130 134 140 143 145 150 152 155 161 165 168 169 171 179 181 185 188 189 190 194 195 196 197 198 199 203 208 210 211 217 223 228 230 232 233 239 240 241 242 243 245 254 259 261 268 272 273 276 277 282 289 290 292 294 301 305 306 307 309 312 316 318 322 325 328 333 334 335 340 342 343 353 355 359 366 
68 125 128 129 131 132 133 137 141 143 145 149 152 155 157 158 164 169 172 173 178 195 196 197 199 205 208 209 211 212 213 215 217 218 221 228 229 231 236 239 242 245 248 260 261 267 268 270 274 279 280 283 285 292 297 298 300 304 305 306 315 317 322 324 327 331 333 334 336 337 341 342 345 347 348 351 354 356 359 363 
55 136 137 139 145 148 155 159 161 162 164 165 166 170 173 174 176 182 184 185 186 192 194 202 206 220 225 226 227 230 233 235 240 243 246 249 259 260 264 268 270 271 272 277 281 284 290 297 302 303 306 308 314 315 316 319 321 322 325 326 328 330 331 332 339 340 342 345 346 350 352 363 365 
2 1 127 130 134 136 139 140 141 149 151 152 155 157 160 163 165 168 169 172 174 176 179 181 182 184 187 188 190 195 197 204 205 210 213 225 226 230 233 234 235 239 244 245 248 250 252 257 261 262 264 265 275 280 282 291 293 294 300 308 312 314 315 323 325 331 333 335 340 341 349 350 356 358 359 361 364 365 366 
148 123 131 147 159 160 161 162 170 173 175 186 189 192 194 203 205 208 209 217 220 221 223 224 228 236 241 242 264 267 274 287 301 318 333 339 352 354 355 360 366 
212 270 
60 154 156 190 198 218 235 237 248 250 259 261 268 284 287 297 312 318 331 332 348 349 
189 1 132 262 287 329 
43 124 143 177 182 185 257 322 342 349 356 
292 126 253 275 333 
237 198 296 
244 143 147 156 164 172 174 177 183 188 189 190 193 202 204 208 211 213 214 218 230 242 243 247 251 255 259 260 269 274 280 282 295 303 309 314 319 320 326 327 332 349 355 358 359 
265 124 128 130 134 145 146 193 195 202 204 207 208 213 223 224 228 259 267 278 286 292 293 300 302 311 320 327 341 345 355 
130 135 136 146 148 157 158 162 187 197 204 208 211 213 219 220 223 232 252 256 258 263 267 269 274 276 288 321 325 326 331 348 356 359 364 366 
88 219 234 343 
53 267 331 
141 123 126 128 137 138 139 147 153 157 166 167 172 174 175 179 181 183 186 189 193 194 196 199 201 206 207 209 210 211 215 218 219 221 227 229 233 234 235 237 238 241 245 248 249 260 268 270 272 283 288 293 300 303 309 317 319 334 337 347 349 352 353 
5 123 124 126 127 129 130 132 139 140 144 148 149 152 153 167 172 173 177 180 187 188 195 196 198 201 204 205 208 209 212 215 217 222 230 234 241 244 245 248 249 251 263 265 268 269 270 271 273 277 281 283 284 286 290 291 296 299 300 304 313 314 315 317 319 321 323 324 326 331 338 342 345 350 352 355 357 
151 124 132 133 148 149 150 153 158 159 163 165 167 176 179 182 183 186 189 193 194 199 200 203 205 207 209 212 215 216 218 223 226 231 233 234 237 239 240 248 250 251 259 263 265 266 268 271 277 280 287 291 292 295 312 314 323 324 326 337 340 346 347 349 351 352 359 362 363 
211 1 123 132 138 142 144 149 151 156 160 164 165 166 172 173 174 175 177 178 179 186 189 191 194 196 198 203 211 220 224 228 229 238 241 243 249 254 256 257 258 259 264 268 269 276 277 280 287 288 295 298 299 302 305 306 311 312 313 316 326 329 343 345 353 358 
270 128 143 231 273 
283 193 195 204 234 260 281 289 290 329 343 352 354 
235 1 131 132 136 139 148 150 152 153 154 167 170 174 176 177 178 179 181 187 192 195 196 198 207 209 212 214 216 217 219 220 223 224 225 226 227 233 235 236 240 242 247 250 259 260 261 263 268 274 277 278 281 284 286 288 291 295 297 298 299 300 303 313 321 325 326 327 328 333 338 339 341 343 345 346 348 351 352 353 354 364 
116 123 126 137 146 147 157 159 160 161 167 170 172 174 175 182 183 187 190 196 201 202 208 209 213 215 216 218 221 223 227 229 232 238 241 242 244 247 248 250 251 252 253 262 271 274 275 278 280 284 286 287 288 289 295 299 301 303 304 305 307 314 315 316 317 319 320 324 325 329 333 334 336 347 348 349 351 352 357 359 361 362 364 365 
132 1 126 127 150 157 158 163 164 167 174 183 204 205 208 233 247 252 254 269 273 274 281 282 285 290 292 295 297 305 308 310 311 313 314 320 323 324 325 327 352 363 
287 222 270 281 345 
180 1 124 125 127 133 134 135 143 148 151 152 158 159 161 164 168 174 176 179 185 186 187 188 189 191 192 197 199 205 209 212 214 215 221 227 230 234 238 241 256 257 258 262 265 268 279 280 285 288 294 296 298 303 305 310 311 312 313 314 315 317 325 326 327 328 329 330 332 333 334 335 336 339 344 346 350 354 357 359 362 364 
93 125 130 140 144 156 191 217 255 258 270 277 278 293 303 311 321 353 364 
2 1 123 131 133 134 139 143 146 158 159 161 166 173 175 176 178 179 185 188 191 193 198 199 201 204 207 208 209 217 222 229 232 234 235 243 247 248 251 258 264 268 270 285 286 299 305 318 322 323 327 340 342 346 347 348 349 351 354 357 361 363 364 
152 125 126 135 137 139 145 148 149 155 156 161 162 168 172 177 178 180 182 195 201 202 213 217 219 221 223 225 232 233 238 239 242 248 249 255 259 263 266 267 271 281 286 289 294 296 307 311 313 322 323 324 335 338 342 343 353 355 365 
110 232 239 268 280 289 361 
27 1 126 129 131 133 136 138 141 147 154 159 162 164 165 166 167 183 186 188 193 198 199 200 203 209 217 221 222 225 230 232 233 234 243 245 257 259 261 268 269 274 275 286 292 293 298 300 315 316 323 325 329 330 336 340 345 346 349 350 359 360 363 364 366 
80 124 127 128 134 136 137 142 144 154 156 158 162 170 177 180 184 186 188 192 194 197 200 207 209 211 217 220 226 237 239 241 244 245 253 254 258 265 272 273 274 275 285 291 298 304 308 309 315 319 320 324 325 326 328 331 335 338 341 344 349 353 354 357 361 362 364 
233 126 129 138 159 171 179 187 199 205 223 232 262 267 268 270 282 308 310 314 322 337 361 
120 127 137 138 141 147 156 166 168 180 182 185 187 198 199 205 207 210 211 236 240 255 270 272 286 309 320 321 336 346 360 
225 132 140 141 146 149 150 152 162 168 184 188 194 201 203 213 218 221 228 231 238 247 257 258 260 263 264 266 273 276 277 286 289 290 292 297 299 301 302 303 314 315 317 319 326 327 329 341 344 345 347 352 357 358 362 
218 1 126 128 130 132 139 143 145 146 147 150 154 156 171 178 181 183 185 186 189 190 192 197 198 200 201 202 203 204 206 207 209 210 211 212 214 215 217 220 225 226 230 240 242 250 255 257 258 262 265 267 271 272 274 277 280 281 287 293 295 300 301 302 308 310 311 312 313 322 323 326 328 330 332 333 336 337 342 348 350 366 
188 123 136 137 142 153 161 166 172 180 182 187 196 214 219 248 253 265 269 271 278 279 280 286 287 299 311 317 320 327 333 334 348 352 354 359 
206 1 123 125 126 127 134 135 138 142 143 144 146 147 148 150 154 155 159 160 173 178 183 184 188 190 194 195 199 201 206 211 212 213 214 218 219 225 230 232 235 236 237 243 244 247 254 256 257 258 259 263 264 269 271 272 274 275 276 277 280 281 282 284 292 293 294 296 297 298 301 308 309 312 313 315 317 318 319 321 326 334 336 338 339 340 345 346 347 348 351 354 355 358 359 361 365 
143 1 124 125 129 130 131 133 134 135 141 147 148 149 154 157 166 172 178 179 181 182 189 203 223 224 229 231 235 252 253 260 263 264 266 272 273 276 277 282 285 291 296 298 299 301 317 323 333 341 349 350 352 353 356 357 359 361 362 363 
150 248 357 
247 130 139 148 164 177 234 259 282 
1 161 185 217 219 223 258 288 329 351 358 
23 126 128 144 145 149 153 160 162 168 175 177 181 186 192 200 210 220 225 229 238 241 260 262 275 276 277 286 311 323 327 337 340 358 363 
187 297 
19 123 125 127 128 129 132 134 136 141 142 144 147 151 154 158 160 163 165 169 170 173 174 180 182 183 184 188 189 190 193 197 199 200 202 203 208 214 218 219 222 223 227 228 230 233 234 238 239 241 243 245 249 255 257 258 259 261 262 263 271 275 279 282 284 287 289 297 301 302 311 315 319 321 326 327 330 331 334 339 342 344 345 347 348 349 354 355 357 360 362 363 364 365 
78 125 132 136 139 145 146 147 151 153 179 183 186 195 198 203 205 211 213 226 229 233 243 246 248 260 263 266 268 271 275 276 279 280 285 289 295 298 305 308 309 311 321 324 331 334 341 342 348 355 359 360 366 
71 124 125 129 134 136 137 138 143 144 151 152 153 155 158 159 162 169 173 175 178 179 180 181 184 185 192 193 195 199 201 203 204 205 215 228 229 230 235 239 241 242 248 250 252 256 257 258 259 260 262 264 266 268 272 283 284 285 286 288 291 293 295 296 299 305 306 309 310 311 313 318 319 325 328 329 331 335 337 340 345 349 350 353 361 362 365 
21 1 124 126 127 129 136 147 148 150 155 156 157 160 166 168 169 171 172 173 176 178 180 188 190 192 194 195 209 214 216 217 219 220 223 224 229 231 235 236 245 249 255 260 261 263 278 279 283 288 290 292 294 298 300 302 304 306 307 315 317 318 328 332 336 342 343 345 347 348 349 350 352 353 358 
31 126 129 141 144 145 146 147 152 153 154 156 158 161 165 169 170 171 172 173 175 176 178 184 187 207 213 215 221 227 228 231 233 238 239 241 242 244 246 247 252 253 255 262 273 275 279 280 281 289 290 292 294 295 297 299 303 311 318 324 329 336 340 341 342 343 345 346 347 355 356 366 
169 131 135 138 143 144 150 152 156 158 159 162 176 179 186 190 193 199 213 220 223 226 229 233 238 252 255 256 257 259 263 265 275 281 294 297 302 303 306 309 319 320 332 334 337 340 341 343 348 350 364 
199 1 123 124 125 127 130 131 134 137 140 141 142 146 147 151 154 161 168 172 175 176 178 180 183 184 196 198 199 200 202 203 204 205 206 213 217 218 219 221 227 230 231 232 240 243 245 247 248 252 253 258 262 273 274 280 283 288 289 293 294 297 299 300 303 306 311 312 314 315 317 318 327 328 330 331 332 335 336 338 343 344 346 351 353 354 355 358 360 362 363 365 
272 124 130 133 137 138 146 152 158 165 169 171 173 179 182 187 192 197 198 202 205 207 210 211 212 222 225 230 231 240 241 242 243 244 246 255 257 263 269 273 274 275 278 279 283 284 285 295 296 297 300 301 305 313 314 315 322 331 332 339 346 347 349 350 359 360 364 
5 131 132 137 143 159 160 165 200 217 219 238 250 265 268 273 281 307 313 340 348 353 356 361 
98 1 126 128 131 135 139 149 150 152 155 163 164 166 169 173 174 179 180 192 202 205 212 213 214 218 219 222 223 225 228 231 235 238 241 246 247 249 257 261 264 265 266 277 279 280 281 282 289 293 294 295 298 302 309 312 318 330 333 339 347 349 351 353 360 
289 155 170 188 199 205 216 223 231 238 248 249 253 286 298 300 310 339 352 354 364 
293 128 132 135 137 138 139 141 148 150 153 155 156 158 160 162 165 172 175 177 178 180 186 187 188 190 194 197 201 205 207 210 212 214 216 223 224 226 228 234 238 246 247 253 254 261 263 265 276 278 280 282 284 286 288 289 293 297 299 301 305 315 320 327 330 333 334 337 340 349 350 351 358 361 364 365 
237 124 126 127 131 132 134 138 139 140 141 143 144 146 147 149 151 154 155 156 159 160 163 171 173 174 175 180 182 184 186 188 194 197 199 203 204 205 211 215 216 218 221 223 230 232 233 234 235 236 237 238 244 249 252 256 257 258 263 264 270 272 276 282 283 285 287 291 297 300 301 304 309 310 311 314 315 316 324 329 332 338 339 341 342 346 348 350 351 352 353 354 357 363 365 366 
46 1 129 132 148 158 160 161 165 166 167 169 170 178 186 191 196 201 203 206 207 211 215 216 224 225 226 228 232 233 234 235 236 240 251 252 253 255 260 261 264 265 266 268 271 275 276 278 282 283 285 293 294 296 298 300 307 308 310 311 312 316 317 323 325 326 327 330 331 332 335 339 340 346 347 348 351 355 359 364 365 
284 1 123 126 128 131 132 133 134 138 139 142 149 154 163 167 169 170 176 182 183 185 188 195 196 197 199 200 214 218 224 226 229 230 237 241 243 244 250 252 253 255 257 260 261 262 263 270 278 279 280 281 282 288 290 292 295 296 298 299 300 302 303 304 311 315 318 319 321 326 328 333 346 348 354 356 358 359 361 362 364 
156 124 126 133 147 148 150 153 157 158 162 163 164 171 172 173 176 178 184 186 192 196 199 200 202 203 204 206 207 211 215 217 219 220 222 229 230 232 233 240 242 244 245 247 248 251 254 256 260 261 263 264 266 268 272 274 281 287 288 293 296 298 299 300 303 305 306 308 313 315 317 319 324 326 328 329 330 331 333 335 336 337 338 340 341 347 348 351 356 357 361 364 
188 127 141 162 163 176 181 190 196 197 202 206 213 250 263 291 292 325 333 337 338 342 343 
175 124 131 132 138 139 141 144 145 148 151 152 153 156 157 159 161 163 170 171 172 173 180 182 183 184 187 188 189 191 192 194 196 197 199 200 201 203 205 207 209 212 215 217 220 224 225 227 228 229 230 233 235 239 241 249 250 254 255 256 258 263 264 267 272 273 275 278 280 282 283 284 292 293 298 301 305 306 310 311 313 322 323 326 327 328 329 330 332 333 337 339 340 342 346 349 355 360 361 362 366 
27 123 124 126 129 131 132 133 134 137 142 146 147 151 159 163 168 171 175 177 179 183 184 185 189 190 193 194 202 213 216 220 224 226 228 230 232 235 236 242 243 251 252 254 262 266 267 268 270 274 275 278 282 294 296 297 300 301 303 309 311 313 320 322 326 327 328 330 331 333 342 347 348 351 355 356 358 364 365 
173 123 127 128 129 130 132 134 135 136 141 149 151 152 155 157 158 161 162 167 176 177 178 180 183 185 187 194 196 198 202 203 205 206 208 209 211 212 218 222 223 224 227 228 229 230 231 238 241 242 245 246 247 249 250 251 254 255 260 261 262 264 269 273 276 277 278 279 282 283 287 290 291 294 297 301 303 310 314 315 317 319 322 325 326 330 331 333 334 335 337 339 341 351 352 356 358 359 361 362 365 
270 131 135 149 153 155 157 160 161 165 166 173 178 181 186 190 191 193 196 205 207 208 209 211 213 214 220 232 244 247 250 252 254 258 263 265 268 270 275 277 279 286 287 290 292 298 306 310 315 323 333 335 337 342 352 353 354 356 
299 123 130 133 139 151 154 156 162 163 166 169 176 180 184 186 188 192 194 198 204 205 206 208 212 219 223 225 238 250 257 258 265 266 267 268 270 271 272 274 277 283 284 287 298 309 315 318 319 327 336 338 339 342 344 348 363 365 
178 124 128 131 132 134 137 140 158 160 161 169 175 180 181 182 187 191 197 201 204 209 211 217 220 223 224 228 232 234 239 248 249 253 254 256 257 259 262 263 264 270 271 276 278 281 285 293 301 311 312 313 316 317 321 325 327 339 341 342 345 349 350 352 363 365 
233 125 148 149 159 167 168 174 189 219 230 241 243 251 253 260 261 264 305 310 312 322 324 328 329 335 355 358 362 365 
112 137 222 241 281 322 
261 124 125 126 131 133 134 137 138 141 145 149 151 166 179 180 181 189 207 222 227 229 230 246 255 258 259 260 262 274 278 283 288 289 290 292 294 296 298 299 300 304 310 318 321 323 325 328 331 346 347 348 349 350 354 356 361 365 
156 123 129 139 152 156 158 167 180 197 199 204 208 220 228 253 259 265 287 309 311 315 316 322 337 345 348 356 
28 124 125 127 134 137 141 143 149 151 153 159 166 167 173 179 195 196 197 205 207 220 225 227 245 246 248 250 259 261 267 268 275 286 288 291 303 306 308 310 323 324 328 339 340 344 360 
24 123 125 140 143 146 147 152 158 165 167 170 176 178 183 186 193 201 206 209 215 217 220 221 224 225 235 238 257 259 265 266 276 277 280 283 293 300 301 313 315 316 317 318 320 322 325 328 332 335 336 339 344 348 356 363 
284 1 127 132 136 145 146 152 160 164 170 193 196 197 201 203 207 209 214 221 232 235 236 245 246 251 252 258 264 269 273 275 282 284 286 287 293 297 298 311 312 320 321 322 325 327 331 337 338 342 349 355 356 359 360 
225 1 132 134 136 138 140 141 142 144 149 160 162 163 164 174 178 183 186 187 191 192 194 195 196 197 199 201 203 205 207 210 215 217 219 222 225 233 235 236 237 241 246 248 250 263 266 267 268 269 272 274 275 279 282 288 290 291 297 303 304 307 310 313 318 325 326 327 330 331 334 336 344 345 346 347 348 349 351 357 359 
111 123 124 138 140 141 147 151 153 157 161 162 181 183 186 187 191 192 193 196 202 205 207 208 211 212 214 215 216 217 221 224 226 232 234 239 242 244 245 250 251 252 261 263 264 266 268 271 274 276 279 284 289 290 291 292 295 296 302 304 306 308 311 312 313 314 319 323 325 327 329 332 333 334 335 337 344 345 349 352 356 
34 1 123 133 134 135 136 137 141 142 144 148 150 151 152 161 168 169 171 174 176 177 182 183 184 185 193 194 201 203 207 209 210 213 215 216 218 220 222 225 226 228 230 232 233 236 237 240 243 245 248 249 252 262 265 270 273 284 286 288 289 290 293 295 298 300 305 306 307 310 314 315 320 330 331 334 335 336 337 338 342 344 347 352 356 357 359 360 362 366 
222 130 172 211 221 229 248 317 
169 124 126 129 134 135 136 141 145 153 154 157 161 165 168 174 177 188 189 193 194 195 199 204 207 214 224 230 232 234 240 242 244 248 249 250 251 254 256 261 265 268 270 272 274 277 278 287 289 301 303 304 306 314 315 319 320 321 325 329 330 334 345 346 348 357 359 362 
81 123 124 126 127 128 137 139 140 160 161 168 170 171 176 184 194 200 201 204 208 210 212 213 216 217 221 222 224 225 228 229 234 237 239 240 242 245 249 261 265 266 268 269 276 278 280 284 288 289 290 294 295 296 298 302 307 309 313 314 322 325 330 331 332 334 335 338 341 343 345 346 347 357 359 360 361 362 363 364 365 
199 127 131 163 168 199 212 214 219 226 227 231 234 237 251 255 264 269 275 299 300 309 313 319 
158 123 126 128 132 133 136 142 144 147 149 153 155 162 165 168 169 171 176 177 182 183 186 188 189 193 201 204 205 208 213 215 216 219 226 229 236 237 238 239 240 241 244 245 246 250 251 253 255 257 262 265 266 267 268 269 273 274 275 277 280 289 290 291 293 296 302 304 305 309 311 312 316 321 322 324 328 330 331 332 335 336 339 340 341 346 349 355 358 360 363 366 
35 123 124 125 133 135 136 137 139 145 149 153 154 155 159 161 162 164 167 169 171 172 174 180 185 186 188 193 194 202 203 208 216 217 225 226 227 228 231 233 234 243 248 254 256 263 265 266 267 268 272 274 278 279 280 283 287 289 291 292 293 297 298 299 302 307 308 310 313 314 316 317 322 323 325 327 329 331 332 335 340 341 343 345 347 348 350 354 355 358 364 366 
244 123 124 127 130 132 139 140 142 145 154 155 157 159 162 169 170 172 176 177 181 186 188 193 198 199 204 206 212 218 219 221 224 232 233 235 238 239 240 241 242 246 247 248 250 256 257 259 260 261 263 266 278 279 280 282 285 286 287 290 292 296 298 299 300 301 304 308 311 319 325 329 330 332 333 335 336 337 342 350 351 354 358 361 362 
294 123 126 137 138 139 142 143 144 150 153 156 157 161 162 167 168 171 174 175 177 182 193 194 195 201 203 205 208 209 213 215 218 223 227 229 235 238 240 243 244 245 246 247 249 250 255 257 265 266 270 272 274 277 287 288 290 294 296 299 302 308 310 313 314 316 317 318 319 322 323 324 328 330 331 334 335 338 340 348 349 350 353 355 358 360 362 365 366 
134 159 187 194 231 233 234 248 250 304 331 348 350 352 353 356 
273 1 125 126 131 132 138 141 145 146 147 149 150 151 153 156 159 166 167 168 169 170 174 176 181 183 187 190 193 194 200 201 202 206 208 209 210 218 224 225 228 229 231 244 246 250 256 257 260 262 264 266 267 273 275 277 281 282 283 284 296 302 305 306 315 320 324 328 330 331 334 337 338 340 343 344 348 349 350 352 354 357 361 365 
286 125 128 129 134 139 141 151 152 153 154 159 163 166 167 168 172 185 187 190 192 198 202 211 214 215 216 219 222 227 229 237 240 244 248 249 251 257 262 266 268 272 275 290 292 294 299 300 301 302 305 308 320 330 334 335 336 344 346 353 359 364 
94 134 138 147 149 155 167 174 188 190 203 214 218 225 229 230 231 233 234 238 245 255 265 273 281 298 306 311 315 364 366 
85 124 134 140 143 145 147 148 151 153 154 163 168 172 177 182 184 190 196 200 205 206 207 209 211 213 214 215 217 220 222 228 229 230 232 233 239 240 241 243 245 249 255 257 259 261 262 274 283 284 286 288 290 292 295 298 303 308 311 319 321 324 329 330 334 338 339 341 343 344 353 365 
270 125 131 132 134 141 145 150 152 154 156 161 163 164 171 173 177 178 179 184 187 188 190 192 193 194 199 204 206 208 215 219 226 231 234 237 238 240 243 244 245 248 265 266 267 269 271 273 274 275 277 279 280 281 283 287 289 291 297 299 301 303 316 325 326 329 330 333 337 341 346 349 351 354 357 358 362 363 364 
239 1 124 127 128 131 132 134 137 138 141 142 143 148 155 161 167 171 173 175 181 182 188 193 195 197 201 202 206 209 213 215 216 220 222 223 224 226 229 231 233 234 241 245 247 248 249 251 257 260 261 264 267 268 271 274 276 281 282 283 286 288 289 291 292 294 295 302 305 308 310 312 316 322 334 335 338 343 345 347 349 352 355 357 361 362 364 
101 125 130 132 134 141 142 145 146 148 152 157 158 159 162 163 164 165 171 173 176 177 178 180 181 184 197 198 201 204 205 206 209 218 219 220 223 228 232 237 241 244 245 246 255 261 265 268 271 272 276 278 280 282 287 289 291 293 294 299 301 308 321 325 327 330 332 334 335 341 343 344 345 348 353 358 363 
207 124 128 129 130 132 133 135 141 142 145 147 149 150 151 154 157 162 164 165 181 182 183 188 189 190 191 192 199 202 206 208 214 215 217 219 225 226 227 229 235 237 239 244 247 250 255 256 257 258 263 265 267 268 270 282 288 289 300 303 313 315 316 318 319 326 327 328 333 334 338 342 348 351 352 361 362 363 366 
157 1 331 342 
269 128 133 134 136 137 138 140 147 149 150 154 155 159 160 166 167 172 173 174 177 178 181 186 189 191 192 193 199 203 206 207 208 210 215 229 234 235 237 238 240 245 248 250 251 252 254 255 261 264 269 273 275 279 283 286 290 292 294 295 297 305 319 321 324 328 332 333 334 336 342 343 345 348 351 352 354 359 363 
77 235 319 
37 124 125 128 135 142 144 145 150 151 153 154 156 157 158 161 167 168 171 172 175 180 181 189 195 197 200 201 208 210 215 216 217 219 220 225 227 233 234 235 238 240 244 247 248 249 252 262 263 264 265 266 267 272 273 275 276 277 279 284 287 295 297 298 305 307 308 309 313 314 322 323 325 327 331 333 334 336 338 341 342 344 347 348 356 357 364 366 
126 125 131 135 141 143 144 156 158 163 179 180 184 185 188 197 199 203 208 211 214 225 230 233 234 235 240 244 246 248 250 258 259 260 261 266 274 275 276 277 284 288 289 292 293 294 295 297 298 301 302 303 307 309 313 315 316 318 319 323 331 334 335 338 341 342 343 348 350 361 362 363 
20 123 129 130 131 132 134 139 143 145 146 147 148 153 155 156 162 164 165 166 167 170 171 174 179 180 183 184 187 191 198 201 202 203 205 207 210 212 225 228 229 233 237 242 243 245 246 248 249 255 259 260 261 263 267 271 276 278 279 285 287 288 289 292 295 297 302 304 305 307 309 310 314 318 320 323 324 331 333 334 335 336 337 339 343 345 351 353 355 358 360 364 366 
203 124 180 239 320 347 
266 127 134 135 140 144 148 153 156 157 164 169 172 173 176 182 192 196 199 200 209 212 216 218 229 231 239 241 244 247 248 249 250 253 257 260 271 273 274 275 278 279 280 292 294 297 300 318 320 322 324 325 327 328 329 331 333 334 339 340 341 345 354 355 357 366 
22 138 158 189 203 207 221 239 244 275 308 320 340 347 349 354 
5 1 127 131 134 138 145 146 149 150 151 163 164 167 169 182 183 185 186 188 189 190 194 199 205 221 223 227 228 238 246 249 250 257 260 266 268 273 278 284 288 292 300 301 305 313 318 326 329 330 332 334 339 340 342 352 355 356 364 
229 129 135 138 141 142 144 153 154 157 159 164 165 176 182 188 191 199 204 209 213 217 220 221 227 229 232 234 237 238 241 247 250 262 265 268 270 271 276 278 281 288 289 294 296 300 303 304 305 311 316 317 330 340 346 348 350 353 362 365 
39 162 228 274 
266 1 132 139 155 166 168 173 175 192 195 199 208 211 224 234 260 270 283 294 297 301 306 339 343 358 
291 194 239 240 244 272 336 
244 125 126 127 132 134 141 142 156 159 161 164 166 169 170 174 175 183 184 196 197 198 205 214 224 227 229 231 232 233 237 241 248 249 262 270 276 279 280 292 294 303 309 313 316 318 326 330 331 332 335 342 346 348 356 359 362 
137 158 181 197 210 211 212 213 214 217 223 227 240 243 247 293 324 348 349 354 362 
252 124 126 127 128 130 131 132 140 142 144 150 155 157 164 167 171 180 186 191 192 193 194 195 196 200 203 207 208 210 212 213 214 221 226 229 231 234 236 244 249 250 252 257 262 266 269 271 272 273 284 286 288 290 291 293 294 295 297 298 301 305 306 307 313 318 322 325 328 334 338 343 346 349 351 354 357 358 360 
18 125 126 127 130 134 137 141 143 148 149 158 161 169 170 177 180 182 184 187 188 191 192 196 197 198 204 206 207 214 218 222 223 229 233 235 241 242 244 247 249 254 258 263 267 268 273 274 275 279 281 282 286 289 291 298 300 304 305 313 314 315 317 324 325 330 332 336 337 339 340 344 345 350 351 353 354 355 357 361 
194 123 133 141 147 148 149 153 159 160 170 187 206 230 232 247 248 263 275 278 279 282 286 303 304 312 323 324 331 340 350 362 
265 123 125 130 134 136 138 139 141 142 149 153 154 157 158 160 163 167 174 179 180 181 186 187 189 191 199 205 208 211 212 215 216 219 225 229 230 236 237 240 241 245 250 255 258 260 264 268 275 277 282 283 284 288 289 290 298 301 302 304 305 306 308 310 311 312 316 318 319 320 321 323 326 327 337 342 345 348 349 350 351 352 355 357 361 364 
253 127 134 135 139 153 159 161 163 165 166 189 191 195 204 206 208 216 224 226 233 245 247 248 251 255 256 261 262 277 287 296 300 301 307 323 327 336 341 342 353 354 359 360 361 364 
283 160 162 194 214 244 247 280 
251 136 137 190 195 207 210 234 246 253 254 265 293 300 311 340 355 364 
266 123 131 134 136 137 139 140 143 146 148 149 152 155 156 157 159 161 162 163 166 167 168 173 174 176 179 181 187 189 190 193 194 195 196 197 202 204 212 213 216 218 222 224 225 227 228 230 233 236 241 245 252 254 256 259 260 262 270 272 275 277 279 280 281 282 283 285 292 295 296 297 298 301 302 305 311 313 321 326 332 335 338 339 343 348 350 351 352 355 362 363 365 
123 130 134 155 157 176 179 186 203 206 211 212 219 226 242 243 246 249 252 253 255 257 259 260 265 275 276 282 285 287 288 291 292 297 309 323 325 326 330 341 359 363 
7 131 132 140 142 143 145 162 188 208 211 212 218 219 224 232 234 236 239 240 241 248 255 260 264 267 272 275 278 302 305 317 324 328 330 332 333 334 336 348 349 353 363 
230 141 146 155 157 173 193 200 211 230 246 251 256 303 306 334 338 343 
262 129 156 164 171 178 186 196 202 203 206 221 231 241 244 247 254 257 259 270 275 280 290 294 299 304 307 308 320 334 349 352 358 363 366 
76 123 124 125 127 129 134 135 137 138 141 142 144 151 152 153 154 162 165 170 171 174 177 181 182 184 185 190 191 194 196 200 206 207 208 210 212 213 219 221 223 225 228 231 234 235 237 243 244 245 250 251 258 259 261 262 264 268 273 274 276 278 279 282 284 285 287 291 296 297 300 309 317 323 327 330 334 342 343 345 348 349 350 354 358 362 364 365 
36 123 126 128 130 133 134 139 140 142 144 145 146 149 153 155 157 158 170 173 176 177 178 179 187 191 195 196 199 200 201 203 204 205 212 213 217 219 220 224 228 232 234 236 238 241 244 245 246 259 260 261 263 265 268 271 274 280 282 283 287 288 289 290 292 296 301 302 305 307 309 310 312 313 314 315 316 317 319 322 327 328 338 345 347 350 351 354 355 356 358 359 362 365 
287 124 126 128 142 152 153 160 167 168 173 174 175 184 186 194 203 205 206 211 214 219 220 221 223 225 226 227 229 237 238 243 245 247 249 251 257 258 259 265 268 275 276 285 287 291 295 298 302 306 311 312 313 317 319 320 325 329 331 335 336 337 344 350 353 355 362 
189 1 135 138 139 186 192 201 202 211 212 223 224 242 244 255 260 261 262 269 281 295 304 314 315 324 335 336 340 350 351 361 364 
160 1 123 142 150 170 188 203 216 221 226 233 234 246 249 258 263 279 282 285 291 300 304 306 307 311 314 321 324 333 335 354 356 360 
108 128 210 226 240 245 265 293 358 
181 161 200 280 296 
197 138 141 176 190 197 217 218 245 249 253 267 272 277 311 319 320 344 356 361 365 
232 151 156 173 198 200 210 218 224 232 236 258 264 285 286 287 288 297 302 314 320 322 330 339 341 344 346 358 
49 124 128 131 138 143 154 160 163 165 166 169 173 182 187 190 191 201 202 203 214 216 222 223 228 230 231 238 242 244 246 248 249 251 252 256 259 263 274 279 282 284 289 292 297 298 299 300 307 310 317 318 327 330 336 339 347 348 349 350 354 356 363 366 
63 135 137 139 144 145 149 159 161 171 173 182 185 194 205 211 227 251 269 270 276 277 279 283 284 304 306 310 334 348 352 357 
231 125 126 132 134 144 145 147 151 154 160 168 170 182 184 187 188 191 192 196 204 207 211 215 217 221 223 224 237 245 252 253 261 266 267 271 277 278 284 287 288 290 295 296 300 302 306 307 315 325 329 339 349 355 356 359 361 364 
280 124 137 147 170 182 188 193 200 203 208 209 210 212 215 218 224 233 239 240 245 252 261 284 286 306 316 317 320 325 331 334 347 350 360 364 
291 123 131 132 136 140 142 152 165 167 172 175 187 195 206 210 212 213 217 222 223 228 229 234 235 238 247 248 256 257 258 264 265 269 270 275 276 279 290 296 298 309 311 312 315 318 326 337 340 343 356 360 363 
197 129 131 161 185 211 221 223 240 244 245 247 251 268 290 338 339 344 
42 1 124 125 126 127 130 131 136 138 139 141 142 145 149 151 153 156 157 161 164 165 167 170 183 185 186 189 199 200 202 207 219 226 231 235 243 246 256 271 272 273 282 285 286 287 292 295 296 300 303 306 308 314 319 321 332 333 338 345 346 354 358 361 363 
70 1 134 161 164 167 169 171 179 195 197 239 248 254 255 257 277 283 289 293 294 335 339 353 
262 1 123 126 127 133 137 151 153 156 161 165 166 170 177 182 185 186 188 189 192 194 196 201 203 209 214 217 219 221 223 225 227 229 236 243 246 250 251 254 264 269 272 274 282 284 287 292 293 300 302 306 312 315 319 323 324 332 333 334 335 336 338 339 340 342 344 349 354 356 357 361 362 
56 123 125 126 127 128 129 134 135 140 142 144 146 147 153 167 168 170 173 174 181 188 190 191 194 202 206 208 211 213 216 218 219 225 226 228 239 241 243 244 250 252 254 259 261 268 272 274 276 280 283 287 288 289 291 294 302 305 306 309 310 312 314 317 319 322 324 340 342 349 353 355 357 359 364 
163 127 128 133 136 138 149 155 156 157 158 169 182 191 209 225 238 241 289 293 295 298 305 307 316 325 336 345 348 356 360 362 
69 130 138 145 151 152 154 158 160 165 168 172 173 176 188 195 196 205 207 226 227 231 236 238 241 244 246 264 267 272 274 275 280 283 295 297 300 303 314 315 317 322 328 329 333 341 344 346 348 350 351 355 
148 125 127 130 134 135 144 145 147 148 149 152 154 158 161 163 166 167 171 177 181 188 189 191 192 193 205 207 212 214 217 222 224 226 227 232 233 234 236 241 243 245 246 247 256 259 264 266 267 269 275 277 280 283 284 288 291 292 293 295 300 303 306 307 309 314 318 322 323 324 325 330 331 334 335 336 339 344 346 347 348 350 356 358 361 362 365 
279 123 126 131 132 133 135 139 140 146 151 158 163 166 169 173 175 176 178 179 186 190 194 197 199 200 203 211 213 214 222 226 232 233 235 236 237 246 255 258 259 260 263 265 267 268 270 273 275 277 278 282 295 296 297 299 302 306 313 321 323 325 327 334 336 337 339 344 346 354 358 359 361 363 364 
93 126 134 135 140 149 152 153 159 161 162 163 168 169 171 178 179 184 186 189 192 196 198 201 202 205 210 215 220 225 230 231 233 241 244 252 253 258 275 278 282 285 289 291 294 297 298 302 306 309 311 313 315 316 317 318 327 330 332 333 334 335 340 343 346 349 353 359 361 363 364 365 
83 130 133 135 141 142 143 147 148 157 158 159 167 168 169 170 174 175 177 178 179 181 182 187 192 194 202 204 205 209 210 211 212 217 223 228 232 233 240 243 247 248 249 256 259 263 264 267 269 271 272 274 275 277 279 282 291 296 297 299 307 308 310 312 315 316 318 325 327 328 329 330 332 333 336 343 344 345 346 348 361 364 366 
89 125 128 130 132 134 136 137 141 142 147 148 150 151 158 162 163 164 168 170 174 179 180 182 183 185 186 187 188 190 193 204 213 215 218 220 224 225 226 227 230 233 236 237 240 243 244 245 247 250 251 255 256 262 270 275 276 281 283 287 290 293 295 298 301 305 307 310 312 316 317 319 320 321 326 327 328 331 332 333 336 337 340 346 347 348 352 353 358 359 364 365 
10 138 186 232 272 313 316 338 350 
135 125 127 133 134 139 147 165 170 175 179 180 181 194 198 202 214 220 228 233 236 254 271 278 279 280 289 300 312 314 323 328 338 346 349 352 354 358 
110 128 129 131 133 135 136 139 141 142 143 146 151 156 158 159 166 169 175 180 191 210 211 212 213 220 223 226 230 232 235 236 237 245 246 249 252 259 261 272 273 274 276 279 282 284 285 290 291 293 295 298 306 319 322 328 342 343 344 345 348 350 354 356 358 363 365 
114 123 128 130 133 137 139 140 142 144 147 148 155 157 159 161 164 166 168 175 183 189 205 207 209 217 218 219 220 221 224 226 230 234 246 249 251 252 254 258 259 263 264 266 270 272 273 275 279 280 283 286 288 289 290 293 296 301 308 309 311 314 321 326 331 339 341 344 349 351 354 355 356 360 361 362 
263 123 127 128 133 134 140 142 144 159 169 177 183 196 214 217 219 246 250 254 258 260 263 275 276 285 291 296 298 307 322 325 328 329 336 341 354 356 366 
114 125 126 130 139 148 151 156 158 159 167 169 173 175 180 181 182 183 188 193 194 198 202 203 204 209 212 216 218 222 224 228 232 233 237 241 253 259 260 267 269 271 272 275 276 279 284 287 289 297 298 300 301 305 308 309 315 316 318 327 335 339 340 343 348 350 354 356 363 365 
42 139 168 197 219 225 226 241 268 298 350 357 359 
109 1 136 137 156 157 158 159 162 163 169 172 173 178 179 180 186 191 197 198 199 201 203 216 219 220 234 235 243 254 257 260 263 269 279 283 285 287 288 290 292 295 300 301 306 308 309 313 318 322 325 328 329 331 332 336 344 354 356 360 361 366 
144 123 134 142 151 152 157 161 178 189 198 199 218 224 232 245 249 251 254 256 267 269 280 282 301 325 335 341 350 356 361 
51 211 
208 124 125 128 130 132 137 138 140 143 147 149 150 153 157 160 161 169 170 172 177 178 180 181 183 186 191 193 196 204 206 210 216 217 219 222 224 232 235 236 239 242 243 248 249 251 252 259 260 262 267 276 277 278 279 280 283 286 287 289 298 299 302 316 328 329 334 345 346 351 353 355 364 
129 142 158 171 184 200 202 206 211 223 226 247 260 283 288 292 300 344 
255 1 123 126 127 128 134 136 140 144 148 149 150 151 152 156 160 161 162 165 166 167 175 178 179 181 183 187 189 197 198 199 200 202 207 208 210 212 213 214 215 217 220 223 225 227 231 237 239 240 243 249 252 265 271 273 276 280 282 286 288 289 292 294 295 300 301 304 306 315 317 318 321 323 325 326 329 330 331 337 338 342 345 351 353 359 361 
180 135 136 141 147 150 154 158 160 166 168 170 171 183 186 187 195 198 203 205 208 209 211 216 217 228 229 231 234 240 243 247 252 256 259 273 282 295 297 300 309 310 311 323 324 335 337 340 344 346 348 354 357 359 362 
114 125 132 133 144 148 149 150 153 154 161 172 181 182 183 185 186 187 188 191 194 195 197 201 203 204 208 209 211 217 219 221 224 225 226 227 230 232 233 235 238 240 241 244 247 248 252 254 256 258 260 262 266 269 272 274 275 277 279 280 282 283 285 289 293 294 295 298 300 307 309 311 313 314 321 322 326 327 328 330 332 333 335 336 339 342 343 351 357 360 361 362 364 366 
153 1 123 124 127 134 137 146 158 161 168 172 175 178 179 180 182 189 194 197 200 203 207 213 216 217 221 225 229 233 240 246 248 256 257 261 262 263 269 270 271 272 273 276 281 286 287 302 304 311 320 323 328 331 333 335 337 342 343 345 357 359 365 
242 124 130 133 134 135 138 145 148 149 151 155 157 158 159 162 169 176 178 179 182 185 187 194 197 201 204 211 212 217 219 221 223 229 233 235 238 244 245 247 250 254 255 256 257 258 260 261 265 266 269 272 276 279 280 285 290 291 293 294 297 300 301 305 306 307 308 309 314 317 318 321 332 338 344 356 357 361 362 
11 196 198 233 241 
216 125 127 129 134 136 145 168 174 183 193 194 195 198 206 209 212 213 215 224 226 228 246 250 251 256 262 269 280 290 291 298 322 328 338 342 345 346 349 355 360 361 
104 1 123 124 127 130 137 138 154 157 159 163 169 173 174 177 180 181 184 185 186 189 197 211 212 213 215 219 223 237 240 241 247 252 255 256 257 260 261 273 276 278 282 283 286 291 294 297 306 309 311 313 324 329 331 343 344 346 347 361 363 366 
272 125 126 129 139 142 143 147 149 156 170 171 173 176 177 178 179 180 182 183 185 186 189 198 199 204 206 207 208 209 212 213 217 218 221 223 226 227 228 235 237 240 242 243 247 254 258 268 269 272 273 277 280 284 285 286 289 293 302 303 304 311 314 315 320 322 324 325 337 339 341 344 350 352 360 363 365 
182 123 124 125 126 127 130 133 138 139 141 142 143 144 149 150 151 155 157 158 162 163 167 172 173 175 178 188 193 195 203 204 207 208 210 211 212 217 218 220 231 232 239 240 241 242 243 248 249 254 255 258 259 262 264 269 274 277 278 279 281 285 286 288 289 291 294 295 297 298 306 307 310 313 316 320 321 323 326 330 332 335 340 343 344 348 352 354 355 356 357 360 
1 124 125 130 133 140 144 147 154 158 160 161 162 163 168 177 178 181 184 185 186 191 192 193 198 201 202 203 207 208 209 210 213 214 217 219 220 221 223 225 226 228 231 232 238 239 243 245 246 247 253 256 259 260 261 262 263 265 268 269 270 272 273 275 277 278 279 280 282 287 288 292 298 302 303 304 305 308 309 310 314 320 321 322 323 324 325 329 332 333 339 343 346 350 356 358 364 
289 124 129 133 139 145 146 148 150 152 153 154 157 159 162 166 170 172 174 175 180 182 183 184 185 186 201 213 215 216 217 220 224 225 226 228 229 230 231 232 235 236 237 242 251 253 256 263 270 273 277 280 284 291 294 300 305 306 308 309 313 317 320 323 327 334 338 340 342 346 348 351 352 353 354 355 360 361 364 366 
274 1 126 132 137 138 140 143 145 146 148 149 158 160 164 168 178 194 198 202 209 211 212 215 217 226 227 230 231 241 242 243 248 249 255 256 257 260 261 263 265 266 272 273 277 294 300 302 308 320 327 333 334 335 336 338 344 345 352 
158 127 135 136 139 140 143 144 145 149 151 152 154 155 156 157 169 172 175 178 181 182 187 188 189 191 201 204 205 206 207 209 211 212 219 221 223 224 225 228 229 231 232 238 242 244 249 250 252 255 256 257 259 268 270 271 272 273 275 276 281 282 285 291 297 298 300 303 304 305 308 311 313 315 324 325 332 336 337 342 345 348 350 352 353 354 355 356 362 366 
153 126 136 164 167 186 190 209 219 220 297 307 309 311 327 339 
5 1 124 128 132 140 150 161 164 176 183 190 192 193 199 200 205 207 215 224 226 228 233 237 250 256 267 269 270 274 275 289 290 295 296 298 299 312 316 321 324 327 328 329 334 337 341 344 345 346 351 361 362 364 366 
165 1 126 128 131 133 136 141 145 152 153 154 160 167 175 179 180 187 200 205 206 220 222 231 232 235 256 258 262 269 270 275 276 277 281 282 285 292 293 301 308 321 326 327 332 333 347 348 351 366 
123 124 126 138 141 147 150 153 154 155 156 159 164 165 176 178 180 201 202 203 210 213 219 220 224 225 228 229 230 237 238 241 243 250 252 259 266 275 281 284 291 296 297 300 303 309 313 319 321 329 332 341 346 348 354 356 360 361 366 
131 1 123 124 134 148 157 166 179 193 215 233 235 236 238 245 253 264 267 269 273 277 287 292 297 306 325 330 333 342 343 353 
132 126 130 134 136 137 142 143 149 153 157 162 166 175 178 182 184 188 195 202 205 207 213 218 220 226 227 228 248 254 266 267 269 272 274 276 283 287 295 296 297 302 305 306 307 308 309 312 313 316 324 325 328 330 331 333 344 345 356 361 364 
152 124 125 126 128 129 130 132 139 141 143 145 147 149 151 155 157 159 165 167 171 178 179 181 184 190 191 193 195 197 201 205 212 213 215 218 220 229 230 231 237 238 239 242 243 245 248 250 262 263 265 266 267 269 271 285 290 292 299 308 313 314 317 318 326 329 331 332 334 335 337 341 342 345 350 351 352 358 359 360 362 364 366 
76 237 362 
285 123 130 132 135 146 147 149 151 152 157 165 166 171 176 177 178 185 190 191 199 201 202 204 206 207 210 212 213 214 226 227 228 229 230 231 232 236 238 239 243 245 247 248 250 253 256 257 264 265 269 270 271 272 276 278 280 283 288 289 297 298 306 309 315 318 319 320 321 324 326 327 329 334 336 338 343 344 348 353 354 
93 135 141 146 153 155 156 157 159 164 167 181 182 189 191 194 195 200 201 208 211 224 237 242 246 258 261 265 272 282 290 294 297 303 306 307 309 317 318 319 321 330 333 338 347 350 352 
275 125 126 129 137 141 142 144 148 153 157 158 160 161 163 165 170 174 176 180 192 198 205 221 235 236 247 248 252 261 263 264 272 276 280 288 295 302 305 306 308 314 319 322 329 331 338 339 340 343 344 346 350 
264 1 125 126 127 137 141 144 147 152 158 160 164 165 167 168 171 172 178 183 187 191 193 194 203 207 208 212 214 215 220 228 233 238 242 244 259 261 263 265 269 271 273 276 280 288 294 295 297 308 309 313 318 320 324 332 338 346 347 348 350 353 354 355 363 
80 137 141 165 171 175 197 210 213 223 252 253 261 265 267 272 273 288 296 309 321 324 328 340 343 348 350 356 360 
171 123 126 129 131 134 135 137 143 145 150 151 155 160 164 165 166 170 179 187 198 200 202 204 205 206 208 212 213 214 217 218 219 222 225 232 237 238 241 243 244 247 255 262 267 269 271 272 277 281 285 286 291 292 301 312 313 315 326 328 336 339 346 356 358 360 361 366 
90 123 125 127 131 132 141 143 144 147 150 152 154 160 163 169 174 179 182 186 187 190 193 194 195 196 200 201 202 207 211 215 218 224 225 226 236 243 245 246 251 256 259 265 268 269 270 272 273 285 293 295 297 301 305 316 319 323 325 330 333 340 341 346 347 351 356 358 360 361 363 365 366 
253 126 129 135 138 144 148 151 153 159 165 170 172 176 177 178 186 191 193 194 200 210 212 215 218 227 232 238 242 243 247 249 254 257 259 261 273 278 279 282 284 294 302 303 309 311 316 324 326 327 330 332 333 337 344 350 354 355 361 
118 149 152 160 166 204 212 235 236 270 291 303 312 327 349 354 
198 130 150 156 180 198 205 272 289 349 
177 1 125 126 133 146 147 149 161 166 168 170 172 177 180 188 193 195 202 203 209 219 220 229 231 235 240 250 254 256 258 259 265 272 280 282 284 286 287 290 291 294 301 315 317 322 323 329 342 350 353 360 362 
23 141 151 185 195 201 
223 1 134 135 141 143 146 152 153 160 164 169 171 182 194 202 206 216 219 222 226 227 235 236 269 293 304 334 340 357 363 
113 124 125 126 127 128 130 134 135 139 143 148 150 151 152 153 154 155 156 157 162 165 168 170 173 174 175 178 183 187 200 206 207 208 212 213 216 218 219 220 222 225 227 228 230 236 238 239 242 254 256 257 261 264 265 267 269 271 277 278 279 286 288 291 294 295 298 299 300 305 310 312 325 333 336 337 338 342 348 350 352 365 
197 123 130 132 137 139 144 147 153 156 168 173 174 178 179 185 188 191 193 199 205 207 208 209 211 213 214 220 222 223 225 231 237 238 240 243 245 247 249 251 252 254 255 256 257 261 263 264 266 270 272 277 281 285 287 292 295 296 297 298 301 306 313 316 317 318 320 325 328 331 338 340 343 345 347 355 358 359 360 361 
136 1 123 124 125 130 131 136 139 145 149 152 153 158 160 164 166 169 174 179 182 187 191 192 193 196 198 203 205 211 218 219 224 228 233 235 237 240 254 258 265 268 270 272 283 284 286 287 293 294 297 302 304 305 307 318 321 322 324 325 326 327 330 332 335 337 340 343 344 345 348 349 352 359 360 362 364 
208 123 126 128 129 130 132 134 139 144 146 147 151 154 162 172 173 175 176 180 186 187 190 192 194 195 200 201 209 213 214 216 221 222 232 234 238 240 247 250 261 262 264 269 274 283 289 292 297 303 306 308 312 313 315 323 331 341 342 343 349 353 358 365 
135 137 138 157 165 194 221 248 260 316 339 
28 124 128 129 130 133 136 137 138 140 141 149 151 152 157 160 162 163 169 173 176 182 183 184 186 190 196 199 202 207 208 210 211 212 214 216 217 222 227 232 235 236 237 242 244 245 247 249 253 259 262 264 266 270 271 274 277 283 285 286 289 290 295 299 302 303 304 305 306 307 313 315 318 328 329 330 331 332 333 340 341 344 345 350 351 355 363 364 366 
65 283 346 
250 123 128 131 132 134 139 148 149 157 165 171 174 176 179 185 195 207 212 213 214 230 231 233 235 237 238 240 242 244 246 250 258 259 260 269 274 279 282 284 285 291 300 303 304 311 314 319 321 322 333 339 354 355 358 
64 140 176 280 292 335 347 
208 1 126 129 131 134 136 137 141 142 146 147 148 150 151 154 155 162 164 165 167 168 169 171 178 181 183 185 186 187 190 193 194 202 205 206 209 211 218 222 223 227 229 231 232 235 239 244 245 250 253 254 256 257 260 271 272 278 279 280 286 298 300 301 304 309 310 311 312 313 314 315 319 320 321 329 337 339 347 349 350 355 356 361 363 364 365 
31 1 142 150 152 158 175 183 186 187 201 204 209 215 221 233 241 249 250 253 256 257 261 267 275 281 283 284 287 289 292 295 296 298 300 305 311 316 318 324 325 329 330 331 332 336 337 339 340 341 344 345 350 354 357 
298 124 126 137 155 159 162 165 179 188 190 219 231 236 238 245 250 258 259 267 290 291 306 313 316 318 323 337 341 362 
296 123 129 132 139 141 143 147 151 153 154 155 156 157 164 165 169 170 171 174 175 179 182 190 193 194 195 196 198 203 212 215 218 219 220 221 224 225 227 229 231 232 234 237 242 247 248 251 252 258 260 270 271 274 276 277 278 284 286 287 288 289 301 303 305 306 310 312 315 317 321 324 326 329 330 332 333 336 337 339 344 348 353 354 358 360 362 363 364 
136 131 214 311 313 317 334 
44 125 131 133 135 136 138 140 141 148 152 155 157 160 162 175 176 183 184 186 190 192 196 198 206 210 221 224 231 234 235 238 242 246 247 253 259 260 264 275 276 282 285 287 288 290 294 296 298 301 312 314 315 323 332 338 339 345 346 349 365 
271 129 130 136 145 151 165 172 176 181 186 206 212 221 225 236 245 248 249 257 266 282 283 285 286 288 292 294 298 300 301 303 308 309 317 321 357 358 
160 159 243 299 
123 1 125 131 132 133 141 142 143 148 152 153 154 155 156 161 164 166 171 172 176 177 181 182 190 191 196 198 201 207 208 215 216 217 218 221 225 230 231 232 240 242 245 247 252 254 255 257 258 259 266 269 271 272 275 278 281 284 285 286 287 290 293 295 297 304 306 307 309 313 314 315 316 325 328 335 336 337 341 344 347 348 362 364 365 
239 125 128 129 135 138 139 140 151 152 162 169 182 188 193 197 198 201 203 205 206 208 209 215 220 225 228 236 249 251 254 255 257 259 261 268 274 275 277 278 279 282 288 290 293 298 302 313 315 316 323 325 330 335 337 346 349 353 356 362 363 
192 138 169 175 185 198 219 267 273 347 350 
174 1 126 128 129 132 134 136 137 141 144 152 153 159 161 162 165 166 167 169 170 173 174 175 176 178 179 182 189 191 193 197 200 201 203 206 212 213 218 222 227 232 235 237 240 241 246 248 250 254 257 258 259 260 263 265 268 269 272 274 276 279 284 285 286 287 289 291 295 296 299 303 310 311 313 314 320 321 322 325 327 328 329 333 335 336 337 346 348 352 353 356 359 362 363 364 365 
149 1 126 133 137 145 146 147 156 162 164 170 171 174 177 178 179 186 196 200 207 210 211 214 217 219 221 224 225 228 230 233 234 236 241 245 250 251 255 257 260 274 277 280 281 283 292 293 294 298 302 308 311 326 332 337 345 348 349 355 358 359 364 366 
289 128 142 144 151 154 159 160 161 180 181 183 186 191 194 207 209 210 213 215 224 225 229 232 238 243 246 251 255 263 264 266 267 273 277 280 281 282 283 284 286 297 298 304 306 309 313 314 320 322 324 331 333 334 336 337 338 342 349 363 
92 123 125 126 127 129 130 131 136 141 143 147 154 156 158 166 168 169 171 174 181 182 184 186 189 190 193 197 199 205 207 209 210 214 217 222 223 227 228 230 232 233 235 238 241 244 245 246 249 251 252 256 257 258 260 261 265 267 269 270 272 275 276 278 279 284 285 286 290 294 296 298 299 301 303 304 305 310 311 315 316 317 318 319 320 321 324 326 331 332 340 343 344 346 348 353 365 366 
60 124 126 127 129 134 143 154 155 160 162 164 166 167 168 170 173 185 188 194 195 202 206 208 210 216 218 219 226 232 234 236 243 245 249 261 262 278 279 281 282 287 288 289 291 292 293 301 302 303 305 309 322 323 324 332 337 338 339 341 350 352 353 354 359 363 
20 123 133 135 136 138 145 151 152 153 154 156 160 163 165 167 174 179 182 183 188 194 195 196 197 207 208 216 223 228 231 232 233 239 240 251 255 263 265 266 267 275 279 287 293 297 298 302 304 313 323 328 333 334 339 341 348 349 351 357 360 362 365 
189 174 267 271 360 362 
23 123 125 126 136 137 139 145 146 151 156 161 162 169 172 175 181 184 187 188 198 203 204 206 207 216 221 223 224 230 234 235 238 239 242 243 248 249 252 257 261 262 263 265 266 267 270 272 273 274 278 279 286 287 293 294 308 311 317 318 322 324 325 333 338 343 356 361 365 
109 126 130 131 141 143 147 153 154 157 161 166 168 172 173 180 181 192 193 194 195 199 202 205 211 220 224 233 237 239 240 241 243 246 247 251 254 257 261 265 267 272 281 282 287 289 293 297 298 301 305 310 313 319 323 326 330 331 338 346 347 350 351 352 358 366 
74 33 279 61 202 250 39 167 104 141 248 176 280 130 271 131 76 294 128 160 87 73 7 222 121 259 41 192 257 276 106 212 287 223 141 147 104 226 169 150 267 43 198 84 245 285 89 80 269 294 130 17 203 191 141 192 210 77 161 121 152 40 98 141 121 169 199 129 85 124 149 38 10 80 103 117 124 242 151 158 66 38 297 106 104 293 104 81 264 189 12 164 284 193 100 193 14 52 293 142 151 297 284 103 129 260 149 91 185 296 127 20 143 25 65 56 74 293 90 266 49 243 227 165 21 241 32 25 247 286 152 100 275 51 109 48 71 199 238 263 99 157 298 252 82 170 243 97 259 148 43 205 249 49 211 170 19 23 244 80 33 261 201 154 76 288 61 110 268 125 106 75 283 147 265 11 280 72 134 118 246 19 115 22 227 124 154 271 143 164 196 279 97 242 91 110 252 240 102 240 12 285 61 144 152 265 199 94 52 201 93 117 127 173 110 151 285 37 214 261 162 177 114 64 231 236 104 217 247 16 130 39 173 122 187 182 81 74 199 9 43 51 160 285 168 229 100 24 169 186 261 75 146 136 52 204 137 87 32 10 249 222 135 186 42 8 222 182 276 168 275 98 103 86 34 237 53 280 4 58 277 118 130 33 10 6 143 253 102 179 287 12 245 202 290 68 93 296 115 169 97 50 260 241 202 204 293 45 169 225 49 58 83 9 58 251 160 80 17 270 147 247 15 5 151 208 21 135 169 224 50 35 267 170 90 269 223 273 153 23 63 215 46 232 50 290 223 205 227 78 131 67 145 117 68 137 263 210 87 171 112 259 272 187 114 73 
