246 369
227 124 129 130 132 134 140 143 145 148 149 150 151 153 157 159 161 162 164 165 168 169 170 176 177 178 180 189 191 192 202 203 205 209 212 214 216 217 227 229 232 233 236 240 241 244 245 246 248 254 258 262 271 274 283 285 286 292 293 295 296 300 302 304 310 314 315 317 319 320 321 323 328 329 338 339 350 353 354 355 357 358 361 364 365 367 368 
240 136 145 147 151 153 156 157 159 166 178 181 185 190 192 194 195 196 197 198 201 203 205 208 209 226 228 231 236 237 242 243 251 260 273 274 276 282 283 284 288 296 300 301 303 305 314 316 317 319 321 323 325 326 328 332 333 335 337 341 343 345 348 352 356 365 366 369 
221 125 127 187 197 254 257 259 266 268 274 
86 1 127 137 138 145 148 150 154 155 156 160 168 169 170 175 192 203 211 212 214 216 220 236 237 245 259 261 266 270 272 273 276 279 281 282 290 293 295 302 305 316 320 321 325 329 333 340 344 349 354 
21 126 134 135 139 141 149 150 156 162 166 167 169 171 172 175 182 184 189 195 196 197 198 199 200 201 202 213 217 218 219 223 227 228 229 233 235 237 246 259 260 262 266 267 269 271 278 283 285 292 293 294 296 305 310 312 313 314 320 322 324 325 329 336 337 338 344 346 347 348 350 352 355 356 364 368 
259 125 128 129 134 136 144 151 162 167 169 173 176 181 187 192 193 199 200 203 206 207 208 212 214 215 220 230 232 235 236 245 247 249 255 257 259 264 267 273 275 276 278 290 299 305 307 308 309 310 320 329 340 352 357 362 368 
151 225 285 364 369 
105 125 128 135 136 140 157 159 161 167 168 176 182 185 192 196 200 204 206 212 216 217 221 222 226 227 228 232 245 247 249 253 265 280 288 293 297 299 304 310 315 323 334 335 336 343 344 349 354 363 365 368 
77 124 126 128 131 133 134 135 136 140 143 144 146 149 150 154 155 157 159 164 168 172 173 174 178 186 187 195 196 202 203 210 216 217 220 225 227 228 229 232 234 236 242 243 245 246 248 251 253 259 262 264 265 269 270 271 272 274 276 278 284 285 287 294 296 299 301 305 310 312 313 314 316 317 318 323 324 327 332 333 338 339 342 343 344 352 353 365 366 367 369 
46 135 137 139 143 153 156 157 158 159 164 167 188 195 197 199 200 201 206 208 219 244 245 249 252 254 257 260 261 269 270 272 284 285 286 291 298 308 314 315 316 318 321 322 324 326 337 338 339 341 343 353 356 361 363 365 366 367 
55 1 125 136 141 142 149 155 159 162 172 174 175 176 179 180 183 185 187 189 192 194 195 196 197 199 201 202 205 206 217 219 221 224 229 232 233 235 240 242 245 247 254 256 260 262 264 268 272 280 283 286 287 297 303 308 315 321 324 327 330 339 341 342 343 344 359 361 362 365 366 
232 1 125 127 130 131 133 135 136 137 140 141 144 148 153 155 160 161 162 163 164 167 168 170 171 173 178 180 181 184 186 189 190 191 192 194 196 201 202 205 209 210 215 216 217 221 226 239 240 251 258 261 264 265 266 269 270 271 275 277 278 280 282 290 291 293 294 295 305 307 310 311 313 315 321 323 324 325 327 328 329 330 336 340 342 346 347 348 353 355 361 365 366 
77 124 126 132 138 141 145 146 147 149 151 152 153 155 156 158 159 165 166 167 169 172 174 175 177 181 195 197 201 204 205 207 213 215 220 226 228 240 241 244 245 248 253 256 257 258 260 270 271 274 277 278 280 281 283 287 289 290 292 294 296 300 308 312 314 315 318 319 321 325 326 327 331 333 339 346 348 352 354 356 358 362 
85 127 130 135 139 143 145 148 149 154 155 159 160 162 163 167 168 177 181 182 189 190 196 198 201 204 205 206 222 223 224 228 235 243 245 251 255 256 257 259 261 270 271 273 275 276 277 279 281 283 285 287 290 291 294 296 297 301 310 321 323 325 326 327 329 332 334 337 338 344 352 356 357 358 359 362 
53 126 127 129 131 132 133 136 139 140 141 146 153 154 158 164 165 169 170 172 173 176 178 187 193 198 199 201 204 217 220 228 243 246 249 253 257 267 276 277 280 282 284 286 297 298 300 304 313 325 334 351 355 361 364 365 
152 125 129 132 135 136 141 146 147 153 156 157 159 160 164 171 172 174 175 176 178 182 189 191 195 196 197 198 203 205 206 207 218 219 220 222 225 227 228 230 231 232 243 246 249 252 254 259 260 269 274 282 286 289 292 299 302 304 305 315 317 319 321 324 335 337 341 345 348 355 357 358 360 363 364 368 369 
214 1 141 142 147 153 155 157 158 160 164 168 170 172 180 181 182 186 194 195 205 210 211 213 217 224 227 233 236 237 238 240 241 243 245 249 250 254 256 263 280 281 286 292 293 299 301 305 309 310 318 320 321 323 326 327 329 336 342 347 348 349 351 362 367 
158 337 
19 1 124 125 126 127 135 137 138 139 140 146 147 148 149 151 153 154 157 159 160 166 169 170 173 175 176 177 178 179 180 182 184 186 199 203 204 207 209 210 211 218 219 220 223 226 232 233 234 243 245 247 248 262 263 264 270 271 272 273 274 277 282 284 285 288 289 291 292 293 294 295 300 302 304 305 307 308 313 316 317 320 321 323 332 333 337 339 347 350 351 352 353 356 362 368 
61 126 151 178 179 192 197 247 261 264 271 294 310 322 345 350 359 360 
260 129 133 156 157 163 164 165 173 179 195 199 200 203 207 209 210 213 214 222 233 235 245 246 251 252 266 270 273 274 276 281 284 285 288 290 304 305 311 319 323 333 348 354 360 
184 1 124 125 129 130 131 136 138 139 141 142 144 147 151 155 157 163 168 172 178 181 185 187 195 201 203 206 212 214 218 221 223 228 230 235 237 239 240 241 249 250 252 253 256 257 258 259 263 266 268 273 278 279 281 283 287 291 292 293 296 300 301 312 314 316 323 326 328 330 331 335 337 338 339 340 343 344 345 358 363 
14 125 142 148 151 164 173 192 201 202 213 226 239 240 247 259 270 279 296 299 309 318 332 334 349 362 363 368 
23 1 133 135 139 144 146 150 151 156 158 160 161 167 170 173 174 178 181 188 194 197 212 214 221 225 228 232 235 239 246 247 250 251 258 272 278 279 285 286 287 289 296 297 302 306 307 308 312 316 321 326 327 328 333 334 335 336 341 342 347 351 353 356 357 358 359 365 
99 124 125 128 136 137 140 143 150 153 155 160 166 167 169 172 173 177 183 190 195 196 197 199 202 206 208 223 226 227 231 233 237 245 258 259 264 273 277 278 279 283 284 288 291 296 297 299 302 309 312 316 318 330 333 339 340 344 351 352 355 360 368 
246 124 128 136 138 141 149 152 153 156 157 158 165 166 168 175 178 182 184 185 193 199 202 204 208 210 218 228 234 237 239 245 247 250 253 255 260 263 265 266 272 274 280 282 283 290 292 293 297 298 300 310 313 316 318 330 331 332 337 340 341 342 346 347 350 353 356 366 
271 134 138 142 143 146 152 153 158 165 169 170 171 176 178 185 186 187 188 192 198 203 204 208 215 217 220 221 225 227 228 235 237 239 243 246 248 258 260 261 264 267 276 278 283 289 309 315 320 321 323 325 327 339 341 353 363 364 367 
3 124 129 130 134 135 141 148 152 159 160 161 162 163 164 166 170 171 172 176 181 183 186 193 195 208 212 221 223 226 233 238 240 241 248 254 256 257 258 261 262 265 266 267 268 269 270 278 280 281 284 291 295 298 300 301 304 306 309 311 314 321 364 369 
223 1 124 125 126 132 134 145 152 156 158 159 160 166 175 176 178 188 189 192 200 206 207 208 211 212 217 223 230 234 236 241 242 244 245 250 257 267 269 273 274 276 278 279 286 292 295 301 327 338 340 341 343 347 353 365 368 369 
30 125 126 132 133 145 146 147 155 159 160 162 167 168 169 170 171 174 176 177 181 185 186 192 197 198 200 203 204 210 215 216 219 220 221 222 223 224 226 231 233 237 238 239 240 242 245 247 248 252 253 254 255 256 257 258 259 260 262 264 265 272 274 277 286 287 288 290 292 302 303 304 307 310 311 313 316 317 318 319 321 323 324 325 327 328 331 334 341 345 348 350 352 356 358 365 367 
65 151 192 193 204 213 215 223 257 263 268 287 293 310 329 332 337 338 349 357 361 
101 124 137 147 186 188 191 244 245 281 283 286 294 303 315 352 354 366 
284 124 127 138 147 150 153 162 167 174 178 185 191 200 201 204 205 206 208 213 216 217 222 230 231 234 236 239 242 245 248 251 257 258 259 265 266 273 274 276 283 284 285 288 289 291 292 296 297 300 305 323 331 337 340 346 347 353 359 363 365 368 
153 124 150 171 174 177 182 183 190 192 198 199 210 217 228 234 235 242 245 256 258 266 278 289 295 310 313 314 338 345 361 368 
76 125 131 133 141 142 148 155 164 168 173 182 186 190 193 196 201 216 217 218 220 226 227 230 233 236 239 244 253 254 260 261 266 274 278 282 292 294 300 301 308 311 315 317 321 322 341 357 367 368 
215 1 127 128 133 137 138 141 142 149 158 161 163 166 170 172 173 179 183 191 192 201 202 203 206 216 231 234 236 240 245 247 252 254 255 256 266 268 276 280 282 284 287 289 290 291 294 296 299 301 310 311 317 320 321 323 326 327 329 334 342 344 346 348 358 361 365 
15 125 128 129 133 137 141 147 151 155 156 164 168 170 172 173 175 178 181 184 189 199 205 206 207 208 219 221 224 231 233 239 240 243 245 246 252 254 256 261 265 266 269 271 278 283 285 286 289 291 292 295 297 302 311 320 322 328 329 336 338 342 354 358 360 368 
120 161 162 168 171 218 231 248 250 271 293 294 309 323 348 357 368 
166 125 130 132 134 137 140 143 150 151 155 156 160 163 164 171 172 175 178 181 182 185 186 196 199 200 201 202 204 205 207 212 217 219 220 221 227 228 230 231 235 241 248 254 256 259 261 266 274 278 279 281 284 286 294 306 308 311 312 320 324 326 327 331 337 338 340 344 345 348 349 350 353 355 362 364 366 367 368 369 
121 126 129 132 137 142 150 154 160 164 166 179 181 185 187 193 197 208 213 216 217 227 232 242 245 247 254 265 266 268 269 271 279 280 291 300 303 310 315 327 331 337 338 341 342 348 350 352 353 359 362 366 368 
43 145 150 177 193 201 205 243 250 256 257 267 278 295 332 334 349 350 
190 124 130 133 136 138 141 152 154 155 156 157 158 159 164 165 169 183 186 188 190 191 193 196 200 206 212 219 234 236 238 241 242 246 253 254 257 261 268 269 271 274 279 285 286 287 290 299 301 303 304 309 311 312 316 331 332 333 337 338 339 343 349 350 351 352 361 363 365 366 367 
83 130 134 137 166 167 183 197 219 227 236 244 252 277 279 282 291 303 309 319 322 330 349 350 
34 125 127 146 189 192 198 215 224 226 234 242 259 270 274 285 301 355 
64 129 133 147 168 176 189 190 195 219 242 256 287 333 339 340 
115 145 150 162 174 179 181 184 186 193 200 205 206 209 211 213 250 252 259 266 268 280 281 290 297 303 309 321 332 352 365 
34 216 298 360 
57 1 130 132 144 146 147 155 158 160 162 164 165 167 168 172 175 180 181 185 187 188 192 194 196 198 204 205 211 216 221 227 228 229 233 238 239 241 245 247 252 254 255 257 266 268 269 273 275 277 280 286 287 293 296 297 298 300 302 303 308 313 316 317 322 328 329 333 335 337 339 340 341 342 345 346 349 352 355 359 363 
246 1 127 139 148 151 161 167 176 190 192 194 205 218 221 224 234 236 243 252 260 266 268 269 277 282 291 297 303 313 314 315 317 318 325 342 349 351 356 357 364 369 
252 125 130 132 136 139 143 144 150 152 155 156 171 190 192 193 216 218 222 236 240 253 255 257 259 271 275 283 290 301 321 333 335 340 344 356 366 
223 138 141 150 162 170 171 177 190 220 247 264 275 287 304 310 311 329 332 345 358 365 
257 129 130 131 132 134 136 148 151 153 161 164 165 166 176 186 187 189 190 191 193 194 197 200 202 203 223 226 229 230 231 232 238 239 242 247 256 261 263 267 270 279 281 282 283 284 288 289 297 300 312 314 319 343 344 345 348 354 366 368 
243 126 129 132 135 138 143 145 156 158 169 170 171 180 181 182 186 187 188 206 223 226 228 229 238 240 250 258 261 266 268 273 278 286 289 290 296 297 303 308 311 317 339 348 358 364 365 368 
158 124 126 129 131 134 144 145 146 149 150 152 154 156 161 163 167 170 173 176 179 180 182 184 189 192 194 195 196 198 202 203 204 207 214 215 216 217 218 220 222 228 229 234 235 237 245 246 247 250 253 261 270 271 273 279 281 282 291 293 294 299 301 304 308 313 314 321 325 328 330 332 334 344 352 354 355 356 357 360 362 
63 125 155 158 159 205 228 240 242 252 270 281 285 287 290 298 321 324 349 356 
221 129 136 137 140 143 144 147 148 149 151 153 154 155 158 160 168 174 177 178 179 181 183 184 185 186 189 190 198 201 205 209 220 221 222 224 228 230 231 239 240 241 243 250 252 253 255 260 267 269 270 271 272 276 280 283 287 288 289 291 293 295 300 301 304 307 308 309 311 321 324 326 328 329 330 334 338 344 345 350 353 354 355 356 359 360 361 364 366 367 368 369 
133 216 312 331 350 356 
89 130 133 134 137 139 142 143 147 148 149 153 154 155 157 162 165 166 172 174 175 176 187 188 189 195 201 208 209 213 216 217 220 224 228 231 236 237 238 239 240 242 243 244 246 251 254 255 259 262 264 268 271 276 277 278 280 282 291 292 293 298 299 301 304 307 308 316 317 318 319 321 323 336 338 345 347 348 355 360 365 366 368 
6 139 141 161 164 179 193 196 204 208 213 216 222 236 242 253 275 283 291 307 308 320 321 329 340 341 343 356 
264 130 135 140 142 143 147 154 157 165 176 188 197 198 203 206 209 213 220 226 228 231 233 239 242 247 252 272 277 278 279 283 289 301 304 306 307 312 333 343 357 
96 1 125 126 131 135 138 139 141 145 146 149 155 158 163 165 166 172 174 177 180 184 185 187 189 191 192 194 197 201 202 203 205 207 209 210 212 216 222 226 234 237 239 241 242 243 244 249 251 253 254 260 261 262 268 271 272 281 282 289 290 292 296 304 306 311 312 317 319 321 323 326 337 339 341 342 343 350 352 353 355 361 363 368 
79 1 124 125 129 136 142 145 146 147 151 155 175 179 193 218 219 226 234 235 240 248 251 263 269 270 278 284 298 299 300 303 304 305 308 316 322 334 335 339 343 352 353 354 360 369 
27 124 130 133 146 151 154 155 156 164 168 174 176 181 182 185 186 188 197 201 202 205 206 209 218 220 225 239 242 244 246 249 250 253 254 255 258 263 267 268 270 271 273 279 280 281 290 293 296 305 307 315 318 325 330 338 340 341 344 361 362 365 
148 138 139 140 144 166 177 180 184 189 190 191 194 196 210 218 223 233 236 240 247 249 281 288 291 299 323 327 328 335 336 340 341 343 344 361 
60 1 125 129 134 135 136 137 138 141 146 150 155 159 165 174 177 180 181 183 191 199 202 203 204 205 207 209 215 216 222 226 227 228 236 246 253 254 255 257 260 264 268 273 274 279 280 282 283 285 290 293 294 297 298 300 303 311 315 316 317 320 321 322 329 331 334 353 354 358 360 364 
110 124 125 128 129 137 142 143 149 151 156 158 161 162 166 167 168 173 174 175 176 179 183 184 187 189 191 193 197 202 207 211 212 214 216 217 219 221 227 229 230 231 232 236 237 242 245 246 252 259 261 262 273 274 275 279 280 281 284 285 286 294 295 296 299 303 306 316 318 319 322 325 329 333 338 345 348 351 352 353 357 362 363 365 
76 124 136 143 153 159 161 173 174 177 184 197 205 207 209 211 232 233 236 241 254 260 264 266 293 298 301 305 306 326 328 335 350 352 355 
207 160 166 168 190 219 239 245 261 262 267 273 291 334 335 339 344 354 361 
259 146 150 153 154 162 164 166 167 197 215 218 228 235 241 267 274 284 286 322 326 328 350 369 
22 124 125 126 131 133 134 135 136 138 140 143 149 150 154 157 159 166 168 169 170 172 176 177 181 182 183 186 189 195 196 197 200 205 207 209 210 214 217 219 221 229 232 233 234 241 245 246 248 252 258 259 260 261 263 264 265 266 273 275 278 279 280 282 285 286 288 289 304 306 316 320 324 325 326 327 328 330 331 334 338 341 349 350 355 358 360 361 365 366 367 368 369 
211 124 136 150 152 156 160 162 165 179 184 189 191 195 198 206 220 229 230 235 241 242 244 246 249 258 269 272 279 288 289 293 296 300 303 311 319 321 326 331 332 334 337 340 341 350 352 360 362 
244 127 128 134 135 136 141 142 143 155 156 158 173 174 175 177 178 179 184 188 202 206 208 211 215 217 218 222 227 228 232 240 245 247 248 250 251 252 253 255 257 260 264 265 266 270 272 275 277 279 284 285 286 289 293 296 299 300 304 312 317 323 330 337 338 340 342 347 353 359 361 363 366 367 
285 129 159 172 187 199 208 210 223 233 236 237 259 261 277 281 284 312 354 356 366 
294 188 247 256 317 
122 1 124 126 131 133 139 152 154 156 161 162 171 175 196 200 201 205 210 213 214 216 218 225 228 229 232 244 247 255 257 260 261 266 267 275 284 287 291 292 293 294 297 298 299 302 308 312 314 316 317 318 320 322 326 327 328 330 334 335 337 338 342 344 345 348 353 355 356 358 361 363 366 
278 1 127 130 132 137 139 140 143 145 146 151 153 156 159 162 163 166 167 168 171 176 179 182 184 186 192 193 196 200 201 206 208 209 210 213 214 219 224 225 226 233 234 235 236 241 243 247 248 252 253 254 255 265 267 269 270 271 272 276 279 280 283 285 286 291 292 297 299 302 307 309 317 318 322 324 325 338 342 343 344 345 346 347 349 352 353 356 363 364 366 368 
128 124 128 133 138 146 148 152 154 158 161 163 164 170 173 178 184 186 188 193 194 196 201 203 209 211 213 216 218 220 221 222 231 235 236 237 239 243 245 246 248 249 258 264 266 272 274 276 279 285 289 290 291 294 305 306 307 317 329 336 339 340 353 358 361 365 366 368 369 
208 124 128 129 131 133 141 144 145 159 160 178 183 185 189 191 196 203 209 214 219 220 221 222 227 233 260 261 262 267 268 277 278 280 281 282 283 288 291 296 298 301 302 304 306 317 320 323 324 326 328 330 331 336 346 347 348 351 352 355 360 361 365 
34 129 135 238 239 245 255 260 270 279 298 312 318 322 325 343 363 
7 132 156 173 202 290 325 348 
143 1 128 129 131 135 139 140 152 156 158 159 160 163 164 165 170 171 182 183 186 188 190 193 198 203 204 205 209 213 215 216 222 226 227 229 230 241 244 245 249 252 254 256 260 261 266 269 271 273 274 277 280 283 286 292 293 296 302 303 307 308 310 311 312 318 319 323 324 325 327 328 330 334 337 340 344 348 352 354 363 
84 128 129 144 147 152 155 156 157 162 163 170 171 175 177 183 189 196 197 198 199 200 202 205 208 216 218 220 223 224 226 227 228 234 235 239 240 241 244 251 253 257 258 261 264 271 273 274 279 281 283 287 288 295 296 297 303 314 315 317 318 319 321 322 327 328 329 331 333 335 337 339 340 341 349 352 354 355 358 363 
85 131 139 140 148 158 159 160 162 166 172 178 190 200 216 219 220 221 223 225 226 232 233 249 252 258 259 267 271 272 275 283 292 293 298 310 311 327 332 341 345 346 351 361 365 368 
300 124 150 169 206 228 248 265 270 276 298 317 326 328 341 347 348 369 
76 1 138 144 147 151 167 170 182 187 196 209 217 218 229 231 232 238 249 252 258 270 279 288 291 297 298 312 318 319 320 328 338 341 345 350 352 364 369 
299 128 134 136 137 140 147 153 154 157 160 162 164 166 174 175 176 177 178 179 191 192 195 197 198 199 202 205 209 216 217 219 220 221 227 228 229 234 240 241 242 245 247 252 258 260 265 271 273 274 277 281 282 297 298 301 306 309 313 315 317 318 319 321 323 324 327 328 329 331 336 341 347 348 353 357 360 362 364 365 367 
154 124 125 126 128 131 143 148 149 153 155 161 172 185 188 189 192 193 195 198 199 204 207 211 212 236 246 248 250 254 263 265 271 273 284 288 289 297 302 328 330 338 339 343 354 
111 1 124 127 128 135 142 146 153 155 157 166 169 177 183 185 194 195 196 199 201 203 205 207 208 209 218 220 221 228 229 230 240 242 252 257 258 265 272 280 281 282 285 287 289 298 302 310 311 313 319 324 326 331 332 335 336 337 340 343 349 352 353 363 364 369 
62 130 131 138 143 144 158 160 163 165 168 170 173 185 204 222 234 235 239 240 244 255 256 258 265 275 283 294 301 308 322 328 333 344 349 351 357 362 366 368 369 
52 124 127 129 132 144 149 162 163 174 175 176 183 185 194 207 208 210 212 214 221 227 228 234 247 248 249 250 253 259 261 263 264 270 274 276 280 282 285 287 288 290 291 292 293 297 299 300 304 305 307 308 310 311 315 319 322 324 325 326 328 332 342 346 347 348 349 354 355 361 367 369 
300 129 136 143 157 158 162 169 182 185 186 187 193 198 199 203 208 213 216 218 225 228 236 237 239 250 252 253 259 262 269 277 282 287 289 298 306 309 314 329 338 339 340 351 354 362 364 366 367 
185 126 129 132 133 134 139 144 145 146 147 151 154 155 156 166 170 173 180 184 199 206 208 210 214 215 216 222 231 232 237 238 239 240 248 251 252 257 259 260 262 268 270 271 276 278 281 282 284 286 294 299 300 302 307 309 312 314 315 319 320 331 343 344 347 348 349 357 362 363 365 
126 126 128 134 136 141 147 151 153 157 160 162 163 164 167 168 169 175 186 194 197 205 208 210 213 221 223 224 229 233 237 242 251 252 255 258 261 264 266 269 274 284 286 290 300 311 319 321 323 324 331 333 342 346 348 363 364 
49 125 128 132 133 136 137 138 141 143 145 147 149 156 157 158 160 164 166 167 169 173 175 180 186 187 190 191 195 201 202 203 207 209 211 216 218 220 222 230 233 236 237 241 242 243 244 247 249 252 254 255 262 264 266 268 269 273 275 276 278 280 284 286 288 290 292 296 299 300 301 303 305 309 311 312 319 320 322 323 325 334 335 336 337 338 339 342 345 346 354 364 365 366 
98 127 131 133 135 140 143 144 145 148 149 151 154 155 157 158 164 166 168 170 174 175 180 186 195 201 202 203 204 205 206 207 215 217 218 228 232 235 238 239 240 241 243 244 251 254 255 257 259 262 264 269 270 271 273 274 275 278 280 282 283 284 285 290 293 295 296 298 299 300 302 308 311 312 313 314 315 316 322 326 327 328 330 333 339 341 345 355 357 360 361 362 364 365 366 
272 129 133 136 142 145 154 155 156 159 162 166 177 179 187 197 209 210 216 217 226 229 232 236 251 269 270 272 281 287 288 300 313 315 323 327 328 329 330 336 337 340 349 354 
74 151 195 227 244 264 270 290 322 
4 160 174 185 207 221 252 258 265 273 280 282 301 332 354 
70 127 129 131 132 133 135 138 139 140 141 142 145 146 156 160 164 169 172 173 174 180 181 185 194 198 201 203 205 206 207 211 213 215 216 217 221 222 223 224 229 230 231 233 234 237 238 240 242 243 244 245 247 249 250 251 253 254 256 258 259 262 265 283 285 288 291 294 295 297 298 299 301 304 306 308 313 315 316 317 320 321 323 324 326 327 330 334 335 337 341 348 352 360 365 
219 124 128 136 137 140 141 142 144 148 150 154 162 166 174 175 183 189 202 205 209 212 226 227 233 238 247 251 253 261 262 265 270 274 275 288 289 290 292 296 299 302 305 314 316 318 322 326 328 329 330 332 334 335 336 337 343 346 357 358 360 363 364 365 
221 128 129 137 139 144 146 147 155 157 160 161 167 169 174 177 178 180 185 188 193 196 198 200 213 216 218 221 226 230 234 240 242 243 247 248 249 250 251 252 253 255 256 258 259 266 267 270 273 275 278 281 285 292 298 300 305 306 310 311 314 321 326 333 335 340 341 342 344 345 349 350 353 360 361 362 364 368 
242 130 131 133 134 135 136 140 146 147 148 152 157 160 161 165 167 172 184 187 189 191 192 194 198 200 201 202 203 209 219 220 221 222 223 225 228 231 232 235 242 246 248 250 253 261 262 265 266 268 269 270 273 278 279 280 281 282 286 287 288 290 293 294 295 296 298 299 307 308 310 311 313 314 316 319 323 327 328 329 333 334 338 344 345 347 348 349 354 355 361 363 364 368 
19 138 146 148 153 154 158 162 174 192 193 199 206 219 228 229 241 258 259 269 271 278 279 294 298 302 314 333 338 343 353 356 359 
24 127 129 132 134 135 136 143 144 148 149 152 153 155 156 160 161 163 166 167 169 170 171 174 177 178 180 181 185 191 192 195 197 200 202 204 205 213 222 225 226 227 228 230 233 234 235 239 248 255 260 265 267 268 269 273 275 277 278 279 280 281 284 285 287 291 292 298 300 304 305 306 307 311 312 313 314 316 319 322 325 327 329 330 340 347 349 350 351 352 355 356 357 359 360 364 366 
157 125 126 130 132 139 140 142 143 146 147 148 154 155 156 157 158 162 163 165 166 178 184 189 193 206 209 210 212 214 217 225 228 231 238 243 248 250 256 257 260 261 262 263 266 270 286 288 289 293 302 312 316 317 320 321 325 328 330 332 338 339 343 348 353 355 357 361 363 364 366 368 
37 126 136 151 158 168 176 193 198 223 233 239 254 267 281 290 303 314 334 335 344 346 347 358 362 
171 1 132 137 142 145 146 149 150 152 154 157 158 162 164 165 166 169 177 179 181 183 184 186 187 194 196 205 207 208 209 211 212 213 215 217 220 224 226 228 229 230 231 233 234 236 238 240 241 243 245 246 247 248 250 251 253 254 256 260 266 267 268 269 270 272 275 281 284 288 291 295 296 297 299 300 303 305 313 314 315 317 319 322 325 327 329 330 338 339 346 349 350 351 352 353 354 355 361 
21 124 125 130 133 134 136 138 142 145 146 149 151 152 154 155 156 159 160 164 165 166 173 174 176 177 180 185 187 189 193 195 196 198 203 204 209 211 215 216 222 224 226 229 231 232 233 235 238 239 243 244 246 249 250 253 255 257 263 264 269 271 272 274 276 279 280 285 286 312 313 314 315 317 321 322 323 324 326 327 328 329 331 333 334 335 336 338 340 344 352 354 356 365 366 367 368 
74 146 151 162 164 195 264 292 297 
119 1 125 131 134 136 141 142 147 149 153 156 157 162 164 173 177 186 200 204 215 220 227 231 238 242 245 255 264 268 269 271 274 284 285 287 289 291 296 297 308 310 313 314 317 323 324 327 328 329 339 340 346 355 358 361 362 368 
77 1 124 125 126 133 151 152 153 159 163 165 178 185 194 200 203 207 212 216 219 220 222 224 227 229 243 251 254 258 266 269 271 272 274 293 296 302 303 304 320 321 333 334 336 
265 135 140 150 153 158 170 172 176 182 188 195 198 200 202 222 225 228 239 246 249 256 258 259 264 271 278 280 286 296 317 321 323 326 330 338 341 345 346 347 351 362 
237 1 155 161 162 170 178 194 197 207 209 210 217 237 241 269 271 273 280 284 291 301 313 327 330 344 345 346 361 
263 129 134 137 139 143 145 150 152 153 154 156 162 163 165 172 174 175 176 181 182 185 186 191 196 198 200 201 202 204 205 207 209 211 214 217 219 220 223 228 230 236 238 240 242 243 244 255 258 260 261 263 264 269 271 274 275 278 281 283 286 287 290 295 300 307 314 322 323 327 330 331 332 333 337 338 340 342 345 348 349 350 353 354 355 358 361 362 363 367 369 
266 125 129 133 137 139 140 142 145 150 157 159 162 167 172 179 185 188 190 197 198 199 202 203 204 205 206 207 210 211 213 216 217 220 222 227 228 238 242 244 249 250 251 263 265 266 267 268 279 281 282 283 286 290 291 292 294 297 298 299 303 305 306 307 308 311 313 315 319 325 327 338 341 349 350 358 363 364 365 
72 124 125 126 127 128 131 132 134 136 139 141 142 145 147 148 149 153 157 160 163 164 173 176 179 183 191 195 206 208 216 218 219 222 223 224 228 231 232 238 241 245 246 247 257 258 261 263 264 265 267 268 271 274 276 278 282 283 284 285 287 289 290 291 292 295 299 302 303 307 314 315 320 324 328 329 330 332 333 335 336 343 344 345 347 348 349 354 356 359 360 362 366 367 368 
27 137 142 197 205 220 265 346 357 
38 128 137 141 148 151 154 155 159 161 168 170 173 175 179 180 182 188 196 199 212 219 223 235 239 245 252 257 260 261 266 267 268 278 285 289 299 301 305 320 335 336 337 340 341 343 347 348 351 352 354 355 361 363 367 
200 125 126 127 130 134 136 137 138 139 140 142 149 150 151 154 156 158 159 160 163 164 166 167 168 169 171 172 173 174 177 178 184 187 188 189 191 192 194 197 199 200 204 205 207 208 212 215 221 222 223 225 226 229 232 234 238 239 240 246 252 257 258 261 265 267 268 273 276 283 286 287 288 289 290 291 294 297 298 301 306 309 310 315 318 321 327 329 332 344 346 347 351 352 353 363 365 
100 125 128 129 151 152 158 169 175 177 181 189 193 195 204 217 226 236 245 267 292 293 294 306 310 314 315 319 326 334 347 351 363 366 
275 125 127 131 133 139 140 141 142 143 145 153 156 162 166 167 174 175 176 177 179 182 186 187 188 190 200 204 205 208 211 223 227 228 230 231 232 237 241 242 244 250 253 258 259 260 261 266 268 270 274 275 277 286 288 290 297 300 301 302 303 307 309 311 316 317 325 326 328 332 334 339 340 342 355 356 361 364 368 
51 139 150 162 169 176 183 189 191 196 207 220 221 224 229 245 247 248 256 259 265 269 275 278 281 285 288 306 311 312 323 324 331 336 337 343 347 350 355 364 366 
140 126 129 135 136 138 142 146 147 151 156 157 158 182 183 186 187 188 191 192 193 196 197 203 209 214 218 224 230 238 240 245 254 261 264 268 279 284 291 293 294 295 304 305 308 312 317 320 323 326 335 346 348 351 353 363 
20 127 129 140 147 149 154 161 167 170 172 174 175 176 180 186 190 191 192 194 199 207 209 212 220 228 236 239 247 249 251 257 260 263 266 268 278 279 286 287 289 291 292 293 295 296 303 305 306 310 311 314 315 319 320 323 327 330 341 344 356 357 359 361 362 364 365 
26 166 191 246 248 276 283 285 303 310 335 358 368 
106 126 127 129 140 141 143 146 154 156 160 161 171 172 174 177 181 182 183 185 193 194 196 198 203 206 207 209 211 219 229 231 233 235 236 239 245 248 250 254 255 257 259 271 275 276 277 278 284 285 286 290 292 293 297 298 299 304 306 312 322 326 333 338 340 345 346 350 351 352 353 354 357 359 361 363 364 
45 125 133 148 151 154 170 171 178 208 222 223 230 231 266 279 313 330 335 339 358 359 367 
228 1 128 136 137 149 151 152 153 161 162 163 164 172 176 178 179 184 191 195 196 200 201 206 209 213 217 219 220 222 223 225 232 236 246 247 251 252 255 263 265 266 273 276 277 278 281 283 286 288 297 300 306 312 313 314 315 316 318 320 322 323 324 326 330 333 341 350 355 359 360 361 368 
163 125 126 127 128 133 136 138 139 140 142 153 157 161 162 163 166 168 172 180 181 184 186 187 189 190 191 198 201 202 205 206 209 211 214 218 219 223 225 226 227 234 240 241 245 246 248 255 256 258 260 265 266 270 272 274 279 280 282 284 286 293 306 308 320 324 325 330 331 333 336 337 342 343 344 347 351 354 355 357 358 359 360 364 365 366 369 
104 124 134 138 162 173 184 189 195 196 201 204 215 216 227 229 231 240 243 247 248 264 265 269 283 284 312 327 330 334 345 355 367 
239 128 135 153 156 163 167 168 178 180 185 193 194 195 213 216 221 222 223 240 262 264 269 270 281 282 316 321 322 324 325 328 331 334 338 343 346 353 358 
173 124 125 126 143 147 155 159 160 173 174 175 177 180 184 187 188 189 193 195 207 228 231 236 238 244 253 255 256 258 263 269 270 273 275 279 281 285 286 289 291 297 300 309 319 326 342 347 359 368 
221 130 132 142 154 158 160 165 175 182 188 189 196 205 211 235 244 253 259 264 269 275 279 282 284 285 301 304 305 312 316 321 331 332 336 341 366 
54 127 130 131 135 144 146 147 148 153 154 156 158 162 166 167 170 174 175 181 182 184 190 191 192 194 196 202 204 208 209 212 215 216 220 225 226 227 236 242 243 250 253 257 263 267 270 273 275 276 279 281 285 287 289 293 300 301 303 309 310 314 317 318 320 324 327 331 333 335 336 337 339 341 344 346 348 349 351 353 355 356 357 362 363 364 366 368 
85 125 128 130 133 136 137 147 155 162 163 164 173 175 178 179 182 188 193 197 199 201 202 203 207 208 212 220 223 226 232 235 247 254 266 268 276 283 292 299 302 305 307 309 310 311 316 318 323 326 341 346 349 351 356 359 360 363 365 
176 125 126 127 128 135 139 146 147 148 155 156 162 165 180 188 189 195 200 201 217 220 221 225 227 229 230 231 232 234 235 241 244 247 248 249 250 252 260 262 265 267 273 280 285 293 302 314 320 324 328 333 340 343 344 347 348 350 356 358 360 363 364 365 367 
123 129 132 139 143 146 149 155 161 168 171 173 183 185 186 187 188 192 193 198 199 200 204 207 208 210 213 217 218 225 230 235 239 243 245 246 253 267 270 279 290 294 297 299 303 304 306 310 315 318 321 324 328 331 336 337 338 344 348 350 351 354 361 369 
85 127 129 141 144 145 148 157 159 160 166 175 181 188 195 197 198 208 226 227 234 247 253 257 265 274 280 286 289 302 311 313 316 326 346 348 349 354 360 361 
113 125 133 134 140 142 146 154 156 168 172 182 191 196 201 203 206 208 212 216 222 229 243 248 250 252 254 260 262 263 266 274 277 288 291 292 295 296 298 317 319 341 345 350 353 361 363 
192 133 135 140 144 153 171 184 190 216 217 278 279 319 333 363 366 367 
3 131 137 139 147 157 161 179 222 233 253 261 271 277 309 367 368 
198 1 126 134 137 140 141 145 146 148 158 159 165 166 170 175 179 183 184 187 196 200 201 203 204 209 212 213 221 227 228 231 232 234 235 240 244 246 247 253 254 256 259 261 264 265 268 270 272 273 275 276 277 280 284 287 288 289 290 292 293 296 297 299 300 301 302 303 306 308 309 310 312 314 315 324 326 327 330 333 335 336 337 338 343 344 347 351 352 353 354 356 360 361 363 364 365 367 
104 124 128 130 135 137 139 140 147 149 151 152 153 154 156 158 159 161 164 165 166 168 169 174 175 176 177 180 182 183 184 187 192 195 196 198 199 206 208 214 216 226 227 232 235 240 241 249 250 251 257 262 264 266 267 275 279 281 282 285 286 290 294 295 297 301 310 312 315 319 323 324 329 331 347 350 351 356 359 362 365 368 369 
128 128 130 133 135 139 140 141 143 151 153 157 158 161 164 173 175 177 178 181 182 184 189 190 193 196 198 200 201 202 208 211 213 224 227 228 230 233 238 239 241 243 249 250 252 253 259 276 277 287 291 298 299 300 303 304 306 311 314 319 320 321 327 328 333 335 336 339 341 343 347 352 354 359 360 362 365 367 368 
77 125 126 130 131 134 136 137 139 140 148 150 153 155 158 163 164 166 168 169 170 173 174 176 177 180 181 182 183 184 188 191 193 195 196 197 202 203 204 208 210 212 213 222 223 228 234 235 237 238 240 244 246 253 254 257 259 261 265 266 267 269 271 273 277 282 285 291 292 301 302 303 304 309 312 313 326 328 330 331 332 338 339 341 342 344 347 348 350 352 355 361 363 364 369 
288 131 144 162 164 183 184 189 203 208 214 220 236 248 264 282 285 292 297 308 310 318 319 320 323 325 330 331 347 350 356 357 
31 1 129 133 134 136 137 138 145 152 159 164 165 167 174 175 179 180 190 202 211 214 219 223 229 238 242 245 246 247 253 256 258 259 260 262 266 274 275 281 289 290 291 307 313 317 318 321 327 332 336 338 340 341 344 352 356 358 360 365 366 369 
46 1 124 128 132 133 139 140 142 146 148 154 158 161 174 175 180 182 183 192 194 197 200 204 206 214 220 221 228 235 236 238 241 246 249 250 252 265 269 270 281 284 292 294 295 298 301 303 306 307 315 319 323 327 333 338 350 357 362 
179 126 129 136 148 164 165 167 170 174 177 186 190 192 196 197 198 203 205 209 213 214 215 217 218 223 230 239 242 244 246 248 253 256 263 264 269 273 282 285 288 290 298 303 310 313 320 329 333 336 338 342 344 353 356 357 358 360 361 362 363 
68 132 134 135 140 143 146 147 150 157 170 175 176 180 183 184 185 186 187 205 209 225 227 231 247 248 257 262 271 272 273 283 289 315 323 327 328 330 338 341 350 351 354 357 366 367 368 
209 1 124 132 134 139 140 148 150 154 158 160 166 167 175 181 197 198 199 200 202 205 210 218 223 231 234 239 240 242 244 250 253 260 282 293 303 309 311 312 313 314 315 317 327 333 336 339 340 342 344 346 352 354 356 357 364 368 
253 124 140 145 146 152 174 180 181 188 189 206 219 229 247 276 300 302 309 319 341 369 
150 127 128 129 130 132 133 137 140 143 146 149 150 151 154 157 159 160 163 164 173 178 183 187 188 190 193 195 196 199 200 204 208 209 211 212 215 219 220 222 223 233 234 241 242 243 246 247 250 252 256 258 259 262 263 268 270 273 276 280 281 282 289 291 292 294 297 300 306 307 311 314 315 316 319 323 332 335 341 344 354 355 359 362 365 366 367 
230 124 126 130 132 133 134 150 155 165 168 170 173 183 186 188 190 191 192 196 200 203 204 206 209 210 213 214 215 216 219 227 235 238 239 244 245 250 251 252 253 260 261 262 267 268 269 271 272 275 284 285 288 292 293 296 297 304 312 314 315 323 329 332 333 334 335 337 339 348 349 351 352 353 354 355 356 357 359 360 361 362 365 368 369 
43 1 125 129 130 142 156 157 160 161 164 167 172 177 182 185 192 194 200 208 209 210 217 231 234 235 237 241 242 245 247 252 253 254 256 257 260 263 266 269 272 273 277 281 283 285 292 295 298 308 311 315 318 324 327 328 329 340 343 347 351 360 361 363 364 365 366 368 
220 125 133 135 137 147 148 149 151 154 156 158 164 178 181 185 190 195 196 200 214 222 225 228 245 249 255 257 267 268 275 278 279 280 284 287 289 294 298 303 304 309 315 319 338 343 345 349 360 362 364 
69 129 130 151 172 178 180 186 192 194 196 204 214 215 222 236 238 280 287 293 303 304 306 321 330 333 335 340 355 362 365 
231 1 124 125 130 131 134 137 158 159 161 162 166 168 172 188 189 200 205 207 210 218 222 224 225 227 237 239 241 250 251 252 255 269 270 271 276 298 299 302 310 316 319 323 327 330 335 338 339 355 
234 127 128 131 134 138 142 145 146 149 154 160 163 165 169 170 171 177 178 179 184 186 187 201 202 206 215 218 220 222 223 225 230 231 236 237 242 245 249 250 254 255 256 257 258 261 262 264 269 270 274 282 284 287 288 290 291 293 297 303 306 308 309 315 317 324 327 330 335 337 338 342 345 351 353 359 364 
261 1 124 132 142 144 146 148 150 156 169 171 174 177 185 195 196 197 206 209 211 219 222 227 234 238 243 255 279 293 302 303 307 312 326 333 337 345 351 355 356 359 360 363 366 
239 127 130 133 136 138 139 143 154 157 158 160 162 167 168 178 179 180 183 185 188 191 192 193 198 204 205 208 209 216 217 225 231 232 238 239 247 250 258 272 275 276 278 281 282 284 287 291 294 296 298 305 318 320 321 322 324 325 330 333 335 339 340 348 349 352 353 364 369 
198 136 151 167 176 195 197 199 216 220 234 240 253 254 263 270 295 296 301 326 332 353 355 361 
135 136 140 163 167 201 203 214 224 234 250 282 308 310 326 337 338 345 349 
64 126 127 128 130 133 134 136 138 140 146 148 149 150 151 159 160 162 165 169 172 173 174 176 179 181 187 192 193 194 195 199 201 202 204 211 212 214 218 221 223 224 225 231 233 235 237 240 241 242 243 244 245 249 252 256 259 260 261 263 264 265 269 271 272 273 278 280 282 283 286 287 288 290 292 294 297 300 307 309 312 313 314 315 317 325 331 332 338 340 346 348 358 360 364 365 366 
274 137 141 142 148 152 154 157 161 166 171 176 179 180 185 186 187 191 195 199 206 207 210 216 226 234 236 239 246 248 264 267 272 279 280 290 293 294 299 300 303 306 307 308 309 313 314 315 317 324 333 334 336 338 339 342 344 350 357 369 
194 124 126 135 140 148 149 150 154 158 161 163 165 166 170 172 177 178 179 182 183 186 187 188 189 192 199 201 202 204 208 210 211 218 221 224 230 232 233 234 247 248 249 252 253 255 257 258 259 260 261 262 263 265 267 273 275 279 280 281 284 289 290 291 300 302 304 306 310 314 315 319 322 324 325 332 336 337 338 341 344 345 346 351 363 369 
157 140 163 196 201 227 256 280 324 329 351 355 
16 354 
169 1 131 135 139 141 144 145 148 149 151 153 154 155 157 159 162 163 167 173 174 175 179 180 182 183 184 188 193 195 196 197 201 202 203 211 218 223 225 227 228 229 232 233 235 237 248 251 253 254 261 262 265 270 272 274 275 276 278 280 281 287 288 290 293 299 300 301 306 312 314 315 317 320 324 325 327 329 330 331 332 342 346 347 350 352 354 356 357 358 360 363 365 367 
98 135 170 196 216 220 291 312 335 346 363 366 367 
175 132 136 138 140 141 143 151 156 157 160 162 165 168 175 177 178 180 185 186 189 191 192 194 197 199 200 203 204 207 212 214 216 217 218 220 221 227 228 229 241 243 244 247 255 258 260 263 265 266 268 278 279 281 282 283 286 288 289 290 295 296 300 301 304 307 316 317 320 321 331 337 342 350 356 358 365 
48 126 128 132 133 136 138 142 146 160 169 170 173 177 178 194 198 202 205 207 210 222 225 227 234 242 253 255 259 263 265 273 275 276 283 284 285 286 292 299 300 304 307 312 316 322 326 334 339 340 352 355 356 366 368 369 
4 146 151 153 157 161 173 176 184 195 196 207 214 219 220 223 227 233 241 247 249 252 256 257 262 270 275 278 279 280 287 289 293 297 302 305 308 309 313 317 320 322 326 327 333 337 341 346 349 352 355 356 364 365 369 
267 131 137 151 153 167 171 179 187 188 193 202 210 214 230 239 245 246 249 254 255 258 265 266 272 278 279 282 283 286 298 304 308 313 318 332 342 356 358 360 367 
23 1 126 132 133 135 136 137 138 145 150 152 153 155 156 157 159 161 162 166 167 168 175 176 178 181 188 191 192 201 203 205 206 207 208 209 213 218 219 222 224 225 227 229 230 231 236 241 244 246 248 250 252 258 260 265 271 272 276 280 286 287 288 291 292 295 296 297 299 300 301 304 312 315 317 318 323 329 332 336 338 340 341 342 344 348 349 350 352 353 
230 134 136 137 138 140 144 146 149 151 152 161 173 181 188 192 194 198 201 202 204 209 211 212 215 221 223 232 235 236 241 245 249 251 253 254 256 264 275 295 320 322 324 327 330 338 345 349 351 353 355 364 
6 128 141 158 172 184 213 217 220 244 279 348 
106 132 133 136 137 140 144 148 150 151 153 163 168 173 175 178 180 185 196 201 202 203 204 205 211 214 217 236 239 241 242 244 248 254 258 259 261 263 264 265 276 283 288 289 290 291 292 297 298 309 310 312 313 314 318 320 326 327 328 329 331 339 340 341 350 352 354 358 363 364 366 367 368 369 
137 134 136 137 139 143 145 147 150 156 157 160 162 164 165 166 167 171 174 176 179 180 181 185 186 191 196 199 201 202 203 204 208 210 214 220 221 224 229 232 236 245 247 250 251 259 268 269 271 275 276 278 279 281 282 289 292 300 308 310 314 323 324 325 326 331 336 337 341 344 347 348 356 365 367 368 
13 134 135 148 150 153 155 158 162 164 167 168 171 174 177 183 188 189 190 191 199 204 210 213 215 217 218 219 226 229 230 232 238 239 240 241 245 246 247 250 251 256 266 271 272 276 277 278 283 286 287 289 294 295 296 300 307 318 325 326 329 330 333 339 352 353 354 355 363 368 
213 127 129 141 155 166 220 263 283 306 320 337 342 357 
45 1 125 126 127 128 131 135 137 141 147 151 155 157 160 163 165 168 174 175 177 184 186 189 190 192 193 194 195 202 204 205 210 216 218 224 227 229 230 235 237 242 243 244 247 254 258 259 261 262 263 269 270 272 275 282 283 286 290 293 294 296 297 300 301 307 311 317 319 325 328 329 333 335 345 351 352 353 357 359 363 367 
276 1 124 126 127 128 131 134 146 148 149 151 152 153 154 156 157 160 161 170 177 179 180 184 185 187 193 195 205 206 207 208 210 211 214 216 228 233 234 235 254 257 260 262 264 265 267 268 273 274 277 281 282 286 287 289 302 304 307 312 316 317 319 321 323 324 325 341 342 344 345 346 349 350 352 354 361 362 366 367 
70 127 134 139 140 150 158 165 172 176 183 188 194 196 200 204 207 211 220 223 235 239 249 270 287 301 314 324 329 337 338 346 351 360 367 368 369 
173 127 130 135 137 139 144 148 150 154 156 157 158 160 167 173 174 177 179 180 185 187 188 192 199 200 209 215 221 224 232 234 240 243 245 258 259 263 268 270 271 282 283 286 300 301 303 308 314 316 317 337 361 366 369 
155 1 125 126 128 131 134 135 140 142 150 151 153 154 162 167 172 175 177 179 182 184 188 189 191 193 198 199 201 202 203 204 208 210 213 215 219 221 225 227 230 236 239 245 246 248 250 252 259 265 267 268 269 272 281 287 288 290 293 300 303 304 315 322 324 330 331 335 336 342 344 347 349 350 353 355 358 359 363 364 365 367 
26 126 138 143 166 169 170 172 173 181 185 188 189 190 193 196 197 202 204 208 210 213 214 237 242 247 258 260 268 275 279 283 284 285 287 290 292 297 308 315 316 317 321 338 341 345 349 359 
188 130 145 152 166 235 248 249 275 291 292 339 349 368 
233 1 124 128 129 133 138 141 143 147 151 152 155 157 162 165 167 168 179 181 182 188 189 193 196 200 203 207 208 213 215 220 222 227 229 231 242 252 256 260 265 281 283 285 290 295 303 306 316 319 329 333 334 346 351 352 358 361 362 367 
125 124 125 128 136 137 139 142 148 151 152 166 171 172 175 178 179 181 183 185 187 192 195 197 198 203 222 225 229 232 233 234 235 238 243 249 252 254 266 268 274 276 279 280 283 284 290 294 296 298 301 305 311 318 321 325 326 329 331 333 336 338 342 347 352 353 355 361 
194 124 128 135 139 143 148 163 179 192 193 194 206 210 218 227 228 235 241 246 261 266 270 272 279 289 292 295 312 316 321 325 330 334 337 345 356 361 
107 124 125 127 128 133 135 137 140 141 150 154 156 158 159 165 167 168 171 172 173 175 176 177 179 183 184 188 191 192 193 194 196 199 200 202 203 204 205 208 210 211 212 214 216 224 225 233 235 236 238 239 244 251 252 254 256 259 261 264 266 272 275 282 284 286 288 290 294 295 296 302 306 309 312 313 314 315 317 319 322 323 327 329 332 337 338 340 346 348 349 350 351 352 354 357 358 361 363 367 
7 128 130 133 140 150 156 165 166 169 171 181 192 194 198 199 201 203 207 213 214 215 217 218 221 224 232 246 257 258 266 279 281 283 284 287 295 304 309 314 323 324 331 334 335 337 344 350 355 363 
124 130 131 134 137 143 155 157 161 162 163 164 167 175 176 177 179 180 181 184 191 192 193 199 201 203 204 206 210 211 213 215 219 225 229 231 234 235 236 241 242 244 246 247 248 251 253 256 259 260 273 276 280 281 282 283 289 291 292 302 305 309 314 315 316 319 326 327 330 332 334 336 341 344 345 352 357 358 361 364 365 
49 128 131 134 139 141 142 143 144 146 147 148 150 153 154 158 160 161 163 164 167 168 169 171 172 175 178 183 185 186 187 200 201 203 204 205 207 210 213 214 215 219 235 236 237 240 242 243 245 246 247 250 252 260 264 265 268 271 277 282 283 284 285 287 288 289 292 295 299 302 303 304 307 308 309 311 314 315 323 327 328 333 334 336 338 339 340 343 346 349 351 352 355 357 363 364 366 
219 127 137 153 158 165 208 220 222 231 249 272 312 313 340 347 349 351 356 364 
110 150 152 165 166 179 187 234 240 243 261 267 279 293 318 332 369 
155 128 130 132 136 144 145 150 152 154 159 163 168 169 173 178 180 181 183 184 188 191 192 195 197 198 205 206 207 208 211 213 218 221 222 225 227 228 229 230 232 235 237 241 244 245 246 247 248 249 250 251 252 254 256 257 262 264 265 268 272 273 274 281 282 283 284 286 288 291 303 310 312 315 323 324 326 327 331 335 337 338 340 341 343 352 356 358 360 362 363 365 367 368 369 
126 125 127 132 133 140 145 148 150 156 165 168 169 187 188 191 193 197 198 200 201 205 207 209 210 211 213 215 216 217 220 221 224 225 226 227 228 231 237 238 239 244 245 248 253 258 266 267 269 272 273 274 275 276 277 281 285 288 290 292 295 300 301 302 307 311 312 314 317 329 332 333 338 341 344 345 346 348 349 352 355 356 359 361 364 367 
133 133 143 159 162 163 176 178 219 226 250 263 271 302 308 315 337 338 351 
132 1 125 130 133 136 137 139 140 144 145 147 150 154 157 159 166 169 170 171 182 183 184 187 191 195 199 203 204 205 207 208 211 212 214 217 227 232 235 238 242 245 253 254 261 262 266 268 269 272 273 275 278 280 283 288 291 298 299 301 306 310 314 315 316 317 319 324 325 326 327 330 331 334 335 339 345 347 348 350 352 353 354 358 359 360 362 
169 131 174 226 261 286 296 302 335 354 
17 139 145 152 154 160 161 163 169 179 184 187 189 193 194 198 202 204 207 212 229 231 235 238 242 243 244 246 264 266 267 272 281 283 285 298 300 305 307 308 311 313 322 326 332 333 341 345 347 354 355 360 365 368 
73 125 128 136 138 147 149 151 154 157 161 166 167 172 174 181 184 189 191 192 194 195 197 199 203 204 206 207 211 220 227 228 230 241 244 247 256 258 265 270 273 274 277 287 291 294 299 309 315 322 324 330 331 335 347 355 364 367 369 
102 1 125 126 128 129 131 132 138 144 148 150 152 155 156 157 163 168 182 186 187 192 193 195 202 203 211 214 215 216 221 227 231 235 243 244 247 251 252 254 255 262 263 267 268 269 270 271 280 289 294 303 309 310 318 319 321 322 326 329 330 332 334 339 346 347 348 351 352 355 356 362 364 
277 125 127 130 133 137 138 139 140 143 146 147 154 155 157 162 164 166 171 174 177 178 185 188 191 192 196 198 199 200 201 202 204 211 213 214 215 217 222 225 226 227 228 230 231 232 236 237 241 243 246 249 254 255 262 265 268 269 273 274 279 280 282 290 296 298 305 307 308 310 315 316 318 319 320 323 324 328 331 335 345 347 353 356 357 360 361 363 364 367 368 
22 1 124 125 126 127 128 136 138 140 142 146 149 150 151 155 161 162 163 166 172 174 175 177 180 187 188 193 194 195 204 205 207 214 220 226 230 231 232 234 239 242 243 246 247 252 253 254 258 259 263 268 277 279 281 282 287 297 304 305 309 311 312 316 322 326 327 338 340 348 350 353 354 358 364 
35 1 126 127 130 131 134 139 140 141 146 147 151 152 153 155 159 163 166 171 175 178 181 184 188 194 195 197 200 203 205 209 216 217 220 221 222 223 224 229 230 231 233 238 239 241 244 246 249 253 259 260 266 271 274 275 280 282 283 285 294 301 311 317 318 331 341 342 348 349 350 354 356 359 360 363 364 368 
160 126 130 136 142 149 150 155 167 171 180 182 183 204 205 209 213 225 231 232 273 287 293 297 312 321 331 338 341 343 359 366 
96 135 143 144 146 147 149 150 154 156 158 159 162 174 176 181 183 184 199 202 213 215 216 220 223 226 235 236 244 248 255 259 260 267 269 276 279 280 285 287 288 290 293 298 303 305 308 315 321 324 326 328 330 333 338 340 343 347 349 358 359 362 
255 127 140 142 165 172 178 181 182 191 200 206 210 217 221 225 231 237 238 239 253 262 279 281 285 286 294 296 306 309 321 333 341 343 352 357 362 363 366 
67 1 126 131 133 141 144 147 150 152 153 154 156 159 162 174 178 181 184 185 186 188 190 194 206 208 212 234 235 236 253 257 258 264 276 287 293 297 298 320 327 332 339 341 342 345 346 349 354 357 363 368 
31 1 126 133 135 137 144 146 148 157 165 168 176 181 182 187 192 193 197 204 210 211 212 213 215 217 218 220 227 229 230 236 240 241 247 250 254 266 295 304 307 312 318 321 330 333 334 335 340 344 349 350 351 357 361 363 364 365 366 
242 1 140 150 153 159 162 182 200 205 213 234 251 263 268 275 278 284 290 294 297 311 336 346 347 357 358 363 368 
16 1 125 127 128 131 134 136 137 139 144 146 148 153 158 159 160 162 167 171 174 176 177 178 179 186 187 188 190 191 194 197 198 204 205 208 209 213 214 215 222 224 228 229 231 235 236 239 240 243 246 248 251 261 262 263 264 267 273 278 279 284 291 295 299 300 304 305 306 307 311 316 317 321 331 333 335 342 344 347 350 352 364 366 369 
127 341 367 
222 125 126 127 128 130 136 142 148 149 150 151 153 159 161 162 165 167 168 175 177 179 180 181 183 185 186 194 199 201 202 203 208 211 212 213 220 225 226 227 228 233 236 237 239 242 248 256 266 275 288 292 298 302 305 306 307 310 315 316 317 319 320 322 323 330 343 346 352 357 363 368 
233 139 145 146 150 162 165 169 179 180 182 186 187 193 205 209 212 216 217 221 231 241 246 261 271 273 297 302 306 316 323 330 333 347 
249 125 129 131 144 148 152 155 162 165 172 179 184 186 188 194 202 209 219 222 239 241 244 250 255 256 257 259 263 280 281 282 283 292 299 300 316 325 327 329 330 334 342 343 347 348 349 357 363 367 368 369 
203 133 134 136 140 141 148 152 157 159 160 162 168 178 182 185 189 190 193 195 197 200 203 205 207 208 211 212 215 216 222 224 225 233 235 236 238 243 244 245 248 253 256 258 261 264 265 274 283 285 286 287 288 294 298 299 303 308 310 312 314 315 318 319 321 325 327 329 331 332 334 336 347 349 352 357 358 362 365 369 
267 141 169 170 206 212 213 220 263 301 331 
126 1 132 176 216 243 246 252 253 255 279 296 303 310 313 315 325 
139 127 128 135 136 137 138 139 143 145 146 147 148 149 155 158 160 161 162 163 164 165 169 174 184 185 187 194 195 196 198 204 211 215 218 219 220 221 225 227 228 230 231 236 237 238 240 241 250 251 252 254 255 258 262 270 280 284 285 291 295 296 301 305 306 312 313 319 321 324 326 330 331 336 344 347 348 349 353 358 
151 1 124 128 130 132 134 136 139 144 146 147 151 154 158 164 166 168 171 172 173 174 175 181 185 189 193 197 199 200 202 205 206 210 213 214 217 219 220 224 227 229 231 233 234 238 240 243 244 248 249 252 253 254 255 257 260 261 262 265 267 277 279 285 287 294 295 299 300 301 303 304 310 311 316 319 324 328 332 333 334 335 338 339 340 341 349 351 354 356 360 361 363 
172 1 124 125 147 155 158 161 163 179 190 204 205 210 216 217 219 222 223 226 239 252 253 288 294 304 314 339 346 360 361 365 
134 126 130 131 136 140 143 144 146 148 151 152 157 160 164 165 169 170 171 174 175 179 187 188 192 194 199 203 204 207 216 218 220 223 224 227 229 230 233 240 242 246 252 253 254 256 258 262 263 271 272 274 275 278 279 282 284 287 289 293 299 302 307 309 313 315 317 318 320 321 322 323 326 328 331 343 349 351 368 369 
185 134 142 143 146 155 157 162 172 176 184 189 191 194 199 203 212 214 215 224 228 229 232 246 248 253 269 289 290 295 297 301 303 304 307 309 310 311 317 331 341 362 
61 1 125 126 127 128 129 137 141 142 143 147 149 150 151 152 157 161 162 169 171 174 175 178 184 185 186 187 189 201 203 205 214 217 219 223 225 228 230 233 234 236 238 239 240 242 244 247 251 253 254 255 256 258 261 267 276 283 286 288 289 298 300 302 307 308 314 316 318 323 325 327 331 334 338 340 342 344 352 353 355 356 358 362 364 366 368 369 
132 130 139 142 158 169 173 174 181 192 204 210 215 236 250 257 266 278 282 298 330 336 
108 1 125 126 149 150 153 154 159 164 170 173 180 197 199 200 204 208 209 212 219 228 229 231 232 236 239 241 254 255 258 260 262 263 265 269 271 274 279 285 286 287 290 297 303 304 308 312 318 319 325 328 331 333 334 335 339 340 346 351 362 369 
186 1 127 128 130 131 135 140 143 144 145 147 152 158 159 173 178 184 189 190 193 194 198 201 202 203 207 209 221 222 226 227 229 230 240 242 243 246 248 251 253 258 259 263 265 272 277 284 285 287 288 289 290 294 295 296 301 303 304 305 306 313 314 318 319 321 322 324 328 331 332 334 335 336 340 344 345 348 351 352 357 363 365 366 368 369 
242 124 126 129 130 134 139 141 145 147 151 154 156 159 161 163 164 167 168 170 171 173 174 175 176 177 180 185 187 188 192 193 194 197 199 201 202 205 212 213 214 215 217 218 220 221 222 233 236 238 241 242 245 246 251 256 264 285 286 287 290 296 301 303 305 312 313 315 317 321 325 327 328 330 337 339 340 341 342 344 346 347 348 350 351 353 355 356 357 361 364 368 369 
280 126 133 136 139 155 156 159 163 167 169 173 177 183 189 194 202 209 211 212 219 225 227 231 235 237 239 243 264 266 270 287 289 290 293 299 308 333 341 349 352 364 369 
207 126 129 133 134 137 140 142 147 148 149 161 165 172 183 189 192 210 211 213 222 223 224 225 230 239 241 243 246 251 260 267 272 275 279 283 296 297 303 306 309 319 326 329 333 339 349 357 358 359 366 368 369 
107 1 124 130 131 136 137 138 139 140 145 149 150 151 152 154 156 158 163 166 171 172 173 174 177 178 182 183 187 188 190 198 201 208 210 211 215 216 218 226 227 233 236 240 241 246 247 248 250 251 253 260 268 270 271 272 275 276 277 279 284 286 292 293 294 295 296 298 300 302 304 305 309 310 316 317 318 320 321 323 329 331 332 338 341 343 344 345 346 349 351 353 359 363 366 368 
194 124 135 139 161 174 320 345 
182 124 132 138 140 142 144 148 150 159 160 164 166 167 174 178 189 191 193 197 199 205 207 208 209 210 212 216 221 226 228 231 233 241 246 257 258 263 270 271 274 277 278 279 286 287 290 291 295 296 297 302 304 307 311 314 316 317 320 324 326 332 340 341 346 352 355 357 360 367 369 
163 1 127 128 130 132 135 136 138 139 142 145 147 151 155 158 159 160 161 163 165 166 167 171 174 179 182 186 187 190 193 195 200 201 202 203 205 210 211 212 214 224 230 231 232 234 236 245 248 251 252 255 257 261 268 269 281 282 286 288 293 294 295 299 300 302 304 308 310 311 312 313 314 317 319 322 325 328 329 331 345 350 357 361 368 
197 125 140 142 148 152 157 160 169 171 181 185 187 188 190 195 196 198 201 218 227 232 233 243 244 245 249 250 253 254 261 263 264 265 268 273 279 280 281 284 291 293 305 307 311 315 320 325 326 327 329 331 342 345 346 348 350 352 355 357 362 363 365 366 368 
48 1 125 126 127 128 132 137 140 145 148 150 153 157 162 163 167 168 172 173 179 181 187 190 198 199 205 206 207 212 213 219 220 221 223 225 226 236 239 253 255 257 258 261 262 264 267 268 272 274 277 279 281 287 293 294 297 298 299 301 305 313 318 325 332 334 335 338 341 342 344 347 350 356 358 359 362 364 367 368 
64 130 132 136 141 147 163 172 176 186 194 203 230 237 241 244 247 255 261 263 266 300 312 314 339 340 364 
111 1 124 133 147 151 158 160 162 168 169 170 178 179 183 185 186 187 189 202 204 206 213 216 229 234 241 248 254 259 283 284 289 297 304 306 307 311 328 330 333 334 335 340 345 347 348 349 356 357 367 
58 130 137 147 155 158 159 163 170 173 174 177 178 186 192 194 195 196 198 201 209 210 214 216 218 223 224 228 229 230 231 232 242 247 251 255 289 295 297 307 308 309 314 317 319 322 323 324 325 329 331 333 337 338 340 346 347 354 358 362 
116 1 124 125 126 131 135 137 143 149 153 154 166 169 171 172 177 185 193 195 200 203 204 206 211 214 215 217 218 220 221 227 229 231 235 237 245 250 251 254 256 266 267 268 271 272 277 280 284 296 297 302 316 317 320 321 322 323 330 334 339 340 341 344 353 357 358 361 362 363 364 366 369 
199 128 129 133 134 135 139 144 147 148 149 152 154 166 167 168 171 173 176 178 186 190 193 201 202 205 208 219 220 221 222 223 224 225 227 232 240 244 253 256 260 268 270 275 280 285 287 290 293 298 300 302 303 304 305 307 308 309 310 311 312 313 315 317 318 320 323 324 325 331 332 333 339 341 342 343 346 349 350 351 354 361 365 366 
66 130 132 145 157 160 162 180 181 183 184 188 194 203 204 207 211 216 228 232 233 235 244 246 247 249 257 266 274 276 287 295 298 300 305 314 317 319 321 324 327 333 337 346 347 350 354 365 367 369 
99 33 126 147 200 188 269 101 215 82 160 43 224 161 40 143 212 127 43 85 139 62 238 252 105 144 54 218 72 182 92 103 70 88 13 168 9 229 177 204 280 85 36 55 21 105 3 36 46 271 226 175 197 73 141 247 159 225 126 183 197 108 53 299 4 107 43 86 123 274 164 268 11 223 175 211 109 83 53 11 27 133 271 171 41 131 267 259 161 214 203 127 58 197 44 194 251 7 127 69 44 82 51 158 286 113 274 81 100 89 173 5 61 296 8 111 109 123 21 120 18 199 97 255 227 300 39 240 145 135 253 243 259 282 271 61 207 52 111 29 44 272 266 76 233 282 116 104 60 221 124 103 165 100 54 113 79 60 234 36 30 48 15 180 97 61 10 282 292 68 238 4 258 250 130 128 101 79 187 85 146 16 296 236 268 10 221 255 41 207 134 226 107 249 55 185 298 226 9 43 180 6 142 147 129 71 134 236 84 66 60 174 120 53 219 235 1 52 193 126 164 86 216 164 41 127 295 87 93 15 248 260 114 109 29 218 110 85 20 156 45 64 224 297 178 300 24 120 145 89 107 125 280 106 182 281 72 123 261 215 47 16 175 40 299 129 168 186 71 71 77 261 190 197 223 10 37 206 86 275 78 52 131 295 137 266 152 233 10 233 199 111 107 288 251 9 252 176 166 78 26 187 244 137 292 238 169 60 90 283 100 27 257 282 209 94 32 246 204 168 185 138 284 188 207 11 253 50 46 7 117 290 159 68 1 184 211 227 76 4 87 166 69 87 181 62 106 136 262 230 56 184 226 65 248 209 79 278 147 228 24 79 122 87 156 144 183 234 146 
