250 375
39 126 129 138 147 153 167 168 180 186 195 197 202 203 208 213 222 231 236 242 250 254 257 258 262 268 280 283 284 286 289 292 308 313 318 324 327 332 337 340 343 353 373 
58 128 129 152 155 177 192 193 206 222 251 277 286 300 303 313 336 359 
244 152 179 210 214 227 231 241 274 287 317 320 327 343 350 
106 1 130 138 141 144 146 152 154 158 160 170 172 180 184 185 188 190 191 193 195 198 203 204 215 218 220 223 227 229 231 234 235 238 240 246 247 251 253 256 257 260 261 263 266 267 271 274 278 281 284 286 288 289 290 294 295 296 300 301 302 306 315 320 321 325 326 330 331 333 339 341 346 347 349 350 351 352 356 357 359 360 362 363 364 365 368 373 375 
48 1 126 131 132 133 143 145 148 152 157 160 162 167 177 178 181 198 199 200 204 206 207 213 228 230 233 236 239 242 243 251 252 255 256 263 265 268 269 273 274 277 279 282 287 290 296 308 311 313 315 320 323 330 332 333 334 336 341 345 346 347 350 356 358 360 362 369 373 
262 1 131 132 134 137 138 141 142 145 151 152 157 158 162 163 166 167 168 172 173 174 175 176 177 183 185 186 188 193 194 195 197 204 205 207 209 215 217 218 222 225 226 227 229 231 237 241 244 246 248 252 255 257 259 261 268 269 270 273 275 277 284 285 287 291 292 294 297 298 300 307 310 318 320 324 330 331 337 340 343 350 354 358 360 366 367 368 371 372 373 374 375 
50 129 130 132 138 148 151 157 159 160 166 174 179 184 189 192 199 202 212 226 230 232 236 238 241 242 243 250 253 258 264 266 268 270 279 281 283 285 287 289 290 295 297 305 306 313 322 333 334 335 336 340 345 348 352 362 365 
218 1 127 129 130 131 132 139 140 143 145 146 147 150 155 158 160 161 163 170 172 177 181 184 186 191 192 193 195 198 199 200 204 206 207 212 214 215 217 218 223 226 228 230 231 232 233 236 243 247 248 252 253 255 257 260 263 267 268 270 280 287 290 291 295 297 298 299 300 305 308 311 314 316 317 318 319 321 323 325 326 331 333 336 337 342 348 350 353 354 359 364 365 366 371 
300 150 221 247 301 342 
245 127 132 136 137 143 146 148 156 163 167 169 177 182 211 212 234 242 245 260 264 277 300 301 315 324 326 332 333 348 367 369 373 374 
70 128 129 130 139 142 153 155 166 168 170 176 177 179 184 185 188 191 192 195 198 202 205 209 210 214 216 220 224 228 230 235 239 241 243 244 245 247 257 258 263 269 275 279 280 287 288 291 304 305 309 313 316 318 338 348 352 365 366 371 
151 141 144 151 159 177 181 191 206 212 213 232 243 245 250 251 276 307 310 329 353 361 364 372 
290 130 142 144 150 171 174 187 211 220 227 238 243 245 285 287 299 301 305 327 328 333 336 350 352 375 
85 127 143 174 193 197 262 272 276 301 309 315 327 345 356 
248 127 133 135 137 143 170 177 181 182 186 191 198 215 235 247 257 259 260 265 269 273 297 304 305 307 311 316 340 342 345 349 362 363 
223 148 165 170 180 189 191 197 199 201 211 232 236 251 270 298 303 307 351 360 361 364 369 374 
209 137 142 146 184 211 224 225 234 236 242 255 269 275 281 301 309 316 328 337 338 357 365 370 
203 172 
160 126 136 140 143 150 151 152 153 160 167 172 180 183 186 188 189 195 197 213 218 224 227 239 241 243 248 255 269 284 298 299 300 305 307 310 314 317 332 334 339 343 347 348 349 351 357 361 365 367 
59 126 127 128 133 134 135 136 141 143 145 148 151 152 154 156 158 162 165 166 168 169 184 188 196 201 203 205 206 207 214 217 219 220 225 227 228 229 231 233 234 235 236 239 241 242 245 249 251 252 253 255 259 263 265 267 274 276 277 280 281 282 284 287 289 290 292 295 298 301 306 307 308 317 323 326 328 329 330 331 334 336 337 338 339 342 348 354 355 357 358 360 364 365 366 367 372 375 
15 135 137 138 140 144 145 146 149 153 154 156 157 160 163 165 166 168 169 171 175 176 181 183 184 191 192 198 206 209 211 213 214 219 224 230 232 235 236 237 240 241 249 257 260 262 265 266 267 268 269 273 274 277 279 280 284 294 295 299 302 305 306 315 319 324 325 327 340 342 343 346 348 355 356 358 362 368 369 370 375 
139 153 159 217 252 297 298 303 312 328 344 
55 1 135 142 144 152 156 160 177 193 202 210 214 219 234 238 239 250 256 257 258 259 262 264 265 267 272 277 281 299 304 306 308 322 333 338 340 346 349 360 366 369 370 374 
175 171 187 215 256 269 274 312 344 359 
41 126 127 129 133 139 145 149 153 156 157 159 160 163 169 174 185 186 189 201 202 204 206 208 210 214 219 225 227 229 232 235 236 238 247 251 253 255 270 271 273 277 280 281 292 294 295 296 299 303 307 310 312 324 329 337 340 343 347 348 350 353 354 357 365 366 371 
178 138 139 141 146 149 156 162 163 164 167 169 172 175 186 188 195 197 200 215 217 223 224 230 232 234 238 241 243 244 250 251 257 261 263 267 274 276 277 289 293 295 298 303 315 322 323 324 326 328 330 336 338 341 346 348 355 358 359 361 363 367 368 374 
63 143 153 160 163 172 175 176 200 209 212 245 253 257 258 265 272 280 284 289 293 300 320 328 331 335 337 338 339 340 342 345 371 
194 165 200 209 225 243 249 283 289 334 362 
263 128 129 130 131 140 148 150 153 155 157 166 167 179 183 188 189 190 196 197 199 204 207 211 214 218 219 221 222 225 231 241 248 258 263 265 270 272 273 274 278 296 301 302 306 308 309 316 319 320 327 328 333 336 339 340 350 352 363 365 373 
67 126 129 139 145 148 150 151 152 154 162 166 180 181 182 186 193 202 206 220 222 230 232 233 242 247 249 253 255 259 263 267 268 275 277 279 286 290 291 296 303 304 305 308 310 318 322 329 336 341 352 354 358 361 365 372 
139 171 217 240 302 339 
87 126 131 149 154 155 159 164 173 175 177 182 188 192 197 198 206 207 210 211 215 216 221 222 223 226 230 236 237 250 253 254 257 262 265 272 274 276 278 280 283 285 286 287 290 298 301 306 308 313 316 317 324 330 334 338 339 340 341 347 353 354 355 357 363 375 
19 126 129 130 136 140 143 148 150 152 154 155 159 162 171 174 180 182 183 184 185 191 192 193 194 195 198 203 206 211 213 216 217 218 220 225 229 231 232 233 234 235 236 240 241 243 244 251 252 253 254 261 263 268 269 270 271 274 277 278 279 281 282 283 286 291 297 299 303 306 310 311 312 313 314 315 321 322 323 333 338 339 340 342 343 347 349 350 351 352 354 355 357 360 364 367 371 
80 131 133 136 142 144 146 152 156 158 163 165 170 180 182 183 184 187 193 199 201 204 208 209 221 225 229 242 246 260 265 267 269 283 284 286 290 291 297 299 302 305 308 309 322 339 341 345 346 348 350 353 355 357 364 374 
171 126 142 164 175 185 196 201 203 213 216 222 226 229 236 242 246 249 258 259 264 277 284 295 305 320 321 324 348 353 365 
300 1 128 132 142 150 153 154 156 157 163 171 172 174 177 178 179 180 182 186 198 200 204 209 211 213 214 215 219 220 221 226 228 229 230 236 237 240 242 245 250 251 253 262 267 270 272 279 280 283 287 288 293 298 306 308 311 317 322 330 332 335 337 343 344 346 348 349 350 351 352 353 354 356 358 361 362 363 365 373 
46 129 132 134 139 140 147 148 156 158 160 165 170 174 180 184 186 187 197 198 201 205 207 209 215 219 224 229 230 237 246 247 248 252 253 254 256 257 262 264 265 270 271 273 274 277 278 280 281 287 295 299 305 306 308 311 334 344 352 354 356 363 366 368 375 
5 129 131 132 133 134 136 137 139 140 143 144 146 147 149 151 155 156 158 167 169 170 172 174 176 178 180 183 186 187 189 194 196 198 202 204 209 212 214 215 218 219 232 234 237 238 239 246 249 252 253 256 259 265 266 270 273 275 276 277 280 289 290 292 294 295 309 314 315 323 325 329 332 335 336 342 345 349 352 353 356 361 363 364 365 369 374 
240 127 130 138 147 149 151 157 159 162 164 167 168 172 174 175 180 188 190 192 194 195 196 197 213 216 218 227 231 235 236 237 246 252 259 260 272 274 277 279 283 291 293 299 303 305 310 312 313 319 323 325 331 333 336 340 345 361 375 
249 133 136 141 143 146 155 166 169 176 182 186 190 198 199 200 201 205 207 209 210 211 217 221 222 226 229 233 234 238 239 250 256 260 261 266 269 272 275 277 286 288 291 299 301 306 308 312 314 317 320 322 323 324 325 326 341 342 355 357 358 361 364 371 372 374 
3 126 128 136 137 141 144 145 151 157 158 163 166 169 178 181 183 186 187 195 196 200 202 203 204 205 207 212 224 233 236 238 239 241 242 244 247 249 256 257 259 262 267 271 272 277 279 281 284 285 290 292 293 294 296 298 302 306 307 310 311 312 316 321 323 325 328 336 341 344 345 348 350 351 352 355 356 358 359 362 364 367 369 371 373 
54 133 138 142 149 150 157 170 175 182 191 193 196 211 212 216 220 222 253 254 256 257 267 277 289 302 306 309 314 318 326 328 337 338 341 342 347 353 360 
175 1 131 139 141 143 145 146 148 150 152 153 155 160 161 162 166 169 175 177 178 180 181 184 186 190 192 197 200 201 203 205 206 208 209 211 217 218 220 222 224 226 227 228 230 232 235 236 238 241 247 248 250 255 263 264 265 268 269 270 272 274 276 277 278 279 280 287 290 292 296 298 300 305 306 311 313 317 319 321 324 325 327 328 329 330 332 334 337 340 342 353 356 357 359 360 362 364 365 366 375 
298 126 128 131 134 136 138 142 143 148 149 150 155 156 158 159 162 166 169 173 178 181 185 192 196 202 203 205 207 211 214 217 218 226 227 229 230 231 232 233 234 238 239 240 242 243 244 245 247 252 264 266 272 274 275 277 278 279 281 283 284 287 292 295 296 298 299 300 301 302 303 304 305 308 315 316 322 325 327 336 337 338 340 344 345 347 350 353 360 361 362 363 366 375 
59 1 128 134 139 142 144 148 153 156 165 171 179 182 183 184 186 191 193 196 206 207 208 209 211 218 221 243 245 248 252 258 260 267 268 272 273 275 276 284 285 287 290 291 293 300 303 310 314 317 318 322 324 325 332 335 338 341 346 353 356 360 361 362 363 367 368 372 373 
138 158 166 181 234 241 250 262 266 279 291 294 307 311 326 330 333 339 343 
288 130 137 138 140 142 144 145 151 154 166 167 168 174 175 176 186 187 189 196 198 199 202 203 205 221 223 225 235 243 246 249 252 255 256 261 262 267 272 278 298 315 321 322 329 333 345 350 357 360 361 363 364 365 372 373 
175 187 222 246 270 319 331 366 
244 132 133 136 137 140 146 149 152 155 159 163 165 172 173 174 175 176 177 180 183 186 190 192 194 195 202 203 205 207 209 214 217 218 221 224 226 229 236 237 239 242 245 246 247 249 252 254 257 259 260 263 265 268 272 279 280 289 291 297 300 303 305 310 313 315 317 321 322 331 332 333 334 335 337 343 344 355 356 357 359 363 370 
45 1 131 132 139 143 145 151 163 164 165 166 168 171 172 174 175 179 181 194 197 211 213 215 221 222 232 233 239 241 246 250 252 253 258 261 262 263 267 270 271 276 277 280 281 287 289 290 292 298 301 303 308 314 317 319 324 325 328 331 334 336 338 347 350 353 355 358 363 365 368 369 370 374 375 
297 127 133 134 135 137 141 148 149 150 154 157 159 167 170 171 173 179 182 183 185 187 191 193 196 199 204 205 206 207 209 214 218 221 223 225 227 228 230 231 232 233 235 239 243 244 254 255 257 258 259 260 268 275 276 279 280 282 283 290 293 297 299 304 308 309 310 313 317 318 319 321 322 324 326 331 333 337 338 342 344 345 346 347 351 352 353 354 360 371 373 374 
264 375 
246 128 129 131 132 134 159 160 163 166 167 168 170 172 174 176 179 182 186 187 190 191 192 193 195 197 199 201 203 204 206 207 208 209 211 214 215 216 217 218 220 223 226 228 230 233 236 240 249 250 251 255 256 263 264 269 275 281 282 283 284 286 290 292 293 294 296 298 299 306 307 310 311 312 315 319 320 323 326 327 329 330 332 335 336 337 340 346 347 350 351 352 355 358 359 360 361 366 367 369 370 371 372 
254 131 140 141 142 150 157 168 171 196 208 218 221 224 229 230 232 236 251 254 267 268 270 271 274 275 281 285 296 297 301 305 314 327 350 355 360 367 
57 1 126 129 138 139 140 144 145 147 155 158 161 162 166 167 169 171 172 177 178 181 185 188 189 194 195 197 198 200 202 206 207 210 212 214 215 219 224 225 226 228 234 235 237 244 245 250 251 252 254 256 260 261 262 263 264 265 267 268 274 281 283 290 297 298 302 303 304 306 307 308 319 321 322 324 325 329 332 336 341 343 350 351 352 353 354 358 366 367 369 373 
277 128 130 133 135 139 142 143 148 152 153 154 155 156 157 164 174 177 180 182 183 190 200 203 205 206 209 210 211 212 213 216 223 227 229 230 231 232 234 235 237 239 240 246 247 253 254 255 258 261 269 270 273 274 275 276 277 279 280 281 290 291 295 306 308 309 313 317 319 323 328 329 332 334 336 338 340 342 347 349 352 355 359 362 363 365 371 372 373 
295 127 136 157 158 164 166 168 170 176 208 210 211 214 215 222 228 239 242 245 248 252 253 256 258 259 261 272 274 282 284 288 291 292 293 297 301 302 307 308 309 313 315 323 325 331 341 342 355 356 363 374 
9 126 135 136 143 151 154 160 163 164 165 170 172 180 181 182 183 192 197 199 201 203 204 210 211 214 216 217 220 222 225 229 231 233 236 238 244 245 247 248 249 250 253 254 263 269 271 272 277 280 285 288 290 292 293 300 301 304 305 312 324 329 331 333 343 347 348 351 358 361 362 364 370 
180 126 128 130 131 132 133 136 138 140 159 161 167 168 170 172 173 174 178 181 187 189 190 191 194 195 197 200 201 204 207 208 221 222 226 230 234 238 241 243 249 252 255 259 264 265 273 274 288 289 294 308 309 310 311 317 326 327 331 343 344 347 349 356 359 365 368 371 
76 126 128 129 134 135 141 142 145 148 153 156 159 163 164 166 170 172 197 199 200 205 207 209 210 216 217 218 224 225 226 228 240 244 246 256 271 275 281 283 289 301 307 309 312 313 314 315 317 318 327 328 329 337 343 352 359 363 364 365 370 
29 145 146 147 154 156 172 185 189 196 199 203 205 207 216 217 222 224 225 226 228 240 244 247 252 260 261 270 274 288 290 296 297 304 314 339 342 346 350 
150 189 226 234 366 368 
50 129 130 131 132 136 140 141 144 145 147 151 155 160 168 169 172 177 188 191 192 193 196 199 200 201 204 205 208 211 213 215 218 224 227 233 236 243 245 246 248 249 251 256 259 260 271 273 286 287 290 293 301 304 306 307 308 311 313 314 315 323 325 328 330 339 351 352 356 359 360 368 369 370 373 
194 1 128 129 131 138 141 145 146 147 155 157 174 179 183 184 190 192 194 199 201 202 204 206 216 218 223 224 227 229 230 233 239 240 247 248 249 250 251 253 254 255 257 259 262 267 269 273 275 276 279 280 281 284 288 289 290 291 295 297 300 314 317 318 319 328 340 349 353 354 355 361 365 366 368 371 
288 131 136 137 141 147 149 150 153 161 165 167 168 174 175 177 183 187 192 193 199 201 208 210 212 214 217 219 220 221 229 232 234 236 250 256 259 261 262 266 267 271 279 284 285 290 291 302 307 312 324 326 332 344 350 351 361 364 368 373 375 
73 235 251 269 322 
272 132 136 138 140 141 142 146 156 157 158 160 164 170 176 178 181 184 185 187 188 189 190 191 192 193 194 198 199 202 204 209 210 212 214 217 222 224 231 233 234 244 251 257 259 261 262 265 266 267 268 269 271 273 274 281 284 286 291 293 296 303 305 306 308 309 310 313 314 316 330 332 338 341 343 344 345 346 347 349 352 355 356 361 362 363 364 375 
213 128 140 146 148 151 152 156 159 161 163 167 170 172 173 180 184 187 191 196 202 204 206 209 212 218 223 229 232 233 251 254 255 256 261 266 267 268 269 272 277 280 283 287 289 293 304 305 307 311 313 315 318 320 329 332 335 338 345 352 353 362 366 369 
152 1 126 128 131 132 137 143 149 152 153 156 159 161 163 170 178 179 185 196 198 200 201 204 206 207 208 209 210 211 213 217 220 221 222 228 229 232 233 236 237 238 239 240 242 243 247 248 249 250 251 252 253 255 256 258 263 266 273 276 279 282 284 288 291 293 294 295 297 298 303 306 309 311 313 314 315 319 320 324 326 328 344 345 346 347 353 355 362 363 366 372 373 374 
216 1 126 128 130 132 137 138 140 147 157 168 184 193 194 201 204 210 221 228 235 239 241 254 261 280 282 288 295 298 312 324 326 351 358 367 370 374 
21 182 206 245 246 288 350 
280 1 126 129 133 141 143 145 151 155 161 164 168 170 182 183 199 203 207 209 211 216 219 228 230 231 233 237 241 242 244 248 254 265 266 271 272 276 280 282 283 293 299 300 307 317 320 323 327 328 329 330 331 335 337 339 341 346 347 352 368 375 
60 1 133 137 141 146 149 154 155 161 163 164 165 166 168 172 177 178 179 181 184 193 194 195 196 205 207 208 209 211 212 213 223 230 231 233 236 238 241 244 246 249 254 257 261 263 265 266 270 272 273 285 288 289 293 294 298 303 305 309 310 314 315 318 319 334 340 341 342 343 344 345 346 348 349 352 357 358 363 368 371 374 
226 1 128 136 137 139 145 151 152 155 156 157 162 169 170 174 176 177 180 184 186 190 194 195 198 199 200 201 202 209 213 220 225 230 231 234 236 238 240 241 244 247 260 261 263 264 265 271 272 273 277 278 285 288 292 293 294 302 305 309 313 318 322 323 325 328 329 332 336 337 341 346 352 361 362 364 371 375 
27 1 128 144 148 165 167 177 186 189 191 206 223 230 250 258 265 272 288 295 296 307 336 337 355 375 
146 1 129 131 134 139 148 149 151 152 156 164 168 171 175 177 179 183 184 187 192 193 194 196 199 202 209 214 217 218 224 227 229 231 232 233 234 240 241 246 247 248 249 250 253 261 265 266 272 277 282 283 284 286 288 295 296 297 299 305 306 307 308 309 311 312 313 314 316 320 321 323 324 325 326 327 329 330 332 333 346 351 354 355 357 358 362 363 366 367 368 371 372 373 
107 128 129 131 134 135 143 144 161 174 175 178 179 180 184 193 194 199 211 218 221 226 232 234 235 236 253 254 258 265 267 276 281 287 290 293 294 297 302 305 307 312 314 316 318 320 323 325 330 336 345 349 352 353 355 363 372 375 
243 127 134 140 144 148 151 159 169 182 186 187 218 234 236 240 252 253 256 260 264 276 280 282 283 284 285 297 312 325 326 329 335 340 356 375 
235 128 129 130 138 141 145 154 155 172 174 181 187 189 194 196 198 202 204 205 209 212 213 215 218 228 236 237 243 252 253 255 260 264 265 271 286 288 292 301 303 307 313 316 319 323 331 332 337 345 347 348 359 360 374 
275 126 128 131 137 139 142 143 146 149 150 151 153 156 160 162 163 164 169 174 175 176 177 181 184 187 189 193 194 195 197 198 200 206 207 210 214 216 219 220 221 223 226 227 230 236 237 239 243 245 246 252 254 256 260 264 266 268 270 271 275 276 278 279 280 283 285 287 290 293 295 299 301 303 306 307 309 316 317 325 328 334 337 340 341 344 346 347 351 352 353 356 359 361 362 366 369 
65 140 165 175 180 182 186 207 209 220 256 259 265 269 308 337 350 353 357 367 373 
232 127 130 132 133 135 136 137 139 140 143 145 146 148 152 155 160 161 165 166 167 169 174 178 181 185 190 194 200 202 203 208 209 212 213 215 216 218 219 221 223 225 228 230 234 238 239 240 241 245 249 251 252 256 260 267 269 270 274 275 278 279 281 284 286 289 290 292 301 304 305 309 312 314 315 316 319 320 323 324 331 333 334 344 345 347 350 356 361 363 366 368 369 370 371 374 375 
260 126 127 130 132 134 137 140 141 143 145 151 154 156 157 162 165 168 178 179 180 181 183 187 188 196 200 209 212 221 222 230 232 249 255 257 264 275 276 278 280 286 287 289 291 296 300 301 312 317 319 322 329 333 334 335 337 340 345 350 351 353 358 360 361 365 371 373 375 
76 1 141 163 217 224 236 270 372 
139 131 132 136 137 138 139 141 143 145 151 152 153 154 156 157 158 160 161 163 172 174 176 179 191 193 195 202 204 207 214 217 221 226 228 230 233 235 242 246 250 251 252 262 264 265 266 270 273 275 276 281 282 287 294 305 307 312 314 316 323 325 326 327 331 333 334 337 338 339 340 350 354 356 358 361 367 369 372 
65 135 138 139 155 158 168 172 174 179 180 192 202 210 231 236 241 242 244 259 271 278 285 297 320 323 326 332 336 349 356 357 365 
251 127 132 133 137 138 140 142 143 147 148 151 156 161 163 169 172 175 177 179 185 190 193 194 199 201 203 206 210 211 213 216 221 222 224 227 229 233 238 239 246 247 248 249 253 254 255 264 268 275 276 277 279 283 288 290 291 293 295 297 298 300 302 303 305 309 310 312 313 316 317 320 322 326 327 332 338 340 341 343 344 345 355 356 361 366 370 373 375 
163 131 151 157 167 182 191 192 193 201 209 233 235 243 249 258 265 279 284 285 287 288 293 294 308 317 319 328 332 334 352 356 357 363 365 374 
48 127 129 133 134 138 140 146 148 149 150 155 159 165 169 172 178 180 181 188 189 195 197 199 204 207 210 211 215 216 218 219 222 228 231 236 244 246 250 255 261 262 264 270 271 273 274 277 278 280 293 294 297 298 299 300 301 304 308 313 314 316 321 327 328 330 332 336 338 339 342 345 351 356 361 362 371 372 373 
100 131 138 139 141 148 156 157 158 161 163 175 177 179 181 188 189 193 194 196 199 200 202 204 206 207 209 216 217 218 221 222 227 229 230 233 236 249 250 251 254 256 257 259 260 263 266 267 270 277 279 281 284 285 287 288 292 294 299 300 317 319 325 326 332 333 337 338 339 341 345 347 360 361 362 364 368 371 374 
84 160 170 185 195 211 253 284 314 325 333 335 340 354 360 373 375 
164 127 128 129 131 132 133 134 143 152 154 169 194 215 217 228 230 236 246 260 277 282 292 312 323 330 335 336 338 349 362 366 
211 130 133 134 139 142 147 152 155 160 161 162 172 174 175 185 186 188 189 206 209 211 213 215 227 233 234 236 241 242 245 247 251 252 257 264 271 279 284 300 302 314 316 318 319 325 328 333 340 342 344 345 348 354 355 358 371 
58 127 129 131 141 142 143 144 146 147 148 155 159 162 166 172 173 175 178 181 183 184 185 186 188 190 191 204 205 206 210 211 212 222 226 227 228 231 232 234 238 239 241 245 247 248 250 252 254 264 266 269 279 281 284 289 291 295 299 301 302 310 311 316 317 319 323 324 327 333 334 335 340 346 350 356 366 369 371 373 375 
15 1 127 136 143 147 152 156 159 160 164 172 173 178 179 181 182 183 189 197 199 201 203 205 207 209 210 212 213 217 219 224 227 238 239 243 244 247 249 250 252 255 256 257 258 263 264 267 269 274 279 288 291 294 295 296 298 304 305 314 316 320 324 325 328 329 340 345 350 353 354 355 359 361 363 366 368 372 
186 1 134 135 140 147 148 154 155 157 165 173 177 183 189 195 197 198 220 221 231 236 241 244 247 256 281 284 293 297 301 325 331 337 343 347 350 354 374 
132 1 129 131 136 141 146 147 150 152 158 159 160 162 163 166 171 175 179 180 181 183 184 188 190 192 195 205 207 210 212 213 217 218 223 225 226 228 232 233 234 240 244 245 248 252 262 263 264 266 268 272 274 277 278 279 282 283 286 290 293 298 299 300 306 316 320 322 325 326 331 334 335 337 338 339 342 343 344 345 348 349 353 355 359 363 367 369 371 
157 156 167 174 176 200 201 204 205 212 236 267 271 280 281 282 291 292 327 329 330 333 335 359 363 371 
80 132 133 136 141 143 152 166 173 176 200 205 210 212 221 227 243 248 251 254 258 259 273 276 286 289 309 314 325 327 329 336 350 
138 132 140 158 178 201 203 211 221 226 233 234 237 243 247 261 273 294 318 321 332 340 343 360 362 370 
130 130 137 141 144 145 148 153 157 160 162 166 169 179 180 181 183 184 193 195 196 197 198 202 203 208 209 215 216 217 222 231 236 237 244 245 247 250 254 256 258 262 263 264 267 270 272 277 282 283 289 300 309 319 320 327 328 332 333 335 338 342 345 347 351 357 364 365 367 371 374 375 
167 142 158 171 174 176 188 196 209 230 268 269 280 284 320 324 325 332 348 352 364 
241 128 129 133 137 140 145 146 151 154 155 161 164 168 170 173 198 199 207 215 220 231 245 251 255 273 275 276 279 280 285 288 289 297 304 322 323 324 333 337 338 346 352 357 362 365 367 374 
265 151 158 160 162 174 184 185 197 200 209 222 225 248 251 283 317 325 334 341 344 348 351 355 375 
174 127 138 141 145 148 182 208 212 220 247 280 293 299 309 315 319 332 369 
143 1 126 129 130 132 136 141 149 153 155 164 166 171 174 175 180 181 186 192 196 199 200 204 212 227 230 232 236 247 249 251 252 260 261 263 267 272 276 282 301 306 314 317 318 319 331 335 336 337 345 346 357 365 366 367 370 374 375 
130 133 198 231 236 280 290 319 324 336 337 353 354 359 361 
84 135 146 147 169 172 178 181 200 201 204 216 237 240 246 251 255 256 262 272 276 284 293 301 304 309 366 
265 126 130 133 134 139 142 143 144 155 157 158 163 164 165 166 172 177 178 181 182 184 185 190 192 193 194 196 198 199 201 203 206 208 210 217 221 223 225 230 234 236 239 240 244 247 249 251 252 253 257 258 265 267 269 272 273 277 279 280 282 283 288 289 292 293 294 298 301 306 315 318 320 322 326 329 331 332 334 338 340 342 347 348 351 352 353 364 369 372 373 375 
269 126 127 130 132 133 138 139 142 148 149 152 153 155 156 157 160 166 170 172 173 174 183 186 192 195 197 209 212 215 216 218 219 223 224 225 228 230 231 232 235 240 242 248 250 252 254 259 261 262 265 266 267 268 269 270 271 274 277 279 280 282 283 284 288 293 295 298 300 302 303 304 307 308 309 313 314 317 329 330 331 333 334 340 341 343 344 345 350 351 357 361 365 369 372 
125 1 126 132 140 142 146 151 153 156 157 158 162 164 172 174 177 181 193 198 199 200 202 209 212 215 218 221 223 224 225 229 234 235 239 249 250 253 255 257 261 263 267 271 274 277 279 281 282 288 294 298 300 303 305 307 310 311 313 318 319 322 325 327 330 340 341 342 343 348 353 359 362 368 372 375 
293 317 
10 255 
53 148 150 152 153 157 158 160 162 164 167 174 181 190 197 216 222 223 229 243 250 255 257 258 260 266 268 273 279 281 282 284 304 308 309 315 318 332 337 341 345 346 347 353 355 356 357 363 371 373 
245 198 211 226 236 253 288 289 312 316 333 345 350 366 
55 128 131 137 143 144 145 148 149 153 155 156 163 164 166 167 170 174 179 190 191 193 196 198 217 224 225 239 244 246 247 248 259 260 261 267 270 272 305 307 309 312 324 327 343 347 353 360 361 362 366 371 373 
190 153 191 220 236 244 309 374 375 
105 132 133 152 157 172 173 174 179 185 188 198 199 206 213 220 222 224 233 234 239 244 252 263 268 276 284 285 286 295 299 302 305 306 313 316 320 325 336 346 348 349 352 355 361 362 364 365 
206 135 177 210 219 236 247 249 257 271 275 285 294 328 337 349 369 
32 133 134 135 141 146 147 151 152 157 169 172 175 182 191 193 201 211 214 226 232 244 258 269 273 282 286 291 300 309 324 331 335 337 340 355 357 359 365 367 368 
196 126 129 134 140 141 145 150 152 154 155 156 158 159 161 162 167 168 170 171 172 173 177 180 182 184 187 189 190 194 195 196 198 200 206 207 208 211 217 219 220 221 227 228 231 236 237 238 241 244 246 248 250 252 256 257 258 259 263 269 270 273 276 278 280 283 284 294 298 299 301 307 314 315 316 319 320 322 326 328 333 337 338 341 343 344 345 347 349 355 360 364 365 368 370 371 375 
220 178 207 285 293 369 
200 131 136 140 141 142 144 165 175 180 182 185 187 189 194 196 198 202 208 210 214 219 224 228 230 242 245 248 249 259 265 272 273 281 288 289 291 294 295 297 304 317 327 332 334 335 340 346 347 348 354 355 356 359 360 364 369 
82 1 126 131 136 140 141 144 149 151 152 168 170 171 172 174 177 181 186 188 190 193 197 199 201 202 210 213 215 216 219 221 229 231 232 233 235 238 239 244 245 247 248 252 253 256 262 265 270 273 275 278 283 288 292 297 300 301 303 304 306 307 308 309 313 314 316 317 319 321 323 327 330 333 335 337 340 343 350 351 352 357 359 361 362 363 370 372 373 374 375 
175 128 131 133 137 145 146 155 156 157 160 161 162 164 184 185 186 193 195 205 208 213 215 216 217 221 226 229 232 235 238 248 255 267 268 269 271 272 275 277 278 283 285 289 290 292 294 296 304 305 307 308 309 310 311 317 319 320 323 325 332 333 340 342 347 348 350 352 359 364 370 373 375 
176 1 131 134 143 145 147 153 154 156 157 167 168 171 179 181 184 187 201 202 204 205 216 218 220 222 225 231 233 236 240 250 256 257 260 261 263 264 266 273 279 281 286 288 290 292 295 302 307 312 315 323 327 330 333 336 337 340 342 357 359 362 365 370 374 
98 148 154 157 159 164 177 189 195 199 204 207 216 251 262 268 271 272 273 282 285 287 292 312 313 330 332 335 336 347 348 349 356 361 363 368 373 
122 126 129 131 137 140 141 145 150 153 155 159 160 161 162 165 168 171 177 180 181 192 201 208 211 215 218 220 221 222 225 226 232 235 243 244 247 250 251 253 254 256 257 261 267 270 275 279 280 281 284 285 289 290 296 297 298 301 304 309 310 312 320 322 326 327 332 334 336 339 340 341 342 348 350 358 362 364 374 
156 131 134 157 173 178 182 186 190 203 209 218 230 251 260 262 264 267 276 281 282 294 304 306 309 311 333 336 347 360 370 
59 131 132 134 135 137 139 143 144 145 149 150 156 157 158 161 162 164 166 167 172 176 178 184 186 188 192 195 196 199 204 205 210 213 214 226 228 230 233 236 238 241 242 243 244 245 249 250 252 253 257 262 263 265 268 270 275 281 283 285 286 288 289 290 293 294 296 298 304 306 308 310 311 321 322 324 325 326 327 336 338 339 342 345 347 353 354 356 368 369 371 
203 127 151 160 162 173 180 194 221 246 247 250 258 259 284 291 299 302 313 314 329 330 335 343 344 348 349 350 361 363 372 
113 128 131 134 140 141 145 146 147 148 150 152 153 167 171 172 173 174 177 178 179 180 182 190 191 192 193 196 198 205 209 214 222 224 225 226 230 238 239 242 248 249 255 258 260 269 271 274 276 279 282 286 287 298 302 304 305 307 310 311 322 324 325 329 334 336 342 343 349 351 357 360 369 371 372 373 374 
275 1 127 129 130 132 133 136 137 139 148 151 158 161 167 172 173 175 177 180 181 187 193 198 200 204 215 217 222 225 226 231 233 234 235 239 240 242 246 247 248 256 264 268 271 272 276 277 278 279 281 282 285 288 291 307 311 313 324 327 328 331 339 341 342 344 346 348 349 351 356 366 367 370 371 
19 131 132 133 134 135 136 143 144 145 147 151 152 155 156 159 160 166 177 179 181 182 184 189 197 200 202 207 214 216 233 235 241 243 245 247 248 249 253 255 260 262 265 269 278 279 282 284 285 286 288 292 294 298 303 308 309 310 311 312 313 315 316 318 320 325 326 328 329 332 336 337 339 341 343 345 347 349 350 351 352 357 358 361 363 368 369 370 371 373 
35 126 128 152 153 182 185 186 188 190 199 201 211 222 230 255 263 271 273 287 295 299 321 325 344 351 356 370 371 
63 135 148 157 163 166 168 193 196 202 217 222 237 250 260 267 273 286 288 300 321 324 331 360 372 
198 127 128 131 134 140 156 162 163 168 173 207 216 224 233 236 238 245 247 249 253 257 261 273 278 295 298 301 305 308 309 316 320 339 350 352 355 361 368 371 
76 133 137 142 148 149 151 152 154 160 161 162 165 171 177 178 186 187 191 197 201 204 209 210 213 223 224 226 237 238 240 241 242 247 248 250 252 255 262 270 276 278 285 289 299 303 306 307 315 331 333 334 342 344 346 350 354 356 363 365 367 370 375 
117 126 127 136 138 146 186 197 209 211 215 218 228 233 250 251 258 283 284 289 304 314 317 328 346 350 356 358 371 
55 1 137 138 139 140 142 143 147 151 153 157 158 161 163 169 174 176 181 182 183 185 190 193 195 197 198 199 206 210 212 213 217 219 222 235 236 237 247 248 250 256 258 259 260 261 268 269 270 271 273 284 285 286 291 295 298 299 301 310 311 314 317 318 322 333 334 335 339 342 344 345 346 352 358 359 368 369 374 
182 127 130 131 132 134 141 143 146 149 152 161 163 164 165 166 174 178 180 182 187 189 190 192 193 194 197 200 206 207 212 218 222 224 232 234 238 239 251 256 270 272 274 278 280 283 286 292 293 295 302 310 312 316 317 319 320 321 322 325 326 327 330 331 332 335 336 339 349 351 354 355 359 363 364 368 370 372 374 
292 129 139 142 144 148 150 151 154 156 159 162 163 170 173 190 192 201 202 211 221 224 226 230 235 239 241 242 250 253 254 257 268 269 270 272 279 303 306 325 339 346 347 350 361 364 368 370 375 
222 1 126 132 134 139 145 148 154 155 156 157 169 173 181 183 184 188 190 204 207 208 209 214 218 220 224 230 238 245 251 254 256 259 266 267 268 270 280 282 287 295 306 311 314 334 348 350 358 359 363 364 366 367 372 375 
211 126 131 134 137 139 145 148 152 154 155 160 164 170 173 177 180 184 196 201 203 206 207 209 210 211 215 218 228 229 230 231 232 238 239 242 244 250 251 253 257 258 261 268 279 281 284 285 286 287 289 290 291 294 295 296 297 300 302 303 307 316 319 321 324 325 326 330 332 333 334 335 337 338 339 341 346 350 353 354 355 357 360 362 363 364 365 368 372 
82 166 171 208 239 280 292 307 346 
24 131 148 153 167 168 169 171 178 187 199 212 217 220 222 234 251 259 260 265 271 280 282 288 301 304 328 373 
4 127 132 133 134 136 137 140 143 144 147 151 152 165 168 173 174 177 178 180 182 188 189 195 198 199 205 206 207 210 212 214 217 221 225 244 246 251 252 254 255 256 260 265 268 274 279 284 298 304 305 310 327 330 334 335 340 346 357 358 359 365 374 
297 170 195 196 210 218 300 348 360 362 
169 137 163 236 307 347 374 
228 145 162 209 263 280 304 344 372 374 
286 145 
260 127 128 130 133 135 136 137 141 150 153 156 157 158 167 170 171 172 174 176 177 178 180 181 184 195 196 201 204 205 207 208 209 210 211 213 215 216 217 219 220 221 224 228 232 233 241 246 248 251 252 254 257 258 270 272 274 275 276 279 282 284 286 287 289 292 297 301 308 312 313 314 319 320 321 322 324 331 335 336 337 343 347 349 352 355 357 359 360 361 370 371 373 374 375 
116 127 129 130 135 136 144 147 151 154 156 158 160 161 163 165 166 169 171 173 176 179 183 193 200 201 202 204 213 216 218 220 226 230 233 235 236 237 239 240 241 245 254 259 261 262 267 270 278 280 286 288 289 291 292 293 295 296 300 301 302 303 305 307 311 312 318 323 327 328 332 334 340 342 348 350 354 355 356 357 359 363 364 371 375 
169 126 132 135 136 137 141 143 145 146 152 153 154 156 157 160 161 168 171 172 174 176 178 186 189 190 196 199 201 202 203 205 206 212 215 221 224 228 233 235 241 247 248 250 253 256 257 260 268 275 280 282 289 291 297 299 302 303 307 315 322 325 327 329 336 338 339 340 341 343 345 347 352 353 354 356 360 365 366 375 
292 140 191 200 227 254 276 282 283 319 
23 126 127 133 135 139 143 153 161 173 175 178 181 182 185 191 193 206 210 213 218 221 229 232 233 235 238 239 243 247 257 258 259 261 264 267 271 274 275 279 289 292 296 302 307 309 310 313 318 322 323 326 327 331 332 337 341 345 348 350 351 356 359 364 366 368 372 373 374 375 
88 130 138 142 146 147 152 161 169 170 172 184 185 189 190 192 196 202 206 209 210 212 214 216 220 231 232 241 243 249 253 255 257 261 263 271 274 279 291 295 300 301 303 305 308 312 317 329 334 342 345 346 348 349 356 360 366 367 373 374 
270 1 128 130 131 132 135 137 139 145 148 149 151 152 153 154 158 160 165 168 169 170 174 176 177 178 181 183 190 191 192 196 200 201 202 205 206 208 209 211 216 217 220 230 233 235 236 239 241 242 247 254 255 257 258 264 266 269 270 272 273 280 287 289 293 295 304 307 310 315 317 319 320 322 323 324 325 326 327 330 331 337 339 343 346 348 356 358 364 365 367 369 372 
208 1 126 131 132 134 136 139 142 146 147 153 160 167 178 180 186 187 191 196 197 200 202 208 209 214 222 223 225 241 245 254 259 261 270 275 276 283 284 289 300 313 315 319 329 331 332 333 337 339 342 344 349 356 357 358 359 361 362 365 373 375 
163 221 234 264 275 
86 130 131 134 136 137 143 152 155 157 166 169 171 174 178 179 181 184 188 191 192 197 200 202 204 207 208 213 216 217 219 220 221 223 225 232 234 245 249 250 251 257 260 262 267 270 272 274 288 294 310 311 313 316 318 321 323 324 325 328 340 344 354 356 365 369 370 374 
217 128 129 133 137 138 143 145 148 150 153 155 157 160 161 167 172 177 178 179 180 181 184 187 192 196 199 200 203 207 211 216 220 225 231 232 233 237 243 248 257 260 261 262 268 275 276 280 283 284 287 288 295 299 301 302 321 323 325 336 338 339 342 347 349 353 357 358 363 364 371 375 
276 127 131 137 143 147 152 153 154 160 171 173 178 180 183 184 186 194 196 197 210 211 221 222 230 236 237 244 247 248 250 251 253 259 262 271 274 275 279 280 283 288 291 293 296 297 310 314 320 321 323 325 327 329 330 335 340 343 344 346 350 354 359 366 368 372 373 374 375 
123 144 146 148 150 155 164 167 168 170 171 175 178 179 180 182 183 188 197 204 209 211 213 215 217 237 240 243 244 247 250 257 264 269 271 272 278 282 283 294 307 308 314 320 324 331 334 336 341 355 360 363 367 368 371 372 373 
83 151 183 191 200 211 216 231 275 288 297 344 345 
106 148 150 154 162 186 199 211 216 225 243 253 255 268 298 300 318 319 334 363 367 371 
56 1 130 131 133 136 137 143 144 147 154 166 169 171 172 177 178 180 181 187 188 189 195 196 202 216 217 219 226 227 230 233 235 236 238 245 247 250 256 258 260 263 265 267 268 269 274 275 276 277 283 286 288 302 306 307 309 311 312 316 317 328 331 339 344 349 351 352 354 357 362 369 
85 128 129 130 133 134 137 138 139 140 142 146 148 150 151 153 154 156 159 160 161 162 163 164 166 172 177 180 182 184 185 186 187 188 192 193 195 198 201 204 209 213 219 222 225 230 233 234 239 240 242 244 247 249 251 252 253 254 256 258 259 262 263 267 268 272 273 274 276 280 282 285 288 292 297 298 304 309 310 314 316 318 322 324 327 329 331 333 335 337 339 343 348 353 355 360 362 364 367 369 370 371 
202 127 130 132 133 134 138 140 145 146 147 151 153 158 159 160 163 166 169 173 174 175 178 181 182 185 187 188 194 197 198 204 206 214 217 221 223 224 226 227 228 231 235 236 237 239 241 242 246 249 251 261 263 264 266 271 275 276 278 281 283 284 286 288 297 301 303 305 307 310 315 316 317 319 320 321 333 335 336 339 340 344 345 354 355 357 360 362 364 366 367 368 374 375 
37 129 136 138 140 143 144 147 148 149 151 155 158 160 161 180 181 190 192 193 197 198 200 201 203 204 205 208 209 212 216 218 219 226 227 230 237 241 242 244 245 249 250 251 252 256 260 262 265 266 268 275 276 279 282 284 287 291 292 294 295 308 310 318 320 321 322 325 326 327 335 339 340 341 343 349 356 357 358 360 361 362 364 365 366 368 
126 1 132 133 135 138 142 143 147 150 153 156 161 162 170 173 175 178 180 181 182 184 186 194 195 198 204 205 206 207 209 213 214 215 216 217 219 220 225 227 229 230 231 239 240 241 243 250 253 257 258 261 262 264 266 268 270 272 273 274 276 278 281 282 283 284 286 289 293 294 297 300 301 302 304 305 307 310 316 321 323 327 328 332 336 338 344 348 353 355 356 363 366 367 369 372 373 374 375 
259 159 163 198 292 298 371 
11 1 127 129 132 139 140 141 143 147 150 154 155 157 159 164 169 170 171 172 173 174 176 177 178 182 187 189 190 191 195 199 200 202 205 208 209 212 213 216 219 224 225 227 231 235 240 242 243 251 253 254 256 260 267 271 276 280 283 284 286 288 291 298 299 300 301 306 309 310 311 312 320 323 324 325 328 330 338 339 342 343 344 345 349 350 351 353 354 355 362 363 369 374 
105 143 150 157 162 165 176 187 193 202 223 232 242 248 253 258 259 269 283 290 291 318 321 328 334 351 366 
207 126 128 129 147 151 155 156 158 162 166 167 177 178 182 186 189 198 202 206 208 213 215 216 223 224 227 228 231 233 234 236 237 239 248 260 263 266 267 268 269 276 284 287 288 292 293 296 304 310 311 312 313 315 318 326 330 334 335 340 346 347 350 351 353 357 359 368 373 
4 126 130 131 132 133 135 138 139 140 141 142 143 144 145 146 149 150 151 152 154 157 160 162 163 167 169 170 174 175 176 177 178 184 189 193 195 196 198 203 206 210 215 221 222 223 226 227 228 234 235 241 244 245 250 251 254 255 256 257 259 263 265 268 277 278 279 280 281 287 293 298 300 302 308 309 312 314 317 318 319 320 324 329 330 331 334 335 336 344 349 356 357 358 361 362 365 366 370 371 373 
264 134 143 144 150 158 164 175 181 188 193 206 231 233 250 258 261 271 277 285 291 302 321 343 354 363 
169 1 127 134 137 140 150 152 154 155 159 160 163 166 167 168 171 176 178 181 183 187 188 193 194 199 200 207 208 209 218 221 224 226 227 229 231 240 241 242 245 257 259 262 263 278 279 280 281 285 290 291 293 294 296 303 306 312 321 325 327 332 348 350 353 358 366 368 
260 132 176 204 245 277 298 
49 126 130 135 136 138 143 145 146 148 154 161 163 165 166 171 174 175 176 182 185 188 194 196 200 201 203 208 209 214 216 217 218 219 220 223 224 227 232 233 235 240 241 242 250 253 256 257 259 263 264 267 268 282 284 285 287 291 294 296 297 300 303 305 306 310 313 319 323 326 328 330 338 339 340 342 344 348 351 353 366 
221 126 134 147 149 153 154 157 160 161 165 168 169 170 171 178 179 181 189 194 198 201 202 210 213 217 228 230 232 233 236 238 242 245 246 255 256 259 263 277 282 283 287 298 299 302 307 311 317 328 338 342 344 345 346 352 354 363 367 370 371 374 
299 129 132 136 142 144 145 150 151 155 158 161 163 173 178 179 180 183 185 212 213 215 219 232 233 239 254 255 256 290 299 308 309 314 325 327 331 332 338 339 341 342 349 364 366 
67 131 133 136 142 146 148 149 150 153 158 159 167 168 170 180 181 184 185 186 189 192 194 198 199 201 205 208 209 212 215 216 223 230 237 239 240 243 248 249 251 252 253 255 256 271 274 276 278 279 286 287 289 291 292 299 302 305 311 316 317 326 327 331 332 336 337 339 342 347 348 349 351 353 355 360 363 364 371 373 375 
165 217 239 282 303 373 375 
300 189 214 276 278 338 
85 178 180 192 194 211 280 324 358 375 
7 1 127 128 131 134 139 143 144 149 155 161 163 164 166 169 171 173 180 181 183 184 187 193 194 195 198 199 203 205 209 210 211 215 216 217 219 222 223 226 227 231 232 233 236 237 248 249 253 254 255 271 273 278 282 283 285 288 290 296 298 300 306 307 311 319 322 324 325 334 337 339 341 342 351 353 354 355 356 357 362 364 365 366 
124 128 131 137 141 144 145 148 150 151 160 161 162 165 168 169 170 171 174 177 178 184 185 186 188 197 199 201 204 215 218 221 224 232 234 239 243 244 254 255 267 273 275 279 282 283 288 300 304 305 306 312 317 322 325 326 327 330 333 341 343 344 346 347 350 354 355 356 367 369 373 
141 129 130 134 137 141 144 147 150 152 154 156 157 162 166 174 175 177 184 188 189 190 196 198 204 208 210 213 216 220 230 231 232 236 237 242 244 245 246 253 254 257 258 260 264 266 267 268 280 282 288 290 295 297 305 317 321 324 327 328 329 335 344 346 349 351 355 361 362 366 372 373 
146 172 192 203 209 216 218 244 285 295 312 340 341 352 
289 126 128 137 141 144 148 149 150 154 156 161 163 167 174 175 176 184 185 189 190 193 194 196 197 201 204 205 209 212 215 230 231 236 239 244 245 247 249 254 255 256 259 263 266 268 273 274 276 277 281 286 287 292 293 306 307 309 310 316 319 320 322 323 324 326 328 336 343 344 346 355 361 366 367 368 369 370 372 374 
180 126 128 130 141 142 154 159 163 164 166 167 181 186 189 200 218 223 227 231 234 235 244 246 249 251 255 261 265 273 276 286 298 302 312 316 324 328 338 341 347 358 
107 130 135 136 142 151 164 174 177 181 193 198 206 207 214 217 218 225 227 235 236 255 267 271 278 292 294 299 300 301 303 306 308 320 338 345 360 363 374 
179 1 127 128 129 130 131 141 142 144 148 149 150 152 153 154 157 159 160 167 168 170 171 174 176 183 195 196 200 204 207 208 209 210 212 216 218 220 221 222 223 227 230 232 235 237 239 243 250 254 258 260 262 264 265 267 271 274 276 279 280 289 290 291 299 301 304 305 315 317 320 328 339 342 344 346 348 351 356 358 363 364 365 366 375 
181 1 129 132 135 136 141 142 145 149 150 151 152 153 154 155 157 163 164 166 172 177 178 180 181 183 185 186 189 190 198 199 205 210 213 215 219 225 228 229 230 234 237 238 244 245 246 249 252 253 260 263 264 266 271 272 282 287 288 291 293 298 300 306 309 312 315 322 324 325 330 334 336 338 343 346 348 353 354 359 361 364 366 369 370 371 372 373 374 
187 131 137 148 150 154 161 162 164 166 173 186 189 196 215 218 223 233 244 247 248 260 261 266 267 270 272 274 276 289 290 294 299 300 310 314 315 317 325 326 331 333 334 335 346 353 357 358 359 361 363 366 369 370 374 
146 128 129 133 139 142 146 149 152 153 159 161 164 167 168 172 173 174 178 179 180 182 183 185 190 198 202 205 210 211 213 214 218 222 224 229 230 233 237 240 245 255 257 258 264 268 270 272 274 275 278 280 281 288 293 294 295 300 301 302 304 305 306 307 314 318 321 323 324 325 326 327 331 332 334 338 339 345 347 351 356 361 362 366 368 373 374 375 
215 127 131 144 159 217 231 250 266 278 294 307 312 334 337 
132 126 135 136 139 144 146 148 152 153 156 157 159 162 163 164 169 171 172 175 177 179 183 186 188 190 194 196 197 199 201 202 207 208 211 212 216 217 218 219 222 224 225 231 235 240 244 246 251 254 255 258 264 269 274 280 284 287 296 298 301 302 305 307 315 322 324 326 327 328 329 331 337 344 346 348 358 362 368 
141 128 131 132 136 148 161 162 169 170 173 175 177 178 182 183 185 192 196 197 198 199 200 203 225 229 233 243 247 253 256 259 260 263 272 278 280 290 294 296 297 299 305 307 309 312 316 319 330 342 348 349 351 362 
118 128 138 142 146 159 166 168 171 192 210 215 217 221 225 232 234 239 251 254 256 258 268 272 276 278 283 285 294 322 326 327 344 351 356 362 363 368 
131 1 128 132 136 138 145 149 151 152 159 160 169 174 177 178 183 189 190 193 203 204 206 207 209 210 213 217 223 230 231 233 235 240 241 247 251 253 256 257 258 265 266 275 278 279 286 289 292 298 299 300 301 306 308 309 311 313 314 315 316 327 329 330 331 332 333 336 339 341 342 343 345 347 350 351 353 354 355 358 359 360 362 367 368 369 374 
2 128 140 145 159 166 169 214 228 246 247 261 270 271 272 273 292 297 316 318 329 333 336 345 358 361 371 
185 130 137 138 140 144 146 150 165 166 171 174 177 178 181 186 187 189 196 199 201 203 204 205 206 208 210 223 226 229 234 237 242 249 250 251 254 255 258 259 260 261 262 269 280 281 286 287 290 292 295 296 303 304 311 313 316 321 324 339 342 348 354 360 364 373 374 
104 1 127 130 131 132 133 138 139 140 144 145 146 150 152 154 162 163 164 168 171 174 176 178 179 180 183 189 194 195 196 199 203 208 214 215 216 220 224 226 227 228 236 239 241 242 245 246 247 250 253 254 255 261 264 266 267 276 277 278 281 282 286 287 288 295 298 299 308 311 315 316 317 319 322 323 335 337 338 339 340 350 355 358 359 367 368 370 372 
273 180 199 234 261 350 375 
35 1 141 142 143 144 146 147 152 155 157 160 162 168 169 171 172 174 175 176 177 179 188 191 193 195 202 203 211 212 214 215 217 221 226 228 232 246 251 254 256 257 263 273 274 277 278 280 281 285 287 298 299 308 312 313 319 321 329 330 333 336 340 346 351 353 356 362 365 368 373 
50 131 142 261 270 273 304 309 310 323 325 363 
227 1 139 144 157 158 159 171 176 188 189 190 192 198 209 211 212 214 215 216 222 230 231 244 245 247 248 251 252 253 254 260 264 265 269 271 285 289 290 292 294 297 299 301 310 312 315 329 331 335 342 343 346 350 356 358 363 364 369 371 373 
183 128 133 135 136 141 142 144 147 149 151 156 161 163 166 168 169 172 173 175 177 178 179 183 184 185 187 189 200 203 208 211 214 217 221 222 224 229 230 231 237 240 247 248 249 260 265 267 270 271 285 286 287 289 291 292 295 296 299 306 311 319 321 322 324 327 328 329 331 332 335 336 337 340 344 345 347 348 350 351 352 353 354 355 358 360 364 368 371 372 
250 129 132 135 139 140 144 149 153 154 155 160 163 164 168 173 177 179 180 185 186 191 196 197 200 201 212 218 220 221 224 225 226 227 233 236 238 247 248 251 254 255 259 261 267 269 272 273 275 277 280 282 286 288 292 303 308 310 317 320 325 329 336 341 343 347 357 360 361 363 365 366 
255 130 132 134 135 137 140 149 154 157 174 175 186 190 198 201 206 212 217 228 234 235 243 245 247 248 252 264 270 276 277 284 290 291 293 294 299 300 307 308 311 316 317 325 326 327 335 337 339 342 346 357 375 
279 128 130 132 133 134 137 142 144 153 156 160 164 165 172 174 176 177 185 187 188 195 196 197 201 202 204 208 213 216 218 222 223 224 229 231 233 240 241 242 245 247 249 251 263 265 266 268 269 270 273 278 280 281 283 285 286 292 302 306 315 317 319 320 324 325 327 329 330 333 336 337 344 347 351 353 354 357 359 360 362 367 368 375 
51 131 135 139 141 142 146 156 165 166 167 168 172 177 179 180 181 183 187 194 197 201 204 208 211 213 214 216 219 223 226 236 241 242 244 245 248 249 251 253 255 256 258 264 268 275 277 278 280 281 288 295 296 302 303 311 314 317 319 327 331 332 336 341 343 346 349 363 367 368 369 371 374 375 
42 127 128 130 132 134 136 144 145 148 149 150 156 158 160 163 166 167 169 170 174 180 182 187 188 194 196 206 208 211 212 216 217 218 220 221 223 224 227 229 230 234 235 236 237 239 241 243 245 246 250 251 255 258 260 261 262 266 271 275 278 280 286 287 290 291 292 297 299 305 307 308 309 311 312 316 317 318 323 324 325 327 330 331 332 335 340 347 351 354 355 357 360 361 362 363 366 367 371 372 373 
153 134 140 141 142 149 153 154 155 157 168 177 190 191 202 204 209 210 212 220 222 231 234 240 243 245 246 256 265 266 268 270 271 274 283 292 293 296 299 306 311 321 323 331 334 336 344 345 348 363 
175 126 129 132 137 142 144 145 155 156 157 162 163 165 166 168 174 178 179 183 185 186 190 197 199 202 209 210 213 214 219 221 222 223 225 226 230 231 233 241 242 243 247 253 254 255 256 259 261 271 272 273 276 277 285 289 290 297 306 317 319 320 321 330 331 333 334 340 342 344 345 348 352 360 362 367 373 
69 163 171 173 175 178 187 192 197 201 211 226 229 232 252 253 259 275 276 278 292 313 319 331 342 344 345 355 359 366 
154 139 141 144 148 149 181 183 188 192 197 204 211 217 226 244 251 270 293 299 310 319 321 323 335 340 374 
132 127 133 134 137 139 141 152 153 158 160 163 167 168 169 172 180 182 190 191 192 194 195 199 206 211 212 213 217 218 221 222 228 235 237 238 239 240 243 246 247 259 260 271 273 281 286 288 292 299 301 307 319 322 323 325 326 334 336 345 347 348 351 353 354 357 359 361 363 364 365 366 367 370 375 
126 127 131 132 134 138 144 152 153 162 163 189 190 191 192 194 195 196 206 208 216 220 222 230 231 233 234 235 236 239 240 241 252 258 259 264 265 267 271 281 282 285 293 294 306 310 314 320 325 328 329 338 341 342 344 347 348 349 352 357 359 363 371 373 
71 130 131 133 140 141 145 147 154 157 169 188 190 193 196 202 203 210 215 223 228 237 242 247 249 250 255 260 261 289 294 295 301 302 309 329 343 357 368 369 372 
278 128 131 133 134 137 139 141 142 153 155 158 162 163 165 166 170 171 172 175 177 178 180 184 185 186 187 191 197 200 203 207 209 214 217 224 226 228 230 235 238 244 245 247 249 250 251 253 255 261 262 264 270 272 276 282 287 294 300 305 319 320 335 339 344 345 346 348 353 354 363 365 368 373 
226 142 202 222 226 243 358 
249 129 132 138 139 141 144 146 167 171 174 207 218 219 225 233 250 264 265 277 279 280 298 322 347 352 369 372 
287 134 136 137 142 143 147 149 152 153 155 156 164 165 168 173 174 177 184 187 190 191 195 199 210 219 220 227 233 237 238 240 247 250 257 262 265 268 274 276 282 283 292 297 304 306 313 316 323 329 330 331 333 334 340 341 349 352 353 355 356 358 364 366 373 375 
280 129 135 147 156 157 159 161 173 175 177 179 180 193 194 202 204 209 210 215 216 217 228 234 238 239 241 243 246 249 250 252 253 255 256 273 276 282 287 288 300 301 314 325 326 330 336 341 345 354 367 373 
9 157 167 186 194 205 218 232 271 291 309 321 356 
195 128 155 158 162 163 164 166 170 173 180 196 200 201 213 220 233 234 240 241 242 244 249 251 252 253 257 261 265 269 272 289 291 292 294 296 300 301 302 307 308 312 313 317 325 329 336 338 344 345 346 348 350 352 354 355 357 364 366 
109 297 
52 126 128 133 134 135 147 159 160 163 169 170 171 172 182 183 184 188 191 192 199 213 215 217 219 220 222 226 233 234 240 253 257 258 259 270 271 273 274 283 286 288 298 304 305 309 311 312 314 316 317 319 325 327 329 333 335 337 338 341 346 358 361 366 368 370 371 373 
189 1 129 165 180 207 212 215 219 227 250 251 252 277 313 323 351 354 364 371 
137 128 131 132 133 141 142 145 148 149 153 154 155 157 158 159 160 168 169 170 171 172 178 181 183 188 189 200 201 205 207 208 210 212 219 220 228 232 233 242 243 244 247 251 253 255 256 258 261 262 266 271 277 279 288 296 300 301 304 305 309 310 313 316 318 319 320 323 325 326 330 331 339 342 344 346 347 348 352 353 354 356 357 358 360 363 364 365 366 369 373 375 
63 126 130 139 150 180 194 195 224 239 245 258 276 289 304 323 327 336 355 
283 127 129 134 140 141 145 151 156 159 161 163 165 175 187 188 189 200 207 208 212 217 224 230 237 240 241 242 245 248 249 254 257 260 261 273 276 277 281 284 291 292 299 300 317 336 340 355 356 358 364 371 
210 137 185 191 210 219 223 232 246 250 275 276 277 293 312 314 338 344 357 358 375 
168 127 128 132 133 135 143 147 149 151 152 154 158 164 168 169 173 174 176 178 179 180 186 187 191 194 200 201 204 205 207 211 212 215 217 218 220 221 224 226 228 231 237 240 241 243 246 248 249 257 260 261 265 269 277 283 284 286 288 290 294 297 301 302 304 309 313 314 324 332 334 336 337 340 349 354 356 359 360 363 374 
80 167 168 180 212 239 246 253 260 263 274 290 297 309 324 326 349 373 
209 127 129 134 138 141 143 144 147 148 155 156 165 167 168 171 177 178 180 184 191 192 199 201 202 206 208 213 214 216 219 226 227 228 229 231 235 236 238 246 252 255 256 259 261 275 294 301 302 304 305 308 309 312 317 319 321 322 323 331 332 346 349 357 359 363 364 366 
156 126 133 135 140 146 148 167 169 175 181 186 194 197 203 209 213 223 238 246 253 263 264 268 274 275 284 287 293 304 315 334 339 341 347 353 354 355 360 366 372 373 
189 127 132 139 144 155 164 167 173 192 193 195 200 201 202 205 221 223 225 226 229 230 232 237 246 247 266 274 281 283 289 291 294 298 302 308 309 314 315 317 326 332 346 354 359 364 365 370 
81 202 214 225 237 238 252 268 340 344 347 
188 126 129 130 131 134 135 137 140 141 142 144 150 161 165 167 169 171 172 175 176 177 179 181 182 185 187 193 194 195 201 202 203 205 206 208 209 214 217 218 220 224 226 227 229 234 239 244 247 249 253 259 261 262 263 269 270 271 272 274 276 280 287 291 292 297 298 299 300 302 304 307 311 318 319 320 322 326 328 338 340 349 350 351 352 355 356 359 361 363 366 367 369 
34 139 144 163 176 178 186 187 190 198 203 204 241 254 277 286 294 298 302 304 314 319 351 364 
275 1 126 138 158 187 201 212 216 228 242 252 255 259 265 272 274 277 279 284 296 302 309 332 334 335 348 351 352 358 
180 132 135 148 151 153 154 157 160 161 168 171 172 178 181 182 185 187 188 189 196 198 199 207 218 233 241 243 251 258 259 264 267 272 276 279 288 309 311 314 334 336 337 338 340 342 345 355 357 360 372 375 
177 127 129 132 135 138 139 141 144 150 153 154 155 156 161 162 163 165 166 167 168 170 171 175 176 177 178 183 185 188 194 196 197 198 199 207 209 212 213 215 218 219 222 223 225 227 230 231 235 238 241 243 244 245 246 248 250 254 255 261 265 266 267 271 277 278 279 280 290 293 295 301 303 305 308 312 313 314 318 321 323 328 329 331 334 335 338 341 342 343 344 348 358 360 361 363 364 366 
139 131 132 135 143 145 149 154 157 161 169 178 183 191 195 200 204 212 224 225 235 240 248 254 276 289 304 306 334 340 348 349 352 356 368 375 
262 1 132 133 139 142 143 149 150 154 159 162 163 168 169 177 179 181 182 184 186 187 190 191 192 194 198 202 205 209 213 216 218 222 223 226 227 228 230 232 243 247 250 251 253 254 256 258 260 261 267 269 273 274 277 279 280 287 290 292 294 295 298 300 304 306 307 308 313 315 317 321 323 324 336 340 350 360 364 366 368 369 371 372 375 
157 127 131 134 135 136 139 150 157 158 159 161 163 165 167 169 170 171 174 182 183 189 193 196 198 200 201 206 210 212 214 215 219 220 225 227 230 249 251 256 257 259 265 267 268 270 272 273 275 276 279 282 287 288 300 307 311 315 317 324 339 352 366 368 371 373 374 
65 267 265 108 100 169 27 158 278 197 156 203 174 89 59 152 225 167 35 210 249 73 276 262 85 12 140 126 97 286 7 12 48 58 63 23 89 199 195 16 62 149 190 57 229 127 183 286 56 261 30 240 181 44 279 300 151 268 111 211 199 293 285 15 231 101 238 54 179 72 287 33 215 40 75 57 217 71 195 87 178 35 71 220 273 195 123 42 39 168 204 124 11 53 123 248 23 145 23 241 278 184 243 46 263 25 12 184 288 1 230 97 12 117 13 168 206 139 253 58 36 124 202 177 94 284 227 3 177 265 50 212 9 14 80 124 239 194 219 164 265 233 252 117 6 21 248 298 96 52 201 48 62 263 51 67 115 221 189 273 114 145 66 9 38 206 61 7 37 149 154 212 285 23 15 122 91 43 257 291 295 221 238 281 137 80 28 95 224 131 110 156 96 81 217 113 23 95 3 157 212 50 187 182 121 124 300 248 242 251 264 197 13 29 10 218 142 135 86 55 19 171 263 299 32 189 65 181 296 117 263 100 36 146 145 31 142 193 54 37 23 88 105 150 195 249 15 240 39 175 126 286 250 50 229 45 49 291 186 207 220 256 300 131 240 36 120 79 116 297 87 295 235 110 32 89 72 35 131 110 59 277 67 20 132 173 58 34 239 56 36 96 226 99 82 290 134 71 34 29 86 119 290 161 229 270 164 257 29 299 288 250 66 297 68 285 42 30 176 77 259 293 136 39 292 192 251 294 17 125 159 124 18 239 45 220 52 265 63 166 292 31 116 165 290 256 223 28 296 138 211 230 289 42 31 102 41 16 137 71 54 43 101 234 298 69 145 272 239 234 36 126 169 245 3 
