254 381
34 130 134 135 139 141 143 144 145 157 158 161 162 163 164 167 170 176 177 184 188 189 191 194 195 197 199 201 205 206 212 214 216 218 220 221 225 227 228 230 231 232 233 234 238 242 243 248 249 250 252 260 261 262 265 266 269 272 273 275 277 278 279 281 283 284 285 290 291 300 312 313 315 316 323 326 327 330 332 334 335 336 337 341 342 343 344 345 347 348 350 353 354 357 359 360 362 366 371 372 373 375 376 378 381 
72 129 132 135 136 137 139 145 147 150 151 152 154 157 159 165 173 178 188 193 195 199 205 208 209 212 215 219 220 221 224 229 231 240 241 253 255 257 260 264 265 266 267 274 275 278 281 283 287 291 299 300 311 313 317 318 320 324 326 327 328 331 333 341 354 362 363 365 369 379 
158 129 131 133 136 141 143 145 146 150 152 153 156 157 159 160 162 166 168 170 172 178 179 180 183 184 193 194 195 196 198 200 204 206 207 213 215 218 219 222 223 225 230 231 233 236 238 245 248 251 252 255 260 261 263 266 268 273 281 284 286 288 291 293 294 295 297 298 303 305 306 309 311 312 313 320 323 325 326 328 329 330 331 335 339 342 343 350 351 352 359 363 364 368 371 373 376 379 
85 128 135 139 148 158 161 163 173 176 177 179 182 191 194 197 205 214 223 229 232 234 238 239 242 256 260 271 289 291 293 298 301 307 310 312 321 322 323 325 328 329 330 338 341 350 355 365 366 
100 133 135 137 138 142 150 153 155 160 162 168 170 184 185 187 190 195 199 202 208 211 212 215 217 223 226 229 230 231 238 239 240 241 250 251 255 256 257 259 261 262 265 266 270 272 275 277 286 288 295 299 301 304 307 308 309 314 317 319 320 321 322 326 330 332 334 339 341 342 343 345 346 349 354 355 356 360 367 371 372 373 374 375 376 377 379 
179 129 130 135 137 158 183 203 233 247 256 284 288 318 334 338 340 351 359 366 371 
241 130 134 140 145 149 153 156 157 167 173 178 180 182 185 186 195 202 205 206 220 225 231 234 236 243 244 248 250 251 253 254 258 261 262 273 279 280 281 282 285 290 293 294 296 301 302 306 313 321 322 328 329 336 341 343 352 353 356 357 358 359 361 363 366 367 368 372 374 376 
67 131 149 166 175 183 197 201 217 237 275 285 296 299 304 306 309 317 332 359 360 368 374 381 
165 129 134 137 138 159 161 165 174 176 183 192 197 199 216 222 231 234 237 241 246 251 259 269 276 283 284 304 315 318 326 330 334 339 340 342 348 358 364 365 367 370 372 373 378 
225 129 133 136 139 144 146 150 151 156 157 159 173 174 175 176 180 182 185 204 214 215 216 221 222 230 232 235 241 247 251 252 257 258 259 266 267 274 275 279 288 289 294 298 301 308 312 313 319 326 328 333 335 341 342 343 347 356 363 365 366 369 370 371 
267 135 137 208 
86 1 145 153 158 161 162 163 164 190 192 197 204 215 218 220 226 227 230 231 232 272 281 285 290 294 305 311 312 322 323 324 328 330 331 339 344 346 348 351 355 368 370 373 376 380 
268 1 128 129 131 136 139 141 159 162 169 187 188 193 220 231 233 236 239 249 250 251 254 268 270 289 299 300 302 304 306 311 327 330 332 333 339 349 353 369 370 373 381 
229 129 131 133 137 141 150 153 158 160 164 168 175 183 189 191 195 208 209 219 223 224 230 235 240 241 246 247 251 253 258 259 260 261 263 267 271 274 280 283 285 288 292 293 295 296 299 300 307 308 309 311 314 316 317 325 330 333 337 339 343 344 347 353 356 358 364 373 374 379 380 
149 128 129 131 134 136 141 143 145 151 157 159 160 162 163 164 166 170 171 173 177 180 183 186 188 191 193 196 198 201 208 212 215 218 219 222 223 225 232 233 238 239 243 244 248 249 252 258 259 261 265 267 268 269 276 277 288 289 290 293 296 298 299 309 312 313 318 319 323 325 326 328 329 330 331 333 342 344 347 353 354 355 356 357 361 364 365 367 368 373 374 379 
231 139 145 157 170 171 173 176 179 180 193 204 208 214 219 224 234 251 260 264 270 272 290 291 305 311 313 324 329 367 376 
65 140 142 154 160 161 177 204 207 221 224 235 268 271 281 299 317 348 357 359 368 370 373 
156 137 143 149 154 155 160 163 183 192 195 198 207 239 246 264 274 279 282 283 297 307 310 314 320 326 336 337 339 355 
235 131 133 137 139 141 142 144 146 149 155 161 162 166 168 175 177 178 182 189 192 194 203 204 205 206 213 215 216 218 222 225 233 238 239 248 256 257 259 263 265 268 270 274 280 281 282 284 288 290 293 302 303 307 309 315 318 320 323 325 331 337 338 340 342 344 346 350 361 362 367 377 378 
142 1 128 130 132 135 138 145 146 147 149 150 152 154 159 164 166 168 169 170 171 172 173 176 179 180 181 182 183 186 194 202 203 209 211 213 215 216 218 221 223 225 226 227 230 235 239 241 244 251 252 253 254 256 258 259 261 262 263 264 265 267 268 269 271 272 273 277 278 281 286 287 293 294 298 300 301 302 310 311 312 317 318 319 328 329 332 342 344 346 347 349 353 355 361 363 365 366 368 372 373 375 376 
201 128 129 134 136 138 144 154 155 157 159 162 164 166 170 172 174 176 177 178 181 182 187 191 193 194 197 200 205 206 208 210 212 214 215 219 224 232 235 239 241 248 249 256 263 264 270 272 274 275 276 279 281 282 284 285 289 295 301 304 306 307 316 317 319 327 333 335 336 340 351 353 355 365 366 370 376 
95 128 135 137 139 140 141 148 151 158 159 163 164 165 166 168 169 171 173 176 179 180 184 185 187 189 197 199 202 208 215 216 218 220 221 224 225 226 227 229 231 232 236 238 240 241 243 244 248 250 255 256 260 262 263 264 277 278 286 288 295 302 303 307 310 312 314 321 323 329 332 334 340 343 345 352 353 364 365 368 369 378 379 380 
162 128 129 134 138 139 140 142 143 144 145 149 150 153 154 155 156 158 159 160 162 167 169 170 171 172 173 176 178 179 181 182 188 189 193 196 199 200 203 210 212 215 220 222 227 229 232 236 243 244 246 248 249 253 254 257 259 264 266 267 274 275 285 292 293 294 299 301 302 305 306 310 311 314 315 317 319 320 322 328 332 336 337 338 342 343 344 346 347 355 357 358 360 362 363 364 365 369 370 375 379 
65 130 151 156 160 164 187 190 223 265 271 280 290 296 333 342 348 357 363 
234 128 133 142 149 150 153 158 163 165 167 171 175 176 180 182 190 191 198 201 203 205 206 215 216 221 229 230 244 246 250 251 258 260 262 267 270 271 279 284 297 298 303 305 307 311 318 320 324 326 330 339 354 355 368 375 377 378 
219 148 156 165 166 342 
297 131 138 142 150 155 159 177 186 187 196 202 209 213 214 232 244 245 271 280 291 304 319 328 337 341 342 346 372 
49 1 128 135 140 145 147 153 156 157 161 162 167 169 180 183 188 197 200 204 210 213 214 216 222 223 224 231 236 245 247 248 250 252 254 261 262 265 267 273 275 282 286 287 290 293 298 299 307 309 310 311 316 323 333 335 336 338 345 351 354 357 367 369 370 376 381 
250 1 135 136 138 139 142 144 145 148 152 156 157 158 159 163 167 168 174 179 182 183 184 186 189 190 201 202 203 204 210 212 217 220 221 232 234 237 238 240 241 242 246 248 251 252 253 264 265 272 276 277 287 289 290 292 294 295 299 301 305 310 319 322 324 326 327 328 329 331 332 334 336 346 349 350 351 358 359 360 363 364 366 372 377 
274 128 133 134 137 139 141 144 145 146 150 166 173 177 183 184 189 192 194 195 204 210 211 214 216 220 221 222 223 224 228 236 238 239 242 253 255 257 260 263 264 265 268 270 271 274 275 276 281 282 293 294 297 301 303 311 314 319 321 325 327 335 341 348 361 364 368 370 376 
33 1 130 131 132 135 136 138 141 142 146 149 151 152 154 155 161 162 165 166 167 168 174 176 177 181 182 185 187 193 194 195 196 197 200 202 203 207 211 220 223 233 236 238 240 241 242 243 244 256 258 260 263 266 272 273 274 276 277 278 281 283 284 285 287 288 291 293 294 297 298 299 303 306 308 312 314 316 318 319 321 322 328 329 332 334 336 337 342 343 344 347 355 356 361 362 365 366 369 370 371 374 379 
88 130 133 134 135 142 143 147 148 149 150 152 154 155 159 161 162 163 167 172 176 179 182 183 186 189 192 194 197 199 200 206 207 209 212 213 217 221 223 224 227 229 234 237 242 246 247 248 250 254 256 257 259 267 269 272 274 275 278 279 287 289 290 293 296 297 298 300 303 306 308 311 314 316 319 320 323 324 327 329 330 331 333 337 343 344 345 347 348 352 353 355 358 360 362 364 365 367 368 379 
34 1 134 136 139 142 144 145 147 151 165 170 171 173 175 177 178 180 193 194 195 196 202 204 213 214 218 219 221 223 231 233 241 247 248 256 271 278 281 286 291 294 318 326 329 332 342 346 361 363 367 371 374 
199 138 145 146 147 152 163 166 167 170 184 186 188 191 206 217 220 222 223 243 252 279 291 293 299 300 301 310 313 315 316 317 373 380 
106 133 134 135 137 145 147 149 150 151 152 154 159 160 167 168 171 173 174 176 177 179 183 186 189 191 196 197 198 200 202 206 209 210 212 217 226 227 228 229 230 236 237 238 242 244 245 246 249 250 251 254 255 258 261 263 264 266 268 270 272 278 281 285 290 292 293 296 297 300 301 303 306 308 309 310 312 315 318 319 321 326 328 329 330 333 334 336 338 344 350 354 355 361 363 364 368 370 374 375 376 380 
53 138 150 158 194 238 260 300 306 341 
126 128 130 134 143 155 159 174 176 177 179 189 191 193 203 223 226 242 243 252 255 257 274 290 316 322 328 354 356 357 358 367 368 372 
178 128 133 141 152 155 160 167 170 171 174 181 188 189 191 193 196 197 201 205 206 209 213 215 237 242 246 254 255 258 260 275 276 280 281 289 291 292 295 304 309 310 321 323 325 328 338 340 344 347 350 356 358 359 361 367 369 
73 1 128 129 135 136 138 141 143 145 147 149 150 155 157 161 166 171 172 173 174 175 176 180 184 187 190 191 192 196 199 200 205 209 213 214 216 217 221 222 225 226 227 233 234 238 241 243 247 248 249 250 255 259 263 264 268 269 272 275 281 284 285 286 290 291 293 294 295 297 300 302 305 307 309 310 312 314 316 319 330 332 335 339 340 343 344 347 348 351 355 357 359 360 363 365 366 367 369 372 378 379 380 
8 131 132 134 136 137 138 139 142 151 152 154 155 156 158 159 160 168 169 170 177 180 186 192 195 197 206 220 226 227 232 234 241 244 245 246 250 251 252 253 259 260 267 268 274 276 278 280 282 285 286 287 293 296 305 306 307 308 309 310 311 312 313 315 316 318 319 320 321 323 325 331 335 336 337 342 343 349 352 355 356 357 358 366 368 371 375 376 378 379 381 
216 133 135 138 141 144 146 150 158 171 179 187 197 199 209 220 240 268 269 273 277 286 293 302 303 308 318 319 322 325 345 349 353 355 
53 129 130 131 137 138 148 153 154 156 157 165 168 174 179 181 186 191 195 199 201 204 206 209 212 214 215 219 220 222 223 224 229 230 231 232 233 234 238 241 244 248 252 253 255 257 261 265 266 267 270 271 274 277 279 280 287 289 297 298 299 302 303 304 305 307 308 309 312 313 318 319 322 323 327 329 330 331 334 336 338 341 342 347 349 354 355 360 366 368 370 375 379 
248 295 322 337 
204 132 180 189 206 231 275 308 322 342 365 
245 131 134 137 139 143 149 151 156 164 170 171 180 190 195 197 212 214 220 223 225 228 238 240 242 249 252 253 260 261 264 284 287 292 300 304 305 310 315 320 326 332 333 337 346 359 365 366 367 368 369 378 379 
41 188 196 198 202 228 249 303 312 326 355 
183 130 137 140 151 154 163 167 168 169 170 177 179 184 193 195 197 208 210 213 222 223 227 228 230 231 234 235 239 243 245 250 253 254 269 270 275 276 279 284 287 294 297 302 305 308 309 314 317 318 326 332 333 334 339 352 353 359 363 364 368 369 375 376 377 380 
19 130 133 145 147 160 161 163 167 175 178 179 187 197 205 207 213 216 220 222 227 229 230 232 241 246 251 257 261 262 272 276 277 278 281 282 284 291 292 294 309 311 316 320 325 327 328 331 338 354 355 363 364 379 381 
195 131 132 133 137 138 146 147 150 153 156 157 162 164 168 169 170 174 176 177 178 179 180 188 192 193 194 199 200 201 205 207 208 212 213 220 222 224 226 227 229 231 235 239 240 246 251 258 259 261 262 269 271 272 273 274 275 278 287 288 290 296 297 303 304 305 308 316 317 321 323 324 334 335 341 345 348 357 360 362 366 367 370 372 374 375 378 379 381 
170 128 130 133 140 141 145 146 149 151 152 153 160 166 167 169 170 172 174 176 194 195 200 214 216 219 223 224 226 228 234 239 243 259 263 264 267 268 272 273 277 282 283 287 288 290 291 293 297 304 307 309 311 312 314 318 319 321 325 326 328 337 340 343 349 350 352 353 354 359 363 364 372 373 
244 129 131 137 148 152 156 158 171 172 177 189 190 192 207 219 224 233 239 245 247 248 253 257 261 262 268 271 283 288 291 292 293 297 306 308 313 316 319 320 321 331 332 338 347 359 381 
96 128 129 135 137 139 140 141 150 151 154 156 157 163 165 169 171 172 173 174 176 177 183 198 201 203 204 205 209 211 213 214 219 220 227 234 236 237 240 241 242 243 245 248 249 250 252 254 261 263 266 267 268 269 273 275 278 279 286 287 291 293 296 298 300 301 303 304 306 318 319 322 324 330 334 335 336 337 341 344 346 349 351 352 355 358 359 360 361 362 363 369 370 373 380 381 
8 171 185 186 196 197 228 282 342 361 375 
76 137 141 143 144 145 148 149 150 151 153 155 160 170 171 177 178 179 181 182 184 185 188 189 194 195 199 201 203 208 209 210 212 213 214 216 218 225 237 242 250 252 253 257 259 261 263 268 269 271 278 283 284 291 293 294 296 297 304 309 311 322 323 330 333 336 339 340 352 355 356 357 358 368 369 375 376 
232 135 158 193 200 205 207 218 219 227 324 325 328 334 359 
163 130 136 138 139 141 143 147 149 153 154 155 160 162 163 166 169 170 171 173 176 178 179 180 181 183 184 187 188 190 191 194 196 201 208 211 218 220 226 227 229 235 237 240 242 246 250 251 252 261 269 270 272 274 281 286 288 290 294 295 298 299 302 304 308 312 313 314 315 316 317 325 335 338 342 343 345 349 352 353 358 361 362 363 366 369 370 371 372 373 375 378 
41 182 207 276 
263 129 133 134 139 141 153 154 171 174 176 177 178 183 189 190 194 199 209 217 218 235 238 240 251 252 254 261 268 273 279 287 309 320 324 325 332 333 336 349 353 356 359 361 370 374 376 379 
231 128 130 131 133 137 140 144 145 147 151 153 159 160 162 163 164 167 177 181 183 186 190 192 193 197 198 201 204 209 212 219 227 228 230 236 239 240 245 246 248 249 250 251 258 259 270 271 274 275 280 281 283 285 286 287 290 293 296 298 306 316 322 325 327 329 331 334 336 341 342 344 349 357 358 368 374 376 377 381 
218 136 164 185 186 188 199 202 214 216 224 232 237 250 253 256 282 301 313 322 329 346 373 
48 134 135 136 138 139 140 141 144 150 152 154 156 157 158 159 166 168 169 172 174 178 179 186 188 191 192 194 196 200 201 202 203 205 207 209 215 223 225 233 243 248 259 265 266 267 270 271 274 279 283 288 289 293 299 302 307 308 310 313 315 318 320 321 324 330 334 336 339 347 348 349 351 359 361 364 366 368 371 375 378 380 381 
252 129 132 136 138 140 142 145 148 149 150 158 159 164 167 169 170 171 179 181 182 185 186 188 191 200 201 202 203 209 210 212 213 217 219 224 225 229 231 233 237 241 247 250 251 252 254 257 267 270 271 272 273 275 276 279 280 285 286 287 293 296 302 305 312 318 322 326 327 331 332 334 335 336 342 343 353 359 369 372 377 379 380 
188 137 144 148 149 159 165 168 175 186 193 199 202 209 214 223 231 246 249 261 293 318 319 326 330 347 348 353 
137 1 148 165 177 192 196 199 210 221 232 253 270 315 317 323 324 345 348 355 356 
173 128 129 130 141 148 152 156 160 162 166 176 177 178 187 197 199 210 216 217 224 235 237 239 240 244 247 256 258 262 263 267 276 277 278 287 288 293 295 296 300 301 303 318 320 321 322 323 330 334 338 342 349 350 351 373 377 378 381 
112 1 133 134 136 142 143 145 152 155 158 160 161 163 168 173 177 180 183 185 186 187 188 194 198 203 204 205 208 209 211 213 219 221 224 226 228 230 237 240 245 250 252 256 263 264 270 274 275 277 279 280 281 283 284 289 299 301 303 307 308 313 314 321 324 325 342 347 353 357 358 360 361 364 365 367 368 377 381 
249 137 146 148 149 150 151 157 160 164 166 169 170 172 174 179 180 183 185 191 196 211 213 224 225 231 233 236 239 240 241 247 251 257 261 263 266 268 271 272 276 279 280 283 287 288 289 294 295 296 297 305 317 329 330 336 337 339 346 351 353 354 356 358 375 
22 131 132 151 185 187 197 199 226 255 259 268 277 279 298 310 312 313 314 320 325 358 374 377 381 
254 132 134 135 137 138 152 163 164 166 168 173 174 176 180 181 182 188 190 197 202 203 204 207 208 209 211 212 216 226 227 230 231 235 236 239 241 246 247 248 257 262 266 268 269 274 279 283 284 286 289 290 293 298 299 300 301 303 304 308 309 312 315 316 328 329 334 336 339 342 347 349 350 355 357 358 359 363 367 368 371 372 376 377 379 380 
44 142 173 252 339 340 346 347 354 361 365 
198 132 134 135 138 141 144 149 154 162 164 165 167 178 180 181 200 203 205 207 208 210 211 213 215 222 223 224 225 227 233 239 241 242 248 251 254 260 262 263 268 270 274 280 282 291 292 293 295 296 297 304 305 308 313 316 317 318 319 323 324 327 329 330 338 339 341 344 345 348 349 354 355 357 358 359 361 363 368 370 374 375 378 380 
172 128 133 139 141 143 153 156 157 169 174 175 180 182 187 188 190 194 202 203 216 226 228 232 240 244 247 258 260 275 277 279 280 282 284 289 294 302 307 308 313 320 326 327 329 340 342 343 347 368 
148 128 164 177 187 194 195 198 203 216 217 219 224 228 234 238 254 261 264 267 273 288 289 291 293 304 306 308 314 315 317 324 336 340 343 344 345 355 366 381 
1 1 132 133 136 147 151 163 165 167 170 175 176 178 180 183 189 192 196 197 201 204 212 220 221 223 227 228 230 239 240 241 247 249 251 254 258 259 260 264 269 271 272 274 281 282 283 284 290 291 292 295 299 301 302 304 308 312 314 317 321 323 325 339 341 344 346 347 348 350 355 358 359 360 365 368 372 373 374 
25 128 130 131 135 137 140 142 144 147 154 155 156 157 158 159 162 163 164 167 172 178 179 182 184 186 188 191 193 200 201 202 204 206 207 208 210 214 217 224 227 229 233 235 237 240 243 252 254 260 261 262 264 265 270 271 278 281 282 289 290 291 296 297 298 299 300 301 302 308 312 313 314 318 320 322 325 326 333 336 342 345 349 353 355 356 362 363 379 
293 1 128 129 136 137 140 141 142 143 145 147 152 155 158 159 161 165 170 171 173 177 179 180 181 182 183 185 189 191 197 200 201 204 205 207 210 211 216 217 220 221 222 224 235 236 237 239 240 244 250 254 259 261 262 263 264 266 273 277 281 282 288 289 291 292 293 296 297 301 304 316 317 320 325 327 331 334 337 341 342 347 350 351 353 354 355 361 363 367 371 375 380 
200 131 132 133 137 141 143 145 153 154 162 163 173 179 180 184 186 191 194 195 196 197 207 221 226 228 229 238 243 248 253 257 261 266 267 268 269 270 271 272 275 284 291 297 298 307 308 310 312 313 314 316 318 319 323 324 325 327 329 332 333 338 342 343 351 357 358 362 363 364 370 371 372 374 377 381 
56 128 129 134 135 137 138 139 140 143 145 149 151 154 156 157 158 161 162 166 168 174 175 179 181 183 185 186 191 192 193 197 200 202 203 205 212 213 216 223 224 227 228 229 230 232 233 237 238 241 247 253 254 256 263 265 266 267 274 275 278 280 281 285 287 289 292 295 296 297 302 304 309 311 312 313 315 321 323 326 328 329 333 338 340 341 344 345 346 349 350 354 358 367 369 379 
124 133 142 145 147 151 153 158 159 160 166 170 172 173 175 181 186 188 190 193 196 198 200 203 204 213 214 215 228 230 231 235 236 239 240 241 249 255 262 264 265 266 273 282 284 288 289 291 292 295 296 299 300 311 312 316 318 319 322 324 325 327 329 331 334 336 337 338 349 352 359 362 363 367 372 373 374 378 
129 129 142 143 151 160 165 169 171 174 176 177 178 181 198 203 209 212 217 220 224 226 229 231 236 240 241 242 246 248 250 256 257 261 262 263 269 277 282 293 300 308 311 313 316 317 321 329 336 339 340 342 343 344 355 358 363 364 369 372 376 
261 129 132 133 141 148 153 184 219 257 269 279 317 320 323 367 371 375 
228 131 138 141 142 143 144 147 151 153 158 159 163 164 167 168 170 171 172 178 180 186 188 191 196 199 200 202 207 210 211 212 216 223 226 227 228 230 233 235 247 248 250 254 257 258 260 277 288 289 291 300 301 308 310 315 318 325 326 332 340 341 345 350 352 359 368 369 371 373 375 376 378 379 
272 128 131 133 136 138 139 141 148 151 162 164 166 175 180 186 188 200 204 206 208 211 212 214 216 222 226 230 235 247 255 256 259 260 264 266 267 270 271 274 278 280 292 293 294 298 301 304 310 311 312 313 314 323 325 327 329 332 339 340 348 349 351 355 357 358 359 363 366 368 370 371 378 
81 132 137 143 146 154 155 157 158 167 168 171 174 178 180 188 197 198 199 200 214 215 216 226 233 235 236 241 246 254 270 277 292 293 294 300 301 302 305 317 341 344 347 356 360 363 371 375 
300 1 131 133 143 149 150 153 155 158 163 165 174 176 184 188 189 190 192 200 203 204 208 209 216 218 219 233 240 245 251 259 262 264 282 293 302 303 308 322 323 330 332 334 335 338 340 341 345 348 359 361 365 367 371 
157 1 133 136 137 139 143 144 145 148 150 151 155 158 164 168 174 182 186 188 199 208 211 215 221 228 240 243 248 258 274 279 287 301 313 314 316 317 319 321 322 323 325 334 338 344 347 355 360 362 368 369 372 374 375 377 380 
260 133 135 139 142 143 154 156 161 164 167 169 174 181 183 203 206 208 213 233 250 251 254 260 261 262 267 269 272 273 276 281 282 294 295 297 299 300 301 303 314 322 324 334 335 338 340 344 347 358 360 366 371 376 377 
94 241 245 300 313 367 
112 1 131 132 134 137 138 139 140 151 159 164 165 167 170 172 174 177 179 186 187 192 193 195 197 205 207 208 210 212 214 223 224 227 230 231 233 236 239 242 244 248 259 262 264 266 268 273 275 276 282 283 288 291 292 293 297 299 301 306 308 317 320 325 328 333 334 337 338 344 350 357 358 361 363 364 365 371 373 374 381 
149 134 136 137 141 143 162 172 173 180 182 186 196 202 207 213 214 218 223 225 228 234 244 248 266 270 282 287 288 300 303 306 312 325 328 336 337 338 342 351 353 358 361 
287 130 132 137 143 144 148 151 153 155 161 164 165 166 168 171 175 179 182 184 189 198 199 200 207 213 216 217 218 222 227 228 231 234 235 238 243 253 263 264 265 267 270 283 286 292 294 296 297 299 309 314 324 327 328 330 331 332 333 338 339 340 345 346 352 354 358 366 373 375 376 378 
23 128 129 133 137 142 144 147 148 152 158 159 160 165 167 168 169 170 174 176 184 185 186 189 194 197 198 201 203 209 210 211 215 216 217 224 229 230 232 233 240 241 245 250 257 258 259 264 266 267 268 276 280 283 285 290 291 294 296 299 300 301 307 308 313 315 316 320 324 326 327 330 334 345 346 347 351 352 355 356 357 358 362 363 365 366 372 375 380 
67 129 130 138 141 146 155 159 160 167 176 181 183 185 186 187 189 195 197 198 206 209 212 213 214 223 226 227 229 230 231 232 236 241 247 249 252 254 257 262 266 277 279 282 283 288 291 294 298 299 301 305 307 314 316 319 322 324 325 326 329 331 338 340 348 349 350 357 363 364 365 369 371 373 377 378 
212 129 131 132 134 135 137 139 141 142 155 156 159 164 169 170 176 177 181 182 190 191 194 196 200 201 203 207 208 210 219 223 225 227 232 233 235 237 238 243 244 246 247 248 250 252 253 254 256 258 266 267 270 274 276 277 279 284 291 292 296 298 299 301 307 308 310 312 313 315 316 318 319 321 324 328 330 335 338 343 344 347 348 354 355 359 361 366 367 374 381 
282 1 137 228 265 284 289 297 328 338 339 349 371 
184 260 311 356 
77 130 139 140 145 147 149 152 155 156 159 160 161 169 173 175 176 178 182 186 187 190 195 203 206 207 209 214 219 221 223 226 236 237 238 240 247 250 252 253 255 258 263 266 275 277 285 289 291 296 298 304 309 311 312 313 314 316 321 322 327 328 329 331 333 334 339 340 344 350 354 356 358 366 369 370 373 378 
198 1 129 159 160 169 179 189 201 221 232 239 247 249 251 283 286 290 294 297 302 304 305 308 318 319 331 350 357 358 362 364 375 376 379 
209 129 133 136 143 147 149 150 153 156 158 164 165 171 173 177 181 182 183 189 197 202 203 210 216 217 218 222 223 226 231 232 234 236 245 250 257 260 264 265 266 270 272 273 277 279 295 298 301 302 309 323 324 329 336 337 338 341 342 345 352 354 356 360 366 371 375 378 
73 128 129 130 131 135 137 142 144 145 157 158 162 171 175 176 177 179 189 190 192 193 195 200 202 203 205 210 213 217 223 226 230 236 239 241 243 245 246 248 252 254 255 256 257 260 262 264 266 267 270 272 273 275 277 279 280 285 288 291 292 296 299 302 304 306 307 314 316 317 318 326 330 331 336 342 343 344 345 347 349 354 355 358 359 363 365 370 371 372 374 377 380 
157 134 138 143 144 156 158 165 172 174 179 180 185 196 198 199 201 208 209 210 213 220 226 229 237 238 240 241 253 256 258 260 270 273 280 286 290 292 306 307 311 317 318 324 330 334 335 339 341 342 346 347 354 356 376 379 
171 131 132 133 135 139 140 143 145 146 155 156 158 160 162 163 164 166 168 171 177 180 181 184 187 193 194 195 196 198 200 202 203 205 206 208 209 215 223 230 231 235 239 240 241 244 246 252 254 256 257 259 260 261 267 268 270 276 280 282 283 291 295 296 297 298 300 303 305 311 314 316 319 321 325 328 330 331 333 334 340 341 342 357 360 362 363 368 369 372 380 
12 129 131 132 133 140 144 148 149 161 165 166 168 220 222 225 237 240 251 262 263 271 274 275 283 284 294 300 305 310 318 321 335 339 358 370 379 
127 131 134 159 172 176 183 184 188 195 202 205 210 211 214 219 233 243 246 249 257 260 262 265 267 270 271 279 284 288 292 304 306 309 311 319 324 328 331 332 337 342 346 349 351 357 362 365 367 373 379 
156 128 130 141 157 161 162 164 173 175 177 184 186 190 194 195 196 205 210 212 218 226 246 248 249 250 254 255 257 258 267 271 275 281 282 285 286 303 313 314 317 318 334 335 341 355 362 376 377 
204 1 133 134 135 137 138 140 142 144 146 147 153 155 157 160 161 164 167 175 178 180 185 186 187 188 190 191 192 195 199 200 202 207 212 214 218 221 224 226 228 230 231 232 233 234 235 242 245 246 250 251 253 254 255 256 257 258 265 266 270 271 273 274 275 276 282 289 293 296 301 305 307 325 326 331 339 341 346 351 352 353 356 358 362 370 376 379 380 
167 132 135 139 142 146 147 151 154 159 160 161 164 165 169 170 176 178 184 186 191 194 196 199 201 204 205 206 207 209 210 212 218 222 223 224 234 240 241 243 244 251 252 253 254 257 258 264 266 270 274 280 281 283 285 286 297 298 299 301 302 307 308 309 313 314 316 317 319 321 322 323 325 326 330 331 333 334 336 337 340 342 345 347 350 351 353 355 360 361 363 368 370 371 374 375 378 381 
68 136 176 190 197 200 253 296 
272 189 246 249 320 
114 1 133 136 139 144 150 151 152 153 156 162 167 171 176 178 180 186 187 190 191 194 200 202 203 204 205 207 210 212 215 219 221 222 223 224 227 228 229 230 231 233 234 238 240 241 242 249 250 263 265 268 269 278 284 290 291 294 295 296 300 301 303 304 306 308 309 312 313 315 318 320 321 322 324 330 331 337 340 341 345 346 347 352 355 358 360 363 364 366 369 371 372 377 378 379 
264 150 375 
257 132 144 150 157 191 204 205 314 326 373 375 
76 1 128 131 134 138 140 141 143 145 146 147 148 150 151 159 166 169 176 177 180 181 186 187 189 191 193 197 203 205 207 208 209 213 216 217 222 224 226 229 230 231 236 238 243 246 250 251 258 260 261 265 266 267 268 269 273 278 281 283 285 286 291 292 297 299 301 302 305 307 309 311 316 317 318 320 321 328 329 330 331 332 335 336 338 341 342 343 345 347 352 355 359 363 365 367 374 378 
26 135 141 145 150 158 166 187 188 190 199 200 213 229 245 261 285 293 310 313 330 332 344 359 375 379 
169 128 129 130 139 147 148 152 155 156 164 165 166 170 177 181 194 195 201 202 204 205 207 208 211 213 215 219 224 248 250 254 256 257 259 265 269 271 272 283 284 285 290 294 296 298 300 305 307 308 309 310 317 322 325 328 329 330 332 333 337 348 351 352 368 371 374 377 378 
97 129 136 145 151 152 153 156 161 165 169 172 175 176 180 182 183 186 187 190 195 197 199 201 203 208 210 213 214 215 219 224 226 227 231 232 244 248 258 269 271 277 279 282 283 285 288 289 290 299 301 305 306 310 311 312 319 323 325 326 330 336 339 340 346 351 353 354 357 358 365 367 374 375 377 379 380 381 
140 1 130 135 139 141 144 145 147 150 153 159 165 167 168 178 180 181 186 187 190 196 199 201 204 207 216 217 218 219 220 223 227 228 229 231 232 235 241 242 243 246 247 250 251 253 254 256 257 259 261 265 266 270 272 273 274 275 276 277 279 280 283 289 291 296 297 298 302 307 309 312 319 320 326 329 331 335 337 338 339 340 345 348 349 350 354 357 365 366 370 371 373 375 376 377 378 381 
220 1 129 131 139 190 208 210 216 219 220 221 227 237 262 263 267 278 287 290 293 301 302 306 310 320 323 337 352 367 381 
22 137 141 148 179 182 194 195 203 214 216 222 245 249 253 254 257 266 275 281 288 289 295 304 325 335 337 345 346 347 363 364 375 381 
67 128 131 138 139 145 149 153 155 157 171 175 185 198 223 226 251 253 255 258 284 290 298 299 309 316 328 342 350 358 370 371 379 
38 129 134 137 142 146 147 150 161 179 180 181 184 185 196 206 207 209 211 221 224 225 226 235 247 262 263 268 273 275 278 303 308 309 311 323 327 361 367 381 
87 130 137 141 150 153 155 158 163 165 168 169 175 177 180 182 188 190 201 209 213 217 219 222 223 224 229 236 238 250 263 265 266 268 273 276 279 281 289 295 302 306 307 308 311 314 318 319 326 329 331 338 341 343 344 351 360 363 371 374 376 
96 136 142 153 156 160 161 163 173 175 177 188 189 192 197 199 201 203 212 213 222 230 234 243 247 250 254 256 257 265 282 295 300 306 311 323 328 339 346 349 353 361 363 364 365 380 381 
163 129 131 132 135 137 138 143 145 146 149 150 154 157 158 161 164 165 171 173 181 184 186 188 189 192 194 195 202 211 214 218 225 227 228 230 239 242 244 245 246 253 255 256 259 261 267 272 273 274 275 277 278 290 295 298 300 303 308 328 330 333 335 336 338 340 341 343 347 348 350 359 362 365 372 374 375 380 
235 144 157 161 163 164 166 168 169 173 176 193 196 206 207 209 214 224 230 233 237 250 254 256 265 268 270 272 273 281 290 292 296 303 306 321 328 329 338 345 349 369 370 371 378 
173 1 131 136 140 142 144 147 148 151 153 154 158 159 160 161 162 168 171 182 183 184 186 187 192 195 197 200 202 208 212 213 214 222 225 226 228 230 231 232 233 238 239 243 250 251 252 253 255 260 261 263 265 266 271 275 280 286 307 312 316 318 320 321 324 325 326 329 331 337 338 340 341 342 344 346 348 349 350 355 356 357 358 364 370 372 377 379 
73 138 140 147 152 164 172 173 176 188 192 208 216 217 220 226 235 242 243 250 251 259 261 262 271 273 274 275 280 298 315 317 321 323 328 341 345 347 348 354 359 360 361 369 372 373 
230 1 128 130 131 134 135 136 138 139 147 150 151 152 153 156 157 160 161 162 167 168 170 173 174 175 176 186 191 194 195 201 204 205 206 207 210 211 212 213 215 218 219 229 235 239 240 241 243 249 250 255 256 259 264 266 268 269 272 273 274 277 279 283 284 285 290 291 293 301 306 310 316 317 320 323 325 327 328 329 330 331 334 337 339 341 342 343 344 346 347 351 352 355 356 357 359 361 363 366 367 368 369 373 379 
271 138 145 152 187 249 250 256 265 289 324 327 332 334 345 369 374 380 
1 134 135 136 145 162 165 168 174 176 180 182 183 186 192 198 199 201 202 204 210 211 212 218 228 232 235 239 241 242 246 247 249 254 259 262 263 264 265 268 272 274 276 280 281 288 289 292 293 295 299 302 307 316 321 323 324 325 328 335 336 340 344 345 351 352 353 354 360 366 367 369 370 373 376 379 
54 132 135 141 142 143 146 147 149 156 157 163 164 165 167 171 172 175 179 183 187 192 197 200 203 207 214 217 219 229 230 232 235 239 251 253 256 262 263 268 271 272 275 277 279 291 294 296 301 304 307 311 314 316 318 330 331 336 338 344 351 356 358 360 362 364 369 370 372 373 380 
285 130 131 133 136 137 141 145 146 148 149 151 154 156 157 158 159 162 171 174 176 178 184 185 188 192 193 194 200 210 211 212 213 214 216 225 228 230 231 235 236 238 240 244 247 248 253 255 256 258 264 273 285 288 289 291 299 300 301 302 303 306 308 310 318 326 330 331 332 333 336 338 340 342 343 344 345 347 349 357 362 365 367 372 373 374 377 381 
122 135 155 183 191 196 198 201 206 222 233 243 249 256 291 296 307 324 341 360 363 366 379 381 
213 144 145 148 149 150 155 157 163 166 200 214 215 217 228 231 236 237 245 268 271 278 281 282 294 308 315 316 334 336 352 357 367 373 381 
243 1 128 129 132 133 135 138 139 144 146 151 158 160 161 162 165 167 173 181 182 184 189 192 195 197 198 201 205 208 210 211 212 218 220 221 222 223 224 225 226 231 232 235 237 239 240 242 244 246 247 250 251 254 271 274 279 280 283 289 291 294 299 301 304 305 315 322 323 325 327 335 337 345 347 348 350 352 353 358 361 362 363 365 366 369 371 372 373 374 375 377 378 
19 129 130 131 140 162 163 181 183 192 194 197 214 216 219 226 233 246 258 266 271 292 293 306 324 332 359 372 375 376 
299 130 132 133 135 140 141 144 148 170 176 178 183 185 203 208 213 217 220 224 228 234 238 239 264 270 280 283 284 287 298 300 313 314 319 326 332 334 335 339 340 343 345 356 363 379 380 
84 129 130 132 137 139 140 143 145 147 148 149 153 154 155 158 164 170 176 178 185 186 188 190 191 193 202 204 205 207 209 213 215 217 221 226 230 233 243 245 247 249 250 255 256 258 262 263 264 265 271 273 277 286 288 291 292 298 300 302 308 310 312 313 316 317 318 319 325 330 332 334 335 336 337 338 341 342 343 346 347 348 353 355 357 361 364 368 369 374 377 378 
258 130 132 133 160 163 172 176 178 179 186 187 188 190 204 206 216 218 225 227 229 233 251 253 256 257 260 282 286 295 296 302 303 305 306 310 317 325 331 334 339 350 351 356 365 366 369 373 377 
223 135 144 158 186 190 218 224 229 247 251 252 272 276 277 278 298 306 344 347 357 358 361 365 370 377 
268 140 144 146 149 152 154 167 168 175 179 181 182 193 216 219 221 224 228 239 244 249 263 268 269 277 278 285 304 305 307 314 332 334 342 351 353 359 369 372 375 379 381 
146 128 131 132 137 138 139 140 143 145 147 148 156 163 165 172 173 177 178 181 184 186 195 201 204 206 216 218 222 223 230 231 236 242 255 261 263 265 266 268 269 270 273 277 282 283 286 287 289 292 294 296 299 308 312 313 322 326 327 328 330 331 335 337 339 340 341 348 350 352 353 360 362 368 369 370 375 377 380 
229 1 128 130 132 134 138 140 142 144 146 148 154 156 166 167 171 173 176 178 180 182 186 187 189 192 194 195 198 200 202 212 215 218 219 221 224 230 233 234 235 237 238 246 258 261 267 269 272 274 278 282 291 294 295 296 297 298 303 306 309 310 311 313 317 323 329 330 332 333 336 337 338 339 341 346 347 348 355 357 358 362 363 364 366 369 373 374 376 378 381 
256 128 138 151 157 161 171 179 180 183 226 228 233 234 236 242 251 252 268 272 274 285 299 303 312 319 323 325 327 331 353 354 366 
204 131 136 138 141 146 149 154 156 158 160 164 169 171 174 177 178 180 192 193 200 207 214 227 232 234 240 248 255 256 262 280 286 288 294 296 301 307 309 311 313 315 316 320 322 323 330 335 349 357 358 359 363 364 369 371 373 378 
290 135 162 170 176 185 195 206 207 220 230 232 240 246 257 282 307 313 331 334 359 366 369 381 
216 136 141 142 151 152 155 156 158 164 166 170 172 173 176 179 185 186 188 189 190 193 194 196 197 198 201 202 203 204 205 213 215 217 224 227 229 230 236 244 248 249 250 254 255 256 259 263 264 269 273 274 278 294 296 297 298 299 300 301 302 306 308 309 310 326 332 333 344 346 349 350 352 353 356 359 360 361 366 367 369 370 375 378 379 381 
207 128 130 131 134 136 143 147 150 156 158 161 162 163 164 165 168 172 174 175 176 181 183 185 186 188 191 198 200 203 205 216 217 219 224 226 227 232 234 236 238 240 245 246 247 248 251 259 261 263 265 266 267 268 269 276 281 286 289 298 303 305 306 311 314 315 316 321 323 325 326 327 330 332 334 337 341 342 347 349 352 354 355 357 363 365 371 372 378 379 
169 129 178 189 264 290 
157 129 144 147 151 158 159 168 182 211 217 239 263 285 302 329 334 341 342 361 376 
201 128 136 140 141 150 155 158 159 160 162 170 172 175 177 180 185 187 190 191 192 193 194 197 198 201 208 209 211 213 221 225 228 231 232 237 239 240 243 244 248 251 260 262 266 268 271 275 277 278 281 286 288 291 297 298 299 302 305 307 311 312 316 320 324 325 326 337 344 345 347 349 351 352 354 355 356 358 364 365 369 370 372 373 374 375 380 
73 136 137 143 144 156 158 162 164 167 170 181 187 188 189 197 199 203 208 211 213 218 219 222 229 235 240 241 246 248 252 253 256 259 260 262 263 275 286 290 296 306 313 314 325 327 328 330 334 338 344 361 362 364 370 381 
85 133 134 141 151 152 162 167 168 179 180 186 190 192 193 197 202 207 210 213 216 220 221 224 227 228 229 230 232 238 245 248 249 250 253 259 261 265 266 267 268 269 271 279 285 293 294 295 298 300 306 307 314 316 320 333 334 341 342 347 352 365 371 372 380 
180 129 160 163 172 176 273 280 284 311 336 357 363 364 
292 129 130 132 134 136 138 141 142 144 145 154 158 162 170 173 178 181 182 184 187 189 190 193 194 196 197 199 200 204 206 207 218 220 222 223 226 227 232 235 238 241 245 246 250 252 255 258 261 268 270 273 274 279 281 288 291 293 294 296 297 298 301 304 307 308 311 314 320 321 323 324 325 329 333 334 339 341 344 353 358 360 363 373 374 378 380 381 
285 146 147 153 188 217 226 280 283 304 323 377 
235 129 140 141 143 145 149 154 156 171 172 176 178 181 183 192 194 199 201 208 209 212 213 215 217 219 223 225 250 252 254 260 262 265 269 277 279 281 289 293 295 296 303 305 306 308 322 324 326 328 342 343 344 353 363 365 373 376 
30 143 148 157 163 173 184 188 193 213 216 225 241 243 269 272 302 304 307 317 320 322 338 359 362 367 
158 1 133 136 137 140 142 143 144 152 157 162 163 165 167 171 174 176 177 178 179 180 183 185 187 192 193 195 196 198 199 203 204 206 211 219 220 221 226 228 231 232 237 238 239 250 252 256 259 260 261 265 266 271 275 276 277 279 286 289 291 292 296 297 303 304 309 312 313 319 320 322 323 329 330 332 333 334 335 339 340 346 347 352 353 358 359 362 363 368 376 379 381 
210 134 135 139 178 182 183 186 191 213 217 235 240 245 268 270 272 275 311 313 318 344 347 349 378 
254 134 151 153 160 162 166 173 176 182 183 184 185 227 228 230 248 269 305 313 316 318 338 360 380 
21 132 134 139 146 147 171 189 193 195 203 204 223 225 228 232 253 261 267 295 296 300 310 315 316 325 345 355 372 
129 1 145 150 182 197 273 307 316 334 
130 200 
56 129 131 132 133 134 135 138 140 141 142 144 146 148 151 161 162 163 165 169 170 176 177 178 179 180 184 186 189 192 193 194 202 207 208 215 220 222 228 234 236 240 241 249 259 260 263 266 267 272 275 279 283 286 289 294 296 297 302 303 304 310 312 314 322 323 324 325 329 332 333 339 342 343 349 356 360 364 372 373 377 378 380 
9 129 133 135 143 145 148 154 158 159 164 167 171 174 177 181 184 188 197 200 201 204 208 210 217 219 220 221 223 226 227 236 238 239 241 242 245 248 252 260 265 270 274 277 280 282 287 288 296 300 302 303 307 310 311 312 313 314 315 317 324 325 328 331 332 334 336 343 344 345 346 347 349 358 361 363 365 366 367 374 376 378 
253 128 140 169 179 195 196 234 247 251 260 262 314 320 326 341 344 359 364 367 371 378 
168 146 147 159 162 176 188 202 222 224 232 244 250 273 276 282 303 309 325 328 337 339 351 355 362 373 374 380 
219 131 134 141 144 149 153 163 168 180 181 183 186 191 195 201 202 205 220 221 226 233 246 252 259 261 267 278 280 287 292 302 308 320 325 333 337 340 352 353 356 362 366 369 371 376 380 
17 129 130 132 139 149 152 153 159 163 166 167 170 174 176 179 185 186 191 199 202 205 207 212 214 215 221 224 226 227 230 231 232 235 238 239 241 244 245 248 250 253 257 259 266 271 272 273 275 284 286 287 291 292 295 296 304 306 308 311 315 316 320 322 328 329 333 336 339 340 341 342 345 346 351 353 356 358 364 366 369 370 372 
295 1 131 133 136 139 143 155 159 161 163 165 168 180 181 186 187 196 203 204 210 213 214 216 222 223 226 228 232 234 237 254 257 261 267 268 269 281 282 294 297 298 299 305 307 312 313 317 318 322 323 324 326 327 329 330 331 340 341 342 343 346 347 349 350 351 352 354 362 363 368 369 371 373 374 379 
188 143 151 159 173 175 196 240 245 250 278 284 337 360 372 
148 131 133 138 142 143 154 157 160 162 166 171 175 177 179 183 184 185 192 195 196 209 210 211 213 226 232 234 235 238 240 248 250 257 262 263 273 274 280 282 284 289 299 308 316 332 346 351 354 362 364 368 371 374 380 
120 1 131 134 138 143 144 145 146 147 148 152 156 157 158 159 161 162 165 166 167 177 178 181 183 184 189 190 192 195 198 199 200 201 204 206 208 209 211 216 218 222 228 233 235 236 238 241 242 244 245 247 249 252 253 255 256 257 262 263 265 267 270 273 274 281 283 287 288 295 300 301 305 308 311 313 315 319 324 330 334 335 341 343 346 351 352 353 354 356 357 362 363 364 365 368 371 372 374 
89 130 132 134 136 143 147 161 162 164 174 183 186 189 212 223 227 256 278 279 282 298 303 325 334 335 336 339 341 342 346 350 353 368 374 376 
36 129 130 133 137 138 139 140 141 143 144 145 147 149 153 154 156 163 164 169 171 176 177 179 181 182 184 185 189 191 196 197 198 201 202 205 211 215 222 223 227 251 252 253 260 261 262 264 275 280 292 297 298 302 305 310 311 312 314 317 319 322 324 326 331 333 336 338 341 342 347 348 350 352 356 358 359 361 362 363 364 373 375 
151 1 129 130 133 136 138 140 142 143 144 145 148 151 152 153 154 157 158 161 164 167 171 173 175 177 178 184 188 190 193 194 196 197 198 203 206 209 211 213 216 220 221 222 225 226 231 232 234 239 240 245 255 259 260 265 267 269 271 275 284 287 289 292 301 302 303 304 305 306 316 317 318 320 321 324 325 334 338 339 342 343 347 350 352 353 354 355 358 360 362 363 364 366 368 372 381 
180 1 128 130 133 135 137 141 143 144 151 153 155 156 159 163 169 171 173 176 177 180 182 188 191 194 198 200 202 204 208 211 212 213 214 215 217 221 223 226 230 238 242 246 248 249 250 254 256 257 259 260 263 264 266 267 269 270 284 286 292 299 301 303 307 311 312 320 321 323 326 328 329 335 337 339 340 344 345 346 348 360 364 365 368 370 372 373 377 380 
47 128 131 137 139 141 142 146 150 151 152 153 155 157 161 162 163 166 168 172 173 174 176 177 178 179 181 183 186 191 192 195 196 199 207 208 211 212 213 219 225 226 229 232 240 243 251 255 261 263 271 272 273 277 282 285 286 290 302 304 310 313 316 318 320 322 326 330 341 346 353 361 364 366 367 369 377 379 
220 1 130 131 132 145 147 153 160 167 169 171 175 179 183 186 190 194 195 197 198 199 200 201 204 206 208 222 226 229 230 231 232 234 243 251 255 265 270 275 287 300 305 318 335 337 338 339 346 348 352 356 376 379 
203 129 131 138 142 145 149 160 167 170 173 179 180 184 192 195 197 198 208 209 210 213 215 216 221 224 225 236 239 240 243 244 246 249 254 258 261 276 281 284 287 300 303 304 311 312 318 322 327 329 330 334 336 338 339 341 342 343 345 347 350 352 355 360 363 368 374 376 380 381 
163 148 160 195 199 218 221 259 263 277 328 329 340 343 354 360 381 
101 144 245 295 
168 128 129 131 133 134 135 136 137 138 144 145 151 152 155 156 157 159 160 162 165 167 169 170 173 174 176 177 179 181 183 189 192 196 197 198 200 203 209 222 223 225 228 229 235 237 238 239 240 245 246 248 252 256 258 261 262 265 266 271 273 278 280 295 296 301 306 309 310 313 314 317 319 320 324 325 326 328 329 330 336 340 343 346 347 350 352 355 358 360 362 364 367 369 374 377 381 
36 129 132 133 138 152 158 161 162 168 169 175 176 179 183 197 208 211 215 220 232 234 244 247 250 252 253 260 263 268 276 279 280 282 284 285 291 292 296 301 309 313 331 340 349 356 358 359 361 373 375 377 380 
132 200 201 220 236 311 322 366 379 
222 128 154 175 193 202 213 215 237 240 241 246 249 261 264 270 277 279 284 306 312 317 335 336 338 344 346 359 363 364 377 
276 1 131 132 142 149 159 160 161 162 164 167 170 171 175 176 177 179 185 189 191 193 197 204 205 207 208 210 211 212 213 215 218 220 224 229 231 232 233 249 250 251 253 254 258 260 264 272 273 274 275 279 281 282 284 285 286 287 288 289 291 292 296 297 299 309 310 312 314 315 316 317 320 322 327 328 331 333 337 340 341 347 352 356 360 361 364 367 380 
142 133 139 141 150 151 153 159 160 163 164 166 167 173 179 180 183 186 190 195 196 198 199 204 219 220 221 223 226 230 232 241 244 245 246 254 273 281 288 296 305 321 323 331 340 350 363 367 368 373 375 
293 138 150 161 184 190 198 210 214 219 228 241 249 252 263 287 300 303 315 318 321 327 
103 262 294 
245 1 129 137 139 143 148 155 157 165 166 167 168 169 170 171 173 176 177 180 181 184 186 188 193 196 200 203 207 208 210 211 216 220 221 222 225 231 236 237 238 240 241 242 244 245 247 248 254 255 257 259 263 264 266 268 270 273 274 276 278 281 283 286 291 293 294 298 300 301 302 307 308 310 314 317 322 325 329 330 335 338 339 344 345 348 349 350 351 354 355 358 362 366 367 368 370 371 375 376 378 380 
164 134 146 165 168 171 173 180 184 203 206 208 209 216 226 227 230 260 262 267 274 277 282 288 293 294 296 310 313 325 333 336 338 341 351 367 368 369 371 379 381 
76 146 242 300 319 353 355 365 
197 129 138 139 140 155 166 174 183 184 185 187 193 194 216 219 223 232 250 280 288 289 291 293 294 295 309 315 317 321 335 345 353 365 380 
89 137 148 158 164 181 193 198 206 213 217 219 234 235 237 246 249 252 257 261 262 270 279 295 304 308 309 315 319 323 335 339 346 357 366 374 375 377 380 
260 130 132 133 136 152 156 158 159 160 163 165 181 192 199 207 210 226 232 233 245 248 261 270 286 307 313 315 323 330 332 342 343 353 354 359 361 370 377 
176 130 133 148 151 158 163 166 167 177 182 184 188 189 191 195 197 199 204 205 224 225 226 230 238 239 249 251 259 262 263 269 270 279 287 293 300 312 317 326 328 329 333 337 339 341 350 353 354 359 371 372 
114 1 139 141 142 143 145 146 148 150 151 152 153 155 158 160 164 173 177 178 186 189 191 194 195 201 205 206 210 212 216 225 229 234 236 243 246 247 249 250 262 265 268 269 270 273 275 277 278 284 285 286 289 290 291 292 294 302 303 304 310 314 317 318 330 331 332 334 335 337 338 341 346 347 348 349 356 363 364 366 367 368 369 371 373 
106 128 129 140 157 166 174 179 197 218 227 246 263 285 291 293 299 308 325 343 347 356 372 377 378 
205 1 129 132 133 137 138 160 164 165 168 169 179 180 187 192 196 198 204 206 209 210 223 227 228 234 247 260 263 270 272 275 285 292 294 297 300 314 316 317 319 320 322 323 326 327 334 340 343 346 347 349 353 369 374 375 379 
184 130 132 141 142 143 144 147 157 160 163 165 170 172 173 174 176 177 180 187 188 191 194 198 199 203 204 222 223 227 229 232 237 247 248 270 297 298 299 300 302 303 311 313 318 319 323 324 333 338 340 342 347 349 352 357 358 365 367 370 372 376 379 
183 1 129 130 131 133 138 139 141 146 149 150 151 152 154 158 160 162 169 170 176 177 180 181 184 187 191 194 195 200 203 205 206 207 214 220 221 226 229 231 236 242 250 258 259 264 265 268 269 270 271 279 282 283 284 291 293 295 296 299 304 306 309 317 319 323 326 328 329 332 334 340 341 342 345 346 349 354 355 356 359 360 361 364 368 369 370 371 372 375 377 378 379 
229 129 132 134 141 143 146 148 149 163 170 175 187 198 208 211 214 222 226 236 240 243 254 259 261 264 265 269 271 272 273 304 306 309 314 317 326 329 334 356 374 
280 1 129 133 134 135 139 148 150 156 158 159 162 165 167 169 177 180 181 183 184 187 188 192 196 198 200 203 207 208 209 211 212 213 215 216 223 226 227 231 233 236 237 245 246 247 248 252 253 256 258 261 262 265 271 272 273 283 284 286 291 295 296 298 300 302 304 305 307 308 309 315 316 317 319 323 325 326 329 331 334 337 338 341 342 344 347 348 354 355 358 359 360 361 362 363 365 366 368 375 376 381 
46 128 130 131 134 135 137 143 148 151 152 166 169 172 176 179 181 182 184 187 188 191 193 195 203 205 211 215 218 221 224 225 226 239 245 246 253 258 259 260 266 271 276 284 296 297 301 312 313 315 318 325 329 334 340 342 348 351 354 355 356 359 373 377 378 380 
74 140 175 196 236 293 294 317 322 369 372 
219 132 134 137 139 147 150 151 155 171 177 178 179 185 191 196 201 205 206 212 217 221 228 232 247 251 256 257 258 259 262 267 280 282 283 286 292 296 297 302 308 311 322 327 328 332 333 334 338 341 343 348 349 350 353 356 358 364 367 369 370 373 377 378 379 
99 129 130 139 140 142 146 147 148 150 156 158 159 163 167 171 178 184 187 191 194 195 196 197 199 206 207 213 214 216 221 222 224 229 232 234 236 239 241 243 244 248 250 252 253 254 255 256 258 259 261 269 272 273 274 275 280 281 286 288 292 293 295 298 302 305 306 308 313 315 318 319 320 321 323 325 328 332 339 341 342 344 345 348 352 355 358 360 361 362 363 367 369 370 373 375 377 379 
286 130 141 145 152 155 162 178 181 182 185 190 197 199 207 211 217 222 225 226 237 243 254 258 314 316 318 320 324 333 351 366 374 
270 128 136 142 148 156 158 162 163 165 167 168 172 173 176 178 184 190 192 193 194 195 196 198 199 203 204 206 208 210 211 212 215 220 222 223 237 243 247 248 250 258 259 261 263 264 265 266 271 274 279 282 286 290 293 300 309 312 315 320 324 329 332 334 335 339 343 346 355 356 358 359 364 366 369 372 374 377 379 
179 129 136 137 142 143 148 149 153 154 156 157 159 160 162 163 167 173 179 182 184 185 186 190 193 195 196 198 200 202 205 207 210 213 214 218 221 222 223 224 225 227 230 231 239 240 249 252 257 258 259 260 261 262 263 265 267 272 273 275 276 277 278 290 291 292 298 301 302 311 313 315 318 319 322 324 329 332 334 335 336 342 345 349 353 354 360 362 366 368 369 370 373 
282 129 133 134 145 149 150 154 156 157 158 160 168 171 172 173 179 185 188 192 193 196 197 200 201 203 205 208 212 213 215 219 224 225 226 231 232 233 241 243 253 272 273 274 282 283 285 286 290 291 293 303 308 313 314 316 321 329 335 341 345 346 357 358 360 362 363 364 370 371 372 373 378 379 
145 132 133 140 145 146 150 151 152 155 158 159 165 170 172 177 178 184 186 187 188 190 195 197 200 201 206 212 217 218 219 231 242 246 248 256 257 264 268 274 276 279 281 283 285 290 301 307 308 314 317 321 326 328 335 336 339 344 347 352 355 356 357 362 363 365 368 369 370 374 377 378 380 381 
105 1 129 141 142 144 145 148 149 159 166 167 170 171 173 182 183 187 189 193 195 196 198 205 206 210 212 217 218 219 220 222 224 229 233 242 243 246 252 256 259 262 263 265 266 270 272 274 277 282 283 284 287 293 295 297 299 300 306 308 309 311 314 316 318 319 322 329 330 334 339 340 341 343 348 357 362 375 376 379 381 
9 164 212 290 
176 128 131 132 138 146 150 153 159 166 172 179 180 182 183 185 192 194 195 200 206 211 219 222 225 227 236 237 243 244 249 252 254 255 256 258 268 270 271 272 274 275 278 279 282 283 285 291 294 298 307 312 313 314 324 325 332 334 337 339 342 343 344 347 351 354 356 357 361 365 366 368 372 373 375 377 378 379 381 
179 128 131 133 137 141 143 153 154 161 163 168 169 180 191 192 200 203 204 207 215 219 231 233 234 236 239 241 248 253 259 262 265 266 277 285 297 302 306 312 314 315 316 317 318 321 329 330 337 347 350 351 355 368 369 370 371 372 374 375 377 379 
50 1 129 130 140 147 151 152 154 157 158 159 160 162 163 164 167 169 170 172 173 182 185 190 193 196 197 200 210 215 216 218 225 226 228 231 245 248 250 253 256 262 263 264 267 269 274 278 286 287 288 292 293 303 306 307 312 314 320 323 330 333 334 337 339 340 341 345 347 353 355 359 360 364 365 368 369 377 379 380 381 
222 1 128 129 137 138 139 140 144 145 150 153 154 155 157 161 163 164 165 175 177 178 179 184 188 190 193 200 202 203 206 207 210 214 217 218 220 221 222 226 229 234 236 238 242 248 251 252 253 254 255 256 257 263 264 267 271 275 281 283 286 287 289 290 297 302 312 314 316 317 318 322 325 326 327 329 331 335 337 338 339 340 347 348 351 352 353 354 355 358 360 362 363 366 368 370 371 374 381 
177 129 135 140 143 148 158 163 173 174 178 182 187 190 200 204 210 223 225 230 242 247 248 249 261 263 266 274 280 304 307 310 322 331 332 334 355 357 363 372 
91 133 134 135 136 137 139 149 154 161 163 164 176 180 184 202 209 220 222 223 229 245 246 248 250 257 260 267 270 271 272 279 281 285 286 290 293 298 302 306 309 312 317 320 321 323 328 333 334 335 339 340 342 349 368 369 370 374 376 380 
96 146 147 149 150 153 157 164 175 179 198 203 211 213 235 252 257 263 279 287 291 293 297 299 319 320 346 
218 132 134 135 139 143 154 156 158 162 166 167 170 171 172 175 188 193 195 196 197 200 210 211 215 220 221 223 225 231 239 247 249 250 258 260 261 262 265 268 271 278 287 288 289 293 297 298 299 302 305 309 310 313 314 315 316 318 319 322 325 329 330 331 332 333 335 339 349 350 352 354 359 360 361 365 366 369 371 376 377 
123 133 135 138 139 150 151 152 153 154 155 156 167 171 173 183 187 189 194 195 202 205 207 208 225 230 232 234 235 237 239 240 247 257 258 259 265 268 271 278 280 282 286 288 292 296 297 298 300 301 303 309 310 312 313 315 318 319 320 321 323 328 332 335 336 351 357 363 365 367 370 372 375 377 379 381 
39 128 157 158 181 207 243 256 257 281 283 291 299 334 356 
67 128 133 137 139 161 163 182 190 194 203 209 216 225 231 236 245 251 253 256 270 271 285 289 298 299 301 307 308 325 329 332 333 339 345 352 371 376 
21 128 137 145 146 148 149 151 152 155 156 158 159 162 163 166 169 171 175 176 182 184 187 188 195 197 198 201 204 207 208 210 212 213 219 221 224 227 229 230 231 239 241 243 244 249 250 256 259 260 263 265 266 268 269 272 273 279 285 290 292 295 298 301 303 306 308 312 313 316 318 319 321 324 325 326 327 328 330 335 336 340 341 342 344 345 346 348 351 353 354 355 356 359 361 364 365 367 370 377 379 381 
269 130 135 159 169 186 197 198 200 205 211 212 214 228 231 233 246 262 265 320 337 346 364 367 380 
225 133 135 148 155 156 175 179 187 228 249 280 284 304 325 331 349 366 
149 1 129 130 140 141 143 144 146 151 153 156 159 160 161 163 164 167 168 169 170 176 178 181 182 184 189 190 200 201 208 210 211 215 216 229 232 233 235 242 244 251 252 258 261 265 273 274 280 283 285 291 292 294 296 299 307 309 312 314 319 322 334 336 337 338 341 342 343 346 348 349 350 352 359 362 366 372 373 378 379 380 
129 139 142 146 152 153 155 162 165 166 173 174 184 188 190 207 213 228 229 238 251 286 291 293 295 309 311 312 313 321 323 370 
108 1 129 131 132 134 135 136 146 149 153 154 157 159 160 161 162 163 164 167 168 169 171 172 179 181 182 185 188 190 192 194 196 201 207 209 210 211 213 215 221 222 226 233 234 237 239 240 242 246 248 252 255 260 261 263 265 266 271 273 274 275 278 282 284 285 286 289 291 302 305 307 309 314 315 317 321 323 324 329 330 332 333 338 342 345 352 362 366 370 371 376 379 380 
162 258 
209 129 131 132 137 143 144 147 148 152 153 155 157 165 167 168 170 171 175 177 178 180 185 187 188 194 200 201 203 207 211 215 217 219 220 221 223 226 231 232 238 244 249 250 252 259 266 267 268 271 276 277 278 279 280 286 287 289 290 291 295 298 299 300 302 304 305 306 310 312 315 316 320 322 323 327 331 334 335 339 344 346 349 352 353 354 357 364 367 368 371 374 375 376 379 381 
91 131 139 142 146 151 163 166 170 171 179 188 192 199 242 246 250 259 279 284 294 298 305 330 332 356 371 
90 128 138 151 165 172 181 183 190 232 240 253 283 291 303 325 330 351 358 364 
24 129 136 137 143 144 146 159 160 161 164 174 177 195 197 198 201 209 219 232 239 255 256 258 269 272 274 278 284 286 292 308 316 321 329 332 339 344 368 379 380 
225 129 130 138 142 144 145 147 150 151 159 161 164 169 171 173 174 177 180 184 194 195 198 201 203 204 206 209 214 215 219 222 225 226 230 234 235 237 238 239 241 242 245 256 257 265 267 268 273 274 275 283 289 292 293 294 296 298 299 304 308 312 314 316 317 318 320 322 328 331 337 339 343 345 348 351 352 353 354 357 360 362 363 365 368 372 374 377 
279 133 138 139 148 152 154 155 156 165 167 171 172 182 186 188 193 195 196 198 202 203 205 209 212 215 222 223 226 228 229 233 234 239 243 244 248 249 250 254 263 264 268 279 281 290 292 299 301 302 305 307 311 321 324 326 327 328 330 332 334 335 343 353 354 356 362 364 367 368 369 371 373 375 
222 128 133 137 145 153 160 176 187 193 205 216 227 232 241 254 261 272 276 277 288 297 305 306 309 317 320 321 329 332 364 365 373 
248 156 159 162 167 191 196 198 210 241 252 255 260 282 294 304 329 368 370 371 
121 133 145 152 158 163 175 178 189 191 192 195 197 206 210 213 215 221 224 225 227 228 229 232 235 244 247 250 251 254 258 260 262 264 265 268 271 279 296 299 302 304 305 308 311 314 317 326 327 332 335 341 343 345 346 347 351 352 355 362 372 375 380 
44 128 130 133 134 137 138 141 142 145 147 156 160 163 164 167 172 173 174 179 180 184 188 190 191 193 194 195 197 200 205 209 212 216 219 220 222 223 224 225 227 228 235 238 239 241 243 244 247 251 252 253 255 257 261 264 271 272 276 279 280 283 286 288 294 295 300 304 306 309 312 315 317 320 321 323 326 327 329 330 331 332 333 334 335 337 344 345 349 360 362 364 365 366 367 368 372 374 378 379 
230 152 182 188 210 218 232 238 246 256 269 274 277 289 314 333 340 381 
91 132 133 134 135 137 138 139 140 141 146 149 150 152 153 154 158 168 169 173 176 177 179 181 185 186 187 189 193 203 206 209 217 218 220 221 225 233 236 241 242 252 254 255 261 265 275 278 279 280 282 283 285 286 288 289 290 293 296 302 312 313 314 320 329 332 333 339 341 342 346 353 360 361 366 369 370 376 381 
237 132 136 141 153 156 160 163 164 165 166 167 171 172 173 175 182 185 190 191 192 197 198 199 204 205 208 209 215 217 226 228 229 231 240 241 244 249 251 252 255 257 259 262 263 273 275 282 289 296 300 302 304 305 309 312 320 321 323 324 326 327 334 335 337 340 341 343 344 347 351 354 357 358 362 363 364 366 368 370 375 376 377 379 
238 128 133 138 143 149 151 154 160 161 162 175 176 183 185 186 195 204 205 220 221 233 247 248 257 258 262 266 273 274 276 277 298 304 316 326 329 335 338 340 357 359 363 367 373 374 377 379 
111 139 140 142 143 145 147 150 153 154 158 160 164 165 166 167 168 171 178 183 190 191 199 205 215 216 223 224 227 235 237 238 241 242 244 246 250 252 253 254 255 260 263 266 268 269 271 277 279 281 286 289 290 291 293 294 299 312 314 317 318 319 322 324 325 330 331 338 340 343 356 361 362 363 365 366 369 370 377 
68 133 134 140 150 153 164 168 173 183 204 234 238 259 260 262 264 272 283 286 293 300 306 318 321 322 341 354 366 370 371 377 380 
283 131 143 149 159 163 171 179 181 194 198 203 213 222 224 236 245 251 255 259 265 273 286 311 320 327 328 332 336 339 340 342 349 351 354 360 362 367 372 381 
52 128 130 131 132 133 134 135 136 138 139 141 143 144 148 151 162 163 164 168 170 176 182 183 194 196 197 200 202 205 210 211 213 215 216 219 220 221 227 228 230 232 233 236 237 238 248 251 253 257 258 259 260 262 264 271 280 284 285 286 287 296 308 310 317 319 320 322 323 333 334 337 341 343 350 352 357 359 360 363 368 376 377 380 
27 1 131 133 135 136 138 145 147 152 180 206 207 210 226 227 229 235 240 246 248 251 253 255 256 263 271 273 274 277 278 279 285 286 288 296 298 302 307 308 309 311 319 321 324 326 329 333 338 343 348 357 359 360 363 364 366 377 379 
201 1 130 132 133 134 138 142 145 147 148 150 155 158 160 163 164 171 174 175 176 178 183 187 188 191 193 194 198 202 205 206 208 209 214 217 219 221 225 227 230 235 237 240 243 244 252 258 259 260 261 262 264 265 269 279 280 281 283 285 287 290 294 303 307 309 311 315 317 320 321 323 327 329 330 331 333 334 340 342 346 347 350 351 352 356 360 362 363 366 369 372 377 
17 149 192 288 26 117 195 281 157 282 71 226 220 214 184 265 247 5 73 117 118 143 25 223 76 216 57 149 188 44 26 83 36 77 51 43 97 30 179 16 116 181 85 262 259 290 125 288 32 170 30 180 233 23 109 151 105 76 203 288 276 280 245 117 177 172 235 202 27 227 197 236 60 289 59 257 145 260 36 178 61 172 179 232 206 266 105 87 252 24 230 279 144 104 105 263 71 160 2 75 219 237 165 148 282 50 60 58 140 281 168 279 287 265 183 209 35 85 248 185 20 173 131 198 259 67 120 183 239 103 142 283 202 185 157 44 232 225 228 293 203 159 69 90 269 87 5 160 125 33 91 157 100 246 219 281 55 45 243 39 85 8 201 299 97 186 228 62 243 95 241 155 190 32 241 278 235 173 81 55 101 57 90 226 5 34 140 86 101 24 91 142 291 222 124 26 51 18 141 140 262 80 240 76 202 188 84 128 158 294 145 253 39 217 21 290 3 228 156 252 32 286 298 59 226 129 146 205 196 138 127 124 85 140 217 7 178 82 160 35 231 274 170 297 267 181 251 34 34 71 221 235 47 32 143 53 109 237 112 9 152 44 46 233 58 53 193 52 282 91 191 177 247 261 197 287 231 259 185 284 249 252 260 133 202 145 205 195 133 252 122 103 292 181 119 287 175 131 86 198 171 235 140 88 223 296 167 262 170 230 50 268 80 91 209 54 53 255 82 218 173 100 188 66 186 82 73 64 242 133 113 108 127 67 213 275 203 272 244 284 28 120 291 18 267 210 157 123 190 293 178 178 59 127 210 259 10 240 236 196 137 169 49 266 191 213 92 253 38 79 264 83 224 150 46 45 141 134 263 119 40 
