258 387
173 136 139 144 146 151 155 160 162 165 167 171 175 178 179 181 184 200 203 209 210 221 227 231 238 244 255 262 280 284 289 305 313 316 319 320 322 326 331 341 342 347 348 349 350 351 352 353 356 357 365 368 374 387 
253 131 132 133 135 137 139 143 153 154 156 166 167 170 175 177 183 185 190 200 201 202 205 206 207 208 210 213 214 215 217 226 231 243 251 252 256 262 265 268 273 276 277 279 280 281 285 288 293 294 303 308 316 324 329 333 334 335 336 338 340 343 345 348 352 354 358 363 368 369 372 378 379 381 382 386 387 
82 159 164 206 235 239 287 293 309 319 374 
106 133 135 139 140 142 143 145 151 153 156 158 163 165 166 168 171 177 183 184 190 211 212 213 219 220 222 223 224 230 237 244 245 250 251 254 257 264 265 268 271 272 273 274 276 283 285 291 292 293 302 303 304 317 318 320 326 328 330 336 337 339 341 342 346 350 351 356 364 367 369 373 383 384 385 386 387 
112 1 130 132 133 140 143 149 150 152 155 156 159 162 163 165 166 170 171 173 174 176 177 178 181 182 183 186 188 192 193 194 195 198 199 200 210 212 215 216 220 223 224 227 228 230 231 236 238 240 252 253 254 257 264 275 284 286 288 293 294 298 299 300 306 307 309 310 314 315 316 326 328 330 332 333 338 340 342 347 348 356 360 364 367 368 374 375 377 378 379 380 382 387 
185 1 132 139 144 149 151 152 155 157 160 164 175 180 185 186 194 199 207 211 213 214 215 218 220 222 223 224 233 236 237 238 241 242 249 251 259 268 270 273 291 292 294 298 299 302 309 310 313 314 318 320 323 325 336 341 343 346 357 364 365 367 371 374 376 381 382 386 387 
214 130 132 134 135 136 140 141 142 147 148 149 152 154 156 157 161 163 164 168 170 171 172 173 178 179 181 185 193 197 199 200 202 203 206 207 209 210 211 212 213 216 217 218 223 225 228 230 233 234 235 237 238 241 242 243 244 245 251 254 256 257 259 260 261 265 273 276 279 285 286 288 290 291 293 296 297 298 301 307 308 318 319 322 326 329 332 335 336 337 338 339 345 348 352 362 364 367 372 374 378 387 
32 130 132 134 140 141 144 146 153 155 156 174 175 208 211 213 219 220 223 236 239 241 247 255 275 279 286 293 294 296 306 326 331 333 335 347 349 352 365 367 370 381 382 384 387 
258 1 132 135 147 150 151 152 155 156 173 180 181 182 185 191 192 193 196 200 202 203 204 209 218 223 225 232 250 252 253 254 256 257 260 261 268 270 273 274 277 281 286 290 292 293 299 322 323 325 326 327 328 343 345 349 350 352 354 356 360 366 377 378 382 
117 1 134 136 151 157 162 178 179 209 215 234 243 249 265 267 268 269 275 289 304 308 323 335 338 353 363 375 377 380 
255 266 346 
248 130 133 141 144 145 167 169 171 180 182 183 191 204 219 235 239 244 255 259 270 271 288 289 290 295 301 309 314 317 332 348 349 352 353 355 361 370 372 376 383 387 
103 131 132 139 146 152 157 164 165 167 168 171 178 183 185 188 191 192 195 196 198 199 200 203 208 209 212 213 215 217 218 224 229 231 232 235 236 238 239 248 251 257 258 262 265 266 273 274 275 276 280 284 285 287 288 293 296 301 303 306 307 309 311 312 315 316 321 326 329 330 336 341 346 347 351 352 356 359 365 369 374 375 378 379 381 382 385 
62 170 189 225 326 
16 161 215 225 238 240 241 250 264 281 287 291 296 327 333 343 360 362 377 
6 1 131 137 139 145 147 148 150 152 155 157 158 165 166 186 189 192 203 206 228 232 235 239 244 247 248 253 258 259 270 273 276 280 288 291 298 300 312 314 322 323 327 333 335 344 345 347 348 352 353 374 375 377 387 
96 132 135 137 139 141 142 146 149 156 157 159 161 164 166 170 173 178 183 186 187 188 193 201 203 204 205 208 210 213 214 218 221 222 225 233 236 237 239 241 253 254 255 258 259 268 275 278 281 283 284 285 286 290 292 294 301 309 310 313 318 319 322 330 335 352 356 364 366 369 371 375 383 386 387 
63 141 182 190 197 202 210 247 258 267 286 296 308 324 347 349 382 387 
241 131 133 140 143 144 146 148 149 158 165 166 169 180 181 189 191 192 193 196 198 203 206 207 209 210 211 213 221 226 227 230 231 232 233 234 236 237 239 241 248 252 261 264 267 274 282 286 287 290 291 300 301 306 309 310 312 316 317 326 332 339 340 344 345 347 357 361 362 363 365 373 378 381 383 384 
39 132 134 136 144 148 150 152 155 156 159 163 170 173 174 177 178 183 184 189 193 199 200 202 205 210 219 226 227 228 230 234 235 238 240 241 247 264 271 277 279 282 286 290 291 295 296 303 314 315 319 320 322 329 332 350 351 353 355 360 362 365 367 370 372 375 376 379 383 
233 1 132 137 141 150 151 153 158 161 168 174 183 186 237 245 256 279 282 288 302 307 313 318 335 339 341 361 363 
167 130 133 136 137 138 140 141 143 146 150 151 154 155 156 157 158 166 167 169 171 179 180 181 187 196 197 200 204 209 211 213 214 216 217 225 230 231 232 234 236 237 239 242 246 247 248 249 254 255 257 258 260 263 264 265 269 273 276 278 279 287 290 291 292 293 297 304 305 306 308 309 310 314 318 319 321 324 325 326 329 332 333 334 335 336 342 349 350 352 353 356 357 361 363 364 366 371 373 380 382 384 385 386 
83 133 145 155 163 168 173 180 184 187 189 190 194 200 204 205 207 211 213 218 221 229 230 234 236 243 247 250 254 255 256 260 267 268 271 272 276 288 291 292 303 306 307 314 317 319 327 334 335 337 338 339 342 352 356 361 365 366 372 376 
231 189 202 207 222 227 242 251 270 286 289 297 310 332 339 363 366 
74 130 134 135 139 143 146 152 156 165 167 168 169 174 176 178 185 186 187 188 195 199 201 205 207 210 211 212 215 223 230 232 240 243 245 249 255 256 264 268 276 278 284 285 286 289 291 293 295 296 298 301 304 308 309 314 315 317 318 321 322 328 329 333 337 340 342 348 349 351 356 357 365 373 376 378 380 381 382 384 385 386 
59 145 149 152 154 158 160 178 179 191 198 211 212 220 224 228 251 258 266 271 276 279 291 295 297 298 299 304 308 325 333 342 348 350 355 359 360 365 370 373 378 382 387 
137 133 134 141 145 147 159 160 163 165 175 180 181 182 186 199 202 204 206 207 209 212 214 218 221 227 228 230 237 238 245 246 247 249 250 254 262 263 267 276 280 283 284 286 290 292 298 301 306 309 310 315 316 319 320 321 322 323 326 333 334 335 339 341 342 344 346 349 355 356 361 363 368 369 371 380 386 
39 136 138 147 155 166 167 171 172 175 181 185 187 191 193 200 205 212 218 221 225 228 232 240 243 245 246 247 250 252 254 255 261 264 268 269 270 275 276 278 279 280 282 284 286 287 292 298 300 302 303 308 314 316 317 318 322 323 326 341 342 343 353 359 365 369 372 375 377 383 387 
213 131 136 140 147 149 150 151 153 155 156 164 165 168 172 175 176 180 188 189 193 196 198 202 205 207 214 216 218 219 220 221 225 230 234 235 238 243 244 245 250 254 258 266 267 269 270 271 273 275 276 277 278 279 283 287 296 298 301 302 307 310 315 317 322 327 332 333 334 339 340 343 344 348 350 352 353 354 357 361 364 365 366 368 370 373 374 375 376 377 379 382 386 
115 135 147 157 162 170 172 178 182 184 188 189 193 194 199 202 203 204 208 216 218 219 223 228 229 237 238 246 247 248 250 251 256 259 260 264 266 269 270 271 278 279 282 283 286 291 297 301 302 304 309 315 321 323 328 333 337 349 353 357 358 359 362 367 368 369 375 381 382 
196 131 132 136 137 138 142 153 156 158 159 163 170 172 173 175 176 179 184 185 186 187 192 199 217 218 224 226 232 233 238 241 245 246 251 252 255 257 258 263 265 266 267 268 276 277 281 287 288 295 300 310 312 313 315 322 324 325 327 330 332 335 337 338 339 346 350 351 353 354 363 364 367 370 371 373 375 379 383 
44 137 138 143 172 181 189 190 194 195 197 204 205 210 215 223 237 246 251 253 256 260 279 280 282 283 290 297 301 309 313 318 319 328 333 341 344 346 355 358 363 364 365 366 368 371 376 379 381 
217 130 148 151 155 156 159 165 169 172 174 177 182 194 209 213 225 227 229 230 235 249 255 258 259 266 268 269 273 275 278 282 285 287 297 305 320 321 329 337 348 371 373 377 
49 137 140 143 144 145 149 152 154 156 158 159 164 165 167 173 180 184 185 189 191 193 199 200 202 204 207 226 227 230 232 235 237 239 243 247 252 262 265 270 271 272 273 281 284 293 296 305 307 316 318 319 323 324 346 348 357 358 364 371 372 373 
79 131 147 151 154 155 165 172 189 195 197 204 209 213 219 226 228 229 231 247 251 271 273 278 284 285 288 298 300 309 310 315 323 329 334 335 336 344 349 353 373 377 383 
189 130 134 137 139 141 146 147 149 151 152 159 163 165 168 180 185 187 189 192 193 201 207 209 215 232 234 235 242 244 250 251 256 257 258 260 261 262 264 267 271 272 273 276 278 281 287 290 298 300 301 303 304 305 306 307 308 309 313 316 317 319 327 329 330 331 337 343 347 355 356 362 370 380 381 382 383 385 386 
210 135 137 138 139 142 143 147 152 155 156 162 163 164 165 166 169 180 181 186 188 190 192 197 198 202 203 205 211 214 215 216 219 223 235 236 239 240 246 247 251 254 256 257 259 262 263 267 270 273 276 279 284 291 292 296 308 313 315 317 322 323 324 325 327 329 331 333 337 339 342 343 344 351 353 354 356 358 359 362 363 365 366 368 370 373 380 381 386 387 
145 136 141 142 144 146 159 161 169 172 184 186 191 195 196 197 226 232 233 237 245 251 257 258 261 262 284 292 293 318 324 332 336 351 352 353 359 368 372 374 384 385 
220 154 168 199 228 355 375 
268 130 135 145 146 147 148 152 153 155 156 157 159 160 170 173 179 182 187 193 196 197 200 204 206 213 224 228 233 235 237 238 245 246 247 254 257 267 268 274 276 278 279 284 290 292 293 299 300 303 308 309 321 341 342 349 355 357 359 360 361 367 369 373 374 376 382 386 
9 164 186 242 340 344 383 386 
153 132 138 144 146 150 151 154 162 166 167 168 169 170 171 172 174 175 178 180 184 187 189 191 198 205 207 212 213 216 219 221 223 225 241 242 244 246 250 251 255 257 258 267 271 275 277 278 279 283 284 286 287 289 292 295 298 306 307 309 311 312 313 317 318 319 320 323 328 333 337 339 341 345 346 348 353 354 364 366 367 373 375 378 379 384 385 386 
72 1 131 134 140 143 144 145 146 147 149 151 152 155 156 158 160 161 163 174 179 180 185 187 195 202 203 208 211 213 217 218 220 221 222 223 225 226 227 233 234 238 243 244 245 251 252 257 266 267 270 271 272 273 274 276 277 278 281 285 287 290 291 296 302 305 306 307 309 313 315 316 318 321 322 324 327 332 334 337 338 341 345 346 349 354 358 361 362 365 368 369 371 375 383 385 387 
122 1 130 132 133 137 139 146 147 148 159 177 181 192 199 200 205 213 219 221 237 240 244 246 251 256 258 259 267 276 283 292 299 302 306 308 319 323 328 338 340 348 356 365 370 372 374 380 383 385 
127 131 135 137 138 140 147 148 149 156 158 160 161 169 173 176 177 180 181 184 186 187 189 190 193 194 201 202 207 213 214 215 218 219 220 223 224 228 230 232 233 241 242 245 250 251 252 262 264 272 274 278 280 288 293 294 296 298 301 304 310 314 318 319 322 329 330 331 332 333 336 339 351 354 356 359 363 371 373 374 379 
42 178 180 192 197 210 231 240 266 303 326 331 380 
43 134 141 143 153 155 156 158 159 160 169 175 177 180 182 184 186 187 190 194 195 196 197 204 205 211 212 216 220 222 228 232 233 234 240 241 243 244 245 252 253 254 258 259 261 267 273 279 280 283 286 287 288 291 292 295 296 298 300 310 314 322 323 328 330 332 333 336 337 339 341 343 344 347 350 352 353 354 359 361 363 364 368 369 371 372 376 380 383 384 386 
267 142 143 168 170 203 224 246 255 271 289 293 304 361 371 
158 131 143 147 155 156 158 162 164 168 169 171 174 184 188 190 193 200 201 202 203 205 206 207 209 213 214 215 216 218 222 225 226 229 232 234 235 241 242 255 257 267 268 269 270 284 290 299 300 302 304 306 311 312 313 323 325 331 342 343 344 350 351 352 353 356 357 359 360 363 364 365 367 369 371 372 377 384 
250 1 130 132 135 136 138 141 142 144 150 151 152 154 156 159 160 162 164 165 168 169 175 176 177 178 183 185 186 187 189 191 197 198 204 206 207 208 214 216 221 224 225 226 230 233 235 236 242 244 247 255 260 262 266 269 270 271 272 275 277 278 280 284 285 286 289 292 294 299 300 303 306 308 310 311 313 317 319 323 324 327 334 339 341 351 353 356 359 361 362 363 364 365 370 374 376 381 382 383 384 385 
243 132 134 138 145 151 153 166 167 169 175 185 192 193 194 195 203 207 210 213 237 242 248 251 253 254 256 259 262 268 272 273 278 285 292 296 297 300 301 303 304 306 314 318 320 323 327 334 335 338 339 348 349 355 368 374 376 380 381 385 386 
112 1 134 139 165 167 168 181 192 197 216 236 243 244 250 252 286 290 293 311 320 322 323 325 330 335 347 348 351 354 368 377 379 383 385 387 
105 130 133 134 137 140 141 143 144 145 146 150 156 157 158 163 164 165 168 174 177 181 186 187 190 191 195 196 201 203 204 223 227 230 232 234 237 238 240 243 250 253 254 255 257 260 264 266 267 273 275 280 282 285 286 290 294 299 300 306 312 317 318 320 321 322 323 324 327 330 332 334 335 342 346 364 367 369 372 378 380 382 384 386 387 
141 1 130 135 138 143 145 150 153 155 156 157 160 185 186 188 191 199 203 205 207 208 210 214 217 225 227 231 232 236 238 242 250 259 271 272 278 279 280 281 285 286 288 293 297 303 305 309 312 318 324 326 329 330 332 334 337 339 348 349 353 362 367 368 381 382 
252 1 131 134 140 146 150 152 154 156 158 160 162 164 167 168 170 171 174 175 179 180 184 185 186 188 190 194 196 197 202 203 222 224 226 227 228 229 231 241 243 245 250 253 259 260 262 267 268 273 277 278 279 282 287 290 293 301 302 305 307 308 311 313 315 318 319 320 323 324 330 333 336 339 343 344 350 355 356 360 363 365 367 369 370 376 378 380 382 387 
4 132 142 143 145 146 158 159 174 180 190 193 194 197 201 204 205 211 212 216 217 218 219 222 223 224 225 226 230 232 234 238 241 244 251 255 265 272 274 275 277 278 289 296 310 313 314 315 324 330 334 337 343 352 356 362 363 368 376 382 384 
145 137 139 140 148 156 158 159 160 162 164 166 168 171 173 175 178 187 189 191 199 201 202 207 208 210 216 218 219 223 225 232 234 235 237 240 246 249 251 254 255 258 261 270 272 279 280 285 291 292 293 294 299 302 310 311 314 320 321 323 332 337 338 344 348 349 356 360 364 365 366 369 371 372 
212 1 130 136 143 145 148 154 156 161 163 165 167 171 174 181 184 188 189 192 193 194 195 200 201 204 209 214 216 220 224 228 230 231 234 238 241 244 249 252 253 254 255 262 263 265 267 274 275 279 284 287 290 291 293 299 301 304 307 312 315 316 318 320 325 330 332 333 337 340 342 344 346 350 351 357 358 359 362 363 364 366 369 375 377 381 383 384 385 
240 133 219 254 275 287 344 345 359 
214 138 139 141 146 155 163 169 172 175 182 190 197 204 218 221 222 229 231 233 235 239 241 254 258 261 264 267 268 269 272 279 281 285 287 294 296 297 309 313 318 329 331 333 355 360 362 369 378 380 383 
34 1 130 132 133 134 136 142 144 147 149 150 152 153 156 161 167 168 179 180 187 188 192 197 200 205 207 208 209 212 216 218 222 233 234 237 238 239 240 246 247 248 251 253 254 258 259 262 264 269 272 273 275 278 279 280 282 283 287 290 291 293 297 298 300 301 303 307 310 313 316 323 324 325 326 330 334 335 338 339 340 341 343 350 352 356 363 364 368 370 371 373 380 381 382 385 387 
249 131 132 135 140 141 146 147 154 159 160 190 193 196 199 200 206 214 223 224 255 256 260 285 295 301 308 317 321 333 340 349 353 360 370 385 
266 135 139 164 215 236 242 261 293 311 327 343 
176 1 134 141 151 160 161 164 166 172 175 177 180 182 188 192 193 196 199 208 210 211 214 217 220 226 231 243 244 250 251 257 262 263 264 265 266 267 271 281 284 295 297 300 301 305 309 310 319 326 330 331 332 338 341 342 344 345 350 351 354 358 364 371 375 376 378 380 381 385 386 
16 136 137 144 145 159 162 166 173 181 191 213 217 220 229 234 235 244 245 251 265 266 267 270 275 276 283 288 298 303 304 305 312 320 321 323 330 337 339 344 358 361 363 365 366 367 370 373 375 377 381 385 
279 130 133 135 136 137 138 140 143 144 145 147 148 149 150 154 156 158 163 167 172 173 175 176 178 181 184 187 190 193 196 198 208 211 212 213 216 221 226 227 228 233 236 237 239 240 245 246 252 258 266 268 271 272 273 275 276 277 282 291 292 296 297 299 300 301 303 308 316 318 321 327 328 330 332 337 339 340 341 345 346 347 352 354 357 362 364 378 380 386 387 
82 1 131 136 139 142 144 154 193 199 212 213 218 219 224 226 230 237 243 249 251 253 258 264 302 330 332 337 338 353 370 378 386 
73 141 162 174 184 191 201 219 249 266 291 299 319 320 333 334 349 362 371 379 
38 131 134 139 142 145 147 149 150 151 152 155 162 163 164 165 166 167 169 170 171 172 174 175 176 178 179 185 188 189 191 196 201 202 209 212 213 215 218 221 222 223 224 235 237 241 244 245 246 250 258 261 264 266 271 273 275 276 277 282 284 288 292 293 296 297 298 303 305 307 320 321 322 326 330 331 332 334 336 342 344 346 350 352 358 360 364 367 368 370 380 383 384 386 
195 130 131 134 135 137 138 140 141 149 152 159 162 165 173 175 180 184 187 208 212 215 221 225 226 229 230 234 235 239 241 242 243 245 247 249 260 263 264 271 275 282 284 290 309 310 319 320 337 340 341 357 371 372 373 374 375 376 377 383 384 
191 1 131 136 137 142 146 158 174 175 177 182 184 185 190 200 202 204 221 224 227 231 237 244 254 257 260 263 267 275 287 290 299 300 306 308 309 318 332 337 341 343 350 354 355 356 357 364 365 370 372 379 384 
72 133 139 140 147 152 154 161 179 180 181 185 188 191 196 202 205 206 207 208 216 220 226 234 235 240 263 267 269 303 304 305 306 308 311 322 324 329 331 332 335 337 352 357 364 365 366 367 380 383 
19 132 136 144 151 152 155 161 167 178 187 192 200 203 205 207 214 216 228 231 250 259 267 275 279 283 293 296 298 299 300 302 304 313 319 320 326 329 333 342 343 347 352 363 365 366 368 376 378 379 383 
280 193 210 247 309 375 387 
116 197 209 221 252 258 261 272 279 286 314 319 347 348 370 380 
190 236 240 283 
216 131 135 141 144 145 146 153 154 155 156 158 159 168 170 171 172 173 185 186 189 191 197 203 205 208 210 214 215 216 219 220 221 222 223 230 232 235 236 242 245 246 249 250 253 261 267 268 272 275 276 281 283 288 290 291 292 296 297 301 302 303 305 307 309 315 317 318 319 320 322 326 332 336 338 339 340 344 346 351 352 353 356 360 361 362 364 371 372 373 376 380 386 387 
214 137 144 158 159 168 186 187 196 222 242 261 262 276 286 289 296 309 310 315 329 353 354 357 361 366 
284 133 134 142 143 144 145 148 149 150 151 153 156 162 167 168 169 173 176 177 180 181 182 186 189 190 192 195 208 209 210 213 215 220 224 225 234 240 244 246 248 249 250 251 256 257 260 262 270 271 276 277 281 285 287 291 293 294 295 297 306 310 313 319 320 322 323 326 327 329 330 333 334 335 339 342 343 347 349 351 352 353 354 355 356 357 358 360 362 366 368 370 372 376 377 385 
231 155 186 209 228 242 255 284 301 306 323 331 343 349 374 
19 131 133 135 137 138 141 147 148 154 155 156 161 162 166 167 172 181 183 192 194 197 202 203 207 208 209 211 216 219 223 227 228 232 236 238 240 249 254 258 259 263 274 275 278 283 284 285 287 288 295 296 299 300 302 304 306 310 316 317 334 336 340 342 343 345 347 351 354 358 365 372 373 377 380 383 
206 134 140 177 185 192 202 208 228 229 260 268 270 274 297 347 359 385 
90 130 134 138 141 144 145 150 155 166 167 173 174 175 177 180 187 189 190 192 198 199 201 205 206 209 211 213 215 219 221 225 227 228 229 232 233 235 239 240 242 243 245 247 250 252 253 254 260 265 266 267 270 277 283 284 286 289 291 295 301 306 313 314 316 317 321 322 324 326 329 332 336 340 343 345 348 349 356 360 362 364 367 369 370 379 380 385 
175 137 140 148 153 155 158 159 166 170 171 178 186 192 200 202 204 205 208 211 214 226 227 233 237 239 243 244 245 251 256 267 269 274 276 282 287 288 289 295 301 311 315 334 345 351 354 359 379 383 385 
253 1 133 137 138 140 142 143 148 149 151 153 155 159 160 161 163 167 170 173 184 185 186 189 195 197 198 200 202 204 209 210 216 217 219 220 222 224 226 229 233 235 239 242 246 247 252 253 254 271 277 281 283 285 286 287 293 294 298 301 303 305 307 308 309 310 311 316 324 328 329 339 340 343 344 345 347 349 350 360 361 362 365 367 368 371 375 376 377 378 380 381 383 384 385 
263 1 144 145 152 153 159 169 170 191 200 208 213 215 219 227 231 237 245 272 275 283 286 291 294 307 309 310 311 312 314 322 324 326 329 330 333 337 345 356 383 386 
138 130 131 162 164 173 215 216 228 245 284 291 295 309 337 340 354 356 377 385 
156 1 132 133 135 137 140 141 143 146 154 157 158 159 164 171 174 178 179 181 182 191 192 193 194 196 202 205 207 212 214 215 216 222 223 224 226 227 231 233 234 235 238 239 241 243 245 247 248 252 254 260 261 266 271 274 276 281 287 288 290 296 298 299 306 309 310 311 313 317 318 322 327 330 331 337 338 339 340 344 346 349 352 355 358 361 368 369 370 371 372 374 378 382 387 
143 1 133 136 142 143 144 155 163 166 169 178 180 183 184 185 187 189 194 202 205 206 208 209 213 216 218 221 225 227 230 232 233 241 245 247 252 254 255 256 258 266 273 275 277 283 292 294 298 303 305 307 312 315 316 323 324 337 343 345 346 350 351 352 353 357 358 374 380 
32 1 132 137 138 146 148 149 151 153 159 160 163 173 175 179 182 185 190 194 203 207 209 212 218 221 223 232 235 242 244 258 262 264 266 267 270 275 278 280 285 288 292 294 295 296 297 298 305 318 320 321 322 323 324 325 328 329 332 335 337 338 343 344 346 348 350 351 364 371 378 379 384 385 386 
91 135 138 141 145 146 147 155 166 168 172 176 179 180 183 184 187 188 198 205 207 217 221 222 225 236 238 246 248 254 256 268 279 284 287 289 293 294 296 297 298 302 306 308 310 323 327 329 338 344 346 349 366 370 375 379 386 387 
57 289 369 
215 134 138 144 149 150 154 161 164 165 169 176 178 180 182 185 186 188 189 190 194 204 216 218 225 227 233 238 239 241 246 247 248 251 254 257 260 262 270 273 282 286 288 289 295 297 299 302 305 314 324 328 331 332 339 343 344 348 355 358 361 363 366 370 373 377 384 386 387 
238 130 136 148 149 150 151 153 156 159 160 162 165 166 169 174 180 181 183 191 194 197 204 208 210 220 232 233 241 245 246 247 248 251 252 256 267 268 271 281 283 287 289 291 294 295 297 298 299 302 304 309 310 312 313 314 322 324 325 326 330 331 332 333 340 341 350 351 356 357 359 363 364 372 375 383 384 387 
59 149 151 156 157 162 163 169 183 190 202 219 235 238 255 256 260 266 267 277 321 327 336 348 350 351 355 366 386 
99 1 133 134 136 140 144 145 146 147 151 159 171 174 180 184 187 191 193 195 196 200 207 210 211 215 217 218 224 232 236 242 245 252 255 256 257 267 269 274 281 286 294 312 313 314 315 320 329 333 340 343 351 353 358 361 363 365 374 376 377 382 383 386 
32 1 142 147 152 155 156 157 161 162 172 174 178 180 182 185 189 190 193 195 196 198 199 201 204 207 208 212 215 217 223 225 227 230 234 236 239 241 243 246 247 251 252 254 257 258 260 261 263 267 273 275 280 285 286 288 290 291 295 300 303 305 310 311 313 319 320 321 324 328 329 330 331 332 333 336 339 340 341 344 345 349 350 357 362 365 369 371 373 375 376 379 381 385 387 
41 135 137 152 159 174 179 181 184 194 195 197 198 216 221 233 237 243 264 270 276 287 293 296 310 322 324 337 340 343 353 371 374 378 385 
282 140 145 147 151 162 172 176 177 178 182 185 187 199 200 205 209 238 239 243 261 273 278 280 284 288 290 294 300 311 314 316 321 322 324 325 328 332 334 337 339 342 347 348 350 355 356 364 366 367 379 385 
1 130 131 141 144 150 153 155 160 165 166 168 177 179 182 187 201 204 213 217 220 224 227 229 230 232 236 242 253 257 262 270 283 287 296 304 306 319 324 331 339 345 353 354 358 361 362 363 368 376 385 
32 143 158 193 208 210 211 214 217 220 231 238 245 252 258 272 283 290 298 305 357 372 386 
255 137 154 155 158 160 168 175 176 179 181 194 195 198 205 206 207 218 221 225 227 232 233 239 242 245 248 253 258 259 266 269 270 275 282 284 286 289 291 297 300 311 313 314 318 320 325 326 329 331 335 336 337 338 347 348 350 354 358 365 366 376 382 383 384 387 
7 131 134 135 136 137 138 140 144 146 153 155 156 159 160 162 164 172 173 175 177 180 181 183 184 185 186 190 210 213 215 217 221 224 225 226 227 228 229 232 235 241 245 246 250 254 255 256 257 263 267 270 271 277 283 285 288 290 296 297 299 301 314 319 328 329 332 335 337 338 341 344 349 350 356 359 361 363 365 373 385 
223 1 130 135 141 146 148 150 152 153 158 161 172 173 179 186 187 188 189 196 198 199 200 203 204 205 206 212 214 217 228 229 233 234 238 239 241 242 248 251 252 253 256 260 261 263 266 268 270 275 286 290 293 294 298 299 304 313 318 322 324 327 329 333 334 338 339 340 341 343 345 349 350 354 356 357 359 366 368 372 373 374 375 378 380 382 385 386 
117 134 139 142 144 157 158 159 168 171 176 183 184 186 187 193 195 198 202 203 204 205 213 214 219 221 229 237 242 255 261 265 266 269 270 271 273 275 280 286 288 291 298 300 302 309 312 314 318 328 330 331 336 337 341 346 348 350 351 355 360 362 369 370 371 373 378 385 
107 141 149 157 158 164 169 170 171 176 186 189 191 194 207 208 211 212 215 219 220 233 244 257 260 265 274 294 298 300 305 314 320 328 336 343 345 347 352 357 362 363 366 367 373 377 383 384 385 387 
199 207 286 
290 136 
214 132 133 135 137 139 147 148 151 154 156 163 164 166 167 169 171 172 178 183 186 188 189 196 198 204 205 208 212 213 214 215 216 226 229 241 245 248 256 258 259 262 271 276 279 283 284 286 288 289 297 299 302 303 304 306 309 312 313 316 317 318 321 322 323 327 329 330 338 340 343 347 356 366 373 375 377 378 382 387 
11 130 138 146 154 155 158 162 164 168 170 171 176 180 183 184 192 200 201 208 209 211 215 216 218 221 229 231 235 236 239 241 243 244 245 247 254 255 257 260 261 263 268 272 275 280 281 283 284 286 298 302 304 306 309 311 316 318 327 328 332 335 339 340 341 343 347 354 355 356 358 360 361 368 370 371 372 373 376 380 382 383 385 
50 163 224 308 387 
77 1 133 135 136 137 139 140 143 147 149 153 154 155 157 161 163 164 169 173 178 180 185 191 192 195 200 203 204 206 208 211 217 219 226 234 237 240 244 248 250 253 256 257 260 269 271 274 277 279 281 282 283 286 287 288 289 290 293 294 295 296 297 298 299 301 305 306 307 312 313 314 315 316 321 322 327 329 335 340 344 349 358 359 360 361 366 368 369 370 372 373 376 385 387 
41 132 140 146 167 181 215 222 234 236 243 270 277 282 286 298 304 345 353 359 
147 138 155 160 174 190 198 230 240 241 252 258 294 306 381 384 
89 137 138 140 141 142 144 147 148 151 158 163 167 168 171 173 175 181 183 185 186 189 190 193 197 201 208 209 211 213 215 219 230 236 246 247 253 254 255 260 262 264 265 266 268 269 272 276 279 281 282 286 290 293 294 296 298 301 302 305 309 310 311 313 315 318 323 326 329 330 332 335 336 345 346 347 348 349 351 353 357 358 361 363 372 376 379 381 384 386 
280 142 148 151 157 159 166 168 180 184 186 189 202 208 209 210 213 217 219 220 230 231 238 240 253 257 258 261 263 264 278 288 290 293 297 303 306 307 310 311 314 321 330 334 338 340 343 349 352 359 362 363 364 366 368 369 370 374 379 
77 1 130 146 147 150 154 155 156 160 161 162 164 165 167 168 175 177 178 181 182 183 184 185 194 201 207 208 209 210 220 224 231 232 234 235 248 253 254 255 262 277 280 281 282 284 286 291 292 293 294 295 298 304 306 310 313 317 318 321 323 327 330 335 337 338 339 341 343 359 360 361 363 365 366 369 371 376 379 380 383 
7 190 205 219 337 
38 132 135 137 140 148 149 154 157 158 159 160 164 165 166 168 169 173 174 177 179 183 189 193 201 205 206 208 209 211 216 221 222 223 224 238 244 247 248 249 250 252 253 254 258 259 268 269 275 276 279 286 290 291 292 302 303 304 306 307 313 314 316 317 324 325 328 330 331 337 339 345 348 349 350 356 359 360 361 376 377 379 380 381 385 387 
13 1 130 136 142 143 144 150 151 155 157 160 161 163 165 167 171 172 173 176 178 179 182 184 186 188 192 194 196 200 202 204 207 208 209 211 216 221 222 224 225 230 233 241 242 246 247 248 252 256 260 261 265 266 267 269 273 275 281 287 288 289 290 294 295 296 297 301 302 303 306 310 311 318 320 322 325 330 333 341 350 352 353 356 358 360 365 367 377 382 385 
79 133 146 174 211 343 356 
192 132 140 141 143 145 146 148 154 160 162 164 176 183 190 199 200 201 205 208 214 216 217 219 221 234 239 251 259 271 280 282 283 285 288 290 297 299 300 302 307 309 321 322 325 329 332 334 338 339 340 342 347 349 352 359 361 363 365 373 381 382 383 
252 137 141 142 145 147 148 157 158 159 160 164 175 179 187 190 191 192 196 205 207 214 224 238 239 246 250 252 260 263 267 279 280 288 298 305 307 312 324 327 330 331 334 340 371 376 379 
117 130 133 143 148 151 152 154 157 163 167 191 192 193 200 210 213 228 248 249 250 254 260 265 277 285 287 289 293 304 306 308 325 337 340 346 353 357 371 372 378 
90 130 132 135 136 148 155 158 162 171 172 175 180 184 197 200 204 205 206 214 219 231 234 239 241 242 244 249 255 257 275 277 279 288 296 299 301 302 304 305 306 308 310 312 313 317 322 327 329 335 336 344 350 353 358 361 362 365 380 387 
23 134 142 152 153 155 157 178 186 226 233 234 242 247 256 277 299 302 306 311 328 329 333 344 346 347 352 365 370 371 379 387 
192 1 130 131 132 135 139 147 152 155 157 160 161 162 164 165 166 167 174 175 178 179 180 183 184 187 192 194 195 196 200 201 202 203 204 207 208 211 213 215 218 221 224 225 227 229 231 233 234 239 240 242 244 245 248 250 251 254 255 257 258 262 264 265 266 268 269 273 274 276 277 279 281 282 288 289 291 299 302 311 312 316 319 322 323 325 328 330 334 340 342 343 345 346 347 348 350 353 356 357 359 363 366 367 369 381 382 385 387 
283 132 139 141 144 146 147 151 160 161 166 171 172 175 181 182 185 187 188 191 192 194 195 196 199 200 202 204 208 213 216 217 220 224 226 228 229 237 240 255 258 261 263 267 273 277 278 279 280 283 284 292 293 295 297 299 309 310 311 312 318 324 327 332 333 336 339 346 347 348 354 355 356 360 361 364 374 380 382 383 
252 1 133 135 138 140 141 142 143 145 146 148 150 152 153 154 156 163 167 168 171 174 176 177 180 181 183 184 186 187 189 194 195 204 211 213 215 218 219 222 224 227 236 237 238 239 244 248 250 252 253 257 258 260 266 267 268 270 272 274 278 283 287 292 293 295 296 299 304 306 313 317 319 321 325 327 328 331 334 335 338 339 340 341 347 348 351 354 356 357 358 359 362 363 364 367 370 371 373 374 375 376 383 386 
27 130 131 134 135 136 141 143 147 148 150 156 161 162 165 167 168 169 179 180 181 182 185 189 190 193 195 198 200 201 202 206 207 210 211 214 215 218 220 225 233 235 238 240 244 249 251 252 253 255 257 259 261 264 266 267 268 269 273 276 279 281 284 287 293 294 295 296 298 299 301 302 304 306 309 311 313 315 316 318 322 333 335 337 338 339 342 343 345 348 353 358 359 364 365 366 367 375 378 379 386 
152 132 138 140 141 143 146 152 155 157 158 159 161 168 176 185 189 191 194 196 198 199 200 201 203 206 207 211 213 214 225 226 229 231 237 244 245 256 257 259 263 264 269 274 280 281 283 284 288 297 303 304 306 312 314 315 317 319 325 326 327 328 330 332 334 337 342 344 347 348 349 355 362 364 365 368 369 370 377 379 381 385 387 
29 1 130 135 139 140 141 154 161 165 166 167 168 169 172 174 182 184 185 186 187 197 200 201 202 205 206 212 218 219 221 225 227 229 232 238 239 240 244 245 246 248 251 253 259 260 261 264 272 276 277 279 282 283 287 288 289 298 299 303 312 315 319 321 322 323 325 328 332 334 337 342 351 353 354 355 359 368 369 371 372 373 374 377 378 382 384 386 
143 133 137 139 141 148 149 151 152 158 159 162 163 164 168 170 171 172 173 177 184 185 194 195 197 199 200 206 210 211 212 214 218 220 224 231 232 237 246 248 250 252 253 257 258 259 260 262 275 277 280 281 282 287 288 289 290 292 294 295 297 303 304 305 307 309 310 314 315 316 317 318 320 321 324 325 326 330 332 333 338 342 347 350 353 355 357 359 360 362 363 365 368 369 371 374 377 378 380 381 384 
249 1 135 136 140 141 143 151 153 157 158 159 161 170 174 176 187 189 190 193 194 195 200 201 203 206 211 217 222 223 224 227 229 234 236 238 241 242 245 251 255 257 261 262 268 269 271 277 279 282 289 291 292 293 296 300 304 307 310 311 312 313 318 319 323 325 330 331 333 335 336 341 343 344 349 356 358 361 363 369 378 380 381 
237 154 194 210 231 234 240 246 256 268 297 301 339 
292 130 134 136 138 141 142 148 151 155 156 163 165 168 172 173 175 178 181 185 186 190 192 193 197 206 214 216 217 224 225 226 227 229 231 237 239 240 242 244 252 254 259 261 272 277 278 288 294 300 301 304 307 311 314 320 322 325 328 333 334 341 346 349 353 354 359 360 361 370 371 372 376 382 383 387 
152 131 132 146 147 156 160 167 169 174 178 181 196 198 202 206 209 220 235 268 273 274 291 299 300 303 307 322 323 341 365 378 382 387 
274 130 136 137 143 148 152 153 154 155 156 157 158 163 165 169 170 174 175 177 178 188 192 193 198 200 202 208 212 214 215 225 226 230 233 236 238 241 247 253 254 256 257 258 263 265 267 268 270 271 272 281 283 285 286 287 288 299 301 312 320 323 330 331 334 336 342 343 347 350 354 355 360 364 372 382 383 385 
137 130 141 142 155 157 171 183 184 189 191 205 208 232 233 234 240 241 247 248 250 273 283 293 322 323 328 335 338 348 351 353 363 369 373 387 
141 133 170 173 191 209 229 242 270 279 284 288 298 305 311 319 325 336 357 368 
179 130 132 136 141 148 160 162 166 170 192 197 200 204 212 215 218 219 224 228 237 241 242 253 257 260 261 263 268 271 281 286 288 294 302 313 325 329 337 348 349 351 358 359 361 379 384 
241 149 151 154 155 160 179 181 206 224 348 384 
236 1 148 152 156 163 171 174 181 195 197 202 208 213 216 217 219 221 234 235 239 242 244 245 248 249 254 255 258 265 273 277 285 287 289 290 294 299 302 305 311 312 314 317 318 327 329 337 340 343 344 349 351 356 360 363 366 379 381 
273 135 144 218 256 274 
76 134 135 148 167 171 175 193 217 253 266 271 278 299 304 330 348 
105 130 132 133 134 135 143 148 150 160 163 168 175 176 180 182 184 188 190 191 193 195 197 199 206 207 209 213 217 220 223 224 229 231 233 237 239 240 241 245 247 248 251 253 254 260 267 270 272 276 279 291 293 295 297 300 307 310 314 318 319 321 324 327 330 338 339 340 342 345 346 352 354 359 363 367 368 370 371 
265 135 138 151 164 169 172 181 184 243 250 266 270 281 284 313 314 371 
233 197 236 
211 224 
159 144 152 244 251 255 260 300 313 318 334 350 376 386 
226 144 159 172 174 176 181 190 200 218 221 227 234 238 246 259 275 283 284 286 294 297 309 318 321 325 335 339 340 343 350 351 370 381 384 
83 1 136 138 153 155 171 174 176 178 179 180 182 186 191 193 195 197 198 203 208 212 216 219 222 229 231 235 245 246 250 255 264 265 268 276 279 280 282 284 285 293 295 307 308 317 319 322 323 326 327 330 331 332 334 337 340 345 350 351 354 360 363 368 370 375 377 381 
288 1 130 137 138 140 148 149 154 155 160 161 162 163 170 174 180 186 191 194 200 202 206 216 217 220 225 227 229 232 233 238 239 240 241 244 252 266 270 283 288 289 290 292 296 299 300 304 305 308 309 311 326 330 331 341 345 347 350 351 353 365 367 368 369 373 378 381 382 
16 134 137 140 141 144 146 147 152 155 162 169 171 172 174 175 177 181 184 185 190 201 205 207 209 211 212 214 217 222 235 236 244 246 249 251 252 253 254 257 258 259 261 264 270 275 286 288 295 299 300 303 309 311 313 316 325 326 331 337 341 342 345 353 358 361 371 373 374 376 377 380 382 383 385 
18 130 132 134 136 138 142 143 145 149 152 154 159 161 166 168 171 176 179 181 183 197 206 212 218 223 237 238 239 243 250 252 261 264 266 270 274 278 292 296 299 303 306 315 316 323 324 329 331 335 337 338 342 344 350 358 361 363 366 367 369 372 373 374 377 379 380 385 
145 133 136 146 149 158 160 164 168 170 171 177 207 209 213 214 219 225 230 231 236 251 255 256 269 270 273 275 277 278 280 284 290 293 297 298 310 311 320 326 329 332 336 338 339 344 347 353 354 360 361 363 373 376 379 385 
11 131 132 133 134 139 145 152 157 172 187 189 190 193 200 203 206 211 215 218 222 223 229 237 252 253 256 261 277 281 283 288 296 304 307 308 309 310 311 312 313 316 326 333 338 343 351 356 367 374 382 383 
132 136 144 152 175 190 212 216 221 234 286 300 309 311 316 321 346 347 368 
126 131 133 144 147 148 151 153 155 156 163 170 171 173 176 178 186 193 194 201 203 216 228 232 233 236 238 240 244 251 256 258 260 263 265 266 270 271 273 275 278 281 295 296 303 307 311 317 320 324 331 332 341 343 345 347 351 353 358 362 363 378 380 381 383 
211 132 133 134 141 143 146 150 151 153 155 157 158 160 161 163 165 167 171 176 177 181 185 190 191 192 193 195 198 201 206 208 211 212 215 216 219 220 222 226 232 235 236 237 240 244 247 249 256 262 263 266 267 268 271 274 276 277 278 286 289 291 293 294 295 297 302 303 308 309 313 314 315 317 321 327 328 331 333 334 340 341 342 343 344 353 358 363 368 370 372 378 379 383 384 387 
164 133 145 148 158 163 164 181 186 192 195 202 204 207 223 240 242 248 252 253 265 266 277 290 295 309 319 345 350 351 362 364 366 370 379 382 386 
90 133 138 139 140 141 144 149 153 155 170 171 173 179 183 186 190 196 197 200 202 205 209 212 214 216 221 224 225 226 230 232 233 234 246 247 249 252 256 263 264 265 278 281 283 287 297 301 302 304 306 311 318 320 322 328 334 336 340 341 347 354 355 356 358 364 378 379 380 381 386 
118 139 142 143 147 148 149 150 152 153 154 155 161 172 177 179 180 181 183 191 198 199 200 202 204 205 206 207 214 217 232 234 237 238 241 245 252 253 256 259 261 262 267 270 274 282 288 292 295 298 300 301 307 308 317 320 322 326 333 336 339 340 341 343 354 356 357 358 361 364 367 369 379 380 386 
43 134 135 146 147 168 172 177 199 200 209 222 245 248 279 299 304 310 329 340 379 
33 290 306 307 327 348 
261 1 132 134 137 138 142 145 146 149 151 153 156 163 164 170 173 177 180 181 183 192 195 201 203 206 209 211 214 216 222 226 229 231 233 236 239 247 248 255 257 262 267 268 270 271 272 275 280 283 284 288 289 291 292 297 303 304 308 314 315 331 334 337 340 341 342 344 351 353 354 355 356 357 361 365 368 370 371 374 375 378 381 383 384 385 387 
127 136 205 318 
109 130 137 148 158 189 200 219 220 261 274 282 287 302 304 310 329 343 358 362 363 379 384 
29 135 218 
214 131 136 137 140 141 146 147 149 150 158 160 163 169 175 177 178 179 180 186 189 192 193 194 198 202 204 206 212 213 214 215 216 218 219 221 222 225 227 228 230 231 235 236 238 244 246 247 249 250 251 252 260 262 266 268 271 281 282 283 285 288 290 292 294 296 303 306 307 309 310 322 323 332 334 336 339 340 343 344 345 347 350 351 355 357 358 360 365 368 373 376 385 386 
188 144 145 148 177 178 182 212 231 248 261 286 293 309 314 
280 138 144 151 152 157 162 164 166 175 177 182 190 195 196 201 202 213 216 217 218 230 236 238 248 254 260 264 272 273 274 281 282 286 291 296 304 306 307 310 311 317 319 323 328 331 332 339 349 351 352 354 356 364 366 367 372 376 380 
216 154 162 169 174 184 186 196 202 203 211 232 236 267 268 284 289 321 351 
150 1 135 147 155 165 167 180 181 196 198 204 206 215 217 227 231 236 237 241 243 251 263 272 273 274 278 279 281 312 314 315 316 317 325 334 335 342 345 346 353 364 366 368 373 381 386 
132 141 146 149 158 166 168 181 184 189 191 215 217 218 227 228 229 233 234 249 260 271 274 276 278 287 288 295 302 306 325 337 338 343 350 351 
184 145 160 163 171 172 207 240 244 245 291 319 328 332 340 387 
68 135 139 140 144 145 158 163 172 181 184 185 186 188 191 192 200 202 203 210 211 214 215 219 221 224 225 235 240 253 256 259 260 264 289 290 291 294 297 299 311 313 316 317 320 322 334 339 340 344 347 349 358 360 361 370 373 382 384 387 
105 141 147 164 169 173 178 179 181 184 185 190 196 203 221 223 230 250 258 268 271 290 295 298 303 308 317 319 322 349 350 354 361 368 378 380 384 385 
111 131 173 209 217 221 226 247 255 261 268 282 284 303 325 343 352 370 377 381 
281 146 152 175 280 349 367 
55 151 166 182 200 209 213 224 240 297 307 311 323 332 339 355 375 
192 1 138 139 141 143 146 147 149 154 159 161 163 164 167 170 171 173 179 181 185 187 190 193 195 198 203 204 210 211 213 214 216 217 218 222 223 226 227 228 242 243 244 245 246 250 252 253 255 256 258 259 260 261 265 266 267 269 270 271 278 283 286 287 288 291 295 300 302 303 305 311 313 315 316 319 320 322 326 328 331 336 337 346 347 348 353 354 357 360 362 363 367 368 373 374 376 377 380 383 
34 132 134 140 163 179 185 189 192 201 218 226 233 240 258 261 268 271 273 274 278 283 310 312 316 318 320 322 323 324 337 340 342 352 356 357 368 373 380 
229 133 134 135 139 142 146 179 189 192 195 197 200 201 203 205 217 222 224 225 232 235 238 244 253 262 272 273 277 291 331 336 338 350 361 363 368 371 374 383 384 
70 1 133 168 173 176 186 188 190 194 202 207 213 234 242 247 253 255 257 262 270 273 283 294 296 300 307 310 318 322 335 343 344 348 356 367 372 375 377 380 381 
168 145 148 150 151 155 160 161 180 181 185 191 194 201 204 214 221 226 229 233 237 243 257 278 282 289 295 297 298 302 311 314 321 322 325 329 336 338 339 344 348 353 358 367 371 373 374 377 
19 1 136 142 148 152 165 182 183 186 187 192 194 203 215 218 220 224 226 229 234 235 243 250 253 255 259 281 282 285 292 308 316 318 320 327 329 335 339 346 354 357 359 362 363 372 375 377 380 382 
103 134 136 140 141 142 143 144 146 147 151 152 163 167 170 173 175 178 180 182 185 186 188 189 190 193 194 195 197 198 203 207 208 210 216 221 222 223 224 225 226 228 230 233 235 238 239 248 250 252 254 260 261 266 271 272 273 274 278 282 284 288 290 297 298 299 303 304 305 307 309 312 315 316 322 323 325 326 331 333 339 342 344 345 347 352 353 355 358 364 366 367 370 372 373 374 375 382 
122 132 137 142 146 151 156 161 162 163 168 170 172 174 175 177 181 183 186 189 191 196 204 207 219 222 224 226 229 231 232 236 237 238 239 245 253 255 256 257 263 264 266 267 268 271 272 274 275 276 277 279 281 285 290 292 295 300 303 306 307 308 309 314 315 316 318 319 321 323 327 328 331 335 336 340 341 342 344 345 346 350 351 352 354 357 359 360 368 373 374 379 380 
218 131 134 135 138 141 142 150 152 154 157 158 160 168 171 172 173 175 176 177 178 180 181 186 191 192 201 203 212 216 217 219 220 226 230 233 234 235 241 247 249 257 258 259 260 262 266 268 271 273 275 281 282 284 289 290 291 293 295 297 298 299 301 303 309 310 315 316 318 319 320 324 326 327 333 334 336 341 344 345 348 349 352 362 363 364 367 369 371 374 378 380 385 
129 132 136 156 162 163 165 167 169 170 172 174 176 177 180 182 184 188 190 191 193 195 197 198 202 203 205 213 217 218 224 226 230 232 234 240 248 249 250 257 258 259 262 263 267 270 272 276 280 281 283 287 289 292 293 296 300 302 309 310 313 314 315 318 321 325 332 341 344 345 346 352 354 356 365 366 368 373 379 382 
288 161 190 206 229 254 343 346 376 
123 131 136 143 144 145 149 158 163 196 224 227 247 250 252 254 265 278 282 304 308 313 342 373 379 
284 130 134 135 147 168 170 186 187 193 194 196 199 202 216 219 221 224 241 244 245 246 272 289 302 307 315 319 329 330 336 340 353 357 361 367 369 379 380 381 382 385 
271 1 131 133 137 141 142 144 149 151 153 154 160 172 174 179 182 183 184 185 188 189 190 193 194 196 205 210 212 224 227 230 231 233 234 235 236 239 241 253 254 256 259 262 265 271 272 274 277 278 279 281 282 288 289 290 296 301 302 313 315 318 323 327 329 330 336 337 338 339 340 341 342 345 347 356 358 359 360 361 363 364 366 369 374 379 380 381 382 383 384 387 
215 131 133 135 159 162 168 172 177 179 184 188 200 202 206 207 208 209 214 231 232 235 237 242 246 247 248 250 251 258 266 267 268 275 279 286 291 292 294 299 301 302 304 315 320 326 328 333 338 342 344 345 348 353 367 368 374 377 380 386 
106 203 335 367 
112 133 155 169 231 251 326 368 375 384 
110 1 131 133 135 136 142 148 151 152 156 167 170 171 178 181 187 188 189 193 200 207 208 214 217 218 219 220 224 230 232 238 239 242 243 248 254 255 262 263 272 276 280 283 287 293 294 295 298 299 307 308 313 314 317 318 322 324 334 337 344 346 348 353 354 355 357 358 364 367 375 379 387 
216 137 142 147 150 159 164 167 168 172 173 176 179 180 181 188 189 190 192 196 199 200 211 213 214 222 229 230 241 253 255 256 263 272 275 278 290 296 301 306 307 308 311 312 314 317 327 328 329 336 342 354 357 358 361 363 364 368 377 378 382 383 386 
2 131 139 143 160 166 170 173 175 180 181 193 198 220 225 247 251 254 263 274 275 276 287 295 301 321 336 342 347 358 365 381 387 
105 153 155 213 215 216 220 243 268 276 284 286 289 306 311 325 335 353 
164 133 142 144 145 151 154 157 162 163 170 173 174 175 182 190 191 192 197 200 204 220 223 226 232 233 235 236 241 249 251 255 259 261 269 270 271 275 276 277 281 282 288 291 292 293 294 300 301 303 304 305 311 322 325 331 334 337 346 352 353 354 356 362 365 368 370 371 372 381 383 387 
272 140 146 149 150 152 155 158 159 160 165 168 170 171 172 174 175 176 178 179 180 182 183 190 204 209 216 217 222 224 227 229 234 238 240 243 245 248 252 257 263 268 269 270 275 278 279 283 286 289 296 299 301 316 319 322 323 336 341 349 350 351 352 353 366 367 372 373 375 378 381 383 385 
19 131 150 154 155 157 174 185 190 191 192 198 202 206 223 228 232 236 237 238 239 248 256 259 260 269 270 272 277 282 291 297 301 306 308 310 313 314 316 319 322 323 329 340 341 345 347 348 354 357 360 369 373 376 
294 133 136 151 158 159 164 167 180 182 190 201 206 212 217 220 227 231 245 257 269 281 287 291 296 303 318 330 341 343 344 346 348 354 355 368 373 385 387 
115 132 134 138 150 165 186 190 203 212 218 226 243 247 249 250 259 265 269 275 292 296 297 298 325 338 340 
249 186 211 245 287 290 302 306 331 347 361 375 
216 134 136 143 150 154 163 169 172 173 176 179 201 204 212 213 216 219 220 230 232 239 246 248 254 258 261 265 266 267 273 274 275 277 280 282 285 286 288 296 301 305 314 317 325 326 329 331 333 335 336 340 344 346 359 360 361 368 370 371 375 383 387 
280 138 143 160 182 193 246 254 270 287 291 331 347 364 
298 131 132 141 143 153 156 160 163 166 170 177 181 184 185 190 192 203 211 218 221 222 229 234 236 240 241 242 245 247 248 249 253 270 272 275 280 281 283 285 286 287 288 302 303 305 310 311 313 314 317 319 320 321 325 327 328 330 331 335 336 338 340 343 347 349 355 359 365 373 377 382 386 
152 146 169 204 265 329 
55 1 133 135 136 138 141 142 144 145 147 148 150 151 155 158 165 168 169 173 178 179 180 182 184 188 189 192 193 197 198 199 200 205 206 207 213 216 218 221 222 226 227 228 230 234 235 239 247 249 250 252 257 261 263 264 265 267 276 277 279 287 289 290 292 293 295 296 298 306 308 309 315 316 317 320 321 324 327 331 334 335 343 346 347 356 359 363 367 373 379 380 381 384 387 
3 133 134 145 155 158 169 172 179 197 202 212 233 236 237 243 256 259 261 266 274 275 276 281 283 292 306 307 323 336 337 347 360 367 376 383 
105 1 135 138 142 152 161 165 171 172 176 178 180 185 193 194 197 200 203 213 214 218 223 226 228 237 241 246 248 249 250 256 264 265 268 273 274 277 280 289 290 291 292 296 298 299 301 310 314 315 316 318 321 328 330 332 337 339 340 343 344 348 352 360 370 373 374 375 382 384 
209 131 132 135 141 142 151 152 161 165 173 175 176 185 189 190 191 192 193 194 195 204 206 207 211 212 214 215 219 221 224 226 227 234 235 240 242 244 245 247 248 254 257 258 260 261 270 279 284 286 287 291 293 294 295 296 299 301 302 305 312 327 328 332 334 335 337 340 346 358 359 361 365 368 369 370 372 375 377 383 384 385 386 
235 141 241 254 255 323 386 
189 136 140 142 147 157 158 163 166 170 177 179 182 183 188 195 198 201 207 208 216 227 234 240 252 253 256 259 264 274 283 286 287 305 311 324 326 332 337 338 343 347 349 350 370 374 375 376 378 381 384 385 
173 137 145 147 148 149 154 156 160 163 165 166 167 168 175 181 185 198 199 202 203 204 205 209 212 214 216 217 220 223 224 229 230 236 238 242 244 246 248 252 254 255 256 259 260 262 264 267 268 271 275 276 277 280 281 282 285 287 289 291 293 294 295 301 303 304 305 311 315 320 322 329 331 332 333 337 339 343 345 347 350 352 353 365 370 373 374 375 378 387 
41 131 132 133 138 145 146 152 154 168 170 171 177 178 191 200 205 208 211 212 221 222 231 232 240 244 246 260 261 262 263 266 268 276 281 286 289 291 292 293 294 307 309 312 319 329 332 338 345 354 357 361 366 368 370 378 379 380 382 383 384 
190 131 133 152 153 154 166 167 178 179 195 196 201 207 219 235 238 239 243 247 249 253 259 260 264 266 268 278 316 320 335 355 365 369 377 
150 1 136 144 150 154 157 159 171 177 180 183 186 187 200 201 204 210 225 232 234 254 257 262 263 266 270 272 279 283 289 301 303 312 313 314 316 322 323 329 330 336 337 342 345 361 372 375 382 
7 131 132 138 139 145 147 154 156 158 161 163 173 174 176 183 185 188 193 198 199 204 206 208 211 212 215 222 223 225 226 228 229 231 232 234 236 241 245 248 250 254 255 261 266 268 269 272 276 283 288 289 292 295 299 301 305 307 311 316 320 321 322 327 330 331 334 335 339 340 350 352 360 361 365 366 368 369 371 372 373 374 378 383 387 
98 130 135 139 143 145 147 153 155 172 175 178 181 186 187 191 204 205 207 209 213 220 232 235 236 244 245 247 248 253 256 258 263 266 276 281 283 284 285 288 289 291 292 293 294 298 302 305 309 312 318 319 320 324 330 331 332 335 336 340 341 343 345 349 353 354 357 358 359 364 372 376 379 384 
159 1 130 138 143 147 148 153 154 157 159 165 174 178 179 182 184 185 186 189 190 191 193 197 203 207 209 210 214 222 223 227 230 242 251 254 258 260 262 267 269 271 272 273 278 280 282 284 295 296 297 298 302 307 309 312 319 322 323 332 340 342 354 359 362 364 370 372 374 375 377 378 380 381 
38 140 143 144 146 154 155 156 162 163 168 169 171 175 176 178 182 183 185 186 190 191 192 196 199 202 207 212 214 221 222 223 226 230 235 239 245 246 248 256 260 265 269 274 283 285 286 287 294 298 302 303 308 310 313 315 333 335 337 341 349 351 353 358 360 362 367 374 379 385 386 
252 178 205 214 215 218 277 279 308 311 342 360 366 377 385 
206 133 134 140 150 174 197 220 222 235 257 259 272 279 285 311 326 332 336 338 346 354 360 369 
296 133 134 136 139 145 146 147 149 150 151 152 153 154 156 160 161 162 173 177 181 182 186 187 188 191 193 195 199 200 203 204 206 208 213 214 215 221 222 225 226 227 229 235 237 238 240 251 256 257 258 259 267 270 272 274 275 289 290 291 293 298 303 306 307 311 313 315 317 318 322 324 327 330 333 338 339 341 347 351 352 353 354 355 361 364 369 370 374 376 377 379 381 385 
74 131 134 135 141 143 151 153 158 161 163 165 169 172 173 174 175 183 185 187 191 195 198 199 201 206 210 217 219 220 222 227 228 229 237 240 250 256 258 264 276 278 280 283 287 290 291 292 295 299 300 301 302 303 307 313 317 327 328 331 333 335 338 339 340 349 356 357 361 362 364 366 369 370 373 378 384 387 
91 130 131 134 136 137 138 142 144 145 146 149 152 157 165 166 167 168 170 173 176 177 178 181 182 185 191 196 197 201 202 207 210 211 213 214 215 217 220 222 223 228 229 230 232 235 237 238 245 247 249 250 251 255 259 260 263 265 269 279 282 288 289 301 302 303 305 307 308 310 318 319 321 323 324 327 330 332 333 335 342 343 349 353 356 357 361 362 365 367 368 369 375 380 384 387 
173 132 135 136 159 161 171 178 181 184 187 191 195 197 198 199 200 202 203 208 210 213 221 222 223 227 228 235 237 242 244 247 250 258 259 267 285 296 300 305 308 315 321 326 329 333 335 339 342 344 346 347 353 354 361 363 364 367 369 376 378 380 383 384 
71 1 132 142 145 151 153 167 169 174 177 180 184 189 192 194 198 205 208 210 211 222 226 233 235 236 244 248 252 255 260 270 276 280 281 283 287 289 293 294 295 299 314 321 328 334 339 343 363 368 371 372 373 378 379 
220 141 149 169 174 180 213 230 237 274 290 295 315 318 345 374 379 
52 144 147 151 155 157 162 164 184 185 186 190 197 200 202 220 245 252 256 264 268 271 273 284 285 289 294 298 302 304 309 322 328 333 364 370 384 386 
9 143 158 160 162 168 171 172 179 180 181 182 202 203 216 222 224 231 239 242 244 246 249 250 256 257 274 281 283 284 304 312 313 317 321 340 351 366 379 
261 131 133 136 141 145 147 149 151 152 153 156 157 161 162 165 167 169 170 173 187 188 189 191 194 203 206 208 209 213 215 218 227 230 231 233 236 237 242 245 251 253 258 263 270 273 274 280 281 282 283 284 287 292 297 300 302 310 313 316 318 323 324 332 336 341 342 343 346 349 355 356 359 363 365 372 373 377 378 379 380 
3 1 131 143 145 157 170 177 181 184 192 201 203 210 211 213 215 219 228 229 231 232 241 244 249 270 280 289 300 316 320 321 322 324 326 332 334 362 367 381 385 
73 134 136 137 141 142 144 145 146 147 148 150 154 162 163 168 179 181 184 185 186 187 188 189 190 192 195 211 216 217 218 219 221 226 230 232 233 235 237 240 241 242 243 244 245 248 251 256 265 268 271 275 279 281 285 286 287 294 295 299 300 302 305 307 309 319 326 330 331 332 333 341 342 350 351 361 362 365 367 372 374 375 376 379 380 381 382 383 384 385 386 387 
151 133 135 138 145 150 154 155 165 166 170 174 178 188 194 210 215 218 228 234 240 241 246 247 267 269 273 278 286 287 289 291 292 301 306 310 318 322 331 333 347 348 349 353 357 369 371 372 379 381 383 
51 133 140 141 148 149 153 154 156 161 167 181 185 189 193 197 202 207 210 212 214 222 223 224 225 227 228 235 236 239 240 241 244 246 257 264 267 272 276 277 279 280 281 284 286 292 295 299 301 303 304 311 312 313 314 316 326 327 328 330 335 336 338 342 347 351 352 359 360 361 363 367 372 380 381 385 
271 139 151 152 157 160 161 168 170 180 183 185 190 194 195 219 233 242 244 248 250 253 268 270 271 273 277 287 300 303 305 309 317 320 322 327 335 345 348 349 354 355 358 362 368 372 376 377 381 
68 136 138 144 145 146 148 149 152 156 157 161 162 163 168 170 171 177 179 181 186 187 189 190 192 193 194 196 203 206 208 215 217 219 220 223 226 231 233 235 239 240 242 244 247 252 253 258 261 264 266 274 279 280 283 287 289 293 294 296 297 298 302 303 304 306 308 309 313 316 318 323 325 326 328 329 330 332 333 349 352 356 357 358 360 361 362 364 370 372 374 375 380 383 
58 133 141 147 151 153 154 155 156 178 183 187 189 193 195 201 202 211 213 215 220 223 227 235 245 247 250 271 274 282 283 285 292 297 298 304 307 312 318 319 322 326 339 345 347 349 355 356 364 369 373 378 
248 1 131 138 140 143 144 145 156 162 174 176 182 186 188 189 190 192 203 214 215 217 220 221 222 224 228 233 235 240 242 249 251 264 266 269 271 274 277 278 280 283 285 288 290 293 296 297 316 320 323 333 339 344 345 346 349 351 353 356 358 359 364 365 371 377 380 382 384 
14 1 130 131 132 133 134 135 142 144 146 147 150 152 155 168 170 171 172 176 177 182 184 189 192 198 201 203 207 209 211 221 222 224 226 227 229 231 232 233 237 238 243 244 246 247 248 250 253 254 255 260 271 274 281 283 285 287 291 295 296 297 300 301 303 313 314 315 316 319 320 321 324 331 333 334 337 339 340 343 345 346 352 356 357 358 359 360 361 362 363 366 372 373 374 378 379 380 384 387 
9 167 171 173 176 177 178 180 191 192 210 216 218 223 240 254 262 265 274 280 285 286 288 301 318 322 324 333 339 344 345 346 348 354 357 358 366 372 374 
226 134 137 142 144 150 151 160 162 175 183 198 208 225 233 234 236 249 253 257 260 261 262 265 269 274 275 280 287 290 292 298 305 317 319 320 333 337 346 
225 131 134 144 146 148 149 152 153 154 155 159 160 163 167 169 173 177 180 183 190 196 197 198 202 205 207 209 212 213 216 217 219 221 227 231 235 236 239 245 246 247 251 253 257 261 271 275 278 283 285 288 289 290 291 295 301 303 304 309 313 315 317 320 322 323 325 327 329 330 331 338 340 342 344 346 350 353 361 369 372 373 375 379 386 
88 132 135 140 144 147 151 155 163 169 182 183 191 192 194 200 204 210 211 216 220 224 232 241 267 268 273 285 289 296 302 317 318 337 342 345 346 349 351 360 364 370 376 377 382 
244 138 164 171 180 181 199 203 210 227 228 232 233 245 247 250 252 268 269 274 278 283 284 290 299 313 330 346 354 355 364 368 
60 134 150 159 180 208 221 223 240 242 251 254 269 304 321 333 334 335 364 377 378 387 
278 145 150 154 156 158 166 168 170 172 175 176 178 180 181 183 188 189 191 192 195 202 207 209 214 215 216 219 223 226 232 234 236 237 241 244 248 252 260 261 263 265 266 268 270 273 274 276 280 285 296 298 299 300 302 308 310 312 316 321 325 331 332 333 334 335 341 345 346 349 354 364 365 366 368 371 379 382 386 387 
117 135 138 139 157 159 169 172 173 174 178 179 180 182 189 194 201 205 207 209 214 216 217 219 225 228 231 246 255 256 263 273 277 278 285 286 288 294 296 300 315 318 319 328 329 346 347 353 360 361 365 370 376 380 383 
115 1 132 136 139 140 141 142 163 165 166 167 170 171 177 178 182 187 194 201 203 214 216 220 224 226 229 239 243 247 248 254 275 279 281 287 288 295 301 303 307 309 310 311 321 327 329 330 331 334 336 337 342 343 346 348 351 354 356 357 361 363 364 370 372 376 378 379 380 382 
82 133 136 141 142 143 148 152 157 161 167 168 169 176 179 187 188 189 190 195 198 204 207 208 209 211 212 213 216 217 220 223 229 233 236 240 247 248 253 256 259 267 271 273 277 278 281 282 283 285 293 296 297 298 299 300 305 310 315 317 318 319 323 325 326 341 343 345 347 349 350 354 356 357 358 362 363 364 369 373 375 376 384 385 
228 1 131 139 140 141 143 144 150 153 155 160 165 166 172 173 175 176 178 182 183 186 189 192 195 200 203 204 205 208 213 214 215 220 221 224 226 230 231 235 239 241 242 244 245 246 247 250 254 255 256 258 259 261 262 263 271 272 273 274 275 278 280 282 286 287 288 292 299 301 304 308 310 311 312 320 324 331 332 335 340 341 342 343 344 346 349 350 352 353 357 359 361 362 363 364 366 368 371 374 375 376 377 379 384 387 
43 162 165 178 204 212 286 301 
31 213 247 217 291 48 297 7 187 84 129 30 181 169 237 238 61 295 152 273 262 55 37 153 147 151 183 1 10 69 111 49 39 272 150 7 176 211 201 117 170 87 131 41 56 56 177 264 193 94 256 153 47 247 17 14 242 299 80 126 90 201 226 133 38 189 164 202 14 290 105 50 252 31 235 18 226 67 269 118 271 12 284 213 166 191 79 121 30 232 271 277 269 155 205 264 3 208 150 73 66 117 210 169 230 221 153 123 114 196 1 119 294 229 120 215 130 100 277 100 265 133 178 199 90 185 287 124 50 156 270 254 256 120 214 133 71 269 293 192 205 129 265 263 179 49 173 174 136 65 193 126 191 120 4 236 124 23 158 7 283 45 221 84 138 284 73 193 16 39 181 182 230 88 233 45 34 253 227 210 40 199 239 111 152 173 195 70 242 126 133 208 233 295 213 69 60 289 135 8 222 86 186 15 71 120 71 158 114 255 9 89 22 215 60 75 235 92 160 140 258 215 170 30 276 9 97 63 42 277 187 106 264 38 233 110 188 257 201 150 272 1 116 14 116 96 164 253 298 102 218 74 65 90 152 55 157 245 37 186 55 194 44 16 241 46 153 59 17 5 163 205 115 33 158 81 300 219 61 7 258 40 286 134 193 8 19 19 152 160 136 223 116 59 97 278 75 137 213 181 11 78 86 160 212 167 89 82 41 160 119 103 207 216 245 165 201 232 287 20 220 200 289 277 31 124 183 180 243 235 181 13 17 1 272 35 148 221 67 86 24 207 44 101 15 255 229 204 136 103 171 104 246 134 252 25 235 25 208 83 266 123 25 201 255 249 233 173 284 112 99 63 46 15 72 231 152 160 7 205 150 32 31 271 90 41 23 
