26 39
65 17 19 20 21 22 23 27 28 29 31 33 
24 30 39 
63 15 16 17 18 20 36 
29 36 
68 14 15 16 19 21 22 23 24 27 31 36 
71 1 17 18 21 24 28 29 30 
12 14 15 21 28 29 30 34 35 
47 16 22 28 34 36 37 38 39 
14 15 19 23 25 26 31 33 38 
15 1 17 18 22 23 24 28 29 34 39 
86 19 37 
50 14 16 17 20 26 33 34 35 
57 1 14 18 22 29 30 34 
28 16 23 28 38 
60 35 
20 14 17 18 27 28 30 32 34 
56 1 16 17 19 20 24 25 34 36 37 
87 14 17 18 23 24 32 
72 23 38 
56 17 19 20 22 23 25 29 30 34 37 
30 18 29 33 35 
89 1 14 22 23 24 31 35 
22 14 15 17 18 19 20 24 26 27 28 32 38 
90 1 32 34 38 
1 17 
75 15 16 19 22 33 35 37 
89 32 22 92 87 1 37 19 47 87 12 39 49 85 41 90 98 26 56 26 17 82 95 93 17 53 44 22 64 100 63 21 81 55 27 24 46 79 4 
