260 390
172 131 133 137 139 140 146 148 151 152 153 156 163 165 170 171 177 185 189 190 191 192 197 198 205 206 216 218 227 231 232 242 247 249 254 256 257 259 268 269 270 272 274 276 277 278 283 287 289 291 293 294 295 298 299 300 304 306 307 315 316 317 324 325 326 329 340 344 346 347 348 350 351 354 355 363 367 368 372 375 378 
129 141 144 150 158 177 182 185 190 191 194 208 214 217 237 258 260 265 270 275 308 309 323 329 332 356 375 
149 137 149 159 160 171 173 186 187 200 203 204 210 213 222 223 227 228 230 237 246 253 260 264 272 273 274 280 283 290 291 296 301 309 316 320 323 334 344 346 349 379 385 386 
69 148 150 156 157 158 160 167 168 172 178 181 183 186 199 201 202 209 223 224 225 229 248 252 257 261 262 264 265 266 267 272 273 275 277 286 287 289 290 292 294 295 299 302 303 304 306 309 312 314 316 318 319 324 332 334 335 348 352 369 379 388 
79 131 136 138 140 143 147 150 151 153 155 156 162 168 172 173 180 183 185 187 190 191 192 193 200 202 203 209 217 219 224 227 229 240 242 243 260 261 262 263 264 265 266 267 271 272 275 276 284 292 295 297 302 306 311 313 314 315 316 317 320 328 330 331 335 336 343 347 351 354 360 363 366 370 371 379 380 382 383 387 390 
288 1 132 133 134 141 144 147 154 160 164 168 169 171 174 177 178 179 181 187 188 195 196 197 203 204 207 213 214 221 222 223 228 229 230 232 236 237 238 241 245 249 251 256 262 266 267 272 273 275 276 277 284 286 292 296 302 303 305 314 317 321 324 326 329 332 337 338 343 344 345 348 350 353 354 355 357 358 359 360 361 363 364 368 369 373 380 381 382 383 384 387 388 
291 1 135 138 139 144 148 152 164 168 171 179 186 196 198 201 203 208 214 215 216 218 219 234 235 244 245 251 262 265 267 270 278 280 282 285 286 289 290 291 294 295 297 298 300 308 309 313 314 315 318 321 323 325 332 337 338 343 349 351 352 356 357 359 361 372 376 377 379 385 388 
186 149 156 159 172 181 184 188 196 197 202 205 209 213 218 219 223 232 241 242 245 247 256 264 266 274 286 287 293 298 299 309 311 314 316 322 328 345 354 358 363 366 379 385 386 390 
260 134 135 137 138 145 147 163 165 167 170 183 188 199 203 207 209 210 233 239 240 243 247 258 270 274 275 281 284 287 297 300 310 317 327 334 346 349 
72 143 153 164 201 306 315 
263 173 188 193 201 224 228 236 238 250 254 266 272 273 284 315 369 387 389 
156 132 138 144 146 155 158 188 192 199 201 202 206 214 223 227 233 234 238 243 244 248 252 272 282 292 306 310 315 326 340 347 350 353 362 390 
122 1 138 141 142 149 151 155 159 160 161 162 164 166 171 182 190 195 197 201 205 210 222 226 235 236 237 244 246 253 256 257 266 268 271 275 278 285 286 289 292 299 306 308 318 319 322 323 325 326 328 331 332 334 339 345 348 358 365 366 367 378 380 385 388 
143 131 136 137 141 143 146 147 148 150 154 157 160 161 163 174 182 187 195 199 201 205 210 212 215 218 219 239 245 247 254 256 261 271 279 283 284 292 293 294 295 309 314 320 338 341 342 356 360 361 362 363 364 367 371 374 379 380 384 387 389 
198 134 135 136 141 143 144 152 154 155 157 167 169 170 171 172 175 181 183 185 186 189 193 194 198 202 203 208 212 213 214 215 224 226 227 228 229 231 232 233 236 242 243 249 250 252 253 256 259 261 263 266 272 274 288 293 294 296 298 301 302 304 306 312 314 316 317 321 327 331 334 336 338 340 342 344 346 348 351 358 359 361 362 364 365 372 378 379 382 385 386 388 
290 1 133 138 144 145 146 152 153 161 162 164 172 173 174 176 180 184 185 186 197 199 202 203 210 213 215 216 217 220 222 223 225 228 241 248 249 252 253 259 261 262 268 269 272 278 280 282 284 285 301 303 304 305 316 322 325 326 328 330 333 334 340 341 347 352 358 361 363 373 374 378 
192 134 135 137 147 149 168 173 181 182 186 189 203 211 218 222 225 226 240 251 254 258 260 264 267 275 276 281 282 283 286 298 311 315 319 322 325 327 330 333 334 335 336 339 342 351 359 360 362 363 380 381 390 
266 135 139 145 164 167 175 185 213 221 223 230 231 236 248 275 279 298 299 308 311 323 324 325 327 334 341 343 355 363 374 
290 131 137 146 158 165 190 191 192 197 199 203 209 211 215 250 252 261 263 266 267 274 308 313 317 331 367 389 
276 153 157 170 174 175 186 226 228 252 259 261 298 329 367 372 376 389 
160 137 143 201 230 232 254 338 346 358 371 384 
240 207 230 239 252 289 297 
127 137 149 152 153 157 158 166 175 197 209 232 234 238 253 261 278 294 297 312 318 324 327 352 356 364 365 377 388 390 
258 131 133 136 137 138 145 146 147 154 155 156 157 158 159 160 161 162 166 167 172 178 179 181 182 185 188 195 198 204 208 211 212 216 228 231 235 237 239 240 242 244 254 256 257 260 262 265 268 269 271 279 280 282 283 284 285 294 295 296 297 299 300 301 306 309 312 314 315 319 320 321 325 332 333 336 338 341 343 348 352 353 355 357 362 365 368 373 374 375 379 385 386 388 
127 137 138 141 149 154 155 158 161 165 169 170 180 183 184 185 188 191 192 194 201 203 206 209 213 220 227 236 238 239 245 249 256 265 271 274 275 280 286 288 291 301 312 316 323 324 326 334 340 346 369 385 
46 139 140 143 149 150 153 163 175 176 193 194 196 199 201 203 215 223 226 232 246 248 253 257 280 288 295 311 312 314 318 344 361 364 376 379 383 386 
70 141 146 151 155 160 167 172 188 191 200 233 249 251 264 268 276 281 303 305 322 336 340 354 366 
104 154 173 199 245 259 272 320 327 361 
64 134 139 140 144 148 149 160 165 167 172 175 176 180 186 193 195 197 199 200 204 205 207 210 213 217 218 220 223 226 230 231 236 238 243 247 249 251 256 260 266 267 282 290 292 296 298 299 301 306 309 316 319 323 330 333 335 336 337 339 343 352 353 354 362 363 364 365 366 370 374 376 380 382 383 385 388 
224 133 136 149 151 169 171 187 201 231 232 243 248 258 259 260 281 286 299 304 314 322 330 353 360 361 
129 132 147 152 154 159 160 163 178 179 189 192 197 213 216 217 220 230 239 240 241 247 248 253 257 259 271 272 283 288 297 308 319 322 326 328 331 336 338 348 349 362 373 376 377 379 390 
224 154 172 205 211 217 247 248 250 271 289 312 334 386 
183 131 148 150 154 160 162 166 170 173 176 196 197 202 205 207 209 217 227 228 229 235 236 257 265 269 270 280 285 287 291 292 311 313 318 322 324 326 328 332 349 350 360 361 362 371 374 379 386 389 390 
54 1 134 135 138 140 141 142 145 149 155 156 157 158 161 162 163 165 170 173 179 181 185 191 196 199 203 210 214 215 220 222 224 225 232 233 234 238 242 243 249 252 254 264 265 266 267 268 275 287 288 290 291 292 293 294 295 297 298 299 305 307 309 310 314 318 324 325 327 329 332 333 340 342 346 347 351 352 353 354 357 358 359 361 363 365 367 370 371 375 376 378 
145 135 145 155 160 165 169 172 173 174 188 193 200 202 225 228 229 230 238 241 244 245 246 247 251 253 262 267 268 269 270 286 291 297 301 302 308 319 320 321 324 326 331 332 333 336 339 340 351 355 371 374 375 381 386 389 
46 1 132 133 141 154 169 176 178 187 192 199 216 217 223 239 242 251 254 257 259 265 269 272 280 281 282 283 291 296 303 307 308 310 311 312 316 321 332 335 338 342 344 346 355 358 361 362 373 383 
71 133 136 137 138 139 145 146 153 155 156 166 167 172 173 177 178 181 188 194 198 199 200 213 214 220 227 229 238 239 241 243 249 251 262 265 269 278 282 283 293 295 301 302 313 315 331 340 344 354 355 371 374 375 376 377 378 379 380 382 389 390 
217 164 195 250 288 302 310 312 318 364 
291 133 135 141 143 147 148 155 156 160 164 171 177 182 195 197 200 201 204 210 211 213 215 217 219 233 234 240 244 248 249 250 251 255 258 260 270 279 280 282 284 294 297 303 314 326 328 334 337 341 342 354 356 357 363 365 375 376 390 
59 1 132 133 137 140 141 142 145 148 149 152 153 157 160 161 165 166 168 171 172 175 182 183 184 186 194 199 201 202 223 226 228 232 233 237 238 241 242 244 250 251 252 256 258 265 268 273 276 278 281 282 283 284 285 289 290 291 293 294 296 303 309 311 318 319 321 336 338 340 342 343 348 349 356 363 366 367 368 370 373 374 375 376 382 388 390 
42 1 132 134 135 138 139 142 143 145 147 150 151 154 158 159 168 177 180 184 185 186 191 192 202 203 204 205 209 210 213 214 215 216 218 223 227 230 236 237 239 241 243 245 252 253 254 256 257 260 261 270 271 273 278 280 281 282 287 290 292 295 297 299 303 307 309 310 315 318 325 326 335 337 339 342 344 345 350 354 355 356 357 362 363 365 374 376 385 389 390 
244 138 143 144 149 153 154 156 162 167 168 173 178 182 183 193 194 195 197 198 209 210 212 222 223 226 232 234 237 239 241 244 256 279 280 281 283 285 287 289 290 296 297 298 300 301 302 304 305 318 329 334 351 352 354 355 357 362 369 372 377 384 
262 131 136 142 145 147 151 153 155 160 161 164 170 172 173 180 181 183 184 185 186 187 196 198 199 202 208 212 213 217 223 227 228 237 245 249 250 254 255 269 271 282 283 287 290 303 325 335 339 348 350 365 376 388 
111 132 133 134 135 136 138 146 150 157 162 170 184 186 187 194 197 201 207 210 212 215 217 220 222 224 234 237 238 242 247 262 265 278 281 305 308 310 327 328 346 352 358 365 371 382 383 385 387 
215 1 138 150 152 153 155 159 162 165 168 175 181 183 185 205 206 214 218 223 229 238 242 247 249 250 251 255 256 262 265 269 279 286 293 297 298 300 301 302 309 310 311 314 315 319 320 322 323 325 342 349 355 356 359 360 365 371 375 377 383 384 388 390 
237 137 140 145 163 168 169 172 190 191 196 201 202 203 206 209 214 224 239 243 244 249 250 291 299 311 340 351 353 361 364 371 381 385 
4 150 159 163 184 192 196 202 214 232 245 253 265 268 281 293 310 315 355 371 373 377 384 
151 132 133 136 137 140 142 143 146 147 150 156 158 160 165 167 169 173 176 177 180 181 183 184 185 192 195 199 201 208 213 214 215 216 220 222 223 227 228 236 240 241 242 246 248 251 252 254 255 265 267 270 272 274 279 282 283 293 296 304 309 313 317 318 320 321 323 324 328 331 333 335 337 342 345 346 348 349 352 360 362 364 365 367 370 371 374 377 380 381 387 388 
235 1 133 138 139 145 148 153 155 157 159 160 164 165 167 169 172 173 174 175 176 180 186 187 188 193 194 195 198 202 204 205 207 209 211 213 215 220 221 222 223 229 235 240 247 252 253 254 255 258 259 260 262 263 267 272 274 275 277 282 288 295 296 298 301 302 304 309 310 313 314 320 323 328 333 337 342 349 352 354 358 361 373 375 380 384 386 388 390 
221 138 139 140 145 155 158 163 173 180 181 184 186 187 188 191 193 199 203 208 211 214 222 228 234 238 239 241 245 249 255 258 272 273 274 280 283 284 287 290 292 293 296 298 299 300 301 303 304 306 307 310 311 313 314 315 316 318 320 328 330 339 342 343 348 355 361 365 366 368 371 372 377 386 389 390 
134 1 132 148 151 153 159 163 165 167 169 173 181 190 194 203 205 208 210 211 221 222 223 226 227 232 236 240 242 244 245 248 251 259 275 277 278 293 297 307 314 340 341 349 350 353 355 366 368 381 382 
14 142 144 147 156 157 161 168 178 184 187 194 198 199 201 202 208 210 213 216 217 228 236 239 240 245 249 250 253 254 255 256 261 263 267 268 271 283 290 295 297 300 302 304 307 312 313 318 319 320 328 330 331 336 339 340 342 343 353 359 364 369 371 373 375 378 388 
275 136 137 149 154 157 158 161 168 170 171 179 185 187 195 202 205 208 215 222 223 228 230 232 234 238 243 244 246 248 253 255 256 260 261 268 273 278 282 285 287 293 296 297 298 306 312 319 322 330 331 333 337 340 345 346 348 373 374 377 378 380 383 386 
226 132 133 143 144 145 146 147 148 149 152 160 163 165 166 168 169 172 173 174 177 180 182 183 186 193 196 199 203 206 207 212 216 217 218 222 224 225 227 229 232 238 241 246 247 248 251 252 256 257 260 263 266 268 270 272 273 274 275 279 280 281 282 285 288 292 294 296 297 300 304 305 315 316 317 318 320 323 324 327 333 335 336 337 338 343 344 345 346 348 350 353 354 355 357 359 365 366 368 371 372 375 377 382 384 389 
32 156 178 183 194 202 212 233 234 239 252 275 289 296 303 309 314 316 321 325 331 332 357 361 371 380 389 
135 131 132 134 137 138 140 142 144 146 152 155 156 158 159 160 166 168 171 172 176 178 179 180 181 182 187 190 192 199 202 203 213 215 216 217 219 226 228 233 237 243 244 245 246 247 250 252 253 254 255 269 271 272 273 276 277 280 281 284 286 288 290 303 305 309 311 315 318 323 324 325 326 334 335 343 346 348 355 357 361 362 367 369 370 371 372 375 383 388 390 
5 177 179 182 220 225 237 259 264 267 269 282 294 299 334 336 365 366 
100 133 134 135 136 141 147 150 151 152 153 154 155 160 161 166 167 168 170 171 177 178 179 181 183 184 185 189 190 191 193 200 204 212 215 223 224 228 230 231 232 234 236 239 242 243 245 251 259 262 263 270 275 277 278 280 282 286 289 290 295 298 302 309 310 313 314 316 317 323 324 328 329 330 337 338 339 346 353 364 368 370 373 376 377 378 379 385 386 387 
61 133 134 138 151 152 154 156 158 159 162 165 166 168 169 170 173 179 189 192 194 202 203 207 208 209 215 218 221 222 231 233 240 248 249 258 262 266 269 273 282 284 289 300 301 305 306 311 312 317 319 320 321 326 327 331 332 334 335 340 345 347 349 350 351 352 355 359 365 369 371 385 386 388 
81 174 206 222 224 323 328 
58 133 140 141 152 153 164 171 172 173 174 177 182 194 208 211 224 228 229 232 234 249 255 259 260 261 267 269 280 281 284 289 292 299 302 303 318 325 328 334 338 339 342 343 345 346 347 353 355 364 379 
256 1 133 136 138 140 143 146 154 155 157 162 163 165 168 177 178 179 184 187 188 189 192 196 197 198 202 208 210 215 216 219 222 225 229 230 234 235 237 240 241 243 245 247 252 254 256 259 260 263 264 269 270 272 274 275 276 280 283 287 288 289 292 293 296 301 303 305 310 314 315 316 318 319 320 321 323 325 328 331 333 336 340 341 342 344 345 349 352 356 357 358 359 363 366 374 377 379 380 382 383 385 387 
293 1 131 133 134 135 141 142 144 145 147 148 154 157 158 159 160 161 164 167 172 175 181 185 190 192 202 204 207 211 213 224 225 226 228 229 230 231 232 235 236 238 240 250 253 254 256 258 259 261 265 266 269 274 275 277 278 282 285 286 290 291 294 297 298 302 306 314 315 321 323 324 325 330 336 339 340 343 344 346 347 348 349 350 354 355 356 359 363 365 366 368 370 372 374 375 378 381 382 388 389 
80 169 179 185 197 210 214 221 230 236 243 277 280 281 305 321 340 343 359 361 365 
36 1 132 134 137 139 140 141 146 149 150 156 159 164 165 166 168 172 173 174 175 184 185 186 190 193 198 203 209 210 211 219 220 222 224 226 227 230 231 235 238 239 244 247 249 251 253 260 262 268 271 273 274 278 283 291 296 297 299 305 307 310 311 317 326 328 335 339 340 342 344 346 347 350 352 357 359 361 362 363 364 367 371 374 376 377 378 379 381 385 387 388 390 
272 1 135 141 143 144 147 148 149 153 155 157 162 165 166 168 170 172 173 176 177 180 183 185 188 191 192 193 194 202 206 208 209 210 214 216 228 229 232 233 236 241 245 252 254 260 263 267 269 271 273 274 275 283 284 285 287 288 289 294 296 300 303 304 306 314 315 320 321 326 327 329 333 336 337 344 347 353 355 357 358 364 365 368 369 373 374 376 378 380 381 388 390 
221 133 137 139 140 146 153 154 160 164 167 173 175 176 178 190 194 195 198 200 208 224 226 229 233 235 237 239 241 244 253 254 259 273 279 282 283 287 288 293 311 312 315 321 324 330 333 337 339 340 341 343 345 360 362 367 371 373 384 386 388 
155 195 273 368 
61 133 135 136 139 140 142 143 145 147 149 151 156 158 160 161 164 169 171 176 179 184 187 190 191 193 194 197 199 200 201 202 203 204 209 214 216 218 219 221 224 226 227 236 239 240 242 246 249 251 255 257 258 264 271 272 275 279 286 291 293 297 300 302 305 307 308 310 315 323 324 327 339 340 344 347 349 352 353 354 357 358 359 361 365 366 367 374 375 376 377 380 382 388 389 
21 135 136 144 146 155 160 161 166 174 179 182 185 189 197 200 206 208 209 222 244 252 257 266 269 272 278 280 282 297 298 305 314 317 328 339 347 354 355 357 364 365 370 383 
223 157 167 186 227 327 332 375 389 
2 131 134 136 140 141 142 144 146 147 148 149 152 153 156 159 162 164 169 171 172 178 179 181 183 189 190 192 193 194 199 205 207 209 210 212 214 218 226 230 231 233 234 236 244 248 250 252 253 257 267 276 281 290 291 294 297 299 300 303 305 306 308 313 315 317 320 321 322 324 325 327 328 332 335 337 340 343 344 345 349 352 353 356 357 358 361 362 363 374 375 377 384 387 388 390 
56 153 166 173 182 205 217 240 241 261 274 283 288 303 354 376 
31 134 143 149 159 168 173 191 206 231 237 238 241 258 259 261 276 285 286 291 296 298 311 322 339 345 373 
252 137 140 148 153 163 174 178 182 189 201 206 209 210 221 222 223 224 229 237 239 240 249 252 256 261 262 263 265 267 280 283 289 292 298 309 314 315 323 332 352 361 366 372 379 390 
283 132 134 143 144 145 151 153 154 155 156 167 172 174 175 177 179 181 183 187 188 189 191 194 195 196 197 198 200 206 216 217 218 219 220 222 224 225 226 227 230 235 236 238 239 250 252 254 255 257 259 264 270 271 273 275 280 284 286 291 295 296 299 306 307 310 317 319 320 321 325 338 339 343 344 346 348 360 365 374 378 380 386 
95 143 223 308 311 341 350 
181 156 161 175 176 178 179 185 188 189 191 196 197 198 200 202 205 207 209 215 216 220 228 232 234 238 241 242 245 247 250 251 252 253 260 265 267 270 271 274 278 280 288 292 297 301 302 303 304 307 311 317 320 323 326 332 338 342 346 351 355 356 359 361 368 371 372 375 377 384 390 
250 1 131 135 136 137 140 146 147 148 151 152 154 155 156 161 162 163 166 168 169 170 171 172 177 182 183 184 188 194 196 202 203 205 206 207 208 209 210 211 214 215 216 217 222 223 226 228 233 235 237 238 243 244 246 250 251 253 254 256 259 262 263 265 270 272 274 275 276 278 281 283 284 288 290 293 294 297 298 302 303 305 309 311 314 315 321 322 324 325 330 334 336 337 339 340 342 348 350 351 352 355 356 358 359 365 367 368 369 372 383 386 387 
92 134 141 147 152 172 193 219 224 234 263 280 306 319 323 334 350 360 369 384 386 
84 1 131 137 142 143 147 149 150 151 153 154 156 158 168 169 170 172 173 175 177 178 179 181 183 187 194 196 201 203 205 207 208 215 217 222 223 225 226 230 234 238 240 244 245 247 252 256 258 262 263 264 267 269 271 272 273 275 277 278 279 280 288 289 290 291 293 294 296 301 302 303 305 307 309 311 312 321 322 324 325 326 330 333 335 338 345 348 349 352 354 356 357 358 362 366 369 370 371 376 377 381 385 386 387 388 389 
140 1 132 135 141 142 143 151 156 159 160 161 163 167 169 171 175 178 183 184 187 188 195 199 200 201 203 204 206 211 213 215 216 217 218 222 229 230 231 233 234 235 237 242 245 251 254 256 257 259 260 263 276 282 283 284 285 286 292 293 298 305 308 311 314 315 318 319 320 321 326 328 329 330 333 338 341 343 344 351 352 353 355 357 359 360 361 363 370 372 373 375 376 377 380 381 384 386 387 389 
251 132 133 151 153 165 166 169 175 176 186 187 188 190 201 204 207 210 224 230 232 239 241 242 244 246 247 251 256 258 260 261 264 269 283 284 285 286 290 302 303 304 310 312 314 316 318 320 323 334 339 344 347 350 352 356 361 364 374 379 384 387 
162 158 169 
276 210 347 371 383 
281 1 134 143 148 157 159 161 168 173 175 188 189 192 202 207 212 219 221 222 224 225 234 236 238 242 246 247 250 255 256 257 261 268 275 276 281 287 293 295 296 300 302 306 309 313 317 321 322 325 329 330 332 333 335 337 343 349 350 362 365 371 373 378 380 383 388 
187 131 240 279 
235 132 136 140 151 157 158 172 176 179 180 189 224 234 238 244 246 248 252 255 268 287 289 291 292 293 300 304 313 315 323 324 325 326 331 340 343 350 354 357 359 366 367 371 378 379 385 386 
35 1 140 151 152 155 156 157 158 162 163 164 173 175 180 181 183 186 187 194 203 207 214 223 224 228 229 232 234 236 239 240 246 247 257 258 262 266 267 269 270 271 274 279 282 287 288 290 295 305 316 322 325 331 340 341 344 352 354 358 362 366 369 376 379 388 389 
273 1 141 142 159 164 176 187 188 204 216 224 242 243 255 256 262 267 279 282 290 300 302 317 318 329 338 353 359 361 
26 135 144 159 169 173 188 195 231 240 243 245 252 279 281 289 291 300 305 309 321 347 377 389 
253 131 134 139 144 158 168 175 176 178 180 181 184 185 187 188 198 207 214 215 232 234 236 242 243 250 252 257 260 261 278 281 288 300 302 307 312 316 318 321 324 326 331 333 334 342 346 351 359 365 374 380 381 384 385 387 388 
284 162 177 214 282 311 324 332 351 
231 140 141 143 149 155 156 163 168 170 180 183 184 185 186 188 189 192 193 194 197 205 210 214 216 218 222 225 233 236 242 243 247 249 251 252 253 256 266 267 279 285 288 290 293 296 298 299 305 307 314 318 321 333 334 341 344 347 361 362 363 371 375 376 380 
180 131 140 146 151 155 161 166 168 196 206 210 211 214 215 216 219 222 223 225 226 229 230 233 234 240 241 242 244 248 249 251 255 258 259 272 275 277 293 297 298 300 301 311 319 349 351 353 358 365 366 371 373 381 382 389 
151 134 149 198 203 230 251 254 265 268 276 286 294 297 308 309 313 320 322 328 336 349 352 361 368 375 383 
113 135 138 155 160 164 165 173 176 177 179 181 184 187 190 198 227 228 253 270 271 272 274 279 283 291 297 299 307 346 347 352 359 361 374 382 383 388 
183 1 131 149 151 158 183 192 204 208 210 215 216 228 241 244 246 255 258 270 286 327 329 339 340 348 353 380 387 
271 133 134 136 138 144 145 148 150 151 156 158 162 164 168 169 170 171 172 176 184 194 195 197 198 200 205 207 209 210 218 220 223 230 235 238 240 243 245 258 262 265 266 277 278 285 287 288 291 307 308 313 314 316 317 329 333 336 347 348 353 354 356 359 360 369 371 373 378 384 385 
125 135 137 138 139 140 141 142 144 146 147 150 153 158 159 160 165 170 175 176 178 181 183 184 190 194 203 204 206 208 209 214 215 216 218 233 234 236 242 245 246 251 253 257 258 259 263 266 270 272 273 275 283 284 286 288 290 292 294 295 296 297 298 302 305 308 310 313 327 329 334 335 336 337 339 343 347 349 352 354 355 358 361 363 368 370 371 374 375 378 381 390 
172 1 132 134 135 137 138 148 149 153 154 158 161 162 167 169 170 173 176 178 187 188 189 196 198 199 206 211 213 214 216 225 229 243 244 245 247 248 252 255 259 263 265 266 268 277 281 282 289 296 297 303 313 318 323 326 330 337 342 343 346 348 352 362 363 372 380 383 384 387 388 
25 134 160 164 273 285 304 361 
238 1 137 139 140 144 149 152 155 164 165 169 173 174 177 184 186 187 189 197 200 203 208 210 212 215 217 219 220 222 226 227 228 230 234 240 241 245 247 250 255 257 264 268 271 272 276 282 286 288 290 295 298 305 306 309 314 318 324 326 327 333 334 335 336 340 342 343 346 352 358 361 362 364 366 370 372 373 374 377 378 387 389 
83 141 144 158 167 168 173 174 187 195 199 200 207 214 218 221 228 235 247 248 249 262 265 286 288 291 300 301 303 310 320 331 336 337 342 347 350 353 354 368 374 379 381 
7 142 143 147 150 152 155 156 171 175 177 179 188 192 200 204 211 213 214 217 218 219 220 221 223 229 230 238 242 245 247 248 253 254 260 267 274 279 283 290 293 296 306 308 313 315 321 327 332 335 336 338 343 344 354 358 359 362 364 368 372 375 378 385 386 387 
33 147 153 156 162 168 169 193 231 232 244 273 286 297 299 306 330 334 339 343 363 372 
276 143 146 147 199 200 215 221 223 230 235 238 280 288 307 309 321 328 331 349 350 354 368 377 383 386 
280 133 137 140 147 159 162 165 166 173 177 180 183 184 187 192 196 199 200 203 205 210 215 226 244 246 249 251 253 254 262 264 266 272 278 281 288 296 299 303 307 317 331 338 345 355 360 367 369 374 376 388 
49 1 131 132 134 143 146 148 150 152 154 160 162 163 164 165 167 168 171 173 175 176 181 193 194 195 197 200 202 209 211 212 214 215 217 218 219 221 229 231 235 238 239 240 241 242 244 247 249 250 251 252 253 254 258 259 265 266 269 270 271 274 277 278 280 281 282 286 292 293 297 300 301 304 306 310 312 316 318 319 323 328 329 332 336 337 342 343 345 347 348 349 353 357 358 360 361 364 366 368 369 371 374 375 376 377 382 385 386 
122 1 138 147 153 154 173 178 196 210 224 229 232 241 247 283 284 294 298 300 304 308 332 334 340 341 349 355 359 361 364 368 
91 1 141 147 161 162 165 174 179 193 229 245 256 259 279 284 288 296 298 309 320 324 327 332 338 346 347 355 356 369 377 
276 1 132 140 157 159 160 162 167 171 172 174 180 181 191 201 213 219 222 232 236 243 247 249 259 273 275 282 283 288 290 300 301 304 312 318 328 334 337 340 342 344 351 354 355 357 359 361 363 364 373 374 383 
292 132 133 136 139 141 144 150 151 153 154 161 165 173 177 186 200 202 204 218 221 222 225 227 229 230 242 247 250 253 255 257 260 261 266 267 268 269 277 289 294 298 299 323 324 330 332 335 336 339 340 344 349 359 370 376 378 382 383 385 388 389 
164 144 147 182 197 211 224 225 252 257 265 280 319 326 341 368 380 
70 207 216 266 295 305 347 377 
9 153 194 198 223 230 235 259 288 
140 142 144 146 153 155 177 183 186 193 197 201 211 216 222 224 229 232 243 247 258 263 264 265 268 276 278 281 282 283 287 296 304 311 313 314 315 316 335 350 356 357 378 379 384 385 
222 131 133 135 139 140 141 144 145 146 148 149 152 158 159 163 172 174 175 178 180 183 190 191 192 198 204 205 206 217 224 228 229 231 233 236 237 239 240 243 249 251 259 260 265 266 268 269 273 277 278 280 281 283 286 287 290 298 300 301 302 308 312 316 319 327 332 335 336 337 340 349 351 353 354 355 356 363 365 373 378 379 381 382 383 385 386 387 390 
134 139 148 159 162 164 166 171 172 198 200 201 207 222 223 225 230 237 258 266 269 279 281 294 302 307 309 321 322 328 330 332 337 347 353 373 379 384 386 
27 1 132 134 135 140 142 144 147 150 152 154 155 156 158 159 160 165 168 169 171 172 173 174 176 180 184 187 193 195 202 204 206 209 215 218 219 220 222 224 225 226 227 231 232 233 235 238 239 240 243 245 247 250 258 262 263 269 270 277 279 281 283 285 289 291 294 299 301 302 307 311 313 319 327 328 331 332 333 335 337 340 343 344 345 349 351 354 355 358 360 363 366 373 374 381 385 386 387 388 
157 1 133 139 159 160 164 174 184 185 189 202 204 215 217 218 223 226 227 236 245 249 250 256 265 266 271 276 288 291 297 299 301 302 305 307 310 314 315 322 326 342 343 344 349 351 352 373 375 377 378 379 380 382 
198 131 135 145 156 167 187 197 218 221 223 226 232 255 260 263 264 266 314 316 317 320 325 341 342 347 360 367 375 376 377 384 
240 286 
263 138 141 165 171 175 179 194 204 218 230 237 240 254 262 263 267 273 278 296 301 306 340 349 370 387 
232 1 132 133 137 156 158 159 164 167 169 172 176 177 178 183 188 189 196 199 203 206 207 208 209 212 214 215 219 225 227 228 229 234 237 238 242 243 245 247 248 253 256 266 277 279 296 300 304 305 306 307 311 315 316 318 319 320 321 323 336 337 343 348 355 359 372 376 382 383 384 388 
93 132 140 145 148 150 159 162 164 175 177 179 180 195 200 203 205 216 219 220 223 239 240 242 247 252 255 256 260 264 270 273 277 278 281 282 293 294 299 304 309 311 312 318 319 321 332 339 341 348 359 360 361 362 364 376 377 379 382 
288 171 183 225 231 250 278 296 344 365 387 
171 131 136 139 142 143 145 146 148 150 151 153 154 155 158 160 161 162 172 174 175 176 177 179 180 181 192 194 195 197 198 200 202 203 205 206 213 220 223 227 230 236 237 240 241 242 245 247 248 250 254 257 259 260 262 264 268 269 271 272 273 274 275 279 280 282 283 285 289 294 295 303 304 306 307 312 316 320 322 325 327 329 331 332 333 334 338 342 345 346 349 350 358 360 361 362 364 367 369 372 380 382 383 389 390 
45 133 137 138 141 144 145 146 147 150 153 154 155 156 162 163 168 173 175 192 193 196 202 205 209 212 213 214 221 223 230 231 241 243 247 252 255 263 268 272 291 294 300 303 310 311 315 317 320 322 323 331 334 335 338 341 350 354 362 377 378 
32 132 139 144 149 164 167 168 170 177 180 208 210 218 222 223 225 236 237 239 249 252 253 255 261 271 274 277 282 284 292 293 297 298 304 313 315 324 331 333 335 339 342 344 347 349 356 357 362 365 368 369 372 378 380 381 382 387 
269 132 133 135 136 140 141 143 145 153 157 160 162 167 171 172 178 186 189 191 193 195 202 205 206 209 210 212 214 222 224 225 229 231 235 238 244 245 246 247 248 251 253 254 259 271 272 276 278 281 282 285 290 291 292 294 295 301 302 307 312 314 320 321 322 323 326 327 329 331 333 337 339 341 342 343 344 346 348 350 352 361 365 368 369 370 374 375 377 378 388 390 
180 151 182 203 214 381 
260 132 133 136 143 158 159 162 164 171 174 175 187 193 195 199 202 203 212 222 227 235 238 248 254 255 263 270 271 275 278 284 290 294 307 310 311 316 320 329 332 337 342 345 356 361 366 369 371 375 380 381 384 388 390 
211 131 134 140 178 181 192 204 225 302 
113 131 146 148 149 151 155 168 175 178 179 180 182 186 188 190 191 196 197 198 201 208 214 228 230 231 238 247 253 256 261 268 270 273 276 282 284 286 288 290 292 293 294 301 303 309 318 328 329 338 343 348 353 355 357 363 383 385 386 
30 133 153 160 178 205 211 230 231 236 273 315 329 335 343 
160 183 202 210 216 263 266 295 321 338 359 362 366 
34 132 145 153 161 162 165 176 178 183 196 202 211 233 234 239 250 278 279 280 285 294 295 296 298 301 306 313 318 319 334 335 337 348 349 368 376 379 
30 138 140 141 144 146 151 158 159 165 168 171 172 174 175 183 188 189 194 195 196 198 201 203 206 210 213 216 219 224 229 231 232 242 244 246 248 250 251 252 253 254 272 274 284 286 287 292 296 297 298 301 313 321 324 325 328 329 333 337 339 341 349 368 373 379 381 388 390 
280 194 231 249 329 334 
273 131 132 133 139 140 141 142 148 151 152 154 155 156 157 159 164 166 173 176 177 180 184 185 187 190 194 195 198 199 200 202 204 208 209 210 217 219 220 221 222 223 224 231 235 236 237 238 239 244 245 249 254 256 257 265 267 268 271 274 275 282 285 291 292 293 295 296 297 301 307 311 318 322 324 329 330 331 334 335 337 339 343 348 349 351 352 355 357 358 360 362 363 365 366 371 373 376 377 378 379 385 386 389 
53 135 142 144 149 153 156 158 161 166 167 170 182 184 185 187 189 190 192 195 196 197 199 204 207 212 214 216 219 222 226 227 228 229 230 231 234 246 247 250 252 257 258 261 264 271 272 274 282 284 286 298 300 303 306 309 319 324 331 337 339 341 343 347 348 349 354 368 370 372 373 380 386 387 389 
3 131 133 134 136 142 143 144 145 147 148 149 151 154 156 158 165 171 177 181 186 198 200 203 217 220 221 226 228 229 230 240 241 243 244 245 249 252 253 255 260 261 265 280 281 284 293 295 297 299 300 301 303 304 306 307 308 310 314 316 317 319 320 323 329 334 336 339 342 344 345 346 349 350 353 354 363 365 368 369 370 375 378 379 384 386 387 389 
62 201 205 214 241 249 256 265 267 282 283 315 326 350 363 364 380 381 384 
45 133 136 146 161 175 184 188 189 194 202 232 234 237 249 251 259 262 266 281 307 309 319 320 340 353 362 363 371 378 381 383 384 
93 133 146 154 158 168 171 184 185 187 214 215 218 221 222 223 241 245 251 260 262 264 270 276 294 305 310 318 321 324 338 340 344 360 371 374 380 390 
166 140 161 163 168 170 180 184 197 202 207 209 217 227 232 236 242 255 263 265 271 274 282 285 286 295 303 311 316 323 326 329 334 348 352 369 370 377 383 
251 140 144 170 189 196 204 246 255 313 338 356 375 385 389 
111 134 135 142 144 147 154 156 157 160 165 166 169 174 175 178 179 184 188 189 192 194 196 198 199 202 208 215 216 217 219 221 222 224 228 232 234 235 238 242 252 253 261 262 264 268 277 278 280 281 285 290 298 299 301 305 310 313 314 315 319 323 325 332 333 335 337 338 339 340 341 348 354 357 359 372 373 375 377 378 379 382 384 386 
82 131 132 133 135 145 147 149 152 153 159 160 164 165 172 173 178 185 186 196 197 202 206 212 214 218 220 224 228 231 237 239 246 247 248 256 259 262 264 282 285 291 293 299 309 321 328 331 338 342 348 353 354 361 364 367 368 369 371 375 384 388 390 
144 137 143 144 146 154 162 165 171 178 182 183 186 194 195 198 204 212 218 220 226 230 232 234 244 251 257 261 262 263 265 267 272 275 281 284 285 287 293 296 305 306 307 309 314 325 327 328 334 336 341 346 351 357 362 364 372 374 377 385 386 388 
140 136 137 143 145 153 154 155 157 160 161 182 184 187 188 190 192 197 198 200 209 211 217 220 222 235 236 243 255 256 259 263 268 280 283 286 290 291 296 299 300 301 302 305 311 312 315 317 319 324 327 330 332 336 337 349 352 360 363 366 368 372 375 386 
6 131 146 157 163 190 200 215 219 224 229 236 238 240 246 252 256 264 299 317 328 335 343 361 368 389 
17 1 134 135 137 140 144 147 151 154 161 162 164 169 175 177 184 191 192 195 199 201 204 207 208 211 212 213 215 218 219 227 230 233 235 247 250 252 253 254 256 261 270 273 278 283 297 299 302 305 306 308 309 316 322 326 341 353 357 359 360 366 370 377 383 390 
121 132 136 137 138 139 153 155 156 158 162 169 177 178 183 187 188 192 194 206 210 219 222 223 231 235 238 242 246 248 252 260 268 271 274 275 276 281 282 288 290 292 297 305 308 312 315 320 324 325 326 327 329 331 354 360 364 366 369 374 389 390 
3 133 135 141 153 158 161 170 171 172 186 194 197 209 219 221 228 230 231 233 235 249 252 254 259 263 264 265 269 270 272 279 281 282 283 284 286 287 290 292 295 296 297 307 309 316 319 320 322 324 331 338 348 351 352 353 355 372 373 375 376 
25 131 135 146 147 160 170 171 173 175 177 178 180 181 183 187 195 201 204 205 206 220 222 227 228 230 236 237 245 255 259 263 265 282 284 288 295 296 299 302 303 305 313 315 321 322 323 325 332 333 335 338 355 358 361 363 369 370 384 
83 1 131 133 134 135 139 140 141 142 143 145 150 152 163 169 172 174 175 181 189 191 194 198 199 202 203 204 213 214 215 216 218 219 228 229 230 236 240 241 246 250 251 253 257 264 267 279 286 289 291 299 307 308 309 310 313 314 315 317 320 325 326 327 328 329 331 333 335 336 338 339 343 345 348 350 353 356 360 361 364 372 374 376 378 385 386 387 388 390 
29 150 244 281 347 
208 140 147 150 162 180 183 184 192 202 203 207 221 223 224 228 229 231 233 234 236 241 243 245 250 252 259 262 272 276 277 284 285 287 290 295 301 306 321 327 328 333 334 336 342 346 348 350 360 364 365 366 367 372 375 380 382 384 388 
297 135 139 143 147 148 149 153 154 163 168 172 175 176 177 179 182 183 184 186 190 193 196 197 200 207 209 212 214 217 219 220 224 226 227 229 236 242 243 244 248 252 255 258 259 264 265 266 267 269 274 276 287 288 294 297 300 301 306 307 308 311 318 321 323 326 327 328 330 335 338 341 345 346 348 350 351 354 355 358 364 368 375 376 381 385 389 390 
135 142 148 150 155 160 161 164 166 173 179 180 184 185 192 193 203 207 209 213 222 226 230 240 241 242 244 251 255 259 260 262 264 265 266 272 278 283 287 288 289 296 306 307 315 317 320 325 327 333 334 347 348 352 359 362 367 371 382 387 388 
125 133 140 144 145 147 148 150 162 163 168 169 171 174 177 181 182 183 184 186 189 194 200 201 202 203 208 210 212 214 215 216 218 220 221 224 226 228 231 239 240 242 243 245 247 249 253 255 256 259 260 261 264 268 273 275 282 283 284 285 286 287 288 290 296 298 305 307 309 311 312 313 314 315 317 321 327 330 333 335 337 340 341 345 346 347 349 352 355 360 361 364 366 368 371 374 381 382 383 388 390 
166 134 135 145 161 172 183 189 190 195 201 204 209 222 232 238 241 256 257 262 274 278 286 287 292 300 302 303 306 307 309 312 317 318 333 337 339 341 357 359 366 367 369 377 378 385 
153 133 135 138 139 146 148 151 153 154 155 156 157 159 175 176 179 180 181 183 193 195 200 201 202 203 208 210 211 215 217 228 231 235 242 251 253 257 260 261 262 265 266 268 270 271 272 274 278 279 284 285 292 295 298 303 306 308 309 313 323 325 326 327 341 348 349 352 355 357 363 364 372 380 383 386 389 
240 134 136 141 151 154 161 175 185 186 191 192 196 204 207 210 212 214 219 223 225 235 237 238 239 243 251 252 253 257 263 269 271 273 275 279 286 297 309 313 317 320 321 322 324 329 331 332 337 341 350 354 356 361 374 375 378 382 383 389 
100 1 140 145 150 161 162 166 173 175 176 184 188 191 209 213 218 220 229 238 244 245 249 254 256 259 272 279 287 289 293 300 303 314 316 317 332 339 345 347 361 363 371 378 383 388 
168 136 217 218 267 271 275 284 316 344 381 383 386 
201 1 151 155 176 177 182 204 205 206 208 209 217 219 233 234 235 242 245 274 275 277 279 281 282 287 289 292 297 305 309 313 320 340 349 350 363 368 372 
152 1 132 133 134 137 140 149 155 161 178 183 186 187 194 196 204 207 226 228 232 240 244 247 257 262 269 271 293 306 310 312 320 324 333 344 347 352 366 369 375 381 388 
189 139 147 153 163 165 166 170 171 172 185 200 205 208 212 216 217 218 219 220 221 223 244 245 246 251 257 258 266 268 278 288 311 312 316 326 338 343 348 367 381 384 389 
157 134 160 167 168 169 172 176 186 199 201 207 214 245 259 269 271 274 279 286 289 295 298 299 318 325 326 347 349 352 365 370 371 386 387 388 
281 153 233 243 260 271 302 320 353 
208 131 132 133 137 139 140 142 144 145 148 149 153 154 157 158 160 164 166 168 170 172 173 177 182 188 189 191 194 198 205 208 209 210 211 214 215 216 217 219 224 229 231 232 234 235 236 237 239 242 249 252 254 256 259 262 264 265 266 267 269 273 274 280 284 286 287 290 292 294 301 304 309 318 322 323 324 330 331 335 344 348 349 350 356 359 360 361 364 365 368 369 372 375 376 380 383 384 386 388 390 
159 143 152 153 154 155 156 158 161 163 166 171 172 173 174 182 186 187 200 201 204 205 206 207 213 218 224 227 229 232 236 243 244 246 247 248 255 258 259 262 266 270 274 278 282 285 287 292 293 303 307 325 334 339 345 351 357 364 367 368 370 373 377 378 379 382 383 385 
130 133 136 162 163 165 173 186 190 200 202 210 213 230 232 238 251 252 253 258 263 264 265 269 285 294 296 301 303 305 310 317 324 333 340 346 350 364 367 381 385 
143 139 201 210 222 231 243 246 282 301 308 331 337 
31 133 134 138 140 142 144 145 148 151 157 161 170 171 174 181 182 188 191 194 195 198 199 200 201 203 204 210 217 219 224 230 242 247 248 252 256 262 265 267 269 270 272 279 280 283 288 291 294 295 302 305 308 311 314 317 318 319 331 332 333 336 343 350 356 361 366 370 371 382 383 386 387 
110 131 138 139 141 147 168 180 188 198 206 208 210 211 212 213 215 228 230 243 248 249 256 262 268 271 278 280 282 283 291 293 298 306 308 319 328 333 335 341 345 358 359 362 363 365 369 377 383 387 
18 1 131 137 139 141 143 144 145 150 151 153 154 155 158 161 169 170 171 177 183 186 187 190 200 201 209 223 227 240 245 248 249 251 253 254 260 261 262 265 269 270 271 273 277 278 279 282 284 285 287 289 292 294 309 310 314 318 320 324 335 337 340 341 347 348 350 351 354 356 358 360 363 369 373 377 389 
258 161 163 166 178 183 190 194 198 200 203 207 208 215 230 232 233 249 257 258 266 269 308 312 316 358 372 383 
200 133 150 158 159 162 171 172 195 199 201 217 218 237 244 257 262 273 280 303 312 328 332 333 337 343 350 354 365 368 380 
103 134 137 138 140 145 152 153 154 159 162 164 165 170 172 178 182 184 187 189 192 197 199 201 203 210 222 228 231 236 238 246 249 250 252 255 259 260 267 269 270 277 279 281 282 283 285 288 295 315 323 328 329 332 342 349 352 355 359 367 372 376 380 386 390 
275 148 150 153 154 157 177 184 196 197 201 212 223 224 234 238 239 245 247 267 268 269 271 279 280 293 295 303 308 314 315 337 342 350 353 359 360 367 368 370 371 
76 131 134 135 140 141 149 151 156 157 164 168 170 174 177 179 183 197 200 215 216 220 223 225 228 230 234 237 238 240 247 253 259 260 265 266 271 278 279 281 283 291 292 308 311 317 321 326 328 331 332 333 336 338 340 347 349 350 351 357 360 364 370 371 372 377 379 382 384 385 386 389 
9 137 147 151 158 179 185 188 190 193 194 196 205 214 216 222 234 236 247 250 253 254 273 283 294 296 305 332 347 348 351 
158 144 150 169 174 181 182 189 196 202 212 215 217 233 239 244 259 262 263 270 282 295 303 312 331 333 343 350 357 358 362 369 372 373 
154 133 136 137 139 144 146 147 150 156 157 163 171 172 178 179 189 190 192 194 195 201 205 210 211 212 213 214 216 217 218 219 222 223 226 227 230 231 233 239 240 245 247 248 254 257 261 262 265 266 270 273 275 276 277 280 282 283 287 288 289 292 296 304 306 307 308 313 314 319 321 325 338 341 342 345 347 357 360 367 378 380 387 388 389 
235 133 139 140 141 142 145 146 155 156 158 162 170 171 176 177 181 185 191 196 198 208 210 213 216 223 232 233 236 237 238 240 242 243 245 246 249 250 252 253 257 263 264 266 268 270 274 277 280 281 288 292 294 295 296 297 298 300 301 304 305 308 309 310 311 312 316 318 321 323 325 330 333 336 339 340 342 347 352 353 357 358 364 366 369 377 378 382 388 390 
249 138 140 144 150 151 152 155 156 161 162 167 169 170 173 174 179 188 198 201 203 207 208 209 211 214 215 217 226 227 229 234 238 239 242 248 251 252 253 257 258 259 271 272 279 280 287 289 290 291 299 303 304 311 314 315 316 321 322 323 324 326 327 332 334 337 338 339 340 343 344 346 347 350 356 358 360 367 368 369 371 375 378 381 383 384 386 388 
45 142 170 347 354 383 
154 133 136 138 141 142 148 159 167 168 172 179 193 195 196 198 201 204 207 208 209 213 223 226 232 239 241 244 255 260 267 277 282 298 304 306 309 312 315 316 317 321 322 327 338 344 359 365 366 367 371 377 383 384 388 
85 134 138 142 143 151 159 175 184 189 193 196 207 210 214 232 253 255 263 268 271 279 288 291 295 301 320 331 340 346 347 352 360 367 381 382 388 389 
178 1 136 137 138 142 146 148 153 154 157 158 161 163 167 169 174 177 178 179 184 187 200 201 202 213 215 217 220 228 229 230 232 233 239 241 242 244 251 255 257 258 262 264 265 266 268 269 288 289 290 291 295 298 300 303 305 306 309 315 317 318 322 326 327 328 329 333 342 349 355 358 365 367 376 379 380 381 384 386 
272 142 145 148 150 154 162 163 173 175 178 184 188 189 201 211 216 217 220 226 236 237 243 250 272 273 276 277 291 295 307 312 317 319 330 331 337 351 354 360 
297 135 137 145 153 154 156 159 169 182 196 198 219 228 254 273 275 280 290 296 300 337 339 
189 1 143 150 151 152 157 159 160 161 162 164 168 171 172 173 176 180 181 183 184 185 189 196 203 217 221 223 225 228 230 233 234 236 241 243 254 266 270 274 276 278 286 287 299 300 301 304 307 309 312 318 320 324 329 335 336 338 339 340 341 345 352 355 358 359 360 363 364 365 367 372 375 377 384 
179 133 139 140 141 143 145 146 149 156 157 159 163 165 166 167 172 174 175 178 179 183 184 185 188 192 195 200 201 202 204 208 209 213 218 219 221 223 227 228 231 233 235 239 246 248 250 251 254 258 261 262 267 274 276 279 280 282 283 285 286 289 295 296 299 303 309 312 315 323 327 329 332 337 340 344 346 350 352 354 362 363 365 366 368 370 373 374 375 376 383 384 385 387 
268 141 142 143 152 154 168 169 192 194 196 214 236 253 256 264 276 277 292 299 315 319 339 341 366 373 374 384 385 
273 254 276 331 
72 134 137 145 146 153 164 169 170 174 188 196 197 204 206 213 218 220 227 229 231 235 248 251 257 261 262 265 267 271 279 280 284 291 292 299 302 306 308 320 321 327 336 339 346 351 361 362 370 374 376 377 381 383 390 
230 134 149 159 167 177 203 206 210 216 222 223 238 239 249 255 256 267 280 285 308 319 349 360 
183 1 131 134 135 148 153 155 157 160 169 170 173 176 177 178 179 180 181 185 198 203 204 209 218 225 226 231 232 241 242 245 248 254 258 263 264 266 268 271 275 276 278 282 284 285 286 289 293 299 300 302 305 309 314 317 320 321 324 325 336 341 342 347 351 352 354 356 357 362 365 366 368 369 371 376 388 390 
43 1 132 133 143 144 145 146 149 153 164 170 171 174 175 182 190 194 196 198 204 206 210 211 213 215 217 219 222 223 231 233 236 237 239 247 249 253 255 257 259 261 263 270 272 273 277 286 287 290 291 292 293 294 295 297 303 304 309 311 312 314 324 325 334 335 338 344 358 371 373 374 375 376 380 381 385 
70 138 142 153 157 190 191 210 236 241 246 254 263 270 272 278 279 298 304 321 332 333 338 354 360 365 373 382 387 
202 133 135 138 141 143 144 145 146 147 149 150 151 154 159 160 161 163 165 166 171 176 180 189 192 193 200 202 204 208 212 214 216 221 222 223 224 226 228 231 233 237 238 241 242 243 244 245 247 248 253 254 255 258 259 262 266 267 270 271 273 277 281 282 288 296 297 301 307 308 311 312 313 315 316 317 318 323 325 328 331 332 334 336 340 344 345 346 347 348 352 354 358 362 368 369 370 377 378 380 384 386 389 
230 134 135 138 139 143 150 157 159 161 162 163 164 167 168 170 172 176 179 180 181 186 188 189 190 191 192 198 201 202 206 207 208 211 212 213 214 215 216 219 220 221 223 225 229 234 238 239 240 244 247 248 251 253 254 255 259 261 262 266 268 273 274 277 279 280 281 284 289 293 294 295 297 298 303 306 311 314 320 324 325 327 331 340 341 343 345 346 361 362 364 365 367 368 369 371 376 377 378 379 380 381 383 388 
72 140 153 157 179 193 197 199 220 223 224 232 235 237 242 253 260 261 262 269 272 273 275 279 283 290 293 296 306 319 320 322 323 328 339 340 341 347 360 363 368 378 380 
30 1 137 166 169 171 176 179 186 201 206 218 220 233 248 251 260 261 264 272 274 277 309 341 342 344 345 347 367 368 372 376 383 384 387 
13 131 133 135 136 139 144 151 160 163 165 166 167 171 173 175 179 180 183 184 187 188 190 194 195 197 199 202 203 204 208 209 210 214 219 221 226 227 228 232 234 235 237 241 242 246 250 251 255 258 262 264 266 267 272 274 275 276 277 283 284 285 286 292 293 297 299 305 306 308 311 313 315 318 320 322 325 327 328 330 331 333 334 342 343 346 347 359 362 366 367 369 372 375 376 381 382 383 384 389 
107 137 141 145 148 150 152 164 169 172 175 176 177 183 186 192 193 195 199 201 204 212 213 222 233 237 241 245 249 250 255 260 267 270 285 288 289 290 297 301 305 309 310 319 321 322 330 331 334 342 345 347 354 356 372 387 390 
175 140 142 151 153 159 163 165 172 174 177 193 206 210 214 216 222 226 231 238 243 244 245 251 257 264 265 269 270 273 274 276 292 293 297 309 311 317 343 344 345 346 347 348 349 357 366 387 389 390 
105 131 133 137 138 143 145 147 150 152 155 156 157 158 163 164 170 176 177 178 183 184 188 190 197 202 203 205 206 209 210 211 213 216 217 223 227 231 234 237 242 245 246 247 248 249 253 254 256 258 259 260 263 265 266 270 272 275 276 280 297 302 303 306 311 313 315 318 321 326 330 332 334 335 337 342 343 344 346 353 354 357 358 359 361 362 367 372 374 381 382 385 388 389 
207 131 151 161 162 166 168 177 181 189 197 207 213 228 230 234 248 255 272 281 287 292 294 308 339 356 377 381 
259 132 135 160 163 164 170 175 180 200 202 204 206 209 225 278 295 311 317 323 334 383 386 389 
91 143 195 218 235 300 385 
125 1 134 138 140 142 144 146 148 150 151 153 159 162 167 169 170 172 176 177 182 183 186 189 191 192 193 196 198 203 206 213 219 220 231 234 245 246 247 257 264 266 273 280 281 282 285 289 293 294 297 298 299 300 302 303 313 314 318 320 322 325 328 330 331 332 336 337 338 340 345 349 351 352 354 357 363 371 375 376 377 382 387 389 
45 137 139 140 144 145 151 154 161 171 173 177 180 181 182 194 204 208 211 218 223 233 236 239 242 243 249 252 253 258 262 271 273 274 275 277 279 281 282 283 286 288 292 298 300 302 303 308 310 314 319 321 324 325 327 329 331 332 341 344 349 350 351 352 356 359 365 366 368 371 373 375 376 378 379 382 385 386 
240 157 276 323 
235 179 219 224 272 273 292 305 322 329 349 387 
162 131 137 141 144 145 150 153 155 156 163 164 165 170 174 176 181 193 197 199 203 204 205 206 207 210 213 215 224 225 227 228 234 238 239 242 243 249 251 253 254 256 259 261 265 267 270 271 275 276 280 281 282 284 286 287 290 297 301 304 305 306 307 309 313 314 315 318 319 321 324 325 326 327 328 330 336 339 342 346 350 351 353 361 363 364 365 367 368 370 371 372 374 375 377 378 382 383 385 386 387 390 
13 1 132 136 155 171 212 217 220 227 234 236 247 283 290 295 296 298 302 304 311 317 328 349 353 354 381 382 
298 133 136 160 162 164 165 182 188 204 208 212 215 217 222 237 238 241 247 269 283 288 298 312 314 315 329 337 339 368 384 385 389 390 
242 138 158 165 166 178 179 182 192 194 197 217 218 229 231 234 249 252 267 283 305 311 324 342 345 360 364 381 385 390 
36 140 179 188 190 230 262 295 332 369 
271 1 133 138 145 146 148 153 157 163 172 179 183 189 196 202 205 209 210 211 212 213 219 227 228 232 233 239 240 244 246 247 248 253 255 260 271 272 275 278 292 304 306 311 312 313 319 323 326 327 329 334 342 343 348 354 358 360 364 368 370 376 378 381 386 
85 137 145 151 155 157 158 163 164 169 175 178 179 184 186 187 193 194 195 200 209 213 214 215 219 221 223 225 226 227 232 234 236 239 240 244 247 252 256 266 283 287 290 294 296 317 318 319 321 323 327 330 331 338 344 345 350 354 356 357 360 361 368 371 374 378 380 381 385 386 387 389 390 
233 1 146 147 155 158 172 184 188 198 201 208 210 212 220 254 266 269 276 288 290 305 306 308 328 337 341 344 351 365 371 382 383 386 
5 133 142 149 150 153 159 164 166 171 172 173 184 187 189 193 196 197 200 201 204 205 206 215 225 232 236 238 240 242 243 246 258 265 266 267 268 270 279 285 289 291 298 299 302 308 309 311 315 317 323 324 326 328 336 337 343 348 349 351 352 354 358 363 367 373 383 389 390 
253 131 133 134 139 140 153 162 164 166 173 178 196 209 221 233 240 247 252 270 272 283 284 286 297 317 323 324 334 337 349 356 361 367 371 373 
243 1 132 139 145 146 149 150 153 161 162 167 173 174 179 180 184 193 194 199 201 202 207 209 213 214 217 220 222 226 227 230 231 236 239 240 241 244 251 252 256 260 262 268 270 284 285 286 290 296 297 298 303 304 307 319 320 321 324 325 327 329 330 334 335 337 338 345 346 353 354 359 368 370 371 372 373 376 379 381 382 384 385 389 390 
253 212 275 322 369 
173 135 137 140 144 145 146 154 155 156 157 162 168 183 186 187 188 194 198 201 203 206 210 211 213 215 218 219 221 222 225 231 232 233 238 239 240 241 242 246 250 253 255 256 258 259 263 266 268 272 273 281 282 285 288 292 294 295 298 301 305 307 312 313 314 315 316 317 318 319 320 322 323 324 325 329 330 331 334 335 341 342 343 345 351 355 356 358 359 360 363 364 365 367 372 376 377 378 379 388 389 390 
276 134 138 142 143 148 153 160 171 181 187 198 202 207 208 213 214 217 219 232 241 245 254 257 259 284 287 295 303 323 325 334 337 343 344 347 351 371 375 379 
266 1 141 143 148 151 155 157 159 165 175 178 182 191 195 196 209 213 215 222 230 241 249 256 268 277 279 281 288 293 302 308 314 320 330 335 339 342 353 354 356 361 363 364 366 375 380 383 385 
256 1 134 140 141 142 144 153 158 159 160 163 165 169 186 187 191 192 193 195 196 200 202 204 207 209 212 220 222 223 224 225 229 233 242 243 244 247 248 252 254 256 257 262 264 266 267 268 271 272 273 276 278 280 281 282 283 287 289 290 291 292 301 306 314 319 320 322 324 329 331 332 333 339 344 345 348 351 353 354 356 357 361 364 369 373 375 383 389 390 
288 131 133 137 138 140 141 147 150 154 156 158 159 168 169 170 171 174 175 176 178 180 182 184 186 189 190 191 193 196 198 203 204 206 207 208 212 213 214 215 216 221 222 223 227 229 230 232 233 234 242 244 245 249 250 252 257 258 261 262 269 271 272 275 276 278 280 286 288 290 291 292 293 294 296 297 299 301 303 304 306 307 309 313 314 317 322 326 327 331 334 336 345 347 352 355 358 359 364 365 367 368 375 380 386 
59 131 132 135 136 139 140 142 146 147 149 150 151 152 155 157 158 161 162 163 164 167 168 169 176 177 178 180 182 183 185 186 194 195 196 205 206 209 216 217 220 222 224 235 239 244 245 248 250 253 257 258 263 266 267 272 273 275 280 287 289 290 295 298 299 300 302 305 306 308 310 311 312 317 319 321 323 324 326 327 329 335 341 349 350 357 358 359 362 364 366 372 373 375 377 380 381 383 384 385 388 
243 131 132 135 138 139 141 142 146 151 153 158 159 164 165 166 178 180 185 187 193 194 196 197 198 201 202 203 207 209 210 211 213 217 218 220 221 223 227 229 230 231 234 237 242 243 246 247 249 250 251 254 259 265 267 273 274 275 278 279 282 283 286 294 296 298 300 301 303 304 307 310 311 313 314 316 319 325 329 332 335 338 340 341 343 344 353 354 355 357 359 360 361 363 365 371 375 379 381 382 384 388 
36 132 135 147 149 160 164 175 180 181 190 191 195 204 211 217 222 226 230 234 236 239 248 256 259 261 264 267 269 291 293 297 301 311 313 332 343 345 349 373 375 383 
5 1 133 141 149 162 167 169 180 182 192 194 228 230 238 252 254 256 261 266 274 310 311 316 317 335 336 338 357 368 378 382 384 385 386 388 389 
10 138 140 145 154 157 161 164 167 169 176 177 180 189 191 193 197 199 200 205 211 219 221 223 242 243 246 252 264 265 266 275 284 286 298 299 300 303 307 312 315 316 318 322 333 335 363 367 368 373 377 380 386 390 
148 143 146 153 155 160 161 172 183 185 191 203 206 208 209 217 222 230 236 237 238 242 244 249 252 262 264 265 266 280 290 294 303 305 307 312 314 326 336 342 346 352 356 363 365 367 374 380 382 384 
48 1 133 137 140 141 145 147 151 155 160 162 165 166 168 169 170 172 180 184 186 188 189 197 204 212 214 216 220 244 248 251 253 256 259 261 269 275 288 294 298 311 315 320 326 328 334 336 339 343 347 348 349 350 360 366 373 376 377 384 385 
57 1 132 134 137 139 141 142 145 146 148 151 152 154 164 167 168 169 170 173 174 176 177 182 183 184 190 192 196 203 208 210 212 215 217 218 221 232 233 236 238 241 243 244 245 247 249 250 251 255 256 257 258 263 266 274 280 281 283 284 285 290 291 293 297 298 300 302 304 306 307 309 311 314 316 318 320 326 330 336 340 341 342 344 348 352 353 357 358 361 372 373 377 379 380 381 386 388 
80 142 171 200 214 215 217 237 251 260 328 364 374 
38 1 132 134 138 139 141 142 144 145 156 159 162 169 171 172 174 175 177 184 186 188 190 201 214 215 221 228 232 236 238 239 240 242 246 248 251 257 259 260 261 263 266 271 273 274 276 278 282 286 287 306 313 318 319 322 328 331 333 334 336 339 340 341 345 348 349 354 355 357 358 363 370 371 380 383 384 
64 139 152 153 155 170 173 176 189 197 198 202 210 215 230 231 234 252 307 325 333 347 363 366 
98 149 151 167 169 172 175 200 239 259 271 297 306 311 374 
279 298 
295 132 140 142 146 148 151 153 155 166 170 180 190 201 205 211 213 224 227 236 237 247 254 258 261 264 265 288 289 290 291 293 297 300 303 308 309 313 319 323 325 327 328 335 341 358 367 371 373 383 
62 176 193 200 238 254 268 279 301 
211 135 139 141 144 147 162 167 169 172 176 182 184 187 192 193 203 211 213 224 227 229 233 237 240 241 256 257 261 262 267 268 274 281 283 294 299 302 303 307 310 312 315 319 320 322 332 334 335 339 342 346 348 352 353 358 363 369 373 374 378 390 
168 131 136 139 141 143 148 149 151 152 153 161 162 166 171 176 179 193 197 198 202 204 208 209 213 216 223 230 237 239 252 254 287 288 293 294 300 308 311 326 328 329 337 339 358 361 364 367 369 372 377 378 381 383 
176 1 133 134 142 145 151 152 172 175 178 179 190 193 201 209 211 212 224 231 232 236 241 242 245 249 253 258 259 265 291 295 298 305 306 309 317 323 332 333 334 347 348 350 352 358 365 368 380 381 385 
30 1 131 133 146 153 159 161 162 164 166 174 175 179 190 193 199 208 220 228 229 231 235 237 246 249 252 253 279 294 296 310 313 315 317 321 345 350 357 362 367 369 370 379 390 
75 143 157 158 174 213 242 303 333 378 384 385 
25 207 333 
222 133 135 136 149 150 154 155 157 159 162 165 169 171 185 190 191 198 200 202 203 204 215 220 224 226 231 233 234 238 239 241 245 246 247 251 259 261 262 265 267 270 275 281 282 284 286 290 291 295 296 298 299 303 304 308 312 315 321 323 328 330 331 333 340 342 344 345 349 350 352 353 354 355 356 357 359 363 368 374 375 377 
236 138 141 144 150 166 191 195 203 207 235 250 251 252 256 257 265 268 275 293 296 308 320 322 337 338 344 367 384 
213 108 182 243 25 43 151 275 114 173 218 149 185 94 102 148 281 252 254 294 129 174 207 120 145 59 133 176 9 2 228 224 299 133 168 299 141 110 231 78 184 201 10 154 12 207 46 145 190 296 64 11 117 275 39 121 20 279 202 55 273 297 5 11 240 26 277 257 300 20 231 291 164 257 47 74 186 205 256 125 221 194 106 233 187 230 277 299 173 27 219 46 67 195 280 284 65 241 145 142 58 227 126 161 223 11 27 193 36 64 220 282 104 145 6 211 239 170 149 79 84 117 60 225 181 24 244 254 255 237 239 242 133 165 157 12 160 224 68 185 275 49 223 121 100 92 96 193 283 130 166 106 217 204 262 217 263 86 128 235 275 12 28 117 15 200 154 209 194 236 191 299 179 128 52 51 103 63 68 115 148 289 141 289 85 49 34 14 218 227 145 130 284 236 149 201 122 185 240 84 224 263 192 52 236 145 84 280 115 140 163 17 191 69 133 107 251 134 300 162 75 278 55 13 153 236 90 207 106 76 155 1 18 199 114 155 103 32 49 204 117 184 88 59 180 34 213 18 129 181 134 68 300 189 61 269 133 266 117 213 284 86 98 67 196 66 108 251 23 72 260 242 209 136 72 176 57 156 10 13 297 216 283 232 119 46 297 104 243 259 32 274 198 70 77 233 206 260 118 130 267 191 158 213 104 17 103 1 70 69 199 159 288 218 254 42 7 279 113 295 245 34 192 5 28 285 55 175 50 98 96 58 55 248 8 83 64 145 86 126 116 78 213 143 284 96 139 136 141 254 283 43 33 8 79 27 70 184 67 273 62 238 229 87 109 53 57 201 174 24 3 67 25 8 276 113 4 228 286 196 37 211 90 241 99 188 130 113 170 257 
