264 396
124 134 138 143 144 145 149 159 161 165 176 180 183 194 195 200 207 217 218 220 222 225 228 230 234 240 243 244 245 246 247 250 259 260 262 274 283 284 286 287 290 292 294 297 299 303 313 314 317 330 336 340 347 350 351 353 360 361 362 363 369 371 374 378 388 395 
270 1 142 169 178 205 211 229 233 234 240 259 266 269 276 278 281 299 334 347 365 385 
249 135 136 137 139 141 144 149 150 157 158 160 163 166 168 181 182 187 191 198 199 200 203 206 207 209 210 212 217 218 219 225 228 231 238 241 242 246 253 257 259 278 285 298 302 303 307 311 312 322 326 328 332 335 343 344 349 354 362 367 368 381 388 392 393 394 
197 134 139 141 142 147 149 151 154 157 158 159 174 176 184 189 193 194 215 216 219 221 222 224 230 238 239 241 243 244 248 253 254 260 261 263 266 268 271 278 285 288 292 293 299 302 303 308 310 317 321 326 329 333 335 337 338 344 345 349 357 358 359 369 370 375 377 379 388 393 
62 133 138 147 151 161 164 169 174 175 183 184 192 196 203 214 216 224 239 244 248 267 268 281 284 291 292 293 294 306 310 321 334 341 350 353 354 357 364 366 368 375 383 390 395 
79 1 140 142 143 145 148 150 152 153 159 160 161 164 165 167 168 169 172 185 187 191 195 196 197 204 207 209 214 216 221 223 225 227 228 229 236 237 239 240 241 244 246 249 251 253 257 260 266 269 275 278 280 281 283 284 285 288 290 292 293 294 297 300 305 308 309 315 317 328 334 336 339 343 348 352 353 354 357 362 365 366 370 371 374 375 376 377 378 379 382 385 387 393 394 
94 142 155 156 196 244 250 265 272 312 320 341 358 
183 143 150 153 158 166 168 169 170 171 175 177 178 180 184 192 193 196 198 200 201 203 209 213 218 223 225 228 229 231 232 233 234 237 238 243 244 247 248 256 258 261 263 264 265 267 270 271 273 274 275 277 278 280 288 297 308 310 311 317 320 322 325 328 339 345 349 356 357 363 364 370 372 374 376 379 382 383 384 387 389 392 395 
115 1 135 137 139 141 144 155 157 161 162 164 167 171 172 175 176 179 184 187 188 189 190 192 193 194 197 198 201 202 208 210 211 215 219 223 226 228 234 237 239 242 248 252 254 257 261 262 266 268 271 273 275 276 278 280 281 284 290 291 292 293 295 297 298 311 312 318 319 322 325 326 332 335 336 345 346 348 349 350 351 352 353 354 357 358 359 363 364 368 369 370 371 375 378 380 384 385 390 394 395 
155 1 138 140 142 143 145 147 149 157 159 160 161 163 165 166 169 170 171 173 176 179 181 186 188 189 190 193 195 198 200 201 203 204 205 208 209 212 214 219 220 227 229 235 236 238 239 240 242 244 245 248 249 251 265 272 273 274 276 278 282 284 288 290 292 293 299 302 303 306 310 311 313 315 316 318 319 323 324 325 328 331 332 336 337 338 340 341 345 347 348 356 361 365 366 368 369 371 386 387 389 392 396 
282 149 179 190 193 209 223 231 255 258 262 294 298 303 322 339 343 352 359 363 367 374 376 377 394 
90 136 141 148 152 158 163 170 173 175 180 181 183 190 191 199 203 204 209 210 212 213 216 221 222 225 226 227 228 229 234 236 239 248 255 260 267 270 272 273 289 291 292 293 295 300 304 308 316 318 321 323 325 328 332 337 338 339 340 341 342 360 361 363 370 382 384 391 392 394 
247 136 138 141 143 145 147 150 151 155 158 159 161 162 163 169 170 171 173 176 178 181 182 184 185 191 193 195 198 202 204 206 208 209 216 218 220 232 234 237 239 251 252 253 254 256 258 261 262 263 267 269 273 276 277 279 280 284 285 286 287 292 294 297 299 300 301 302 303 304 306 307 308 309 310 317 325 327 329 331 335 336 341 346 347 349 350 351 353 359 362 363 365 366 368 369 372 375 376 377 378 382 383 386 395 396 
77 142 153 156 162 169 170 171 174 177 179 188 189 192 197 198 208 214 217 229 232 240 244 246 248 250 252 254 256 258 263 267 268 280 282 286 297 299 306 310 313 314 324 336 348 353 359 366 378 383 384 385 387 394 395 396 
42 133 137 138 140 144 146 149 155 157 161 162 171 176 179 180 182 183 188 192 193 196 202 203 206 209 212 215 216 218 219 223 226 228 229 237 244 246 247 253 259 266 268 269 273 274 277 281 289 291 302 309 311 312 316 319 323 325 331 337 338 339 348 355 357 362 366 372 377 378 382 383 385 386 387 388 393 
147 134 137 138 139 140 141 142 143 144 145 146 147 148 149 150 151 152 154 157 164 167 168 171 174 175 176 179 181 183 185 189 190 194 195 196 197 200 202 203 204 208 209 215 219 220 227 228 231 234 238 239 241 245 246 247 251 252 253 256 257 258 261 262 264 265 270 273 275 278 282 286 289 290 293 297 298 299 300 304 306 307 312 316 318 320 326 329 330 331 335 336 337 348 350 352 353 358 361 363 364 365 372 374 375 377 378 387 388 389 395 396 
38 1 135 152 153 154 156 158 160 163 164 165 174 176 178 190 192 194 212 220 231 232 234 240 245 246 247 249 253 254 256 269 271 280 283 285 288 295 298 299 301 307 312 318 322 323 325 336 337 340 347 348 353 355 356 357 358 359 361 363 365 369 370 374 376 379 386 390 392 
289 133 134 135 138 139 141 142 143 144 146 151 153 154 155 158 159 165 166 173 177 178 179 181 183 184 185 187 190 193 195 198 202 204 206 208 209 210 215 218 219 220 224 225 226 229 232 235 243 244 245 249 252 257 259 260 268 269 270 276 284 285 286 287 289 290 293 297 301 303 304 309 311 312 314 318 322 326 327 329 330 340 344 346 348 351 353 356 358 363 376 377 379 381 384 387 388 393 
68 136 138 147 150 159 161 165 168 172 180 181 190 196 198 204 205 215 217 221 223 230 231 232 241 245 253 255 259 261 263 270 271 276 277 278 285 290 294 299 300 303 310 312 314 318 326 329 331 333 335 338 341 346 347 355 357 359 368 373 380 381 396 
74 136 138 142 148 149 151 158 160 168 169 176 182 186 188 193 195 196 203 204 205 206 213 216 217 225 229 231 236 238 239 240 251 253 257 258 260 265 267 269 270 271 273 274 279 282 285 287 289 297 299 302 306 318 324 326 336 338 345 351 353 354 355 356 358 363 365 368 369 377 378 383 384 385 388 390 391 393 396 
130 135 136 138 144 146 152 153 155 159 160 161 162 164 165 169 173 176 179 180 181 186 191 193 197 198 199 202 203 204 208 213 214 218 223 225 229 230 231 237 240 246 247 252 254 257 261 266 269 271 282 286 290 291 296 299 301 303 305 306 307 309 311 316 322 335 341 344 345 346 347 350 351 352 360 365 378 381 386 388 391 392 395 396 
94 133 141 142 144 150 154 159 161 173 175 178 183 204 211 213 214 218 228 229 234 237 239 243 245 248 249 260 261 264 268 270 273 280 283 286 290 291 292 295 298 300 302 303 311 314 315 321 322 323 326 329 330 331 338 341 342 352 354 359 360 361 364 367 369 370 372 376 377 381 386 388 389 391 396 
2 138 139 148 155 159 162 170 175 202 210 214 215 221 246 263 265 268 277 279 286 304 307 321 332 337 338 343 359 375 380 381 390 394 
153 134 137 140 144 146 150 152 153 156 157 158 160 164 166 173 177 182 185 186 190 194 206 208 213 214 220 224 230 237 239 245 250 251 253 254 257 258 263 266 270 271 284 286 288 290 294 295 296 297 299 304 305 307 312 315 316 319 320 323 324 325 332 338 341 342 343 346 348 350 352 353 354 357 361 364 365 366 376 377 380 383 385 386 390 393 394 
14 1 133 136 140 141 149 151 154 164 173 177 179 182 189 199 200 206 218 220 228 231 238 241 243 245 247 248 249 251 252 258 259 264 265 268 274 275 280 281 285 287 299 311 323 326 331 339 355 359 362 363 364 365 369 380 381 383 391 392 393 
270 1 133 135 139 141 143 145 148 154 158 164 165 170 174 176 177 178 179 181 185 188 189 199 209 213 214 220 221 225 232 233 234 236 239 241 244 245 247 250 251 252 254 259 261 262 266 269 275 278 281 285 287 288 292 293 294 295 297 298 302 307 308 316 317 320 322 323 324 327 332 338 342 346 356 359 361 364 367 371 373 377 378 391 392 394 396 
103 141 142 143 145 146 148 156 157 162 164 166 167 171 177 178 182 186 188 189 193 194 196 198 207 210 211 213 215 223 226 228 229 232 238 241 247 250 258 262 263 265 266 269 278 282 283 284 289 296 301 304 305 307 309 312 313 320 323 324 329 334 335 340 343 346 347 348 352 353 355 361 365 367 368 378 382 393 
110 133 137 141 144 150 151 152 153 157 158 159 160 166 168 169 176 179 181 185 187 188 191 194 197 199 202 211 214 218 219 221 224 225 227 230 231 232 235 237 238 239 241 246 247 250 258 259 260 261 264 267 268 273 274 280 292 293 294 297 299 300 301 304 308 309 311 312 313 316 322 324 326 339 342 343 344 350 351 361 363 372 373 380 381 382 387 390 393 395 
277 137 139 142 143 144 145 146 149 150 152 154 158 161 170 172 173 176 180 183 184 185 188 189 191 200 203 206 218 222 226 229 232 243 250 256 267 269 270 275 277 279 281 291 292 295 309 313 314 317 323 329 331 332 335 345 347 348 353 357 362 363 369 374 384 386 387 393 396 
147 140 143 146 147 150 151 152 160 165 166 178 180 187 190 207 212 213 214 218 227 245 251 257 261 265 279 282 285 296 297 308 311 326 327 330 333 338 343 348 357 359 372 376 379 392 
75 170 181 222 249 256 258 267 277 334 366 370 380 387 390 
243 137 146 171 176 193 199 206 223 230 254 266 268 282 283 294 299 314 319 341 342 343 347 349 377 380 392 
59 141 144 147 150 152 159 161 169 183 186 190 193 207 208 212 215 225 230 231 258 259 263 295 299 300 301 302 306 307 310 315 324 330 332 359 361 362 366 382 393 
155 215 
46 1 133 135 145 149 150 163 167 169 171 174 175 177 178 180 181 187 191 195 197 205 207 208 213 231 233 235 236 239 244 247 251 253 254 256 258 263 279 280 282 285 287 292 299 300 308 309 315 325 330 337 338 339 342 349 356 360 362 367 368 374 376 378 386 387 388 391 393 395 
267 1 133 135 140 141 144 147 155 157 158 159 161 162 167 169 170 177 184 186 188 195 196 198 205 206 209 210 211 213 217 223 233 234 237 246 250 251 253 255 257 258 259 264 267 268 278 282 283 284 291 302 306 309 314 317 318 323 330 331 333 334 335 336 339 340 343 345 346 351 353 354 360 368 372 373 374 385 391 392 395 
185 136 138 139 141 145 147 148 152 157 159 165 166 169 171 174 179 181 191 200 201 202 205 209 211 213 219 224 225 226 228 232 235 237 242 250 251 255 258 261 265 266 267 269 271 274 280 282 283 288 292 302 309 312 313 314 315 319 321 322 331 332 339 345 347 349 350 355 356 357 362 364 374 376 381 383 387 
12 179 184 191 196 243 244 295 305 310 376 379 
59 135 136 140 142 150 153 155 157 158 171 175 185 186 187 189 197 214 217 221 223 224 225 231 241 262 265 279 282 296 297 304 306 316 319 321 323 334 338 342 349 364 383 387 392 
34 136 148 182 237 272 283 286 307 361 392 
42 138 143 144 148 151 152 162 165 166 168 170 174 176 178 182 185 188 189 197 204 207 217 226 231 233 234 235 236 240 243 244 255 256 257 259 269 272 274 275 277 278 280 291 294 301 302 306 314 319 327 333 336 338 339 351 352 353 362 367 368 370 372 373 376 377 395 
193 1 140 142 143 148 150 151 191 223 228 242 247 248 249 253 254 262 263 264 269 280 282 292 296 301 302 308 309 313 325 326 339 352 357 359 369 379 389 396 
162 1 140 152 157 160 167 169 181 184 190 192 196 198 203 205 217 228 230 231 239 246 251 261 264 268 280 288 290 291 293 299 304 310 322 326 327 331 332 333 335 341 356 359 360 362 368 375 
82 144 156 178 179 197 205 207 213 238 259 270 276 293 305 314 341 381 
163 135 137 139 144 146 149 153 157 160 164 171 177 182 184 195 201 204 206 209 222 223 229 231 234 236 237 240 241 242 249 260 262 263 265 271 277 293 305 307 310 311 312 324 327 331 333 335 339 345 349 351 352 372 381 383 391 
102 135 137 138 144 145 146 148 158 164 168 173 179 180 182 183 184 185 187 188 202 205 206 210 212 213 216 224 230 231 236 240 249 253 260 263 266 273 275 279 280 282 283 295 303 309 310 313 314 321 323 324 329 338 339 342 348 359 361 362 368 374 375 383 389 
197 135 136 144 156 163 164 168 170 172 175 178 184 186 188 189 190 191 194 199 201 203 209 212 225 226 234 251 252 260 261 263 266 267 270 276 281 283 284 291 297 300 306 307 310 317 321 322 324 325 336 337 341 344 350 351 358 364 366 370 374 375 376 383 384 386 388 391 395 396 
28 1 134 136 138 145 146 150 151 153 154 155 158 163 164 165 168 175 177 178 181 184 186 190 195 198 200 201 202 207 211 212 215 217 218 222 224 225 227 231 236 240 241 246 248 249 250 256 259 260 263 266 269 270 272 274 275 277 278 280 281 283 288 298 302 303 305 314 319 320 322 326 328 329 332 339 346 348 349 352 357 358 368 371 373 377 380 381 386 389 391 392 
49 134 137 138 142 148 164 166 169 179 186 192 193 211 218 225 231 234 235 240 241 248 253 255 260 264 269 273 282 285 288 291 302 304 305 311 327 329 331 333 337 339 345 353 362 368 372 381 
268 1 134 136 137 139 140 141 144 152 159 160 161 167 171 172 174 175 178 179 183 184 185 187 190 191 194 199 202 207 210 212 215 223 226 228 229 230 235 236 243 245 248 250 251 252 253 259 264 266 272 275 278 280 281 284 286 287 288 289 292 299 301 304 306 307 310 314 315 316 317 325 326 327 328 330 336 342 344 345 346 348 349 352 353 355 361 369 374 375 377 381 382 384 385 386 389 
291 148 151 163 170 172 174 177 178 179 181 184 189 190 191 193 196 201 205 221 222 223 230 232 233 242 243 246 249 250 252 257 260 266 267 269 272 281 284 288 289 290 291 294 306 307 315 333 335 336 338 339 341 343 345 346 349 353 360 370 372 390 393 395 
50 133 134 140 141 142 144 146 147 153 155 156 159 168 169 170 174 175 180 188 190 191 206 207 211 214 215 216 217 222 223 224 236 237 238 239 241 244 245 246 248 249 253 254 256 263 264 267 268 269 271 272 274 276 277 278 280 281 285 291 296 297 299 301 306 315 327 328 331 333 334 337 339 340 345 352 355 360 367 371 374 375 376 377 379 380 381 382 384 387 392 394 396 
58 144 145 147 149 154 155 161 164 166 167 169 180 182 186 190 194 195 196 203 206 213 216 217 220 222 227 230 235 238 239 241 242 244 247 251 252 263 271 281 283 297 298 301 302 305 312 316 322 334 342 343 348 349 353 363 364 365 373 376 377 384 393 394 396 
211 134 138 141 142 143 146 147 149 155 158 159 161 162 165 166 168 169 171 173 175 181 189 193 196 198 199 200 201 202 203 206 215 224 229 231 236 237 238 239 241 253 258 261 267 268 271 272 282 283 284 289 292 293 295 297 301 305 311 312 314 321 325 328 333 335 340 344 345 346 347 350 357 365 368 370 375 381 391 395 396 
66 1 133 136 139 140 143 147 149 150 151 152 153 164 166 168 169 171 174 175 176 179 180 181 182 183 185 186 187 192 194 197 202 203 209 210 214 216 217 219 226 229 233 236 239 240 244 247 250 255 259 260 263 264 265 268 275 277 283 290 291 293 295 296 297 298 300 301 308 310 313 317 318 321 322 327 329 333 334 336 337 340 342 349 354 355 358 359 360 362 365 366 367 371 373 374 375 376 377 380 381 388 389 391 393 
14 1 137 139 142 150 161 177 204 211 216 227 228 232 237 242 250 260 264 270 280 284 287 289 310 329 358 369 371 383 395 
23 1 135 139 143 153 158 161 167 170 177 187 194 206 209 217 218 223 224 227 232 234 235 239 244 254 262 265 266 267 268 272 273 274 278 282 290 292 296 306 313 316 318 319 331 332 339 357 368 372 373 374 376 383 384 
134 1 150 189 193 219 222 228 257 263 274 282 286 289 331 341 347 348 355 375 377 386 390 
270 133 134 136 141 148 150 154 155 158 160 165 167 183 184 185 186 200 213 243 249 254 257 259 265 271 272 276 282 284 286 289 292 293 298 299 319 320 330 334 339 343 345 346 349 355 356 358 359 360 362 363 371 374 376 377 379 383 388 390 
134 1 138 140 143 145 152 158 159 160 164 166 168 175 176 178 179 181 183 188 193 198 200 202 203 205 208 210 212 215 216 218 220 223 229 231 234 236 239 243 244 245 250 252 253 254 255 261 263 264 265 269 274 275 278 284 285 286 287 288 289 295 302 304 309 311 319 322 324 325 330 332 340 342 345 346 347 354 355 358 359 361 362 364 368 371 374 376 377 378 382 384 385 387 388 390 392 396 
208 1 133 136 143 145 149 150 154 155 167 176 178 181 185 189 190 191 197 210 216 221 226 231 233 234 235 244 246 252 263 267 268 271 273 274 275 276 280 284 286 292 297 298 301 305 308 309 311 326 327 328 329 330 331 332 335 337 339 341 349 350 353 356 363 369 371 375 380 381 382 392 
214 133 138 143 144 145 146 149 160 163 170 177 178 193 198 203 204 209 211 221 222 226 227 231 235 240 243 255 257 260 264 265 266 270 282 289 298 302 305 311 312 316 325 332 341 346 347 349 352 353 355 359 360 363 370 376 379 380 384 385 390 392 393 394 
287 138 139 140 143 144 145 146 147 152 153 154 162 164 165 167 168 171 175 179 180 182 186 187 190 193 194 195 200 202 203 206 210 211 216 217 219 222 224 225 226 230 237 238 239 240 241 242 243 245 246 247 259 275 279 280 283 295 296 297 299 302 304 306 308 311 313 315 318 321 327 328 330 331 333 334 345 349 353 355 356 362 363 364 366 367 368 379 380 383 384 385 394 
194 133 135 136 143 149 150 151 155 163 166 169 178 181 184 185 190 193 200 201 212 217 220 224 227 228 230 237 243 244 246 248 249 252 266 269 271 275 276 285 304 311 317 319 321 338 341 346 356 357 358 359 363 366 372 379 383 396 
132 1 138 142 144 160 163 175 179 201 206 209 212 216 224 241 243 247 257 274 279 281 303 324 327 336 341 359 361 372 379 381 382 387 
101 200 222 337 365 374 
8 147 155 160 171 187 210 222 223 235 238 239 240 243 244 245 259 269 274 280 291 301 311 312 315 321 322 334 344 348 358 381 389 
23 1 133 135 139 140 145 147 149 152 157 159 162 178 181 184 186 189 191 196 205 206 210 215 217 218 221 224 228 229 230 231 233 237 241 246 254 262 266 269 273 274 275 277 278 281 284 288 289 291 294 295 302 305 306 311 313 314 315 316 326 327 328 329 336 341 345 349 353 354 356 359 361 362 364 365 369 382 383 388 390 392 393 395 396 
149 147 154 165 170 191 195 197 199 202 206 209 215 224 231 242 248 251 252 261 262 266 271 280 283 284 286 294 295 297 298 301 302 305 306 320 332 344 345 349 351 354 357 362 373 381 382 383 388 
136 1 133 134 144 146 149 153 154 158 160 161 164 166 168 175 176 177 179 183 184 186 187 188 189 193 195 196 198 199 200 207 210 212 215 216 224 225 226 228 229 233 236 248 249 251 253 254 256 258 260 262 263 268 269 272 274 277 278 281 286 290 296 297 300 302 305 306 309 311 313 320 324 326 328 329 330 331 333 334 335 337 341 345 346 349 350 353 355 361 367 370 372 375 376 377 378 382 388 390 396 
32 140 145 147 152 154 165 173 177 181 186 190 209 215 234 242 260 262 268 294 300 305 321 325 338 367 384 390 392 
137 134 151 203 227 232 238 264 284 308 313 322 331 336 
290 134 135 141 146 153 154 155 158 169 170 176 184 186 187 189 193 195 198 200 204 207 209 214 215 216 218 223 225 226 227 231 236 237 242 244 251 252 255 258 259 262 263 264 268 272 275 276 277 281 285 287 290 291 294 301 311 314 316 322 325 328 330 333 340 349 351 352 356 361 363 365 369 376 378 382 384 388 
81 1 137 145 148 156 159 162 165 168 172 181 185 186 187 191 193 194 197 200 201 202 204 209 219 220 222 224 226 227 229 231 237 240 244 245 248 249 250 252 254 256 258 264 268 271 279 284 288 291 294 295 299 303 307 308 314 317 319 330 331 334 339 347 350 353 356 361 363 364 366 368 371 376 377 383 385 388 392 393 395 396 
70 133 134 138 139 144 156 164 167 169 178 179 185 187 189 191 204 205 207 209 220 222 229 236 243 245 246 256 260 268 269 270 272 273 277 278 286 288 289 291 294 308 313 318 333 336 337 338 340 348 353 355 360 370 377 380 381 383 384 388 394 
127 1 134 141 145 146 154 172 174 177 183 187 190 192 208 219 220 223 226 230 231 234 235 238 239 240 242 244 245 253 255 256 259 260 269 276 282 284 286 287 289 293 299 301 302 303 305 307 312 315 318 324 327 333 334 341 342 344 350 353 359 368 370 374 376 382 396 
259 133 138 146 153 156 163 164 168 180 182 190 194 195 196 199 205 210 214 216 222 231 249 259 261 262 264 275 282 290 291 294 303 305 308 310 314 319 322 336 345 350 351 354 355 361 364 365 378 381 389 394 
217 141 151 157 158 160 163 170 171 174 176 177 199 202 220 227 234 235 238 244 247 249 251 270 280 283 286 289 298 299 307 311 335 336 349 351 355 358 360 364 367 368 380 382 394 
110 133 135 145 150 154 171 172 176 191 192 194 198 204 212 219 221 224 226 227 228 229 232 244 252 258 263 270 279 285 295 299 303 304 307 316 317 318 321 325 326 330 331 334 339 341 344 345 363 366 369 372 373 377 381 382 383 384 385 
260 134 135 136 141 145 146 148 154 155 160 163 168 169 177 181 182 187 190 191 196 199 201 202 207 208 212 214 221 234 241 248 260 268 272 273 275 276 280 284 288 289 290 292 293 295 296 297 299 300 301 302 304 307 310 311 312 313 315 321 322 328 330 333 337 341 347 348 350 351 354 355 356 358 364 367 369 371 372 373 383 384 388 395 396 
11 1 135 140 145 148 155 165 173 175 180 199 205 209 213 225 229 233 235 236 239 242 243 244 248 260 262 267 271 274 276 282 284 286 287 293 300 301 303 304 307 308 322 324 329 334 339 360 363 367 373 374 375 390 
102 177 178 292 317 326 367 
201 184 212 236 266 282 295 367 382 
280 135 140 142 144 151 154 155 157 159 162 164 166 167 169 170 171 183 186 189 190 200 207 211 214 218 219 220 225 232 236 238 241 242 243 244 247 248 252 253 254 255 260 261 268 269 272 274 275 276 278 281 283 286 287 295 299 301 302 306 307 310 313 315 317 321 324 325 327 328 329 331 333 335 337 342 345 350 351 353 359 362 363 364 367 368 369 372 377 378 379 381 384 386 390 
125 136 150 151 154 163 165 171 190 192 195 203 211 213 237 248 251 252 256 257 259 261 272 276 277 278 287 289 291 297 301 307 317 323 324 330 331 334 337 339 342 344 352 364 368 369 378 383 385 388 391 392 396 
96 138 160 172 191 217 224 241 264 278 351 354 367 369 372 376 380 387 
120 135 137 138 139 145 148 149 154 155 156 162 164 166 170 172 173 174 175 176 181 182 183 184 187 193 195 199 200 202 203 212 214 219 222 224 225 230 234 245 247 249 250 252 255 258 259 260 261 266 267 268 270 277 279 281 282 283 284 285 286 287 290 291 296 300 301 307 308 318 321 324 326 329 332 333 340 341 343 344 346 347 348 349 351 353 356 357 358 359 361 362 364 368 376 377 383 384 386 387 388 391 394 395 396 
196 1 136 138 142 143 144 147 148 149 151 157 159 160 169 171 174 177 179 180 182 184 187 188 189 195 198 199 202 204 207 208 210 211 215 219 220 221 223 230 233 234 235 237 241 242 243 245 256 261 262 269 272 277 278 279 286 288 293 294 295 299 301 302 307 308 310 311 313 316 319 321 329 331 332 338 343 344 346 347 348 353 356 362 363 367 369 372 374 381 382 383 384 387 
239 133 134 135 136 137 138 141 143 145 147 150 151 152 156 164 167 169 174 176 177 180 181 184 187 188 189 195 197 202 209 211 214 216 219 221 223 228 231 232 235 236 237 243 245 247 251 253 254 258 259 261 262 265 266 267 268 270 271 272 278 281 282 284 286 287 289 295 296 297 299 304 306 308 309 312 315 316 317 322 323 329 333 334 340 346 353 357 359 360 361 363 369 370 371 372 375 377 378 380 385 386 388 389 395 
26 133 135 136 139 141 142 143 144 146 149 152 160 162 163 165 168 170 171 172 174 176 178 180 182 183 184 187 188 191 195 196 197 199 203 211 216 218 221 226 228 229 231 236 237 238 240 241 247 249 250 251 252 253 254 260 261 264 265 266 268 271 276 277 279 281 292 295 303 309 313 317 319 322 323 326 328 331 336 337 338 342 347 349 350 351 352 353 359 361 362 368 369 372 374 375 376 377 379 380 385 388 394 
82 136 137 139 144 147 151 152 153 158 166 167 169 171 174 176 181 194 197 205 209 214 219 228 231 232 234 244 245 246 253 257 259 260 265 266 267 269 270 271 273 276 278 282 283 289 299 303 304 305 307 310 311 312 320 321 323 325 327 330 335 336 341 343 346 352 357 374 376 390 
264 133 136 142 144 145 148 151 154 156 162 168 170 173 174 177 182 183 185 187 190 191 194 195 203 207 208 209 210 217 220 222 225 226 231 240 241 246 247 255 257 259 269 270 273 274 278 282 283 284 285 292 296 301 302 304 306 307 308 319 320 322 328 329 339 340 341 354 356 363 364 365 368 372 373 375 376 378 382 384 393 394 
269 144 162 175 205 212 242 249 269 274 280 370 372 375 
181 141 147 150 155 158 173 184 187 188 190 192 194 197 205 206 207 208 209 212 219 227 229 234 235 237 239 247 261 262 266 267 278 279 285 287 289 290 293 295 296 303 308 318 321 331 332 333 334 337 347 351 355 357 365 376 382 383 386 389 
181 135 136 140 144 150 154 158 165 166 175 177 179 189 191 193 194 199 204 210 213 218 224 226 234 239 240 243 244 250 259 260 264 266 270 272 280 283 284 291 296 298 299 309 319 321 328 329 331 337 338 340 342 348 352 353 354 377 383 384 
133 133 140 145 151 154 158 160 163 172 175 177 187 188 189 190 192 195 198 199 211 215 223 239 241 245 252 254 263 270 278 279 281 283 286 292 294 301 302 315 322 323 328 366 367 378 380 391 396 
225 326 
99 141 147 148 151 154 156 164 167 170 173 176 177 181 182 187 190 193 197 198 199 200 202 203 204 207 210 211 212 219 220 222 223 225 226 230 235 239 243 244 245 246 249 250 253 254 255 258 262 263 266 267 270 275 276 277 278 279 285 287 290 291 292 293 296 299 309 311 312 317 319 322 326 329 333 334 338 339 340 343 347 348 352 353 357 358 361 367 370 376 379 385 386 389 394 395 396 
233 134 137 138 155 165 166 168 172 173 174 182 192 212 213 223 241 259 274 278 287 290 292 300 308 324 337 342 344 345 369 371 372 377 383 388 396 
198 134 144 153 154 163 168 170 173 177 183 186 188 197 200 204 205 206 208 210 211 214 216 219 227 228 230 231 234 236 238 239 240 242 243 244 249 258 260 261 265 266 276 279 280 281 283 285 290 291 292 295 301 308 309 312 313 316 318 319 321 326 330 332 334 337 350 351 353 354 355 359 360 362 364 367 373 375 379 382 393 394 395 396 
246 149 178 293 315 388 
266 1 134 135 137 139 143 146 147 163 165 167 173 175 176 181 189 193 196 206 209 215 218 219 222 223 224 229 230 238 240 241 242 243 249 250 254 261 265 270 275 276 279 281 283 284 285 291 292 295 299 306 308 312 313 317 318 323 328 332 333 347 348 358 360 361 365 366 376 378 379 386 390 391 392 
52 133 137 140 142 143 149 154 163 165 174 175 176 179 184 186 190 192 200 209 216 220 223 226 228 246 259 260 261 262 267 268 275 276 278 280 287 289 290 292 300 307 308 310 311 312 314 319 321 333 335 348 357 361 364 365 368 379 382 387 392 
237 133 140 146 174 177 179 227 248 249 255 259 276 285 319 321 336 350 
262 134 136 138 140 144 146 152 153 154 159 161 162 164 165 168 174 176 184 185 186 190 192 195 198 199 200 206 211 214 217 221 223 224 226 227 230 235 237 239 243 246 249 254 255 257 258 259 260 261 268 270 271 274 275 277 278 288 289 291 293 309 314 317 325 330 334 337 341 343 348 350 352 355 361 362 364 366 371 375 378 379 381 382 383 387 389 392 395 
241 145 150 177 198 211 223 254 256 261 267 268 313 314 319 326 327 330 336 356 360 369 384 
263 1 140 142 143 144 145 150 153 158 159 162 171 172 173 175 176 180 182 185 186 187 192 195 197 198 202 203 208 209 215 217 221 227 231 232 233 235 236 240 241 242 249 250 261 263 264 267 271 272 277 278 279 280 281 282 283 284 285 287 290 291 292 294 295 299 300 301 303 305 308 309 312 315 318 319 320 321 325 326 327 328 330 334 335 342 345 352 353 357 359 365 369 370 375 377 382 384 386 387 388 390 395 
49 135 142 161 163 174 176 191 210 211 218 224 249 273 277 282 286 297 301 313 314 320 323 337 338 346 348 370 387 390 
278 152 201 267 291 315 342 
197 136 140 141 142 144 145 148 152 154 155 164 166 171 175 177 181 191 194 196 203 207 213 214 217 220 226 230 239 245 253 255 256 258 259 263 264 269 270 272 280 281 288 290 291 298 301 310 311 313 319 330 336 341 342 345 349 355 362 363 377 380 388 392 396 
251 1 133 140 145 153 161 167 175 176 178 179 183 187 189 193 194 195 202 206 209 211 216 221 222 225 242 254 257 258 262 265 269 273 277 278 281 285 291 304 306 307 308 320 327 330 331 333 334 339 344 348 353 354 356 361 366 368 378 380 385 395 
277 135 204 363 382 396 
183 1 135 144 148 152 158 169 182 188 189 190 206 220 238 242 251 273 281 284 289 291 323 334 338 353 357 365 385 391 393 
177 141 143 153 157 189 191 204 206 211 212 214 217 244 245 261 266 281 282 312 318 327 339 351 357 362 372 374 382 387 
227 1 142 145 153 154 161 164 165 175 181 182 194 203 204 205 209 210 216 219 224 243 244 256 262 267 272 273 274 277 280 284 294 296 297 300 303 305 320 323 324 327 328 330 340 343 347 349 352 354 360 371 378 379 392 395 396 
196 133 135 136 140 141 145 146 149 159 160 162 168 174 176 183 190 193 194 195 198 205 207 208 212 218 221 229 230 240 242 243 247 248 252 255 258 260 264 267 271 276 277 283 286 287 290 293 294 296 299 308 310 311 314 316 317 320 324 328 329 331 336 340 346 349 350 358 363 369 374 375 376 380 384 386 389 391 395 
181 137 139 150 152 157 162 169 179 181 191 194 199 202 203 206 207 211 221 230 233 239 258 261 262 269 270 275 276 282 283 287 294 297 300 309 310 319 321 324 326 328 330 334 335 339 341 343 344 345 347 348 352 360 363 366 382 386 
287 138 140 141 158 163 172 188 201 212 213 220 221 227 229 231 232 237 238 250 252 266 272 277 279 282 286 292 300 301 304 320 331 334 338 340 352 353 357 358 361 371 373 381 382 390 391 396 
132 147 165 173 187 189 197 199 201 202 214 227 229 235 239 247 252 257 263 264 268 276 296 308 311 325 333 343 350 362 370 373 388 390 393 395 
95 136 139 141 146 157 159 161 165 168 171 172 173 174 177 180 181 188 192 194 197 199 200 202 205 218 222 227 228 232 235 241 244 247 252 256 257 272 273 275 287 289 291 293 295 296 302 314 322 336 338 339 346 347 354 356 357 360 362 364 365 367 370 392 
140 146 172 324 347 
11 133 142 144 148 151 153 164 165 166 167 168 175 176 181 191 193 199 208 209 213 214 216 219 220 227 235 244 250 259 261 275 276 279 281 286 288 292 295 296 297 302 305 306 310 312 319 322 325 327 330 331 332 333 334 335 337 338 344 351 367 368 372 373 374 376 378 388 390 392 395 
72 1 134 139 140 142 144 149 150 156 158 167 169 171 177 178 183 185 192 193 196 197 198 199 200 203 206 207 209 218 221 224 226 229 232 233 234 236 238 241 247 251 252 255 256 258 266 268 270 271 275 276 279 280 283 299 305 307 308 309 310 315 316 320 322 326 327 328 333 334 337 338 339 341 346 350 351 352 355 356 364 369 383 384 385 387 389 391 
115 135 139 146 149 162 172 187 188 190 191 196 199 202 205 225 227 228 240 250 252 253 259 264 268 273 274 280 281 296 307 309 316 317 320 325 326 331 332 335 339 350 357 361 373 376 377 378 380 383 384 387 392 394 
90 134 136 138 141 143 147 149 151 152 154 156 157 159 161 163 165 168 169 171 177 182 185 186 189 194 197 199 200 204 208 212 213 214 217 220 222 224 225 230 234 236 242 243 247 250 255 256 261 266 270 274 277 279 280 281 283 285 286 290 293 294 296 302 305 309 310 312 314 317 319 320 321 332 335 337 339 342 344 352 355 356 358 360 363 364 368 370 371 374 378 382 390 392 
53 135 138 139 144 146 152 157 159 160 161 163 164 165 166 167 171 172 173 174 185 197 201 203 207 215 219 222 224 228 229 231 234 239 240 242 243 247 251 255 263 264 266 267 268 269 270 272 276 280 282 284 285 287 291 293 294 295 296 297 298 306 307 308 309 315 316 318 325 329 334 338 340 345 347 349 351 355 357 361 363 369 370 371 374 376 378 380 383 384 385 389 
38 134 136 137 139 142 144 146 147 150 159 163 166 169 174 176 177 179 182 183 187 190 191 192 202 203 204 205 209 212 213 214 220 223 224 225 232 234 241 242 243 246 247 248 249 250 251 252 254 257 263 265 267 271 275 277 280 283 284 286 287 288 292 295 297 301 303 304 307 310 312 315 320 322 323 326 327 333 334 335 336 337 339 341 342 344 345 346 347 354 358 364 368 370 372 375 378 381 382 383 384 389 390 393 395 
169 1 133 136 137 138 167 168 190 195 201 212 217 218 222 223 224 229 248 253 271 282 306 311 314 319 326 327 341 359 364 365 376 378 379 380 385 386 390 395 
184 139 144 152 160 189 206 251 266 293 320 334 349 356 364 371 386 394 
191 133 135 139 140 143 147 149 157 167 168 171 173 177 179 180 185 191 193 197 202 204 206 208 209 210 211 213 214 217 218 220 221 225 238 239 240 241 244 251 254 255 256 258 260 262 264 271 274 276 277 278 280 283 284 288 290 294 296 297 311 313 317 327 329 348 350 361 362 365 375 378 385 390 
154 134 138 144 145 148 149 150 154 157 161 162 166 170 171 172 173 174 175 176 178 181 182 183 185 188 189 193 201 203 205 223 224 225 236 242 245 249 251 253 256 257 269 271 272 273 277 283 284 287 291 293 295 297 298 302 303 305 306 308 310 313 315 317 318 320 330 333 338 345 347 353 356 358 359 361 370 376 377 378 383 385 386 389 390 391 395 396 
155 1 138 145 150 157 160 162 170 176 187 194 209 216 224 227 238 250 254 259 260 268 279 288 296 309 315 324 346 357 365 374 377 394 
265 134 136 138 139 143 146 148 151 153 154 162 163 165 167 169 174 175 178 187 193 201 203 212 215 216 217 219 220 222 225 227 228 232 238 241 242 244 245 252 254 259 265 266 277 282 283 284 287 290 292 297 306 309 315 317 332 333 339 343 345 350 351 353 355 364 367 373 374 377 388 389 393 394 
203 1 133 136 140 149 155 156 165 167 173 174 183 184 185 200 204 206 214 225 229 231 232 234 246 257 265 273 279 280 286 292 296 299 309 310 317 320 323 327 329 333 337 338 339 344 347 348 353 354 356 361 366 377 391 
247 134 136 137 139 140 142 144 145 147 148 152 156 157 159 161 166 167 168 169 178 182 183 185 192 197 199 206 210 211 213 214 216 217 219 222 223 225 227 230 231 232 233 234 240 244 245 253 254 258 265 268 272 274 279 281 284 285 286 291 294 295 296 302 303 306 307 308 309 315 318 319 323 324 326 330 333 336 340 341 342 346 347 349 350 351 355 356 360 363 365 367 375 377 387 389 391 393 394 
147 138 142 149 154 155 159 161 163 166 169 172 178 179 180 183 186 191 193 194 197 199 201 205 210 212 215 231 234 235 238 241 246 247 253 254 273 284 288 300 302 304 314 316 324 329 331 339 341 343 345 347 350 351 353 355 357 366 368 373 376 384 387 389 390 394 396 
14 133 136 137 138 139 142 144 145 148 153 155 156 158 165 166 169 171 172 174 179 182 185 186 188 189 190 193 196 200 201 202 204 205 208 214 217 218 221 222 223 225 227 231 236 237 240 242 245 250 251 252 256 258 260 262 265 268 271 275 276 278 280 282 284 285 286 287 292 293 295 296 307 310 312 314 319 322 323 324 326 327 330 332 334 339 344 345 347 351 354 356 357 359 360 361 363 364 369 370 373 374 376 378 381 382 385 391 393 396 
223 133 134 135 136 142 146 149 150 153 158 160 165 173 179 180 183 184 186 188 189 190 191 195 205 206 208 209 213 219 220 224 226 227 233 238 240 245 248 249 252 254 256 257 258 259 262 263 265 273 274 277 279 280 281 283 284 285 286 288 289 292 293 299 301 302 309 310 311 317 318 320 322 327 328 329 334 336 342 349 350 351 356 358 360 361 364 365 370 371 374 375 378 384 385 386 387 389 393 
295 1 134 137 153 168 169 170 175 180 181 196 201 212 214 222 224 228 234 238 239 242 248 260 261 264 270 273 278 279 281 287 290 298 303 309 321 338 344 349 351 353 354 357 360 363 364 370 384 390 392 394 
206 138 140 141 143 144 149 152 155 156 157 162 163 165 166 168 169 173 174 175 180 181 182 183 186 187 188 191 194 196 203 205 206 207 210 214 216 218 221 226 227 235 236 237 242 246 248 249 250 263 268 269 270 273 277 279 280 295 296 300 303 306 307 313 314 316 317 318 319 322 324 325 326 327 332 336 339 345 347 348 354 355 356 357 366 367 375 377 387 388 392 393 395 
27 136 138 139 152 153 154 155 157 158 163 165 169 173 176 193 195 198 201 203 206 217 220 229 231 233 234 236 244 249 250 252 255 258 259 262 265 268 269 270 272 275 276 280 287 299 301 303 309 312 313 316 317 322 324 325 327 329 330 334 338 339 343 346 353 356 357 358 360 362 363 364 365 369 370 372 374 376 390 393 395 
161 133 135 136 137 141 143 145 149 151 155 157 160 161 163 165 166 167 168 169 170 173 175 178 179 181 182 183 187 188 189 190 196 197 200 202 206 207 209 213 215 216 217 219 220 223 225 226 227 229 231 236 237 238 239 243 244 248 252 253 257 260 262 263 268 273 277 278 283 284 289 292 294 295 296 297 301 302 304 305 306 312 315 320 321 323 324 326 332 339 341 347 351 352 353 358 359 361 363 368 369 371 372 378 384 385 388 389 391 393 
218 133 154 170 186 231 250 257 310 320 333 335 350 
281 266 267 270 273 284 296 305 354 
272 149 152 157 160 166 193 214 240 261 281 288 297 306 353 358 361 365 369 373 378 
6 1 134 137 138 143 145 148 151 152 155 156 157 159 160 166 167 172 174 175 176 177 178 179 184 186 188 191 208 211 213 216 217 221 224 227 230 232 236 239 240 241 242 244 246 250 251 252 256 257 260 263 264 265 270 271 273 274 276 277 278 280 287 288 289 290 294 297 302 303 305 306 308 311 313 314 315 318 320 323 325 326 328 329 330 333 335 336 337 338 339 344 346 348 350 352 356 360 362 373 383 387 395 
213 145 149 152 159 165 168 176 183 190 191 192 194 208 210 216 217 222 225 228 233 238 240 243 250 262 264 272 273 278 293 301 302 312 314 319 321 323 324 325 328 339 345 352 363 369 372 373 375 376 378 396 
95 135 136 138 141 142 144 146 150 151 153 154 155 157 161 162 163 164 166 168 171 175 176 177 178 179 180 181 183 188 192 194 198 199 200 201 206 207 209 213 214 217 221 233 235 236 239 241 246 247 248 250 254 258 260 262 263 266 270 275 279 286 294 300 307 308 309 313 314 316 318 322 326 327 331 333 336 337 341 344 345 354 358 363 364 367 372 376 378 379 380 381 384 387 388 389 390 393 396 
11 139 141 147 152 153 154 155 162 164 165 168 169 170 171 172 174 175 178 179 181 182 184 190 196 198 199 204 205 215 217 218 222 226 228 229 237 240 241 247 250 251 253 256 257 259 261 269 270 273 275 278 281 286 288 291 292 294 300 302 305 309 312 313 314 317 318 322 323 325 327 333 334 335 338 339 340 343 347 348 349 350 351 355 356 358 365 366 368 370 372 374 379 380 384 386 390 391 392 394 
96 141 142 148 149 150 154 164 170 172 174 177 183 184 187 188 194 205 208 209 211 213 214 223 226 229 231 234 236 237 238 244 245 246 247 250 255 257 261 263 265 273 276 277 294 296 303 305 310 323 337 339 340 346 351 354 359 362 373 374 376 378 379 380 381 389 391 392 394 396 
41 135 137 139 149 152 155 157 159 161 163 164 166 167 169 172 173 180 184 185 186 190 199 205 206 209 210 211 212 214 215 217 218 219 226 227 228 232 235 239 251 253 257 258 259 268 270 272 276 277 281 283 286 289 293 295 300 301 312 313 319 321 323 325 329 330 346 347 351 352 353 354 358 359 366 370 371 375 376 379 380 383 386 387 392 394 395 
264 138 144 145 146 147 148 152 153 157 160 164 167 175 181 184 185 187 191 192 194 197 198 199 200 201 202 204 210 213 219 221 222 226 231 234 235 236 238 239 240 245 248 262 266 268 269 274 279 286 291 293 294 298 299 301 305 308 310 311 312 316 317 318 319 327 328 340 341 344 350 351 354 355 359 360 362 367 369 370 371 373 376 377 379 382 383 386 393 395 
230 1 133 140 141 142 144 146 147 148 151 152 153 154 156 161 164 168 171 179 181 183 185 186 187 189 197 202 215 223 226 233 234 237 241 242 243 244 249 251 253 255 257 262 264 272 273 274 276 280 282 284 287 291 293 298 301 304 310 311 313 317 320 325 329 330 334 335 336 338 340 341 344 346 347 356 358 363 367 368 372 373 375 379 382 384 388 390 393 394 396 
29 133 134 152 163 164 165 166 173 174 175 176 177 180 185 190 194 195 218 219 223 224 227 232 236 237 246 247 255 257 259 263 265 269 270 286 287 291 294 297 298 299 307 314 320 321 322 323 329 330 335 339 340 341 350 352 361 366 374 380 382 386 389 390 395 
209 1 137 138 142 145 147 148 150 153 154 156 158 162 163 164 166 169 170 171 180 181 183 184 185 186 189 193 195 196 198 203 204 211 213 216 219 222 223 224 227 228 229 232 236 240 242 243 245 248 254 257 258 259 263 268 272 274 278 279 283 285 286 288 292 296 299 304 308 309 318 320 321 323 324 326 335 338 342 345 360 367 371 373 378 380 383 392 394 
45 163 174 182 192 209 210 220 226 275 279 291 313 330 333 335 338 348 349 351 352 357 359 373 376 
37 135 138 141 142 145 149 151 152 154 158 159 162 166 168 169 170 172 173 174 177 181 184 188 189 193 194 197 198 199 201 202 204 208 213 217 218 225 234 239 240 245 249 255 256 259 261 268 269 272 273 275 281 283 285 286 294 295 297 304 307 308 309 311 312 313 315 316 322 323 324 326 329 334 342 345 346 350 351 352 356 369 370 372 373 377 378 379 381 383 384 387 393 
129 138 139 144 146 173 174 181 184 186 192 194 201 207 208 215 217 222 225 239 240 245 248 256 259 260 261 262 273 289 291 302 317 322 324 326 331 342 344 345 350 354 356 358 376 377 387 389 
224 133 175 184 194 200 205 206 207 223 226 241 248 249 253 257 262 274 275 277 290 299 302 305 311 315 317 322 328 330 335 350 358 363 366 380 382 389 390 395 
4 135 139 142 153 158 159 160 162 163 164 165 171 173 175 177 180 183 185 188 189 190 191 192 193 195 199 203 204 206 208 211 212 214 215 216 217 219 220 222 228 230 231 240 244 245 256 257 258 259 261 264 266 267 270 274 275 277 278 281 286 287 289 290 293 299 303 305 306 308 309 316 317 320 331 337 345 347 349 350 352 355 360 363 364 365 372 373 387 390 391 392 
120 142 144 157 159 164 165 170 173 181 189 190 196 200 202 208 214 216 231 244 248 253 254 260 263 279 294 300 301 317 335 351 355 356 369 373 379 
76 145 151 163 164 182 204 220 227 239 263 267 268 270 273 280 284 307 326 338 345 375 391 395 
282 133 134 136 138 143 145 146 147 149 152 153 154 155 158 161 166 168 172 176 178 180 182 183 185 186 191 192 193 194 196 198 203 204 210 213 216 217 219 220 221 223 231 232 240 242 244 249 251 255 259 262 264 266 270 278 286 292 300 301 305 312 317 320 325 327 328 331 334 336 338 340 342 343 344 354 356 359 360 361 368 369 370 376 380 381 389 390 391 
282 144 157 173 180 196 234 243 265 284 293 298 309 325 327 341 346 
178 152 175 185 196 201 211 216 219 226 235 245 249 279 302 310 331 336 350 366 369 
44 133 134 138 145 151 156 165 169 172 175 179 180 190 193 194 200 203 207 208 209 211 212 213 217 219 226 227 228 234 242 249 250 263 265 269 271 274 275 277 278 280 287 288 291 294 297 298 301 302 303 312 318 320 321 323 324 334 336 337 338 339 340 342 350 351 353 356 357 358 360 369 370 371 373 376 382 383 384 
199 145 160 205 283 287 334 
245 140 141 150 152 165 166 168 172 179 180 187 201 206 207 208 209 210 214 215 220 222 223 226 228 247 249 254 260 262 272 285 290 291 305 308 331 335 342 345 349 352 360 366 370 373 381 
52 135 137 139 141 144 146 147 149 153 155 159 160 162 163 169 170 172 175 180 181 182 186 187 188 194 195 196 200 207 216 218 220 221 224 232 234 236 239 245 252 258 263 264 265 268 273 275 279 281 282 290 295 296 297 298 299 306 308 311 314 315 316 319 321 323 324 329 336 345 349 352 354 357 358 360 368 373 375 376 382 386 387 
73 144 145 161 163 186 187 188 196 211 217 220 226 230 247 261 292 305 310 341 343 353 356 367 372 373 387 
204 136 140 141 143 147 150 151 156 158 163 165 168 171 174 176 178 182 183 184 185 187 190 193 199 200 202 204 207 210 212 220 221 222 223 224 232 234 236 237 238 242 243 245 246 249 252 254 255 259 261 262 263 264 265 271 284 287 289 290 292 293 295 298 302 303 304 305 306 310 312 316 327 328 329 335 339 342 346 347 349 352 354 357 359 360 362 364 366 367 368 369 373 375 381 382 386 393 394 
73 1 145 218 221 222 231 241 266 282 285 300 314 330 347 366 367 379 395 
293 133 135 138 139 142 146 151 162 170 172 176 178 185 191 193 196 201 204 205 206 208 211 212 224 225 227 235 236 237 239 240 242 248 249 256 258 263 266 270 271 272 284 288 290 291 292 295 296 298 299 300 303 304 305 307 311 316 318 321 324 325 326 327 334 337 338 344 346 347 348 351 352 353 356 359 361 363 364 365 367 368 370 376 378 381 389 390 391 392 394 396 
62 1 134 138 141 146 153 158 161 164 176 177 184 192 193 196 215 218 226 237 242 244 248 251 255 261 263 268 282 295 306 309 314 320 328 333 347 352 357 367 374 377 385 393 396 
28 134 137 139 142 147 148 151 154 155 157 161 165 167 170 172 175 178 181 187 208 217 218 221 226 234 236 239 240 241 245 253 256 261 266 268 269 270 271 274 276 282 289 295 297 312 318 320 322 327 328 331 332 336 337 338 339 342 348 349 353 359 362 363 364 368 371 374 375 377 385 388 391 393 394 
207 134 138 140 146 149 154 157 161 162 167 170 171 179 180 185 189 195 200 205 207 214 217 219 225 234 235 238 257 264 265 267 271 272 277 278 293 295 296 303 309 310 312 314 316 317 320 321 322 323 329 331 333 338 343 346 352 357 359 364 366 371 372 376 382 384 388 389 390 393 
250 134 141 142 143 145 148 149 160 161 163 172 173 174 176 178 184 189 198 201 204 206 207 208 211 212 213 216 217 220 221 222 223 225 226 227 229 238 239 240 242 243 244 248 251 257 261 262 264 271 272 273 274 277 278 279 287 288 289 291 293 300 307 312 313 314 315 317 319 323 327 331 334 339 340 341 347 351 352 354 357 359 365 367 372 376 379 382 384 385 386 394 395 
201 134 144 146 150 155 156 157 161 165 166 168 170 173 178 179 183 184 190 195 199 212 219 231 233 235 237 247 257 259 260 261 262 264 269 270 272 280 304 310 312 316 319 320 325 326 329 332 335 338 344 345 347 356 358 364 368 370 372 373 374 377 379 381 382 386 388 392 394 396 
46 1 135 136 137 143 144 147 150 152 154 155 156 157 163 164 165 168 172 174 176 184 189 196 197 200 202 203 205 206 208 210 213 219 220 232 236 238 239 241 243 246 247 250 256 259 266 268 269 272 273 274 278 282 287 289 291 294 296 303 305 308 309 311 318 323 325 326 330 331 337 338 344 346 347 348 350 352 360 364 368 370 375 380 383 385 389 392 393 394 
251 180 365 
195 133 136 137 139 141 144 150 153 159 163 166 168 170 171 173 174 178 179 181 182 184 185 186 190 192 194 198 201 204 209 218 219 220 222 226 228 230 234 237 241 242 244 246 248 249 251 256 259 260 262 263 265 268 270 272 273 277 279 281 284 286 288 289 294 297 308 315 316 317 320 325 329 331 334 335 341 343 346 349 350 352 355 356 357 362 363 369 373 374 375 377 379 380 381 383 386 390 392 394 395 396 
109 1 133 141 148 156 197 223 257 278 289 313 359 366 370 382 
139 137 141 143 145 146 171 178 184 185 202 209 210 211 222 232 241 244 245 251 252 261 278 280 282 293 298 301 307 325 334 354 362 367 377 394 
263 136 138 141 143 150 153 155 158 163 164 165 177 180 184 188 190 193 194 198 204 207 210 212 215 226 229 232 233 239 244 252 253 260 261 266 269 270 273 274 278 282 286 288 289 290 291 292 293 298 300 301 303 305 309 310 311 313 315 318 319 321 322 325 343 351 354 358 365 368 370 371 372 375 376 377 383 384 389 393 395 
219 133 141 145 146 147 148 155 156 157 162 165 169 174 175 176 177 179 180 181 185 188 191 192 194 195 196 200 203 208 210 214 216 217 218 220 221 225 227 228 229 237 239 242 245 247 248 249 250 253 258 261 265 266 267 268 269 273 276 281 283 287 288 292 293 295 297 302 305 310 315 317 320 321 323 325 331 336 337 339 344 347 349 352 355 357 359 362 364 370 373 374 376 381 382 387 388 393 396 
200 134 136 138 142 144 145 147 150 151 152 153 156 158 160 163 165 168 174 175 177 183 184 186 190 194 197 198 200 201 204 207 214 221 222 224 228 231 232 237 238 241 242 244 245 248 250 252 257 259 261 265 270 271 272 273 277 281 283 284 286 293 298 303 311 313 314 315 318 322 324 333 336 337 339 340 341 345 348 350 353 357 358 360 376 380 381 383 389 391 394 
15 133 140 141 142 143 145 146 155 169 182 190 191 193 204 205 208 210 211 217 224 229 233 235 242 245 248 249 255 262 267 270 272 277 282 284 291 294 295 302 305 312 318 320 321 323 325 328 331 332 334 335 336 337 339 345 349 350 355 362 363 372 380 385 389 394 
265 133 134 154 156 163 170 175 177 185 202 236 238 249 252 253 254 255 262 268 270 272 277 285 292 320 325 341 352 354 362 363 371 380 392 
247 134 140 150 160 171 178 186 189 210 211 213 214 223 230 256 258 271 276 281 282 306 310 311 315 326 332 333 336 349 381 386 388 
288 136 139 140 141 145 146 148 149 154 156 157 159 160 161 165 175 179 180 183 186 188 193 194 195 197 200 202 204 205 207 208 211 214 216 217 218 223 230 231 234 240 241 242 243 246 248 249 250 253 256 258 263 264 265 267 270 271 276 278 280 283 285 286 290 292 294 297 298 300 303 310 314 316 317 320 325 330 333 338 339 341 344 346 347 348 349 350 352 353 360 363 365 368 369 373 375 376 377 378 383 387 388 390 392 393 395 396 
269 134 145 149 157 160 161 163 167 179 182 185 191 206 209 220 222 231 235 247 267 272 296 302 307 313 322 328 334 345 357 362 364 370 386 389 
8 136 141 149 153 155 159 160 161 166 168 170 172 173 174 175 178 181 182 184 188 190 191 196 197 199 203 209 210 211 215 217 218 219 220 224 225 226 228 229 230 232 237 239 241 243 246 247 248 251 252 254 256 259 260 261 266 269 275 276 277 278 281 282 286 287 288 292 293 296 297 304 313 315 317 318 321 322 331 333 345 347 352 353 357 360 363 366 371 372 374 375 380 384 386 388 391 393 394 395 396 
109 159 173 181 189 204 211 214 217 230 236 237 239 241 248 254 261 266 279 286 295 296 298 300 304 307 309 319 321 328 337 344 356 358 379 395 
199 135 137 138 144 147 156 160 164 165 169 174 179 181 185 197 203 215 219 220 226 233 234 245 248 263 269 270 277 280 283 299 305 311 318 319 328 329 335 342 351 356 358 361 365 370 371 374 
50 1 133 148 149 155 156 159 163 164 166 168 170 172 173 174 176 177 178 182 183 189 195 202 204 207 208 212 215 219 221 222 223 224 230 233 234 235 236 237 238 239 240 245 248 251 253 258 260 265 269 270 273 277 278 281 282 283 284 287 291 292 293 297 302 307 308 310 311 312 316 322 323 324 327 329 331 342 347 348 355 356 361 364 365 368 372 373 376 377 381 382 385 388 389 392 393 
234 134 137 141 152 160 161 162 165 168 169 172 176 178 180 184 185 195 199 208 209 212 215 217 222 223 240 247 253 254 258 261 263 264 274 279 280 284 285 287 292 298 311 319 320 321 322 329 340 342 347 350 353 357 359 361 363 365 368 372 375 377 385 388 395 
107 134 136 138 139 142 144 152 154 155 158 159 161 164 165 167 169 170 171 178 185 192 193 196 199 200 206 207 208 212 213 216 217 219 220 222 224 228 230 235 237 238 241 247 250 252 264 269 270 273 276 281 283 284 285 291 294 295 296 302 304 306 307 309 310 311 314 317 322 325 336 338 340 344 347 352 353 355 358 362 363 367 368 371 372 373 376 381 383 385 387 
5 143 144 146 150 155 156 161 162 170 172 173 177 181 184 190 195 196 199 202 205 207 208 210 213 217 220 222 231 232 235 236 239 243 246 247 248 253 255 259 261 262 266 268 271 272 273 276 278 279 283 284 285 288 289 291 294 295 296 299 300 307 309 314 315 316 323 325 326 327 329 338 342 343 349 350 351 357 358 361 362 366 369 371 373 382 383 385 386 387 390 391 
152 1 133 134 137 138 144 145 146 153 155 160 162 168 169 170 173 174 176 189 191 196 199 200 202 209 211 212 213 216 219 224 225 229 232 236 237 239 242 244 245 246 247 251 252 253 254 262 264 265 270 271 273 274 282 286 287 296 301 303 313 315 320 324 329 330 334 336 339 341 345 346 352 353 357 363 365 368 372 373 378 383 384 391 393 394 
262 138 147 148 154 155 156 160 164 166 170 175 176 177 179 190 195 198 200 201 203 205 207 209 210 212 214 216 222 224 225 229 230 233 234 238 242 249 250 254 255 260 261 264 269 270 276 277 278 280 281 284 286 287 288 291 292 293 298 299 302 304 305 307 316 320 321 322 324 326 327 328 338 340 342 344 345 348 350 351 352 353 358 359 361 362 363 369 370 371 373 375 376 377 379 380 388 389 394 395 
46 136 145 164 290 
129 133 135 138 144 152 153 170 173 175 176 177 178 209 212 214 215 223 228 234 237 240 266 273 281 288 302 303 305 306 330 353 372 373 392 395 
76 136 137 139 151 153 157 161 167 181 188 198 200 207 211 212 213 215 219 225 227 230 234 241 243 260 265 269 270 279 281 285 295 302 303 308 312 314 316 321 324 325 329 330 334 337 345 351 354 356 360 363 364 373 390 394 
241 148 152 155 165 170 305 368 370 391 394 
261 1 142 143 146 147 159 161 163 164 166 168 170 172 178 182 185 187 189 190 194 197 198 202 208 209 217 222 224 225 227 231 236 239 240 241 242 247 248 249 250 251 254 255 256 260 267 269 273 281 283 287 290 291 293 295 299 301 305 307 308 309 310 313 314 318 323 327 339 342 343 344 348 349 350 351 355 357 358 363 366 373 374 375 376 381 384 390 392 396 
178 141 142 144 149 150 151 157 158 165 170 171 175 178 188 205 207 208 210 215 216 220 227 233 238 239 251 255 258 261 262 263 265 266 271 290 293 296 302 304 307 330 336 338 342 351 352 354 360 361 367 369 371 377 
231 133 137 143 146 163 173 209 238 240 242 247 257 269 274 275 277 281 282 289 296 311 316 319 322 326 339 353 373 378 381 390 396 
35 136 138 143 146 147 149 150 155 161 170 174 178 184 186 191 193 201 204 212 213 215 216 220 225 226 228 233 234 235 236 238 240 243 246 247 248 250 262 263 265 266 267 268 278 284 289 295 302 307 309 315 319 337 340 343 350 353 356 357 358 360 368 369 372 375 383 384 385 386 390 393 395 
151 135 136 140 141 142 143 146 148 149 153 165 166 168 171 174 178 179 183 185 187 188 189 193 195 201 204 207 208 210 218 224 233 234 237 239 242 244 251 252 256 257 260 267 268 271 272 276 277 283 285 292 295 300 301 305 309 311 313 315 316 320 323 325 331 334 335 336 338 344 353 358 359 360 362 366 368 369 371 373 374 377 380 383 385 386 387 393 394 
270 162 164 165 186 187 193 197 198 204 216 218 220 231 245 265 267 275 293 296 310 312 317 319 324 325 329 342 355 357 391 396 
299 133 135 145 146 148 149 155 160 163 166 171 172 173 174 175 179 180 183 184 186 191 194 195 199 201 203 205 208 211 212 216 218 219 225 229 231 233 235 240 242 247 254 257 258 264 266 267 268 270 271 272 274 276 277 280 283 285 286 294 296 298 300 302 304 307 310 311 315 316 320 321 322 323 328 333 336 337 339 344 347 348 349 351 353 354 355 356 357 358 359 368 372 374 376 383 386 389 391 392 393 394 
144 136 137 142 151 152 156 159 163 165 166 167 168 169 171 172 181 182 183 184 185 186 187 190 192 195 198 201 204 209 211 219 224 225 228 229 230 234 241 242 245 246 247 249 250 252 256 259 261 264 265 267 268 271 272 274 276 278 279 280 283 286 289 290 296 299 304 305 306 309 311 318 322 336 339 348 349 352 353 361 362 363 365 369 370 371 372 375 379 380 383 389 392 394 
192 1 138 141 142 143 146 152 154 156 160 161 170 172 174 176 185 194 196 198 202 207 212 216 219 223 243 247 250 251 255 267 269 277 278 281 284 293 294 301 302 304 307 311 313 326 329 330 334 335 342 346 347 349 351 360 361 369 371 372 383 386 395 
42 1 134 135 136 139 147 148 149 155 156 160 163 165 166 169 173 174 176 177 180 182 184 189 191 192 195 207 211 215 218 220 221 223 224 227 231 236 239 246 248 254 255 262 270 271 274 283 288 289 300 302 304 305 308 309 310 312 313 316 320 326 327 328 333 334 337 341 343 346 350 351 359 363 365 366 371 373 380 381 382 387 391 394 
68 133 134 135 136 137 139 144 145 148 152 153 154 155 157 164 170 173 177 180 182 184 185 186 188 191 194 195 197 198 199 203 210 214 215 217 221 226 233 234 237 239 241 242 245 249 251 252 253 254 256 259 261 262 263 267 269 272 275 277 278 279 280 282 285 289 296 301 304 305 307 310 311 314 319 321 325 327 328 329 330 341 345 347 351 354 357 358 360 365 368 369 380 382 383 385 389 390 391 393 
299 136 137 139 143 146 148 155 157 158 170 173 178 183 190 191 192 194 196 198 206 208 215 224 234 239 245 247 250 252 256 257 260 261 264 271 275 278 291 295 299 304 305 306 308 309 311 317 322 327 330 334 336 337 340 343 345 350 357 367 370 372 383 384 390 
279 140 145 147 158 160 166 170 177 187 190 192 198 201 202 210 216 222 225 226 227 240 249 251 256 257 258 261 266 270 272 274 275 295 305 306 321 327 331 333 336 344 349 352 359 360 368 372 378 388 390 
274 135 136 138 141 149 151 154 156 157 159 162 163 167 169 173 174 176 183 189 195 198 206 209 211 214 215 221 222 228 229 231 238 241 247 249 251 253 256 259 266 269 270 273 275 282 284 285 286 287 291 307 308 310 314 321 324 334 335 338 349 350 353 354 355 359 369 371 386 389 391 393 394 
225 133 134 137 138 139 152 153 156 162 167 169 170 171 173 186 188 190 192 193 196 201 204 205 207 216 217 221 224 226 227 230 232 238 242 243 244 246 247 248 249 250 252 253 254 256 258 259 260 261 262 263 266 273 275 283 285 286 288 290 291 299 302 304 313 314 318 325 326 327 329 332 336 344 345 346 349 354 356 368 371 372 376 382 390 393 395 
48 144 147 151 152 157 168 188 191 201 206 207 208 209 211 213 219 235 249 259 264 272 273 274 275 277 285 297 314 322 334 337 342 346 350 368 375 380 388 
68 136 138 143 153 156 168 172 178 182 186 195 207 208 212 214 216 219 222 223 227 228 229 231 235 244 248 252 255 264 265 267 278 284 290 292 295 316 323 331 339 342 346 355 360 362 367 382 386 390 393 
258 134 144 152 161 163 165 168 169 178 181 183 188 196 197 198 202 203 206 210 214 216 223 225 231 235 240 249 250 251 257 261 262 264 265 270 284 285 288 294 296 304 306 312 313 322 330 338 343 344 346 347 352 358 360 363 366 370 374 375 378 384 388 389 396 
234 1 135 137 140 142 147 149 151 152 153 154 156 158 159 168 169 178 180 183 184 185 186 187 188 190 196 198 203 213 215 217 218 219 221 228 234 237 244 245 259 261 271 273 274 275 279 282 284 287 288 289 293 297 303 307 310 313 316 319 324 325 326 331 337 345 346 348 360 366 368 369 370 371 374 378 382 383 387 388 389 394 
61 137 151 160 166 184 194 195 199 203 208 209 215 216 217 224 227 230 233 235 243 258 260 261 266 271 274 288 290 291 301 310 311 312 319 329 334 336 337 350 360 376 378 387 392 396 
71 137 138 140 143 157 167 170 182 185 197 203 205 213 219 229 239 240 241 242 264 272 279 283 284 292 308 311 313 316 318 331 335 337 339 351 352 362 369 377 378 
291 164 172 181 213 216 247 248 263 267 278 283 289 294 329 334 337 354 364 391 392 395 
212 134 136 138 141 144 150 152 153 155 158 160 164 168 170 174 177 178 183 184 188 189 190 192 193 194 195 198 199 202 207 213 221 227 230 233 234 240 241 242 244 248 251 253 263 265 268 270 274 276 278 284 287 294 297 298 300 303 308 314 319 321 325 326 331 335 342 348 349 351 354 358 362 365 369 383 386 391 394 395 
269 135 137 139 140 145 149 152 153 154 157 158 160 163 167 168 171 173 177 180 181 186 193 194 197 201 202 214 215 216 223 234 236 238 240 242 243 244 252 254 256 263 265 271 274 277 279 280 284 286 293 297 299 305 306 309 310 313 315 316 318 329 334 336 338 339 342 347 350 362 363 365 366 376 382 386 387 389 393 
9 140 143 159 161 163 166 182 188 193 197 210 229 243 249 255 256 257 269 272 281 284 288 290 315 325 327 330 344 355 358 369 376 
294 1 135 137 138 140 144 146 150 156 158 165 166 167 168 169 172 173 174 175 177 181 182 188 190 191 194 195 199 203 208 214 221 236 240 246 250 253 261 262 264 265 270 271 273 275 284 290 294 296 297 298 299 301 308 318 320 323 330 333 335 348 350 354 362 363 367 368 374 380 381 383 387 388 391 395 
90 133 135 138 139 140 141 144 145 147 151 155 164 165 166 170 175 179 180 181 182 185 186 189 190 191 192 199 200 201 206 212 219 221 223 228 230 233 236 241 242 247 253 254 255 263 273 274 278 282 283 287 292 293 294 298 300 303 304 309 311 312 313 314 318 319 320 321 322 324 326 327 329 332 336 337 339 343 344 346 350 352 354 355 356 359 361 367 370 372 373 375 379 380 381 384 387 393 
104 134 142 150 152 154 155 157 167 171 172 176 183 186 195 206 211 216 224 227 228 236 245 251 256 264 270 271 276 278 284 285 286 296 299 307 308 310 314 315 316 320 323 328 336 338 355 356 362 365 382 388 389 
38 1 136 145 147 149 150 156 159 161 167 169 172 174 175 177 179 183 184 185 191 195 198 201 202 203 205 206 208 209 211 215 216 217 221 222 223 226 228 229 231 232 237 240 247 248 253 254 255 259 260 262 263 264 274 280 284 286 287 290 291 292 295 296 304 305 312 323 325 327 329 330 332 338 340 343 344 346 348 352 356 360 361 365 369 371 373 384 386 395 
274 133 134 149 155 159 163 164 173 174 176 177 188 200 201 205 209 210 211 213 216 218 219 223 237 244 248 250 251 254 258 259 260 264 267 269 272 274 277 278 282 285 289 290 294 306 311 326 329 335 338 339 346 351 354 357 358 361 367 369 372 374 375 377 381 382 384 385 387 392 394 
120 144 150 164 166 170 174 200 208 209 218 242 263 299 302 319 326 342 349 358 360 373 388 389 
2 134 135 140 143 144 146 149 153 155 158 160 163 164 166 174 176 179 180 181 182 188 192 193 194 197 198 200 205 213 214 217 218 219 223 225 227 229 232 235 239 240 241 242 243 245 247 252 254 256 259 265 269 271 272 276 277 281 282 284 287 290 291 296 299 302 304 308 313 316 318 319 320 322 323 327 331 335 336 342 344 346 348 350 351 353 357 358 359 360 361 365 370 371 373 376 377 383 384 385 389 395 
33 133 135 202 204 231 234 236 245 296 318 352 373 393 
143 136 137 139 140 142 143 145 149 151 152 153 155 159 160 162 165 167 169 171 172 175 179 180 186 194 196 198 200 206 207 211 213 218 220 223 227 233 234 236 245 247 248 249 251 253 256 260 262 264 268 271 273 274 276 277 278 280 282 284 286 288 290 291 295 296 299 303 313 317 323 324 326 327 331 334 335 338 339 341 344 346 348 349 351 353 357 359 365 366 367 375 385 388 389 390 394 395 
269 140 143 156 157 171 186 189 192 202 212 233 238 239 241 252 258 279 285 286 303 315 324 325 337 340 368 374 380 387 391 392 
83 135 139 140 142 143 147 148 158 159 161 162 164 165 167 170 172 173 174 175 177 185 187 190 194 197 200 201 204 205 206 210 213 215 217 218 220 222 229 230 231 234 240 243 246 247 255 259 261 265 266 267 269 272 274 276 277 280 282 283 284 287 291 296 304 311 312 314 317 318 321 323 325 326 330 332 333 334 335 339 340 343 345 357 360 364 365 366 369 373 376 380 382 383 384 385 389 392 393 
49 162 198 283 
143 133 135 139 140 143 149 153 154 159 161 164 167 174 175 179 186 190 191 198 199 200 204 213 217 218 219 223 226 230 233 236 241 244 245 247 249 251 253 256 264 267 271 274 284 287 289 296 299 301 302 312 313 314 315 317 319 321 325 327 328 330 332 333 339 344 345 347 353 361 367 371 375 378 386 
188 141 147 148 150 158 159 171 172 173 186 191 200 203 209 210 213 221 242 245 255 261 265 266 268 269 281 285 287 289 294 295 296 313 318 320 327 330 332 334 340 346 347 351 354 355 367 370 388 394 
283 1 133 134 137 143 151 152 153 154 161 163 164 167 171 173 180 181 182 187 188 192 194 198 201 203 207 209 211 213 218 220 227 230 231 236 241 246 247 256 261 262 263 270 276 278 279 282 285 287 288 290 291 292 293 296 299 305 306 318 321 322 327 328 337 338 340 351 353 354 357 364 373 384 387 394 
55 133 138 139 143 144 153 154 155 156 168 171 176 178 184 187 192 193 194 195 201 205 206 208 209 210 211 212 214 215 216 222 224 225 228 231 234 235 239 244 246 249 252 253 260 263 267 269 273 274 276 278 281 282 289 291 292 294 296 297 301 303 307 308 315 317 321 325 329 330 334 337 338 343 347 351 355 364 366 368 371 374 375 379 384 386 387 388 389 393 395 396 
129 133 136 138 148 152 153 159 161 162 163 166 169 170 172 174 177 181 184 187 193 198 199 204 214 222 223 224 227 230 231 233 238 239 241 252 253 254 257 258 261 264 265 268 269 273 282 283 295 297 299 300 306 307 310 316 318 321 326 329 330 338 344 347 353 354 362 366 368 369 371 373 374 376 379 382 393 394 
96 134 136 137 139 148 150 157 158 161 165 167 168 169 170 175 181 183 189 192 195 209 211 215 225 227 228 231 232 235 238 246 247 248 259 268 270 275 279 289 292 294 295 296 299 306 308 309 319 321 323 328 330 331 333 335 337 340 341 344 345 349 351 352 353 356 358 362 364 365 366 371 378 379 380 383 384 385 389 392 
130 135 151 190 197 201 224 238 276 297 301 314 319 322 341 357 379 
292 147 152 160 197 206 209 231 239 243 248 250 254 258 280 306 313 325 359 362 363 366 367 383 386 
67 133 143 165 166 198 203 207 210 223 235 236 240 253 262 264 267 293 319 320 346 364 365 366 
96 135 136 138 145 146 147 152 157 163 166 177 181 189 192 193 194 203 208 212 215 216 218 221 227 229 230 234 235 239 241 244 246 253 255 256 260 261 263 264 269 271 275 276 287 288 292 295 296 299 306 307 308 309 310 311 313 316 319 325 330 332 333 344 345 347 349 350 353 356 372 375 377 381 385 386 387 392 396 
220 144 160 239 249 304 365 374 379 392 
234 1 156 157 158 162 163 165 173 178 186 187 201 203 208 210 212 219 225 228 234 235 245 248 257 261 267 269 270 271 273 285 286 288 289 291 293 299 306 320 323 326 332 333 335 336 341 343 345 347 348 350 352 355 360 366 375 379 381 382 385 387 389 391 
10 154 159 166 175 205 208 215 217 219 257 272 280 290 336 339 356 362 366 372 384 395 
292 143 149 152 155 157 162 163 169 174 175 178 182 186 189 191 201 207 210 215 221 227 231 235 241 243 251 255 261 262 268 274 275 277 282 284 285 287 289 293 297 299 301 303 304 305 313 314 319 322 327 330 332 333 335 343 356 363 375 376 377 378 379 381 382 385 387 392 
149 1 133 135 145 147 148 154 156 161 166 168 169 170 171 173 174 176 179 181 182 183 186 190 191 196 198 201 203 204 206 209 210 216 219 224 226 227 229 230 234 237 240 247 248 249 254 259 265 266 273 277 284 285 289 295 302 305 308 310 311 319 320 323 324 329 331 336 338 339 341 346 347 354 355 356 360 364 374 376 377 381 385 387 389 
285 134 138 146 148 151 152 153 155 161 162 172 177 182 191 195 197 200 214 215 220 232 233 243 255 265 274 275 277 280 282 289 297 304 308 314 321 326 330 333 336 339 342 345 349 357 358 360 361 362 368 370 375 377 384 385 387 389 390 392 393 
108 147 148 184 258 284 362 373 378 
141 144 156 158 165 197 223 225 255 261 270 274 276 277 285 289 295 303 337 343 351 360 365 376 384 
207 1 138 143 151 152 163 168 170 174 183 185 193 196 197 200 207 209 212 218 229 236 261 263 264 267 269 270 272 275 283 297 311 315 318 323 325 342 345 353 354 355 359 364 365 367 371 372 377 379 380 387 390 391 
128 138 140 143 145 151 153 154 160 161 164 165 168 173 174 178 179 182 183 186 189 190 191 193 197 198 202 203 206 211 216 217 222 227 230 234 236 241 242 246 247 255 263 264 266 269 274 279 280 281 283 286 288 291 292 293 300 302 303 305 311 313 320 321 323 324 330 331 333 334 336 337 339 341 342 343 344 346 347 361 371 373 379 380 382 385 387 388 391 393 394 396 
296 134 135 140 143 144 145 148 150 151 160 162 164 167 170 171 173 177 178 180 184 201 206 211 212 214 215 217 220 225 229 230 242 254 256 257 260 263 270 278 279 281 282 286 287 288 290 291 293 296 300 302 308 311 314 316 320 323 325 333 338 341 345 348 349 350 351 352 356 359 367 368 370 372 376 380 381 386 388 391 395 396 
35 133 134 136 138 142 146 148 154 155 156 159 160 164 166 167 170 172 175 176 179 180 183 184 187 192 203 206 211 216 217 218 220 222 226 227 228 231 232 233 234 235 244 245 246 261 267 269 270 274 277 282 287 289 290 294 295 299 300 301 302 303 304 305 306 308 310 311 315 316 317 318 319 324 328 333 335 339 340 347 348 349 363 365 370 373 375 380 381 382 383 388 389 390 396 
217 135 138 139 145 147 151 152 153 155 157 158 164 168 169 170 178 182 183 184 186 188 190 192 193 195 197 203 206 207 209 215 220 222 223 231 234 239 241 245 264 266 269 270 273 277 278 280 281 282 284 287 289 292 294 295 297 298 301 302 309 312 318 322 334 337 338 340 341 342 343 345 349 358 359 361 362 363 365 367 369 372 378 381 386 388 389 393 395 
181 191 127 55 130 18 282 278 124 162 118 120 219 143 34 124 251 96 268 77 187 41 190 7 164 168 27 262 237 145 45 213 91 181 229 17 299 263 9 230 236 243 170 59 28 115 175 139 151 275 20 131 219 117 283 129 206 156 135 233 185 154 205 242 200 211 23 257 204 239 105 256 201 155 272 219 73 30 233 256 95 209 135 119 256 137 298 150 108 272 196 171 266 93 78 259 182 213 273 16 1 285 261 18 216 285 153 237 69 136 200 262 141 177 293 193 88 256 106 148 134 26 153 31 74 136 54 70 107 293 188 187 291 107 271 109 295 258 38 199 254 79 26 110 198 126 143 72 272 41 248 285 235 76 83 292 28 284 222 135 288 180 67 54 35 99 220 22 72 237 119 159 188 61 226 94 36 88 7 157 69 34 110 54 105 100 131 216 225 180 130 150 34 104 221 107 35 34 194 109 57 203 18 104 93 265 32 38 114 271 270 121 19 272 137 123 258 254 222 66 267 216 159 58 279 278 41 280 273 141 265 96 13 139 294 190 13 134 205 75 82 150 217 221 238 286 293 131 56 265 136 222 142 128 120 140 136 101 48 289 59 37 295 37 15 130 118 220 236 221 36 149 238 247 297 249 153 212 257 166 178 281 62 7 132 163 165 184 100 229 180 26 163 28 83 131 292 154 68 260 53 148 125 248 128 231 158 242 104 260 247 193 28 82 270 68 139 109 7 191 196 15 50 237 101 300 33 122 103 45 122 48 171 71 111 137 280 245 300 169 268 69 4 133 115 180 112 15 31 125 25 143 278 195 45 248 300 208 296 164 210 206 110 59 209 72 210 290 207 258 276 294 122 184 204 40 51 35 282 1 261 241 89 83 164 134 135 63 300 247 168 157 107 147 60 260 
