266 399
149 159 187 191 195 204 209 213 214 217 220 239 262 273 280 324 327 335 345 349 359 364 397 
254 135 138 139 141 142 143 146 152 155 157 159 160 165 166 169 170 171 172 173 176 180 186 188 189 190 203 206 210 211 212 218 221 223 230 231 232 234 235 238 239 242 243 254 256 258 264 271 272 276 278 281 286 289 294 301 305 308 314 317 319 322 327 328 333 337 339 340 345 347 355 361 364 368 371 375 378 385 391 394 
189 140 145 150 153 163 169 181 190 207 216 220 221 229 230 242 244 247 249 258 261 272 296 303 306 310 311 313 314 322 329 331 333 336 343 348 352 357 358 382 387 394 
119 135 136 139 140 141 144 146 147 154 155 157 163 165 169 170 171 172 175 177 190 193 197 202 204 208 210 211 219 229 230 236 238 244 245 247 250 251 255 256 257 259 263 264 268 274 275 277 280 281 282 284 286 294 302 308 309 313 314 316 318 319 324 325 334 336 338 340 343 345 352 353 360 362 364 365 367 369 372 374 375 376 381 383 385 386 390 393 395 
253 134 135 136 143 145 147 149 152 155 158 163 164 165 166 168 169 170 172 173 175 177 178 180 183 186 189 190 192 195 200 204 206 214 220 221 224 234 235 237 240 241 246 247 248 249 250 251 257 258 259 260 261 266 267 268 271 277 278 279 280 281 283 284 286 289 290 292 293 294 297 299 308 316 325 327 328 331 335 336 338 341 343 357 360 366 367 368 370 374 377 384 388 390 393 397 
202 138 139 140 144 145 149 150 155 157 158 160 162 168 173 174 177 178 189 191 194 195 197 203 206 210 214 216 220 225 227 228 233 235 240 241 243 245 258 259 260 261 262 263 265 268 271 273 277 283 286 287 288 306 307 309 313 314 315 316 319 320 321 322 327 329 332 336 338 339 340 342 349 350 354 355 356 357 359 362 364 365 367 368 369 371 374 381 387 388 389 391 394 398 
32 1 134 136 137 140 144 146 148 152 158 159 163 168 172 174 179 183 185 186 188 189 199 207 208 213 215 217 219 220 227 230 233 235 236 239 242 246 248 251 252 254 255 260 262 264 269 270 275 280 283 284 285 286 287 288 290 292 294 296 302 303 307 319 320 323 325 329 330 331 334 336 338 339 342 345 347 348 352 353 360 363 364 369 373 375 378 384 388 389 390 391 396 397 398 
40 134 135 136 137 138 139 146 149 150 151 156 157 161 162 165 167 168 171 172 175 176 180 181 184 188 194 196 197 200 202 203 205 208 209 216 218 220 227 228 229 233 234 235 236 237 242 246 247 252 256 258 262 265 271 272 279 282 290 295 298 299 303 312 316 318 330 331 332 335 336 337 344 345 348 350 355 356 358 359 364 371 380 381 382 385 386 388 389 390 392 395 
164 135 138 140 146 161 163 165 167 171 172 190 193 200 201 210 225 233 247 250 257 258 271 283 287 303 309 311 315 316 326 333 346 356 367 383 387 399 
278 142 160 161 163 175 178 180 187 192 196 217 229 233 236 237 243 244 246 258 265 271 273 282 288 305 316 319 324 337 338 340 372 377 382 384 392 393 396 398 
57 135 138 142 148 149 158 162 167 170 179 197 198 199 201 204 211 213 218 220 223 231 250 254 256 271 280 282 286 291 295 298 310 311 312 317 318 338 351 368 383 386 392 398 
214 219 225 252 263 316 364 371 387 
295 146 154 182 194 204 205 212 232 264 291 314 353 368 396 399 
96 1 134 135 144 145 148 153 156 159 160 161 162 166 168 173 176 177 184 187 190 194 197 209 210 211 214 220 221 225 234 237 241 243 244 245 248 249 258 260 264 266 268 271 273 277 278 293 294 295 296 301 305 306 309 311 314 320 326 333 334 336 341 350 351 355 359 360 367 368 370 371 373 375 376 379 382 387 390 391 393 398 399 
33 1 136 139 140 142 144 146 148 150 153 159 164 174 177 185 190 192 195 196 197 199 200 205 206 208 209 212 213 214 216 219 227 228 230 232 234 239 241 246 249 260 261 265 266 267 270 272 274 280 284 285 288 292 293 295 302 307 315 321 323 326 327 328 329 330 335 352 353 356 361 364 367 373 375 379 392 393 394 397 399 
160 1 137 141 147 152 154 156 157 165 167 170 179 186 190 194 195 196 198 202 205 211 217 220 221 222 223 225 226 229 232 233 234 235 236 237 239 240 244 251 255 259 263 264 265 266 273 276 277 278 279 284 290 294 297 298 301 302 310 311 315 320 322 329 330 334 336 338 340 344 345 347 351 356 360 362 367 368 369 371 373 374 377 381 383 387 388 389 392 393 397 398 399 
255 134 141 144 147 151 155 156 166 172 173 175 177 178 179 182 184 185 186 187 196 197 204 207 208 210 226 230 233 234 235 240 247 249 251 260 269 275 276 277 285 286 287 289 290 292 300 307 310 317 320 323 327 328 330 334 339 342 350 356 357 360 361 373 381 382 383 385 394 395 
71 140 144 145 146 147 149 150 151 155 159 161 162 164 168 170 173 181 184 185 187 188 190 191 192 196 197 205 207 210 212 213 214 217 219 221 223 225 226 230 231 232 233 235 238 241 245 246 250 251 256 258 260 262 263 264 267 269 270 276 277 278 279 280 284 285 286 293 295 297 298 303 304 305 307 309 311 314 322 323 327 328 330 332 333 334 337 338 340 342 343 344 345 346 348 349 351 353 356 358 359 364 365 374 378 379 381 385 389 390 391 392 393 397 
153 135 140 144 159 162 182 188 191 192 195 208 210 217 219 221 222 223 224 234 235 238 241 253 255 256 270 273 282 283 285 289 295 298 299 308 309 320 326 332 342 354 361 362 365 366 370 374 376 378 381 386 388 389 390 392 
62 139 179 195 206 231 232 235 258 267 269 276 279 280 292 299 301 308 312 314 317 358 
288 138 139 143 144 146 149 158 163 170 172 174 175 178 179 183 185 188 191 193 195 196 198 202 204 208 210 214 216 217 218 221 224 225 231 233 241 254 259 260 261 263 265 266 268 271 275 276 277 281 284 285 287 289 291 297 300 301 311 316 317 318 326 330 340 344 349 351 357 358 359 360 365 369 374 376 381 388 390 392 393 395 
158 1 135 140 141 142 143 147 149 151 154 155 169 172 181 191 194 195 196 197 201 205 207 209 210 211 212 214 217 222 223 226 227 228 231 233 236 237 242 244 251 253 254 255 256 258 259 267 268 269 270 275 277 280 281 284 285 292 300 302 305 306 308 309 313 315 316 317 320 321 322 323 325 327 331 332 333 339 340 342 345 347 350 355 357 360 363 369 370 372 373 376 382 384 385 387 388 389 392 397 
161 150 151 175 241 251 271 277 332 339 
193 147 234 235 241 250 260 291 314 332 351 
214 134 139 141 152 153 166 186 191 192 193 194 197 205 210 215 228 229 238 244 258 268 273 281 292 301 314 315 327 331 351 353 366 375 386 390 
22 141 146 152 157 159 160 167 173 177 181 182 186 199 208 210 232 238 247 252 253 267 277 281 282 286 289 296 324 331 348 350 364 366 368 369 371 376 388 390 391 
291 1 149 260 286 347 
256 1 135 138 139 140 144 146 147 152 156 161 170 172 176 177 179 181 187 188 194 198 201 204 205 208 214 216 220 227 231 237 240 241 242 251 254 260 261 264 265 267 270 274 276 279 282 283 287 290 291 295 296 299 303 306 311 328 330 335 336 344 348 350 356 358 360 361 364 365 367 371 376 382 384 392 398 
289 160 177 179 338 
209 137 149 152 170 176 187 188 204 205 207 210 222 226 239 240 242 248 255 266 268 296 299 302 307 310 312 316 327 329 332 333 342 349 362 367 379 380 383 385 399 
86 1 136 144 148 151 153 157 160 163 171 181 182 194 195 197 201 203 211 212 216 223 237 241 247 251 256 257 258 260 261 264 265 266 267 272 273 275 287 292 293 295 301 304 309 312 313 314 315 316 318 320 321 324 325 328 330 334 337 347 352 353 355 359 368 370 375 377 378 379 380 383 384 390 394 397 
276 135 137 144 162 163 167 170 180 181 182 192 199 212 215 218 219 227 232 234 245 246 251 254 256 266 276 277 283 287 288 291 292 295 296 303 311 314 319 322 325 330 349 362 365 369 379 380 390 391 394 398 
266 146 148 152 153 159 162 165 168 169 173 176 177 186 199 205 207 211 219 220 223 237 238 239 241 255 257 258 265 268 276 282 291 296 304 306 308 312 315 318 322 326 333 335 336 337 338 349 360 365 368 370 374 375 376 383 385 392 394 395 398 
162 138 140 142 145 147 149 150 151 152 156 157 159 168 173 174 176 181 185 187 188 191 193 195 197 199 200 202 203 205 208 210 214 217 222 223 224 228 232 233 240 241 242 243 248 249 251 252 253 262 265 269 271 275 276 279 280 284 286 288 289 292 294 298 303 314 317 319 320 321 325 331 332 337 341 343 344 347 352 355 357 363 367 370 375 376 378 383 385 386 390 393 395 397 398 
1 135 136 140 141 147 151 160 163 164 169 171 172 179 186 188 190 191 193 195 197 200 204 205 209 210 214 216 221 222 223 232 234 235 238 244 245 246 247 248 253 255 256 257 260 261 262 266 273 274 276 277 280 281 282 283 286 290 291 297 298 299 303 306 308 309 313 314 315 319 321 325 326 327 328 330 331 338 339 340 342 343 344 346 347 348 351 352 353 357 359 362 365 366 371 373 374 378 381 384 388 389 391 393 396 397 398 
59 141 156 164 165 176 215 216 221 230 233 238 246 250 251 253 269 316 324 341 374 375 387 
191 136 141 153 154 158 163 166 167 168 169 172 188 192 193 194 197 199 201 210 212 221 231 237 243 246 250 258 273 280 287 289 290 300 301 307 318 321 322 332 350 353 362 370 378 390 
295 193 197 219 233 267 292 329 348 376 384 
289 134 139 142 152 154 155 156 160 161 162 163 164 168 169 172 176 184 185 187 189 192 193 194 196 202 203 207 213 214 216 221 223 230 241 242 251 252 253 255 259 271 278 282 283 284 286 287 288 289 296 297 299 305 306 316 325 327 334 338 340 341 342 344 346 347 349 355 356 360 364 366 371 373 375 380 387 389 390 391 395 397 398 
202 136 138 142 151 152 154 160 184 199 203 217 246 281 286 321 333 337 346 367 385 393 
233 145 147 173 178 181 187 188 189 195 217 225 233 234 241 245 249 254 258 263 264 277 305 311 317 323 335 340 358 376 
4 134 191 193 215 274 309 355 358 
72 149 151 153 154 155 167 186 189 195 196 198 204 221 225 229 230 238 240 248 258 259 261 266 269 273 275 283 284 290 291 297 299 311 313 321 322 332 336 337 348 357 371 373 378 396 
141 1 139 140 143 147 148 149 153 172 185 197 216 217 219 224 225 231 233 242 252 257 279 281 286 288 296 302 307 308 309 310 311 318 319 338 344 348 351 354 356 368 379 380 385 
29 137 138 139 140 141 143 144 145 146 151 155 157 158 159 161 163 165 169 171 172 174 178 179 185 186 187 190 191 195 196 197 198 199 205 207 208 209 213 215 217 221 222 225 226 228 231 233 234 237 238 240 251 254 260 265 268 271 272 278 281 285 287 288 291 292 293 295 296 304 305 307 313 317 321 322 325 327 328 332 333 335 337 338 342 343 346 347 351 354 356 358 359 360 363 364 365 367 369 371 373 377 379 380 387 388 389 392 396 399 
31 1 140 149 150 165 166 169 171 191 199 201 203 205 207 212 213 235 236 242 246 261 275 289 290 295 298 303 309 317 324 366 370 379 381 389 395 398 
119 137 149 150 151 161 162 164 170 179 181 183 185 191 193 195 197 200 203 208 210 214 219 223 226 234 238 241 245 249 253 257 258 261 263 268 271 274 277 281 285 290 293 294 296 299 300 301 304 305 307 322 328 335 338 339 341 345 346 349 350 352 354 356 358 361 376 377 378 379 382 384 386 387 388 389 391 392 395 396 397 399 
140 140 143 148 149 162 166 170 174 189 190 193 194 200 207 209 215 217 219 221 223 235 241 245 250 260 270 284 285 287 289 294 296 302 316 317 320 321 328 330 332 333 349 350 359 363 365 367 371 373 376 381 392 
173 143 161 167 179 185 195 198 207 212 215 217 235 242 246 251 297 314 322 323 327 337 346 353 356 357 366 367 370 374 382 383 393 
136 135 136 138 139 140 142 143 144 145 148 149 151 152 155 160 161 163 164 167 169 170 171 175 179 182 189 191 198 201 202 204 205 206 208 210 212 213 222 223 224 225 228 229 234 235 238 240 244 246 247 249 250 254 256 260 263 266 267 270 274 277 281 283 292 295 296 298 299 303 305 306 312 314 315 317 319 320 321 322 327 331 333 338 340 341 346 355 356 357 358 369 372 373 376 379 381 384 388 391 394 
147 138 143 144 146 148 150 155 159 172 173 174 175 177 187 196 197 199 200 207 209 212 218 221 223 227 229 231 233 235 238 241 243 245 250 261 262 265 266 267 268 269 271 274 281 287 292 295 297 299 302 304 307 311 315 319 320 325 328 329 331 335 343 346 355 358 359 360 361 364 371 373 379 383 385 387 393 395 396 399 
174 134 138 145 154 163 181 191 195 197 208 212 216 220 227 228 234 238 247 248 255 266 271 293 296 299 301 309 318 324 325 326 328 331 334 336 344 345 348 355 360 384 387 390 391 395 396 
142 155 165 204 247 257 272 304 306 308 344 365 372 388 
112 138 144 164 171 182 185 194 243 268 287 298 300 314 317 340 367 378 380 382 
276 135 158 181 202 210 215 239 240 264 268 290 294 310 327 365 371 376 
58 1 135 137 139 142 144 147 150 161 162 166 168 170 175 178 179 184 185 189 191 194 196 201 205 207 208 211 213 216 217 219 220 221 222 223 224 226 227 232 233 244 256 258 261 264 268 269 285 286 287 289 290 293 295 296 297 299 301 304 307 308 309 319 320 321 322 330 331 332 334 337 340 341 346 350 352 355 357 358 361 362 364 367 368 369 375 378 379 380 383 390 395 396 398 
52 135 141 144 147 149 152 153 173 175 183 186 187 188 191 194 200 202 204 207 220 223 225 237 245 252 258 264 267 270 273 274 277 279 281 284 285 287 288 291 297 298 300 304 305 306 311 326 327 329 332 336 338 341 342 343 349 352 357 358 363 373 374 381 385 386 389 393 395 
193 138 152 159 162 170 191 192 199 204 207 218 219 221 224 278 292 293 303 314 317 318 324 329 343 348 350 363 367 381 
287 137 142 148 151 156 169 173 206 229 231 238 244 245 247 261 262 263 276 280 285 286 287 296 310 312 314 337 343 346 348 355 357 388 395 
274 134 137 139 143 144 145 147 155 156 157 161 163 167 170 171 176 180 185 191 193 194 195 201 202 207 214 219 220 221 224 225 228 234 239 240 241 244 245 246 247 249 253 255 258 259 260 265 267 269 270 273 277 280 281 282 283 286 288 289 293 296 299 300 301 303 304 306 307 309 312 315 321 323 324 339 342 347 348 352 357 363 366 367 372 378 382 383 386 391 392 394 395 397 398 
172 152 168 170 190 219 228 243 261 265 289 299 307 317 325 333 336 339 363 366 375 388 397 399 
29 136 137 145 147 150 151 154 159 160 161 163 170 171 183 189 194 200 207 211 212 215 222 227 228 232 233 234 247 251 254 255 256 260 265 266 274 275 278 297 301 304 307 312 313 315 324 334 344 345 351 355 383 385 392 
170 134 135 136 140 141 145 146 147 148 149 151 152 155 166 174 175 181 182 183 186 191 193 194 202 205 206 217 219 220 222 223 224 226 227 229 230 238 239 242 244 245 246 248 249 250 252 255 257 259 260 261 263 267 268 269 271 274 277 280 282 283 285 288 289 293 295 296 297 300 302 303 306 309 310 313 315 317 318 320 321 325 332 335 337 342 344 345 348 350 353 354 360 361 362 364 367 368 369 370 371 374 375 378 393 394 
103 155 210 223 249 258 261 262 270 275 279 287 292 300 332 336 339 342 357 372 392 398 
244 134 135 138 140 142 154 159 160 161 174 178 183 184 185 202 209 211 234 236 237 241 243 244 246 250 251 256 262 276 277 283 284 286 298 303 319 328 334 335 336 349 350 362 380 390 
105 1 134 142 144 153 154 157 166 169 176 178 183 186 190 191 193 196 198 200 208 212 213 214 217 219 220 222 224 232 233 235 237 238 243 244 248 249 255 256 261 262 270 272 273 274 278 279 281 282 284 289 290 292 296 300 303 306 311 313 314 315 324 326 327 331 343 344 348 358 360 362 366 369 370 378 379 380 382 385 386 387 389 391 393 395 396 398 
140 139 140 152 153 156 157 159 162 163 164 165 168 171 175 177 178 183 191 192 193 200 202 204 206 218 219 223 224 227 228 229 235 249 250 251 252 261 263 269 276 284 285 287 290 292 293 299 300 301 307 311 314 315 317 321 322 327 329 330 334 339 343 351 353 355 356 358 359 360 361 363 367 372 376 377 380 382 383 384 395 396 397 398 
245 143 144 146 149 153 158 162 167 171 174 176 178 181 189 197 201 204 213 215 222 224 231 243 246 252 254 255 257 258 264 268 270 271 274 278 281 289 297 299 302 304 306 310 313 317 319 320 323 327 329 330 333 338 342 343 345 354 358 363 364 373 375 376 378 381 386 387 390 392 395 
206 134 135 139 143 145 146 150 156 165 166 171 172 184 185 186 187 188 191 198 203 210 211 230 240 242 245 248 252 257 258 263 270 274 278 282 284 292 293 300 306 309 311 314 316 318 321 326 328 331 332 335 336 339 344 348 351 352 357 358 380 381 382 385 391 397 
202 138 141 142 143 144 145 146 147 150 151 156 158 165 170 172 177 178 180 183 186 190 192 199 200 202 204 205 206 207 210 214 215 218 219 225 226 228 235 237 238 239 244 245 249 250 253 254 256 259 260 262 264 265 266 270 273 275 278 281 282 283 286 289 290 291 292 297 298 302 303 305 306 309 312 314 319 327 330 332 333 336 343 347 348 351 356 357 360 371 380 382 383 384 385 386 387 389 390 397 399 
70 134 140 144 146 191 193 205 221 225 228 242 243 249 258 260 262 265 275 277 278 279 300 301 311 326 327 328 332 333 335 340 342 343 348 357 358 364 365 367 381 385 386 389 390 391 
110 155 158 185 197 218 220 227 237 247 260 264 269 284 301 333 356 359 388 
76 134 135 138 141 144 145 150 152 166 172 174 176 177 185 188 190 191 192 197 198 199 201 208 214 216 217 221 230 232 234 238 246 248 250 252 253 255 258 261 263 266 267 268 272 273 274 277 279 280 281 285 287 288 291 292 294 295 306 310 311 312 315 317 318 321 325 326 327 331 332 333 336 339 341 344 346 347 349 356 357 358 359 363 364 367 369 372 374 379 381 383 387 395 397 
233 139 147 153 154 159 164 173 185 186 188 190 193 194 205 208 218 225 227 229 231 242 243 245 251 255 256 265 267 280 283 288 294 300 306 307 313 314 321 322 334 338 344 348 349 351 353 358 359 360 361 363 367 369 375 377 379 380 384 388 394 398 
159 140 150 153 166 177 193 200 201 202 203 206 207 209 225 229 237 243 250 251 277 283 289 295 297 308 313 323 335 338 341 342 344 346 352 354 359 360 364 366 369 379 383 399 
180 135 138 140 141 144 145 146 150 152 154 156 160 161 162 167 172 173 174 176 181 186 188 191 192 200 206 207 209 211 213 218 219 221 227 232 236 238 241 244 246 250 257 259 260 265 266 271 275 276 281 282 283 284 287 290 292 299 305 306 307 313 317 321 323 327 331 332 333 334 335 340 344 345 346 348 351 359 361 373 375 380 384 385 394 398 
180 139 161 168 175 181 187 220 301 311 317 354 391 
190 138 147 156 157 161 167 181 183 193 200 205 208 225 235 236 239 248 249 251 257 261 265 273 281 295 306 319 323 341 363 375 383 385 397 
274 137 138 144 155 158 161 164 166 170 171 185 188 189 194 208 209 214 215 217 222 226 227 228 230 248 253 257 258 259 264 265 267 268 274 285 288 291 292 294 298 301 304 306 308 312 315 320 323 325 326 327 329 332 341 345 346 349 351 359 361 362 371 373 375 376 378 380 392 396 398 
156 162 163 174 180 200 202 223 241 242 246 263 264 274 278 289 332 338 341 342 356 360 361 363 368 372 376 383 395 398 
102 140 143 145 164 168 177 197 198 199 202 204 207 208 209 211 214 228 238 242 246 253 260 275 281 286 292 301 303 308 314 319 322 323 327 332 335 343 347 348 359 361 362 371 375 381 383 384 392 393 394 395 397 
204 139 140 141 147 149 151 156 158 161 162 166 167 172 173 176 178 181 183 184 187 191 193 197 198 213 218 220 222 223 226 231 233 240 241 246 248 250 252 254 255 258 259 261 270 277 281 284 285 289 294 295 296 306 308 309 310 312 316 318 319 320 322 326 327 336 343 346 350 355 356 357 358 360 362 363 368 369 372 375 381 384 389 390 391 397 399 
1 143 158 159 162 191 210 215 220 247 248 252 254 261 262 270 273 274 277 279 291 292 298 309 313 323 327 332 337 349 353 356 360 363 376 377 380 385 386 388 
161 137 143 145 146 156 157 164 174 179 190 198 205 213 220 223 231 239 246 257 268 271 278 281 294 295 297 299 301 321 322 325 330 331 332 336 337 341 342 344 350 352 354 365 370 371 378 380 382 386 
29 136 137 138 140 142 146 151 157 158 159 168 170 173 177 183 186 198 199 200 202 203 207 215 225 228 231 236 243 245 247 255 257 259 260 270 271 285 290 291 292 293 304 307 316 319 320 321 322 324 326 328 339 340 341 343 345 346 348 349 352 354 355 357 359 360 361 362 363 364 366 369 370 371 376 377 378 379 382 385 387 390 391 398 
211 139 140 154 155 165 168 172 174 182 208 215 217 228 242 264 274 276 290 296 321 324 326 333 336 341 342 354 357 361 369 370 372 373 380 381 383 385 388 392 
57 199 208 261 293 
202 144 155 177 199 217 221 239 241 248 281 289 291 305 314 363 378 379 390 391 
84 134 143 144 146 147 149 150 161 175 176 177 180 183 185 186 187 196 197 208 209 219 220 227 239 242 243 255 258 260 262 266 280 282 283 284 285 286 290 296 298 299 314 317 320 322 324 337 342 344 345 346 347 351 357 360 365 366 369 382 391 
221 1 137 140 144 146 155 158 161 173 174 176 177 182 183 184 186 192 196 197 204 214 224 231 232 242 248 250 251 260 261 274 275 280 281 287 292 308 309 311 333 334 348 349 350 356 357 367 370 381 382 384 389 396 
214 1 136 137 139 142 148 152 155 158 159 161 164 165 168 170 176 177 180 181 185 188 189 190 192 194 195 197 206 214 224 228 233 237 238 239 241 243 244 253 256 259 261 264 267 272 275 276 278 281 284 285 288 294 296 297 298 302 303 306 309 315 321 322 324 331 333 339 340 342 343 345 346 351 357 361 367 370 371 372 373 375 376 381 383 385 386 387 388 395 396 397 398 
171 134 137 138 141 145 150 151 152 154 155 159 162 164 165 170 174 181 182 186 187 192 194 196 203 204 205 208 209 213 214 216 220 224 230 231 233 240 242 245 252 254 260 263 265 272 277 279 286 288 289 292 295 297 298 300 303 306 324 325 327 330 335 337 339 344 345 348 350 355 358 360 361 362 370 371 373 379 381 382 387 391 393 396 398 399 
47 139 144 145 147 148 149 150 151 152 167 172 178 182 184 193 199 200 208 209 211 219 237 241 242 243 244 252 253 261 264 266 267 274 275 280 282 285 287 295 296 298 305 308 309 310 311 312 320 324 325 327 328 332 333 340 343 353 357 358 362 367 370 382 384 385 395 396 
249 136 140 141 145 146 155 156 157 162 166 169 175 176 177 183 186 190 191 198 207 209 215 220 224 228 229 230 231 234 240 241 242 246 247 250 251 256 258 263 265 267 268 271 272 279 280 286 287 289 291 292 294 299 303 304 314 315 320 327 328 329 332 338 343 344 346 359 360 361 365 366 369 371 372 375 376 378 380 381 384 388 392 
55 135 143 145 148 149 151 154 155 157 159 160 161 169 170 171 172 175 176 179 184 186 187 188 189 190 191 195 196 197 198 203 210 211 213 214 215 217 218 220 223 224 226 228 231 232 236 237 239 240 246 247 252 261 262 263 264 265 267 268 271 274 279 281 282 283 286 287 288 290 292 293 296 303 305 307 312 316 317 318 319 321 326 330 335 336 337 342 344 347 352 354 355 356 357 360 362 368 369 372 373 375 378 380 381 387 389 393 399 
176 135 139 141 145 155 156 167 168 178 180 182 183 184 188 191 198 201 207 208 216 224 226 230 231 232 240 242 245 249 252 254 256 257 267 268 269 270 277 279 282 283 284 285 287 296 303 306 310 312 314 317 318 320 321 324 326 335 337 342 343 356 360 362 373 375 382 384 386 387 389 391 392 393 394 
117 136 137 139 140 141 143 145 146 147 149 151 152 155 156 157 161 166 169 172 173 177 182 195 196 198 205 206 209 210 216 217 220 221 222 235 237 241 243 245 246 248 249 255 256 257 259 267 268 273 276 279 280 281 282 289 291 294 295 296 298 300 302 304 306 307 309 310 311 312 313 316 321 323 325 337 343 352 354 356 357 359 363 364 365 368 371 373 376 383 385 387 388 392 393 395 396 397 399 
230 148 151 154 162 169 200 203 208 220 230 235 237 239 240 243 253 267 275 299 300 307 315 322 334 344 346 347 348 359 361 362 363 367 372 387 392 
276 134 138 142 143 146 154 155 162 164 165 166 170 171 173 176 179 182 183 187 188 197 198 200 202 204 212 215 217 219 223 226 227 231 235 236 237 238 241 247 248 250 252 254 259 261 272 273 274 280 281 283 286 294 295 296 298 299 301 304 312 315 317 319 327 329 330 332 333 341 343 344 347 349 350 356 357 358 359 361 363 366 367 370 372 378 379 380 381 384 386 387 388 393 397 398 399 
44 135 141 143 147 155 156 159 163 164 166 167 169 170 174 176 184 185 187 189 191 197 198 206 207 208 214 216 217 222 224 225 229 230 241 245 247 255 256 262 263 265 266 271 278 287 288 289 290 291 292 293 296 300 305 317 319 321 327 329 331 333 338 341 344 345 347 351 352 353 356 357 358 362 363 368 370 374 377 381 384 385 389 391 393 394 395 396 
53 134 138 151 154 156 172 173 179 181 184 186 189 191 192 196 197 198 199 203 204 210 213 214 225 227 229 232 234 235 237 244 247 249 253 259 264 266 267 268 270 272 273 275 276 281 282 284 285 288 292 294 295 298 299 301 302 304 307 309 310 316 324 326 328 330 337 338 339 341 345 349 350 354 355 356 360 362 364 367 370 372 382 386 395 
89 1 136 141 146 148 150 153 154 160 166 171 173 178 183 188 189 191 192 193 194 195 196 197 200 204 206 207 208 210 211 219 220 222 223 225 227 229 234 237 238 241 246 248 249 250 254 256 259 261 263 268 271 276 278 279 284 287 288 290 291 293 296 297 300 304 305 306 307 310 317 318 319 320 328 331 332 334 336 338 341 348 354 355 363 365 367 370 371 374 375 377 388 389 390 395 398 
256 134 136 141 143 146 147 151 152 155 156 157 158 162 168 178 180 186 189 193 196 205 208 209 210 217 221 227 232 233 234 236 237 238 245 248 249 250 251 254 255 260 261 262 264 266 269 274 276 282 283 286 291 292 293 305 306 309 310 318 322 324 336 338 346 358 365 370 379 380 381 382 383 384 388 398 
98 141 146 151 157 161 166 167 176 177 179 180 186 192 194 196 200 202 205 208 210 212 214 219 223 224 226 227 251 255 267 270 271 279 283 286 300 305 326 329 330 331 337 340 346 348 349 354 357 361 370 373 374 375 381 382 383 386 392 396 398 399 
13 1 136 140 149 152 167 169 175 182 188 189 203 208 213 226 228 229 230 236 237 239 251 255 257 259 267 269 284 291 293 297 299 304 307 308 313 316 319 320 321 328 331 350 351 352 355 362 365 368 371 373 380 382 383 390 
211 136 137 138 140 152 155 163 165 168 173 175 176 177 179 184 191 197 204 207 209 219 234 235 238 239 241 244 246 257 268 273 278 282 285 292 294 296 301 311 312 313 321 330 340 344 346 348 353 357 362 366 371 376 379 384 385 391 399 
194 1 134 138 139 143 145 147 148 149 152 160 161 163 166 167 170 187 188 193 195 196 197 199 200 201 207 210 211 212 216 229 230 235 236 238 243 245 248 250 261 268 270 272 277 286 289 292 297 307 309 311 315 316 321 326 329 330 331 340 341 343 349 355 357 358 359 366 370 375 377 380 393 396 398 
223 1 135 137 138 139 145 146 147 148 149 154 156 159 160 163 169 177 180 187 191 194 197 198 199 200 201 203 207 218 224 225 227 231 234 236 240 241 246 253 254 255 256 258 259 260 262 266 267 270 272 273 275 277 278 286 287 288 297 300 303 313 315 317 320 322 325 327 330 334 335 337 338 340 343 345 349 350 351 353 354 356 361 362 363 365 367 368 370 373 376 379 380 381 383 384 386 393 396 397 398 
64 134 166 170 171 173 174 178 204 205 209 211 218 225 232 235 248 250 251 283 286 311 313 330 335 339 349 358 360 361 376 384 385 395 396 
38 139 148 150 152 153 155 169 192 208 212 214 233 235 248 267 279 299 305 311 313 315 323 329 333 341 352 363 364 388 
208 148 169 176 185 197 199 206 214 234 239 248 260 274 341 346 355 360 373 380 382 384 
194 1 143 161 163 170 177 180 188 195 208 211 213 215 223 225 228 229 235 239 240 244 246 248 249 250 260 261 264 266 267 273 275 276 280 281 282 284 285 287 289 291 292 293 305 311 312 313 314 316 317 320 329 330 332 343 351 356 359 377 379 386 391 395 397 398 
293 139 140 150 158 160 164 166 168 172 173 175 182 188 191 193 198 202 207 219 221 231 232 251 257 262 263 269 272 273 278 287 288 295 299 306 310 315 316 317 318 325 343 345 346 348 351 362 372 384 392 398 
260 238 
204 136 150 159 163 165 167 171 178 181 189 194 202 203 212 215 220 221 224 227 228 239 253 254 256 267 282 289 290 291 301 305 310 316 321 322 327 332 339 341 346 350 354 362 374 378 381 383 389 395 398 
122 1 136 139 141 144 153 158 171 175 178 179 180 184 186 189 193 194 203 205 208 217 222 224 226 231 234 241 246 251 253 255 257 259 262 263 269 270 277 278 283 286 295 298 303 313 322 325 333 336 337 347 350 352 353 354 358 362 364 367 369 372 386 389 392 396 
5 138 143 149 158 166 168 171 175 179 184 195 199 200 203 204 210 213 215 222 228 241 243 244 264 266 272 273 276 278 282 294 296 299 300 303 316 325 327 328 335 339 341 346 349 353 357 359 361 362 366 371 376 382 383 385 
190 149 152 156 165 168 169 176 177 180 184 195 207 208 210 211 216 219 220 222 229 230 234 237 238 240 242 248 255 260 270 272 273 279 282 283 284 286 289 293 298 302 303 304 305 309 313 315 317 319 324 333 334 335 337 339 341 344 350 352 357 358 359 362 365 367 373 375 377 383 384 387 394 
45 1 135 136 139 141 143 144 145 147 150 153 156 158 159 164 168 172 173 179 182 185 187 188 189 191 192 203 207 210 212 215 229 240 243 250 253 257 262 267 270 272 273 275 276 283 284 285 288 289 294 299 300 303 306 310 315 316 319 320 324 329 334 335 337 339 348 350 352 363 368 369 373 381 387 388 393 395 
249 135 138 139 144 148 155 156 158 160 162 170 173 174 182 184 186 188 196 199 200 207 210 211 213 215 217 223 226 227 228 229 233 237 242 243 247 252 253 255 256 257 258 259 262 265 267 272 274 277 280 281 283 285 286 287 291 292 294 296 302 304 307 311 312 315 316 318 323 331 333 338 343 347 351 353 354 358 359 362 363 365 366 367 372 376 377 378 380 387 392 394 396 399 
222 151 169 170 176 186 189 207 219 240 242 243 253 256 273 278 294 297 305 306 311 318 324 331 343 347 348 351 353 360 371 375 376 381 
222 1 138 139 141 146 150 153 158 159 162 164 165 166 169 170 172 177 181 185 189 190 194 195 198 199 202 203 206 207 209 210 215 218 219 221 222 224 226 231 232 236 241 242 243 245 246 247 249 253 257 261 263 264 265 267 268 270 276 278 283 286 288 289 292 295 296 297 301 304 305 311 313 314 315 316 322 323 326 327 330 333 334 341 344 347 348 356 358 359 360 363 364 368 369 370 378 382 384 386 387 388 391 393 394 396 
251 134 135 137 140 143 146 148 151 155 159 160 161 165 166 167 168 170 176 177 183 184 185 188 191 193 194 195 199 200 203 204 207 214 218 221 223 231 237 239 241 245 248 249 251 254 255 259 261 273 275 279 280 283 286 290 293 294 299 304 305 309 310 311 314 319 320 323 324 325 326 327 328 329 331 332 334 338 339 342 345 348 351 353 359 360 361 362 365 367 369 370 371 372 374 375 379 381 382 392 399 
131 176 346 
105 146 148 154 169 174 182 183 187 191 193 199 200 201 212 216 219 225 234 240 241 251 252 253 270 274 280 286 288 289 291 296 306 307 308 311 327 331 335 342 347 352 353 357 358 360 363 369 370 377 378 391 393 395 396 399 
199 1 140 145 149 151 152 153 155 156 159 161 172 178 182 186 193 194 197 207 209 210 216 225 230 237 239 243 247 252 254 256 259 260 261 262 265 267 269 273 278 280 281 283 284 285 288 290 291 305 311 312 314 315 316 317 319 320 325 326 328 332 334 337 338 342 344 345 348 349 365 367 368 374 380 381 385 389 390 391 392 393 394 399 
288 137 143 176 189 190 202 205 214 237 244 251 259 273 276 278 281 302 308 362 
127 146 148 150 156 184 187 228 229 231 234 235 243 264 269 270 273 276 299 301 315 319 320 331 348 351 353 364 373 377 390 
263 152 154 210 218 242 295 310 343 364 391 
262 136 155 168 174 179 190 191 199 215 218 220 222 223 226 229 230 234 235 236 250 251 264 267 276 283 284 298 314 320 324 325 332 336 346 348 357 361 369 371 373 388 390 395 398 
172 1 138 139 140 146 150 151 152 157 158 161 163 164 168 169 170 171 172 181 182 184 186 189 190 191 196 201 203 207 210 211 214 215 216 224 228 234 236 237 249 251 252 256 258 260 262 267 269 273 274 278 281 282 284 286 290 293 294 296 297 298 300 304 305 312 313 314 315 319 321 323 324 328 330 331 334 339 344 347 348 351 352 358 359 366 367 368 370 376 377 381 382 383 384 385 386 388 397 398 
140 135 136 139 143 147 151 152 154 159 168 171 173 178 179 181 183 185 186 189 192 193 194 197 199 201 203 205 209 212 215 219 222 230 231 233 234 236 237 238 241 243 247 250 252 254 265 266 268 269 272 273 276 284 286 288 291 292 301 304 307 312 315 319 328 336 337 338 340 342 344 346 347 348 349 350 354 358 361 367 368 372 375 376 377 378 381 386 389 391 394 396 398 399 
95 143 170 172 194 227 252 275 282 308 313 333 366 370 377 393 
93 138 140 144 145 151 157 158 165 169 177 180 181 185 186 189 190 191 206 216 221 222 223 225 226 230 231 234 236 238 240 245 251 255 257 264 265 267 269 270 271 277 281 283 286 288 294 300 304 308 313 315 320 331 333 347 348 352 353 362 365 372 376 380 383 385 388 393 394 397 
244 139 159 210 214 240 255 261 262 266 273 297 300 308 310 373 387 395 397 
6 1 135 136 145 146 147 150 151 153 155 156 167 170 172 173 174 175 180 182 183 185 186 188 191 194 199 202 203 209 210 211 212 213 215 221 222 225 233 234 238 239 241 243 244 246 250 256 258 260 263 269 272 273 276 282 286 290 293 296 300 307 313 315 316 320 328 330 335 336 346 347 351 359 364 367 368 377 379 385 389 396 399 
223 135 139 145 147 148 150 151 153 154 158 166 167 170 171 175 179 180 192 197 198 199 200 202 203 204 205 206 207 208 209 210 215 216 217 218 219 220 222 225 226 228 229 231 236 242 246 247 248 249 250 256 258 260 267 278 281 290 291 292 293 295 298 299 302 303 313 319 320 321 322 323 325 326 328 331 334 339 344 347 350 352 355 360 363 365 369 370 371 372 378 381 387 389 391 394 
50 1 135 139 149 160 174 175 252 258 260 263 271 283 284 324 325 348 373 393 396 
191 149 153 158 177 188 197 227 228 231 236 249 326 327 
127 137 144 145 149 151 152 159 163 168 171 172 176 181 183 187 189 191 195 196 197 198 204 209 211 216 221 228 239 241 242 245 247 251 252 257 267 271 275 279 282 285 295 296 301 302 305 309 314 325 328 330 332 336 340 341 349 350 353 354 358 359 362 366 368 369 376 383 385 392 398 
297 1 135 137 138 142 144 145 146 147 148 155 158 160 166 173 180 181 183 187 191 193 194 199 206 214 218 222 225 226 227 229 232 233 240 244 245 246 247 251 255 258 263 269 270 272 276 277 279 280 288 290 300 304 305 307 318 322 327 332 333 339 340 344 345 348 350 353 354 356 358 362 364 375 376 383 384 385 386 388 389 
70 137 139 151 152 158 161 164 172 173 174 175 177 178 182 191 192 196 202 205 207 212 213 217 219 223 227 230 232 234 241 242 244 246 249 253 256 263 272 283 284 285 286 288 292 296 301 302 307 310 314 316 319 323 326 333 334 343 349 350 351 354 355 363 364 365 371 374 375 379 382 386 387 388 395 
243 135 139 145 148 150 151 153 158 159 160 168 169 175 179 180 184 198 199 202 203 206 207 217 220 223 232 235 237 238 239 242 245 254 258 260 263 270 272 276 277 285 292 293 296 301 305 307 324 325 335 337 350 351 352 353 355 356 364 369 373 375 378 379 380 382 388 389 392 395 
26 143 152 156 179 181 193 207 212 213 216 217 231 240 245 247 255 259 266 272 273 278 280 301 302 309 321 328 329 342 346 347 353 363 365 366 371 384 395 397 
162 134 136 141 148 150 151 155 172 173 177 178 192 211 235 236 241 243 246 247 259 261 274 275 277 289 301 307 313 319 337 341 342 354 365 368 371 378 381 382 384 386 393 398 
174 166 182 225 230 231 239 246 295 323 339 
160 1 135 139 141 143 149 157 159 161 172 175 177 182 185 188 191 193 194 197 209 211 216 221 223 225 227 229 230 233 235 236 238 239 243 244 256 259 260 261 262 268 271 273 279 280 286 288 290 296 299 305 306 309 315 316 323 327 328 329 332 336 338 342 346 349 352 353 356 358 365 366 368 369 370 372 373 374 376 377 393 395 396 397 
130 134 135 138 142 143 144 149 150 152 167 170 171 174 175 179 181 183 190 193 194 196 197 200 201 207 212 215 218 227 240 243 244 245 246 247 249 252 255 263 269 271 273 274 280 281 286 297 298 299 302 306 311 315 327 329 330 332 355 362 371 374 375 378 383 390 393 
242 134 135 140 148 149 154 156 160 163 165 167 170 173 175 176 177 178 179 181 182 186 187 190 194 198 200 201 209 215 217 218 220 221 222 223 226 227 228 229 232 236 244 246 248 249 253 255 256 259 275 276 277 281 283 288 289 293 294 299 302 304 305 313 315 317 320 322 325 326 327 328 330 332 335 336 342 345 348 349 351 353 357 362 363 366 370 371 372 374 375 377 381 383 386 387 389 391 392 395 398 
219 134 138 141 147 152 153 162 164 165 168 169 173 179 182 185 187 189 193 196 198 204 207 212 221 224 233 238 245 253 255 256 258 260 267 276 278 279 280 285 286 290 297 300 304 309 311 316 320 325 329 331 335 337 338 341 343 346 348 349 351 353 355 358 367 368 370 385 388 394 396 
41 1 138 143 156 159 161 171 183 184 185 188 200 202 203 207 236 237 248 264 265 275 277 281 282 285 287 295 298 309 313 327 338 343 344 345 346 357 360 362 365 368 371 378 382 391 392 395 
256 134 139 142 144 151 152 154 157 166 175 180 181 191 193 195 199 201 203 209 212 216 219 221 228 229 231 233 238 239 243 252 256 257 259 268 270 279 280 282 291 292 293 300 305 308 309 314 319 328 332 333 334 335 340 342 357 364 365 367 374 376 377 380 386 391 392 397 399 
23 145 171 184 209 222 230 271 282 288 289 294 311 325 329 337 343 368 369 380 385 396 
267 138 148 228 229 241 261 274 327 
97 138 153 163 164 165 178 179 180 181 187 190 207 208 211 215 222 226 227 230 233 237 238 248 251 255 259 260 262 270 273 275 284 287 289 294 297 302 307 309 312 316 317 322 337 339 342 343 344 351 352 355 357 361 363 366 371 373 379 383 390 
127 1 135 137 140 142 144 146 149 156 157 159 160 164 169 173 175 177 180 182 183 187 195 197 199 200 203 204 205 207 214 215 217 220 226 228 233 235 236 237 238 243 246 250 252 253 256 258 261 262 269 270 271 272 274 277 278 283 286 290 292 293 294 300 309 310 311 312 317 321 324 326 334 335 336 337 343 345 348 351 352 359 363 368 371 374 378 381 383 387 389 391 394 396 397 
62 1 138 140 141 145 153 154 159 162 168 169 170 181 187 189 197 199 214 216 218 219 222 223 225 227 233 235 236 238 239 241 242 247 249 251 252 253 261 263 270 274 278 279 285 286 293 303 305 309 317 320 324 332 337 338 342 346 351 355 364 365 367 369 373 376 377 379 382 389 391 393 394 395 399 
260 1 135 139 142 145 151 153 157 158 159 161 165 173 187 189 192 196 201 204 206 211 214 221 226 228 232 233 234 236 237 240 243 246 247 249 251 254 255 263 283 290 291 299 304 307 311 317 322 325 328 332 335 339 344 357 359 360 363 364 368 372 374 376 383 385 393 394 
43 137 138 139 159 160 165 178 179 184 186 188 189 192 197 199 212 218 219 221 224 226 236 237 241 242 244 260 264 265 268 270 277 278 283 287 302 304 311 312 317 319 323 332 343 347 348 350 352 360 366 367 375 385 398 
17 1 138 142 145 146 147 148 149 150 153 155 165 166 177 182 187 190 197 204 205 207 208 210 214 216 220 223 225 229 233 234 235 240 241 246 249 250 251 257 258 259 262 268 273 274 278 279 281 284 286 289 290 295 297 300 315 319 320 321 323 324 325 327 328 334 338 339 342 345 346 348 349 350 352 355 357 364 365 368 369 373 376 378 380 381 382 385 386 387 388 391 393 394 395 396 398 
78 135 144 151 182 193 195 198 210 230 250 252 257 265 274 276 277 284 291 295 299 301 341 342 349 355 364 384 392 396 
28 1 135 136 139 144 148 149 151 160 164 169 171 179 195 197 200 201 210 212 213 214 215 216 218 221 225 227 230 232 234 236 239 240 247 254 256 257 258 260 262 264 266 277 278 288 291 293 297 302 309 315 316 318 319 320 322 323 330 332 338 342 351 352 353 355 362 367 368 375 377 378 381 393 395 397 398 
237 139 144 155 159 169 181 187 189 199 202 205 206 217 221 230 238 240 242 243 251 260 271 278 281 283 284 285 292 301 305 310 311 319 321 323 324 328 337 338 344 345 349 351 361 363 375 386 388 389 391 
238 136 142 147 165 179 189 192 197 199 200 207 213 219 232 250 254 262 264 270 273 289 297 304 314 315 319 324 326 335 336 350 358 377 382 383 384 385 387 
134 139 141 144 151 156 158 159 170 175 177 178 182 188 195 197 199 200 201 205 208 215 218 221 222 223 224 228 233 234 239 244 246 248 251 252 257 261 266 268 274 275 276 278 279 284 285 286 288 300 302 303 308 310 314 316 319 322 325 327 328 332 342 343 350 355 358 359 366 369 370 372 380 385 393 
175 134 148 152 156 158 159 161 164 170 171 180 181 196 204 220 222 223 236 246 249 254 262 268 284 285 286 287 292 294 315 321 323 327 330 333 341 351 352 354 366 375 380 383 387 390 391 393 398 
126 135 171 183 188 204 205 211 218 242 255 268 284 285 300 309 315 325 330 334 336 341 356 362 373 374 377 379 
32 202 
51 1 142 148 151 152 163 167 169 171 175 177 182 195 202 211 212 217 232 245 247 249 256 261 264 268 271 281 283 285 292 298 313 314 321 337 338 342 343 354 360 385 390 391 392 
31 189 198 209 220 244 258 262 269 271 275 279 283 285 286 356 357 364 365 372 381 393 
258 134 136 137 138 139 156 157 158 160 163 164 166 170 173 180 184 185 188 190 192 193 194 197 203 205 208 211 213 215 220 226 229 230 233 234 242 243 250 251 252 260 262 266 268 269 272 275 278 281 287 288 289 291 303 304 318 322 324 328 330 332 335 338 339 345 350 355 359 360 361 362 367 371 375 383 392 395 
118 156 161 168 183 184 185 186 211 226 237 245 248 259 273 282 288 299 301 302 313 335 337 369 372 374 376 381 385 390 392 
111 266 313 373 
206 149 153 155 167 168 171 181 187 188 189 195 210 212 219 221 224 228 229 239 241 244 245 249 251 253 260 277 282 284 287 294 299 302 303 304 307 313 318 322 323 324 329 330 336 341 342 357 365 376 386 398 
102 1 138 145 147 152 154 167 171 174 175 184 187 191 202 204 211 225 228 233 240 242 244 246 249 254 255 256 257 258 260 268 269 271 272 279 281 285 288 289 293 296 302 305 310 312 319 324 325 329 336 338 341 343 352 353 362 365 370 372 375 377 380 392 398 
75 1 140 144 147 178 204 211 216 220 224 226 234 244 246 248 252 257 264 281 284 288 289 290 291 293 310 314 316 318 326 327 338 341 342 344 345 347 349 351 367 371 377 380 383 
136 319 
288 184 213 215 216 283 336 349 360 377 396 
197 148 153 156 158 159 172 174 178 180 181 209 211 212 217 223 244 245 246 261 267 269 277 278 285 289 299 300 304 309 312 320 325 333 342 343 359 360 364 373 375 378 381 388 390 
290 136 141 144 145 148 151 153 154 156 158 165 167 169 171 173 176 177 178 181 182 184 186 187 192 193 195 196 198 203 206 207 208 213 214 217 218 222 223 230 236 238 239 240 241 243 245 247 252 253 254 256 257 263 264 271 272 275 278 279 284 289 290 299 304 308 309 312 313 317 320 321 322 325 326 331 332 334 335 343 347 351 357 359 361 362 368 371 376 378 383 387 388 393 396 398 399 
192 135 137 146 147 150 159 164 166 168 170 173 176 179 180 183 187 189 191 192 193 194 199 203 211 214 216 217 220 223 226 227 231 233 234 236 237 240 247 254 255 258 260 262 266 270 271 272 275 276 279 281 285 295 296 305 306 308 313 314 322 325 329 333 335 336 339 347 349 350 355 357 364 365 366 369 372 375 377 378 383 385 386 390 391 392 393 394 397 
255 137 154 158 160 161 163 170 174 176 216 217 219 222 226 231 237 248 251 255 258 260 263 274 276 286 296 302 304 312 314 317 318 324 328 329 337 338 342 346 350 354 359 367 373 380 383 385 391 
176 140 141 148 153 156 160 164 172 173 178 184 187 189 190 191 202 209 215 216 227 231 234 245 246 250 256 258 262 276 279 281 283 285 287 302 303 310 312 326 332 333 334 335 347 351 356 365 373 376 378 387 396 
5 135 137 138 140 143 144 145 146 150 156 157 159 160 161 162 164 166 167 171 172 173 177 179 184 185 187 190 191 198 199 200 204 207 219 220 226 227 228 231 232 233 236 239 243 244 245 247 248 253 254 255 256 257 258 259 261 264 267 270 271 273 275 276 277 280 281 284 285 286 290 298 300 308 309 312 319 321 323 324 325 327 328 331 343 344 345 347 348 355 358 361 365 370 372 374 375 376 384 385 390 395 397 398 
72 141 147 152 159 165 168 170 172 204 207 211 218 220 223 225 232 235 240 241 252 254 256 257 263 269 272 273 275 279 280 285 291 297 299 300 303 308 310 311 313 330 339 342 353 361 366 374 376 377 388 393 394 
1 138 143 146 162 163 180 195 197 202 208 216 225 228 233 236 243 245 257 263 264 266 268 269 271 272 279 285 289 295 300 307 310 312 317 319 323 326 333 340 343 345 348 350 352 353 356 378 380 382 385 397 398 
45 135 140 145 146 147 148 149 153 154 159 169 171 172 177 178 181 182 186 188 191 192 195 201 203 204 207 223 224 225 229 230 233 234 238 239 248 253 254 260 263 264 266 269 271 272 273 279 281 282 286 290 292 295 298 300 303 305 308 309 311 312 313 315 319 320 323 328 331 334 337 344 345 347 354 355 359 360 361 364 365 368 370 375 376 378 381 386 388 390 396 
155 134 141 151 153 158 179 183 190 224 230 235 237 247 313 315 325 348 387 391 
84 134 135 138 141 147 150 155 156 164 171 172 180 181 185 187 189 197 199 201 204 208 212 215 218 221 228 230 233 237 242 248 255 260 271 273 276 282 284 285 291 292 293 296 297 299 300 302 305 309 310 314 315 321 322 324 325 326 339 344 352 357 359 361 369 371 374 379 382 385 387 390 391 399 
31 1 134 137 138 141 159 171 180 195 222 225 227 235 249 259 261 282 285 296 298 349 355 371 389 
175 137 138 139 141 143 148 151 153 157 158 159 160 164 165 177 183 185 188 191 192 194 196 199 201 205 211 213 215 216 217 218 223 225 231 236 251 252 259 261 263 264 267 269 272 273 275 279 283 284 285 287 293 298 300 301 302 306 308 311 317 326 332 333 334 335 336 337 339 341 342 343 345 346 350 353 354 355 357 360 362 363 365 368 369 372 375 376 380 384 387 388 391 397 
138 1 134 139 142 144 145 149 154 159 163 165 166 173 187 190 191 200 207 210 221 227 228 229 230 233 235 238 246 247 252 253 260 262 265 266 269 271 287 289 294 296 299 313 326 331 340 342 343 351 353 354 361 362 364 369 371 375 379 381 384 391 396 
13 135 146 166 167 170 192 193 196 197 198 201 224 239 242 244 249 256 283 298 325 354 375 378 396 
120 135 140 145 147 148 153 154 161 162 164 172 177 180 185 190 191 192 201 205 206 210 211 215 217 219 222 225 227 233 234 235 236 238 245 246 249 250 251 252 258 260 262 268 272 273 285 288 299 306 307 308 310 313 316 323 324 326 327 328 329 332 337 338 339 341 343 348 355 358 359 365 370 371 374 380 381 382 385 389 397 398 
40 1 134 135 137 139 143 144 146 151 154 157 161 163 164 171 172 174 175 181 185 200 201 204 206 209 211 218 220 221 226 227 232 237 238 245 246 248 257 258 260 264 266 267 278 280 283 286 292 296 298 299 302 303 304 310 312 313 315 322 323 325 327 328 330 336 337 341 349 352 357 359 360 364 370 373 374 379 380 388 391 398 
261 1 134 137 139 140 141 142 146 147 151 163 165 166 170 177 180 182 187 190 195 203 210 225 226 230 250 264 265 273 276 282 284 287 292 294 298 300 306 311 317 319 330 336 338 341 343 346 350 352 354 364 374 378 381 389 394 
82 135 145 147 149 154 156 165 168 170 176 180 187 189 191 192 196 198 205 207 208 212 214 215 217 219 222 227 229 236 242 243 245 250 252 255 261 262 272 274 277 286 291 293 303 309 310 311 313 318 331 341 349 350 359 363 364 365 373 383 384 385 388 391 392 394 396 399 
185 141 142 152 158 159 161 166 172 173 175 178 179 181 184 186 191 195 196 203 204 210 212 226 231 240 241 242 248 255 262 263 265 279 281 283 288 290 292 303 304 313 318 321 323 324 335 338 347 358 359 367 373 376 378 383 384 385 393 395 397 
164 159 160 163 164 174 187 192 194 213 214 216 232 235 241 243 249 255 257 261 264 272 273 275 279 283 284 288 294 295 298 301 302 309 312 318 323 324 328 337 341 342 347 352 353 356 361 366 370 383 384 391 
39 154 
36 145 146 148 153 155 162 168 169 177 182 189 190 192 197 202 204 205 209 216 223 228 229 231 232 244 249 253 256 265 266 268 271 272 273 281 291 294 296 300 313 316 318 320 324 325 332 347 356 362 365 368 
214 161 
171 141 145 149 150 155 157 158 161 169 174 177 178 180 181 182 183 184 186 191 196 197 200 202 206 207 210 213 215 217 218 220 221 222 223 224 225 226 227 228 232 234 237 241 243 247 250 251 253 254 256 259 261 268 269 270 272 275 276 280 281 283 285 288 289 290 291 292 294 299 300 303 304 307 311 314 315 316 317 323 325 330 331 335 336 338 343 345 346 348 354 358 367 368 373 375 376 378 383 385 389 395 399 
162 1 134 140 141 153 154 159 163 174 184 189 197 199 205 209 229 230 231 238 241 247 260 262 266 272 276 279 281 286 292 297 303 316 317 321 334 336 337 344 347 349 351 353 354 356 357 363 367 377 380 383 384 387 
134 1 153 168 171 177 182 186 194 205 232 236 240 243 245 263 267 270 295 302 337 346 360 362 394 
249 139 142 148 150 151 152 153 155 158 159 163 165 169 174 179 180 181 187 192 196 197 198 201 202 207 208 209 212 213 214 216 217 219 223 228 232 233 234 239 241 250 256 258 259 262 265 266 268 271 277 279 280 283 284 286 291 292 295 296 309 311 312 314 318 325 331 332 333 334 335 340 341 343 344 345 348 349 350 352 357 369 375 376 377 379 380 395 397 398 
44 136 138 141 143 146 148 158 159 160 161 162 172 184 185 191 194 195 200 211 214 217 221 222 223 230 232 242 243 250 257 276 281 289 295 297 299 303 304 311 315 316 338 345 354 364 370 381 382 383 384 
116 194 196 222 227 246 273 282 305 379 384 
226 149 169 183 191 199 205 207 237 258 306 310 324 339 370 393 
265 1 138 139 140 143 152 153 165 166 172 178 179 184 192 195 198 200 203 207 208 212 213 216 219 221 222 223 225 229 232 234 235 244 245 246 247 249 253 254 256 257 259 260 263 265 267 269 277 279 284 288 290 291 295 296 298 306 307 311 312 314 315 316 320 321 323 324 331 335 338 339 342 346 348 350 351 356 357 358 360 362 363 365 374 383 387 388 389 394 397 
40 172 183 189 197 207 213 222 245 256 272 277 283 288 294 298 301 306 307 312 349 361 386 394 395 
38 136 149 151 156 158 176 187 190 191 199 227 236 240 246 252 274 288 290 305 313 316 325 333 357 359 361 365 377 388 390 392 393 394 395 
114 134 137 139 140 141 142 143 146 150 153 154 157 162 163 166 167 172 173 174 178 183 185 186 191 192 196 198 199 202 206 209 210 214 216 221 224 227 229 233 240 249 250 260 263 266 270 272 280 283 285 286 290 306 315 323 329 334 335 337 340 359 360 363 364 371 374 382 386 387 389 390 391 396 399 
168 136 137 138 141 142 145 147 148 150 151 152 153 157 162 163 164 165 167 168 170 174 182 183 184 185 191 192 193 194 196 197 198 199 201 205 212 213 216 218 221 224 226 228 229 230 231 236 238 241 242 243 244 245 248 249 252 255 256 259 260 262 263 265 269 270 271 276 277 278 279 281 282 288 292 299 301 303 304 309 313 315 317 326 331 332 335 339 340 341 342 343 345 350 352 353 359 360 363 368 370 371 375 376 379 380 382 393 395 396 
258 137 139 152 155 158 163 165 167 182 183 186 189 192 193 199 202 205 206 207 213 214 215 217 218 223 224 235 236 242 243 244 245 257 279 287 300 305 308 309 310 312 315 317 319 337 345 348 358 361 371 372 373 375 378 379 383 386 389 395 396 397 
86 137 157 159 162 175 178 188 213 214 232 237 243 244 245 246 250 254 255 266 277 284 287 288 292 300 303 316 317 339 342 357 368 371 391 398 
66 1 139 152 161 171 176 177 181 183 184 186 188 192 194 213 215 221 223 230 231 239 247 250 259 263 265 267 268 293 295 298 306 310 313 325 326 340 341 345 348 353 354 356 359 363 364 365 369 372 373 387 391 392 395 
168 134 135 138 144 155 161 163 172 179 190 195 200 203 207 208 213 220 221 223 228 229 235 248 251 270 277 278 281 284 288 294 295 299 301 302 304 310 313 319 321 322 330 338 349 350 351 355 356 357 359 361 363 366 382 397 398 
31 142 148 155 166 171 175 178 184 186 190 191 205 207 222 224 231 237 238 239 250 251 254 256 257 259 272 283 284 289 293 316 320 321 324 326 331 332 333 336 337 339 340 348 350 352 353 355 359 361 362 363 371 372 376 380 387 390 392 396 
118 139 140 144 148 153 156 160 161 165 168 189 210 216 218 221 227 234 244 263 265 267 268 272 273 275 276 278 284 285 288 316 317 332 336 345 348 351 353 361 362 368 370 371 385 387 390 398 
294 1 135 139 142 144 149 154 156 158 159 165 167 169 176 185 189 194 199 201 209 215 221 230 248 249 262 269 270 276 291 300 301 305 321 324 331 355 357 362 364 367 368 371 373 375 382 385 386 389 395 396 
165 144 149 150 152 159 164 171 177 178 179 182 190 191 192 197 204 205 206 211 213 215 220 222 225 227 235 236 239 240 241 247 250 252 253 255 258 259 264 267 268 271 272 273 275 276 279 280 281 282 283 284 286 289 290 293 305 307 309 310 314 318 320 325 326 328 331 334 335 337 338 340 341 342 344 345 348 350 356 357 365 366 368 370 372 373 374 376 383 384 386 387 389 390 396 397 398 
178 136 145 153 156 160 163 188 196 200 213 217 232 236 244 245 247 248 249 263 273 275 280 282 283 284 286 293 295 298 302 304 306 307 308 320 323 326 333 336 339 345 347 348 349 362 364 366 373 377 380 382 385 387 388 389 394 395 396 399 
238 181 188 197 214 244 252 281 310 328 390 
74 136 137 140 143 147 155 158 167 171 176 178 179 184 185 191 195 196 200 205 209 210 212 214 216 218 223 227 228 230 231 233 235 238 239 243 256 260 261 263 266 267 271 272 280 281 283 287 289 291 292 293 299 300 305 306 311 313 315 320 325 326 329 330 333 337 342 344 345 354 357 358 367 374 375 378 379 383 391 398 399 
115 135 138 144 145 146 148 153 157 160 161 164 166 169 170 172 173 175 176 178 181 183 189 194 197 200 206 208 209 216 222 226 228 229 237 240 241 245 250 254 257 258 259 260 269 272 282 292 294 297 298 300 303 304 305 307 316 319 323 325 326 329 334 337 346 355 356 359 368 371 383 385 387 388 389 390 394 395 
170 135 141 143 144 147 152 154 155 160 164 175 176 180 181 184 186 187 189 190 193 195 196 197 198 199 203 204 206 207 210 214 215 218 222 223 224 235 236 237 238 240 241 243 245 246 247 248 251 254 256 257 260 265 273 274 275 281 282 285 287 290 291 294 295 299 302 306 308 311 313 315 319 322 331 333 334 338 339 340 341 344 358 362 365 368 376 377 379 381 384 385 387 388 389 390 397 399 
181 135 136 137 139 140 141 142 150 152 153 160 164 165 170 178 182 183 184 185 190 191 197 198 199 200 218 221 223 225 228 231 236 245 252 254 256 262 264 265 266 269 270 273 278 282 284 289 293 294 296 297 298 299 301 303 306 307 309 312 314 316 317 321 323 325 327 332 333 335 337 343 345 347 358 361 362 363 366 367 371 372 376 379 380 383 384 385 387 390 391 394 396 
224 152 163 164 195 214 218 247 250 253 255 260 264 295 330 337 351 372 375 
237 1 214 
276 136 151 157 158 161 185 187 188 191 194 198 201 212 217 224 232 240 256 264 270 278 284 293 295 310 328 345 346 356 357 362 363 365 374 382 
52 1 142 143 160 169 171 172 174 182 193 194 205 206 207 211 213 219 220 221 223 227 235 236 242 245 256 258 260 264 266 268 269 275 278 286 289 290 291 292 294 296 298 300 303 307 308 309 312 316 317 323 325 331 336 338 339 341 343 344 348 349 351 353 365 368 371 374 377 383 
150 138 145 148 176 197 212 216 252 254 255 259 263 267 269 275 283 305 315 324 331 332 337 362 365 369 381 396 
276 135 142 144 145 146 149 155 163 165 166 174 177 180 183 191 193 196 199 205 208 211 213 215 216 217 223 224 229 235 246 249 259 266 274 275 279 280 281 282 286 289 290 291 292 293 297 298 300 303 307 312 314 333 334 336 337 339 345 346 347 348 357 363 370 372 377 378 
119 135 139 146 160 161 162 163 171 172 176 180 182 191 192 194 198 199 200 211 219 222 224 227 233 235 236 242 243 244 245 246 248 249 255 258 260 263 266 270 272 277 279 281 285 296 298 299 302 305 312 318 321 328 329 335 338 343 347 348 352 360 361 362 364 366 370 372 375 376 377 378 380 382 385 386 387 388 389 396 
184 134 162 177 186 205 211 213 216 223 234 244 247 259 269 276 279 342 349 365 366 377 382 399 
61 135 137 138 140 143 145 150 163 165 170 173 178 189 193 203 205 207 209 213 219 235 237 238 241 256 265 282 284 295 296 302 309 314 315 316 321 335 337 341 344 358 361 363 365 376 384 387 388 392 398 
298 140 141 152 156 157 160 161 164 167 168 171 174 175 176 180 181 187 192 193 194 202 204 205 206 208 219 227 229 233 234 237 242 243 247 248 251 254 256 258 264 266 271 275 276 277 279 281 284 285 287 289 291 292 293 297 299 300 302 303 313 315 316 318 319 320 321 324 331 335 336 337 339 340 342 343 347 351 355 358 361 362 369 371 372 373 374 376 377 379 380 383 384 389 394 
188 136 147 154 161 166 168 171 172 179 189 190 198 201 216 217 218 222 226 227 230 232 238 242 244 245 246 247 250 255 261 263 267 271 277 279 292 293 297 298 299 300 302 310 321 328 334 336 347 351 353 359 364 371 377 381 384 386 390 395 397 
39 135 136 144 145 147 152 158 161 163 165 166 167 169 170 179 183 184 188 189 191 192 193 200 206 208 214 220 228 230 231 232 233 236 238 240 259 260 261 266 267 268 272 274 275 277 283 298 302 305 306 312 318 323 324 325 326 327 328 330 331 332 335 337 339 340 346 354 356 357 366 367 372 385 388 390 392 393 399 
229 135 136 137 138 139 140 141 142 145 146 147 150 151 155 160 162 163 167 171 172 174 179 180 181 184 187 192 198 200 202 203 206 209 211 214 215 220 221 223 224 228 232 234 235 237 240 243 245 247 248 249 254 255 256 259 261 263 264 265 266 269 271 274 277 280 282 284 286 290 295 296 297 299 302 306 309 310 315 316 323 329 332 333 337 349 352 354 357 359 369 371 374 375 376 377 379 381 388 390 392 396 397 
278 134 135 136 138 139 145 146 148 151 152 153 154 155 156 162 164 176 180 183 185 186 188 190 194 196 199 200 201 202 203 210 213 214 216 222 224 226 230 234 239 242 246 249 250 252 254 255 259 260 264 274 280 281 284 285 288 292 296 302 305 306 309 312 313 317 319 323 324 335 341 347 354 364 365 369 371 374 378 379 381 382 384 389 390 392 397 399 
231 137 139 140 145 146 153 155 165 182 183 190 197 205 206 211 225 234 241 242 243 244 250 252 255 256 257 262 265 266 268 278 281 282 284 287 290 295 302 304 307 308 312 315 319 320 322 325 329 334 345 350 354 359 367 369 370 373 392 393 
37 178 216 278 320 362 385 395 
182 146 154 160 179 183 186 189 194 226 239 241 245 248 252 289 290 315 324 335 347 360 387 395 
13 1 137 138 142 143 145 146 148 150 152 155 157 163 170 173 174 177 178 179 186 198 204 206 207 211 215 218 223 226 228 232 235 239 241 242 244 245 247 248 256 258 262 265 267 268 273 274 275 278 283 285 286 288 289 291 293 297 298 299 300 302 304 305 318 324 326 332 334 343 348 350 352 356 361 363 364 366 367 372 373 381 388 389 390 391 396 397 398 
232 173 182 185 192 195 196 211 227 234 240 248 257 266 270 276 295 296 297 298 301 303 321 333 339 345 353 358 362 372 376 377 378 385 399 
213 136 137 139 142 144 147 148 150 151 152 153 155 158 159 160 162 163 165 168 171 172 174 175 180 188 189 190 191 193 194 202 204 206 208 214 215 218 219 222 223 226 227 232 233 234 238 239 240 243 244 249 255 256 259 265 270 272 273 275 277 278 281 282 283 286 288 289 293 294 295 299 303 307 308 311 312 313 314 318 320 321 322 328 335 338 339 344 345 346 357 365 368 370 372 373 374 375 377 382 383 384 385 388 389 392 394 395 
225 138 139 145 150 152 154 157 159 170 172 182 186 187 190 195 200 201 207 214 216 226 233 241 242 253 254 260 262 264 266 271 275 277 283 285 289 293 300 303 305 308 309 313 319 320 332 338 356 357 361 367 369 373 377 381 384 385 386 390 394 397 
142 140 151 156 161 166 173 177 178 179 191 193 202 204 219 227 228 238 243 244 258 268 279 280 282 283 284 293 294 295 303 308 310 313 314 320 323 327 334 338 342 350 360 363 364 372 373 385 387 388 390 392 
280 134 150 152 169 198 204 222 226 229 242 246 247 259 262 264 273 275 283 298 311 319 322 327 343 352 365 370 375 380 396 
36 137 139 144 145 146 150 156 160 162 164 165 169 172 175 180 183 185 186 187 190 196 198 200 203 206 207 210 214 216 217 219 221 223 227 230 232 238 240 245 253 256 258 259 263 265 266 267 273 280 282 283 284 285 290 296 298 300 301 308 310 311 313 316 321 324 326 328 330 331 333 334 335 347 349 353 354 355 356 357 359 361 363 364 365 366 369 371 372 376 383 384 393 394 395 
213 142 146 150 153 156 164 166 187 191 194 196 204 209 222 225 227 245 247 251 261 275 279 283 289 292 309 322 324 330 341 350 352 355 363 365 366 387 388 
45 137 138 140 142 143 146 150 151 155 161 165 168 171 179 180 182 186 189 191 195 198 204 211 214 219 220 221 226 230 232 234 235 240 241 243 252 262 264 265 271 272 274 275 276 280 283 285 291 295 301 302 306 308 311 312 315 324 326 327 329 330 331 334 335 337 338 340 342 344 345 346 347 349 351 354 355 357 359 363 368 369 374 375 382 385 386 393 395 399 
237 1 135 142 143 145 146 147 148 149 155 157 161 162 164 166 174 176 182 186 187 194 201 203 209 215 219 224 227 230 232 241 243 244 245 248 250 259 261 265 267 270 271 279 281 293 297 299 300 306 308 310 313 325 340 341 347 351 363 365 366 378 390 391 
234 140 141 144 152 162 171 176 181 192 195 205 207 210 215 218 220 223 229 243 245 250 252 258 260 270 273 275 277 279 286 290 291 294 303 305 308 315 319 323 324 326 330 338 351 352 359 360 363 366 367 377 381 384 385 386 
169 1 136 138 140 141 143 145 146 147 149 152 156 159 160 162 165 167 169 170 175 187 190 191 194 202 204 205 206 207 211 215 220 222 224 231 234 236 243 246 251 252 259 261 262 263 266 269 270 272 273 274 277 280 281 282 286 288 289 290 291 292 293 294 297 300 301 304 305 306 312 313 315 316 318 320 321 324 327 328 329 332 337 338 340 341 343 346 348 356 357 362 367 368 370 373 376 378 380 381 386 389 398 
262 135 138 156 158 160 163 167 180 187 202 222 225 250 261 270 284 289 309 315 316 322 323 329 332 333 335 346 355 368 371 372 377 379 380 382 
133 208 257 290 357 
99 145 150 151 154 159 163 172 182 184 185 189 196 207 210 212 213 214 215 216 217 218 219 221 231 235 239 240 241 243 248 256 262 265 269 275 276 278 279 284 286 290 291 302 306 309 310 312 315 316 326 328 335 338 340 345 346 348 353 356 357 365 387 392 398 
122 143 149 160 164 167 170 172 174 191 193 196 205 206 209 212 214 217 228 229 233 237 242 244 247 249 256 259 260 277 278 279 281 292 297 312 313 319 332 335 341 343 351 359 360 369 373 379 382 396 
44 140 142 143 148 149 160 161 176 189 190 191 208 224 235 239 251 267 281 282 290 291 292 296 314 319 322 332 333 334 365 368 394 
117 1 148 149 153 159 160 163 164 165 170 174 176 186 187 189 192 195 196 201 206 208 209 212 214 220 223 226 229 232 238 240 245 248 252 255 257 260 262 264 269 270 272 274 276 283 285 288 289 295 304 309 314 316 320 321 325 327 330 333 334 337 340 342 343 344 345 346 348 349 350 351 352 355 364 366 367 369 374 375 377 387 388 391 392 393 396 397 
157 134 141 149 150 151 153 154 161 166 173 174 175 180 184 194 197 199 202 219 227 231 232 233 238 239 240 241 248 249 251 256 265 275 282 284 290 291 298 299 302 303 304 306 309 310 316 321 323 324 325 334 337 340 342 352 355 357 360 373 385 390 393 395 398 399 
18 138 141 144 155 157 161 165 166 173 181 184 185 189 190 204 205 212 220 223 239 245 249 258 260 261 263 268 278 279 287 290 325 330 331 333 334 363 364 365 371 389 
9 134 136 139 141 142 146 149 152 153 155 160 163 166 172 175 177 179 183 184 185 186 187 190 197 201 205 206 207 212 215 219 220 222 226 228 234 235 239 240 248 250 257 259 261 262 263 264 271 277 278 280 282 284 285 287 293 295 296 301 302 303 304 306 308 309 312 317 319 320 323 324 327 329 333 334 335 336 339 342 344 345 350 355 360 364 365 368 375 381 385 386 396 397 
255 5 288 253 34 62 171 101 282 141 299 50 160 86 86 265 213 17 12 162 281 217 288 86 131 161 34 211 227 142 238 199 166 258 80 113 158 223 56 237 261 141 172 27 173 183 204 108 69 19 90 277 290 300 76 197 38 272 141 51 31 65 101 164 162 192 141 262 215 265 52 288 184 118 282 204 57 127 49 231 270 14 121 288 122 150 291 135 229 143 226 3 61 61 64 48 104 138 26 54 236 25 7 242 137 81 235 178 222 166 194 49 138 224 240 252 165 113 112 203 247 80 113 186 98 143 249 203 171 28 12 184 111 215 177 298 126 45 278 88 164 103 37 82 187 247 293 296 70 65 13 115 127 230 156 206 188 146 87 52 31 83 156 87 59 207 225 236 288 250 200 270 140 257 209 220 30 204 185 216 194 210 289 89 127 279 148 72 16 165 181 81 77 130 271 117 236 129 165 53 299 38 21 142 95 163 47 31 109 70 150 198 104 191 52 245 190 218 81 267 9 131 35 59 205 67 37 10 228 55 60 116 294 50 119 242 153 227 281 197 144 129 51 79 63 146 191 36 151 6 145 141 71 264 140 297 11 134 294 249 67 127 132 223 200 144 145 293 82 66 22 60 108 224 93 219 300 91 220 56 138 12 140 4 232 153 131 300 125 279 74 278 71 256 109 105 148 42 191 67 99 193 114 235 174 204 115 280 196 79 177 174 284 177 100 285 235 44 157 172 298 74 229 188 264 140 129 192 9 34 215 219 184 127 93 105 64 150 203 293 61 258 30 60 268 299 283 285 204 178 166 218 94 190 189 200 46 122 69 203 132 146 81 114 249 80 48 195 229 169 245 99 251 105 261 118 280 65 258 67 97 254 89 39 132 279 40 295 99 127 42 252 234 137 38 210 235 11 170 
