268 402
167 145 213 215 357 
281 137 205 214 219 244 292 294 326 339 379 
40 136 140 141 142 145 146 147 148 153 157 158 160 161 164 166 167 168 173 174 177 186 189 190 191 194 195 198 201 203 206 212 223 226 229 230 231 233 234 236 242 244 245 250 251 254 256 257 262 265 268 272 275 281 283 284 286 287 288 289 290 294 295 296 298 302 303 308 310 311 317 319 322 326 330 331 333 335 337 338 339 340 341 347 348 349 350 352 354 360 363 365 369 370 378 379 382 385 388 389 391 394 395 400 401 402 
8 142 144 149 153 160 164 174 178 181 182 183 184 195 201 210 211 214 220 225 226 237 238 254 265 279 283 295 296 299 307 308 329 335 338 351 385 386 401 
54 136 140 143 144 150 163 164 166 168 176 177 190 195 198 200 203 209 215 225 230 237 239 243 246 250 251 256 259 264 278 280 284 289 293 299 300 302 308 312 316 318 319 330 334 337 341 343 353 354 364 366 367 368 378 381 389 390 391 397 398 401 
98 190 201 210 240 254 267 273 291 295 324 354 364 368 372 384 
11 1 143 148 152 156 162 163 173 175 180 183 188 194 200 201 205 206 208 214 215 217 221 223 224 235 237 239 241 242 243 245 246 249 256 259 260 263 265 271 272 277 279 284 287 291 293 294 298 303 305 308 309 312 313 314 317 320 321 322 324 326 328 331 332 336 338 341 342 343 345 347 358 361 362 363 364 366 369 377 380 381 382 385 387 395 396 398 399 401 
29 1 149 159 173 181 184 191 193 212 223 225 252 254 265 277 301 307 311 319 332 342 344 347 349 357 368 369 375 382 396 
219 1 135 143 144 157 161 162 163 165 172 175 181 183 185 187 188 195 201 203 206 208 210 213 215 216 220 225 230 241 243 246 248 250 252 255 259 260 270 280 282 283 284 285 289 292 296 298 299 303 307 308 309 311 312 316 317 321 323 335 337 341 343 353 355 356 365 368 369 370 372 373 375 376 386 390 397 399 401 
231 136 140 168 174 176 190 197 198 211 236 273 277 281 297 311 324 331 339 346 349 350 351 354 357 376 382 384 
32 150 198 203 232 244 266 273 287 292 296 304 322 331 342 357 360 367 382 
74 141 142 151 153 164 173 180 183 194 196 211 212 217 220 222 223 226 230 245 247 248 249 253 261 262 263 270 271 274 276 286 287 303 308 310 314 317 318 319 320 322 323 325 330 331 343 354 355 356 358 366 374 381 394 402 
129 139 149 157 161 163 167 176 180 184 186 191 192 193 196 197 202 209 220 224 227 232 244 245 246 251 256 257 268 278 288 295 300 301 303 307 309 316 318 324 328 334 337 345 350 352 354 355 363 368 371 384 387 
134 137 140 143 146 149 152 161 162 164 165 168 173 174 178 186 188 189 196 199 201 202 204 207 209 210 213 214 215 220 221 222 223 226 231 232 235 237 242 252 254 263 268 271 272 275 277 278 279 282 283 289 290 293 294 296 301 302 306 310 311 312 313 320 324 327 329 331 332 338 339 342 346 363 364 365 366 377 378 381 382 385 388 389 391 395 402 
65 136 137 139 140 141 146 149 151 152 157 158 161 175 179 183 188 189 200 205 213 214 224 229 231 243 246 248 250 252 256 258 261 263 264 266 268 271 272 273 276 285 287 288 289 297 303 307 308 311 312 320 322 326 331 334 348 353 360 362 363 365 371 396 400 
153 135 138 139 140 141 146 150 152 155 156 157 158 160 161 165 171 173 174 175 180 182 183 184 186 187 188 189 195 198 202 204 206 207 210 213 214 215 217 218 223 226 229 232 234 235 238 249 250 255 258 264 265 266 267 270 273 274 275 277 278 285 286 288 289 290 291 296 298 299 300 301 302 303 305 307 308 311 319 321 323 324 329 332 334 338 339 341 343 345 348 349 357 359 360 361 369 379 381 382 383 387 393 396 397 399 401 
72 139 140 144 150 153 154 160 161 166 170 178 181 188 190 193 200 201 203 212 214 215 216 217 220 222 223 231 232 234 235 239 246 248 256 257 259 260 261 263 268 269 271 273 274 281 283 284 296 297 301 306 309 310 317 318 322 324 328 329 333 334 336 338 346 355 357 358 361 365 366 370 371 372 375 376 382 383 386 390 391 392 393 395 396 397 398 400 
100 137 142 145 148 149 150 151 155 158 171 172 177 191 194 195 197 202 225 227 233 243 249 251 253 256 262 263 296 302 303 305 316 318 326 327 331 334 338 339 341 342 363 373 389 393 402 
187 135 139 150 155 160 161 172 178 180 181 184 191 193 197 204 206 208 210 212 217 219 220 222 225 227 228 229 231 232 239 242 244 247 251 253 262 270 275 280 283 285 291 299 304 306 307 309 312 313 316 318 321 323 325 327 330 332 338 340 341 348 349 352 353 358 361 362 366 368 370 371 373 375 376 377 381 392 393 395 396 399 400 402 
255 136 141 147 152 156 160 161 162 163 164 165 166 172 175 183 185 186 189 195 206 208 209 210 212 213 215 216 217 220 221 223 230 234 235 237 238 241 243 244 252 253 255 259 261 263 264 265 266 269 271 281 284 285 289 298 299 301 303 317 322 323 324 326 327 330 333 335 338 339 342 347 350 352 355 356 357 358 360 376 377 380 383 385 386 390 395 398 401 
95 139 142 149 150 151 152 153 161 166 168 172 174 175 178 181 188 191 193 194 198 201 205 206 215 223 225 227 234 237 239 244 246 249 253 255 256 257 272 274 275 276 280 281 283 285 288 293 294 296 298 300 314 316 317 320 322 325 328 331 332 338 340 343 348 350 352 354 359 367 369 371 373 375 378 389 391 396 399 
85 148 171 186 198 223 233 259 262 263 271 296 347 391 400 402 
108 1 136 138 142 148 158 162 168 171 172 173 176 177 179 181 183 185 190 193 197 201 204 209 210 212 214 218 219 223 224 225 229 232 238 241 242 243 244 245 246 247 249 250 255 260 264 266 269 270 271 272 277 281 284 287 288 292 293 294 295 297 299 300 309 313 316 317 321 322 323 331 333 334 339 341 347 349 350 351 352 356 358 359 360 371 372 375 376 381 382 383 387 388 390 394 396 402 
284 144 279 304 394 
65 137 142 158 169 178 189 191 192 197 210 215 220 223 234 250 253 261 267 272 279 291 306 315 320 328 332 336 341 358 359 365 366 367 368 384 397 
120 195 369 384 399 
80 161 312 367 
206 1 135 139 145 146 150 151 152 156 159 160 162 163 165 167 169 170 174 176 177 183 185 186 192 194 197 198 201 203 204 211 215 216 224 227 231 232 233 238 239 240 243 245 246 253 255 259 260 261 265 268 270 273 280 281 284 285 288 290 291 292 296 299 300 301 304 308 312 313 314 322 323 325 332 333 343 348 349 350 351 352 353 355 356 362 363 364 365 370 374 375 377 384 390 391 395 397 400 
169 136 142 143 150 154 155 159 167 168 171 173 175 177 178 186 189 191 193 196 197 198 200 201 213 214 218 220 225 232 235 237 238 239 240 244 247 257 262 263 264 270 272 273 275 276 279 280 281 285 291 292 295 297 298 302 306 308 312 313 314 316 319 321 327 328 331 339 341 342 344 356 358 360 363 365 366 369 372 379 381 391 395 396 399 
57 136 139 141 146 155 156 160 164 167 172 174 178 182 183 184 186 194 205 213 214 215 235 238 240 243 250 268 271 277 289 292 298 306 322 323 327 328 334 336 340 342 343 344 346 360 361 373 374 378 381 386 392 394 395 398 
40 143 150 152 163 170 174 183 184 189 193 195 203 206 234 240 246 252 262 271 278 289 297 299 305 308 312 314 324 335 336 337 345 358 364 366 372 382 402 
62 135 137 139 144 146 150 154 156 160 165 174 177 182 186 187 194 197 198 207 209 221 225 228 232 236 240 243 247 252 255 257 259 260 263 265 273 276 282 285 287 294 299 300 301 306 308 309 311 316 324 325 326 331 344 347 348 350 352 355 359 360 364 365 366 367 375 379 382 397 400 401 
234 139 140 142 147 148 158 160 162 166 174 176 192 203 206 207 211 222 224 225 228 234 250 253 259 261 270 271 276 284 302 304 311 312 314 318 322 324 325 333 334 343 346 354 355 360 361 364 376 380 383 389 391 394 396 399 400 
256 253 289 309 319 324 348 381 385 
6 137 141 144 147 149 160 161 162 164 165 167 170 173 179 181 182 184 188 192 201 206 207 211 212 214 215 216 217 219 220 221 225 226 228 230 231 234 237 239 241 242 249 250 251 254 255 260 261 262 263 266 267 268 271 274 282 288 292 293 301 304 308 309 311 312 314 316 319 322 323 324 327 331 333 335 336 338 354 356 357 359 361 363 364 365 366 367 368 369 370 373 377 380 381 382 385 391 392 394 396 397 398 399 400 
50 146 147 148 182 190 196 201 202 205 212 224 226 232 238 240 252 258 261 262 264 279 281 283 300 308 314 318 326 329 335 346 348 350 351 375 387 396 
131 140 169 179 193 200 205 211 214 216 239 243 245 249 252 265 266 270 309 333 346 349 359 360 374 376 389 394 401 
229 1 135 143 146 158 159 161 164 165 167 168 170 171 174 178 181 185 191 192 199 202 206 209 213 218 221 223 224 228 231 237 239 240 242 244 246 248 249 251 256 257 260 264 265 270 276 283 284 286 298 300 307 313 314 316 317 318 319 320 325 326 331 333 342 343 350 352 353 359 365 375 380 382 383 384 387 388 397 400 
47 145 146 152 153 155 162 167 172 174 177 180 187 190 195 200 208 210 213 215 217 220 228 230 233 245 247 251 252 253 267 282 283 288 289 293 294 299 301 308 318 331 335 338 343 347 349 363 367 372 382 389 390 393 394 396 401 
226 136 143 160 165 175 184 192 193 196 199 204 205 207 208 209 212 226 237 246 247 255 258 260 268 269 270 273 300 304 305 330 340 352 354 360 374 376 382 395 396 
83 136 140 145 178 186 187 191 193 197 200 203 208 211 213 214 217 218 222 226 227 233 240 244 251 254 264 266 268 270 276 278 284 288 289 291 292 295 299 303 304 306 316 322 324 327 331 333 337 342 353 355 359 365 367 369 370 376 385 387 389 394 396 398 401 
72 135 157 170 172 175 184 193 202 203 220 227 232 235 243 250 251 298 299 302 312 314 319 324 337 343 345 349 352 357 360 371 396 
154 143 147 160 163 167 173 178 191 195 200 201 203 207 211 217 218 233 235 249 255 259 264 280 284 286 291 292 295 311 322 326 328 332 345 353 393 395 400 
62 155 165 175 176 177 186 196 198 209 212 233 242 244 259 262 281 286 288 298 303 309 353 361 384 390 391 
217 193 227 233 324 337 
76 137 140 154 158 160 162 163 169 170 172 176 179 183 188 191 192 196 198 201 204 205 207 209 215 221 222 227 228 229 230 231 232 233 234 238 241 244 259 270 273 277 280 282 283 287 288 296 298 301 306 310 311 312 316 327 330 331 335 344 345 346 348 365 379 383 388 395 396 397 398 399 
135 135 137 139 143 146 154 157 159 166 168 169 171 174 176 181 183 185 188 198 201 206 207 209 220 223 225 226 227 228 229 233 242 243 251 253 260 262 267 270 271 275 276 277 280 283 287 288 289 291 294 298 300 303 305 306 309 310 313 314 316 319 320 324 325 327 331 333 334 336 338 341 342 345 346 349 350 352 353 355 356 363 370 375 391 393 394 397 398 399 401 
7 137 142 145 150 152 158 164 165 169 170 178 179 180 182 185 189 190 199 202 204 207 213 215 220 222 224 227 230 233 236 238 242 252 253 263 267 270 271 278 286 293 297 298 299 300 303 305 308 309 310 312 313 314 315 316 318 319 320 322 330 331 337 338 339 341 345 349 350 353 355 358 359 367 368 375 378 379 381 389 392 397 400 402 
68 1 135 141 142 148 158 159 163 168 169 173 175 176 177 178 180 186 188 189 201 206 211 214 215 216 218 223 226 227 228 229 232 233 235 237 241 242 243 244 245 254 256 261 265 266 269 270 274 279 281 282 285 286 288 290 302 304 306 309 313 314 315 316 319 321 325 328 329 330 332 334 335 337 338 339 342 345 354 355 356 358 359 366 368 369 372 378 379 382 385 386 388 393 394 395 397 398 400 402 
169 142 143 144 145 159 162 163 165 174 175 176 180 184 188 192 195 198 199 210 216 221 224 233 241 256 260 262 265 267 268 273 283 292 300 303 318 328 332 340 343 345 346 355 359 364 377 378 400 
46 136 139 140 146 147 153 154 155 157 158 160 164 165 171 172 177 181 183 188 190 191 204 205 211 212 222 227 232 233 234 237 238 240 241 242 244 247 252 253 256 261 263 264 275 277 279 280 284 295 297 298 304 308 309 310 313 318 319 326 329 330 331 335 337 338 342 343 348 351 353 360 362 367 372 376 377 384 391 402 
231 151 163 166 196 206 208 222 233 242 271 281 283 323 344 351 357 378 379 384 
281 140 142 156 157 163 165 166 169 171 174 180 181 188 189 196 197 199 203 204 207 208 209 212 216 220 221 230 235 245 246 250 254 258 259 262 263 273 278 281 298 304 307 308 318 326 327 328 329 334 338 341 346 352 353 356 360 368 369 370 373 381 382 385 390 394 399 400 402 
265 137 154 164 179 187 196 199 206 207 218 231 239 257 260 261 264 265 266 280 291 318 324 335 340 377 380 384 
99 136 137 145 147 149 162 165 170 190 200 207 215 225 226 241 251 286 290 299 301 302 315 341 344 358 361 363 367 370 378 386 401 
208 1 142 143 144 149 151 153 157 159 161 164 170 171 172 173 179 180 184 189 197 199 200 201 209 211 212 213 218 223 225 226 227 230 233 243 247 249 251 253 254 259 260 261 264 265 267 269 275 281 284 288 290 293 295 296 297 298 299 302 303 306 308 309 314 316 318 319 321 324 328 340 341 345 347 349 350 352 353 355 360 364 367 372 373 374 375 378 379 381 387 390 391 395 397 398 
22 1 146 153 156 162 165 171 172 177 180 184 190 192 193 208 213 216 217 220 228 233 242 245 246 247 248 252 255 265 269 279 286 292 293 295 299 309 311 319 322 323 330 333 335 343 348 349 356 359 361 374 384 386 393 394 396 397 
266 1 136 141 143 146 147 150 154 155 160 161 163 164 168 170 172 174 179 183 184 188 197 200 202 207 211 213 218 221 222 232 233 238 245 246 250 252 254 256 259 262 269 274 276 283 284 286 290 292 293 294 299 303 307 308 312 313 321 326 329 334 336 342 348 351 354 357 364 372 376 377 380 386 393 394 398 400 401 
264 138 146 147 152 156 163 164 167 173 177 179 180 182 187 189 192 195 198 202 204 207 211 212 213 215 221 225 227 236 239 241 243 244 251 252 264 277 281 286 288 298 300 310 331 334 336 339 342 344 345 348 353 354 356 363 380 386 392 398 399 400 
171 232 269 329 353 393 
229 160 172 187 196 198 221 232 238 248 264 268 273 296 299 306 314 337 364 367 385 388 
71 197 217 234 271 362 372 390 
83 1 135 138 139 140 145 151 152 155 167 170 173 176 179 180 186 187 189 191 197 202 213 217 235 242 243 253 254 255 263 264 266 269 271 273 278 282 286 287 290 296 313 316 319 322 323 326 329 335 351 356 358 359 363 367 368 371 373 379 380 384 389 391 
127 145 146 151 156 157 172 173 175 180 182 184 192 196 197 198 200 201 202 203 207 209 211 213 214 217 219 221 222 225 227 228 234 238 240 241 242 244 246 247 259 261 279 296 298 300 304 305 307 318 328 330 336 343 355 356 357 361 364 366 368 371 374 382 394 401 
173 1 139 152 153 155 158 159 164 173 174 178 180 182 183 184 185 190 191 193 196 199 201 207 213 217 219 223 229 234 237 240 241 245 249 250 254 256 261 263 266 267 271 273 276 282 284 288 289 290 301 308 313 315 322 330 332 333 334 335 340 341 342 344 352 356 357 359 360 362 364 366 372 379 380 381 382 390 397 398 399 400 
194 137 139 140 144 147 153 157 161 166 173 175 180 181 184 188 191 207 210 215 220 224 228 230 231 236 255 256 257 262 264 265 269 273 279 283 286 291 292 298 301 306 316 323 324 333 336 342 347 352 363 368 369 371 388 
299 135 137 140 148 149 153 160 162 163 172 173 182 185 190 198 205 216 236 237 241 251 252 256 267 286 316 319 321 327 329 331 332 349 367 372 376 377 384 399 
237 170 320 
108 136 182 187 188 189 195 199 202 208 213 214 219 223 231 236 240 246 259 260 262 266 267 288 297 310 315 328 329 330 331 334 336 338 339 343 348 361 365 369 374 382 390 393 394 398 
107 135 140 141 143 146 151 152 155 158 160 161 163 164 166 170 173 175 184 185 188 189 193 198 199 205 209 210 211 213 218 219 229 230 232 237 240 241 242 247 249 255 257 260 263 264 265 270 273 275 281 285 287 288 289 292 295 308 310 314 316 318 320 322 334 337 339 341 352 356 358 363 365 368 370 376 377 384 387 391 396 397 400 
254 143 146 158 181 189 197 200 202 203 209 212 215 219 224 239 250 256 259 261 263 266 267 268 273 287 308 310 314 330 337 338 350 355 370 375 377 384 387 396 397 
57 167 184 198 199 226 237 274 277 293 313 323 326 363 370 381 394 
60 136 146 149 154 157 160 163 164 165 168 170 172 180 183 196 197 199 200 202 205 209 212 215 224 228 231 232 235 241 246 256 267 270 271 272 281 282 285 289 291 297 298 301 304 309 312 315 321 324 325 337 338 341 343 346 348 362 364 366 377 379 382 394 
274 135 139 146 150 155 157 160 161 162 172 174 177 180 183 185 188 192 208 213 216 217 224 228 229 232 240 243 249 252 255 267 271 274 275 276 277 280 281 288 289 291 293 298 302 303 304 305 309 312 326 329 334 337 343 346 349 353 355 370 372 379 380 383 388 392 393 397 400 
178 149 153 163 169 174 183 191 193 198 203 205 210 218 230 232 233 234 235 238 240 257 259 261 265 275 278 285 292 295 299 308 314 331 332 336 340 352 356 357 364 366 372 373 378 383 395 396 402 
252 150 181 194 211 219 245 254 274 278 315 320 338 345 346 356 
211 135 137 142 143 145 147 150 152 153 162 166 168 170 171 179 182 183 189 190 191 192 193 196 200 203 207 211 212 218 221 227 230 232 234 236 239 244 248 252 253 254 262 263 264 265 273 274 276 277 278 280 284 285 287 289 290 291 293 295 297 300 301 302 303 304 305 308 318 319 321 324 325 326 327 330 331 332 333 335 336 337 340 341 342 345 353 355 359 360 362 367 368 373 374 379 387 389 390 391 392 397 398 400 402 
290 136 159 176 235 391 
137 152 167 175 178 212 263 273 280 304 320 332 339 350 354 358 367 368 369 370 379 392 395 396 
259 138 139 140 143 144 151 153 157 159 163 165 166 167 172 176 178 180 182 184 188 192 193 196 205 208 209 212 214 216 217 218 220 222 223 224 225 227 228 229 230 231 237 240 243 244 246 249 250 254 258 259 260 262 266 268 271 273 274 275 276 279 280 281 283 296 299 300 302 303 304 305 306 308 317 319 320 321 324 329 330 334 337 343 344 345 346 347 349 350 351 352 353 354 355 356 357 361 364 365 368 375 376 384 385 389 402 
173 149 150 154 155 159 166 168 178 180 182 184 191 193 200 208 209 215 216 219 226 228 231 232 239 245 247 249 250 252 257 258 260 261 266 270 273 274 275 292 294 302 314 315 323 326 331 339 351 353 354 355 361 365 367 371 374 377 380 382 384 385 388 390 394 
136 154 169 231 233 271 289 309 366 384 397 
47 177 193 214 216 234 259 260 281 304 340 
178 1 138 142 155 161 165 167 168 170 171 172 181 182 183 191 196 197 199 201 204 206 207 211 214 217 218 232 239 242 245 246 248 250 251 255 260 262 264 266 270 274 275 278 280 282 287 291 302 303 304 312 313 321 322 327 328 331 333 335 348 360 363 364 365 370 373 382 390 398 400 402 
295 138 140 148 154 160 165 166 168 170 171 174 177 180 182 185 186 188 190 197 198 199 204 213 216 223 229 230 231 234 242 245 248 249 250 265 266 273 275 280 287 298 301 307 317 318 320 323 326 330 332 339 342 345 348 359 366 368 369 372 373 388 389 390 398 402 
46 138 149 151 152 166 167 173 182 193 199 207 215 223 226 230 231 234 239 251 255 263 277 279 283 307 309 312 326 329 344 352 354 359 360 362 370 373 374 377 389 390 
235 1 135 136 138 139 141 142 145 146 147 149 150 151 152 157 160 162 165 167 168 170 179 180 182 183 190 191 192 193 195 199 200 204 205 210 211 212 214 220 225 226 229 236 238 244 245 246 252 258 260 262 268 273 280 285 286 289 294 295 298 299 300 304 308 311 313 315 316 319 320 321 322 323 324 330 331 335 336 342 344 345 346 347 349 352 354 355 358 359 361 369 372 373 375 378 381 384 386 387 389 390 391 397 
172 1 138 141 146 151 156 158 164 172 178 182 185 190 193 195 196 199 209 214 218 228 240 243 247 248 251 271 300 308 311 313 328 339 345 382 383 391 396 
112 136 137 140 146 147 150 151 153 154 156 158 159 163 164 170 173 174 175 177 178 180 185 188 190 193 196 198 203 208 211 212 214 217 218 222 223 227 234 235 237 240 242 246 249 254 264 265 268 273 275 276 278 280 286 289 290 296 298 301 306 307 309 311 312 320 323 324 325 328 332 334 338 340 343 349 350 352 356 358 362 366 368 371 372 373 374 377 379 382 383 386 389 390 391 395 399 400 
113 141 145 152 158 166 173 176 180 182 185 186 190 192 194 197 201 203 205 206 207 209 212 214 222 223 224 228 231 240 242 244 245 247 250 251 253 256 257 261 262 266 267 274 278 283 287 288 290 291 294 300 301 312 315 316 322 328 329 341 342 347 349 352 355 363 366 382 388 392 398 400 402 
229 138 146 147 149 150 151 152 157 162 167 168 174 175 179 180 182 185 189 190 192 193 200 203 204 205 206 209 212 213 217 221 222 226 229 235 237 238 243 244 245 246 248 252 258 261 264 265 267 268 271 288 290 295 296 306 308 311 312 313 319 322 323 325 329 331 332 333 334 336 337 338 339 343 345 346 348 354 355 356 357 368 370 377 389 390 392 394 398 399 400 
299 136 146 148 153 154 155 160 170 177 180 182 183 184 186 187 189 194 197 199 200 203 207 208 212 215 219 221 226 227 228 231 233 242 243 247 248 249 255 257 260 267 271 272 273 274 276 281 299 305 312 316 319 321 323 324 327 330 331 332 334 338 340 347 349 351 355 362 365 371 376 378 380 385 395 397 399 
39 142 143 156 179 185 186 187 204 209 211 216 219 222 236 242 248 259 260 263 265 271 279 281 283 287 288 290 291 292 293 294 296 297 298 300 302 303 314 319 320 349 359 360 368 374 376 377 382 384 385 386 387 401 
1 140 143 167 168 170 172 190 193 217 219 231 232 235 238 240 252 264 268 273 275 277 279 284 285 287 299 303 308 310 318 326 329 336 350 355 358 362 376 379 387 390 394 396 
102 1 135 136 144 146 152 154 160 165 166 169 177 184 191 199 206 208 210 216 217 229 234 235 241 258 263 284 285 288 290 293 296 307 342 354 355 367 368 373 376 377 381 383 390 394 398 401 
157 1 136 151 155 156 159 161 165 171 188 191 196 200 205 206 232 262 267 273 278 293 315 321 327 348 351 353 358 360 361 362 366 368 371 379 393 
189 137 139 141 142 144 146 147 158 179 181 182 183 185 190 192 200 201 204 205 207 213 214 217 221 224 225 226 227 234 237 239 240 242 243 246 249 250 251 252 253 255 259 264 267 269 271 272 273 279 280 281 287 295 296 297 298 300 302 307 310 311 313 314 317 318 324 326 332 339 345 348 354 355 356 359 360 363 368 371 372 374 380 391 398 399 400 401 
44 139 150 152 153 157 158 159 161 163 167 168 169 171 172 175 179 180 183 189 191 194 195 196 203 206 207 210 212 214 218 219 220 226 237 238 239 241 244 245 254 256 257 261 262 264 267 271 273 275 276 279 284 288 291 293 294 301 308 310 313 315 319 321 327 329 330 333 339 342 344 348 351 358 359 361 368 369 372 376 383 385 389 390 392 393 396 399 401 
9 158 164 244 266 308 
210 138 143 144 150 152 158 161 164 165 167 172 176 181 182 196 201 202 205 208 221 222 226 234 238 241 244 250 252 253 260 262 264 267 274 278 282 284 290 292 295 296 298 301 309 313 314 323 327 328 347 350 351 352 358 361 363 364 365 377 390 
189 1 135 139 141 142 143 146 150 151 152 156 157 158 159 160 161 165 169 171 172 175 180 181 182 183 186 190 191 194 195 199 200 201 206 223 225 228 235 236 238 239 244 250 252 253 254 256 257 260 261 263 264 265 266 273 276 278 281 289 290 291 295 296 298 299 304 310 312 314 315 318 319 320 321 324 325 327 330 331 334 339 341 347 352 354 355 358 359 362 366 368 369 370 373 376 377 378 379 380 382 385 394 395 401 
132 137 144 145 146 148 149 151 154 160 163 164 165 166 171 172 176 181 183 191 192 193 194 199 202 204 205 208 212 213 215 217 218 220 227 228 232 236 237 249 254 255 256 257 258 259 260 266 268 269 270 272 275 276 277 278 279 285 289 292 294 295 296 302 304 310 314 315 316 318 319 321 322 324 329 330 332 334 339 341 344 345 350 351 353 356 358 360 364 366 367 372 373 388 390 391 392 400 
133 137 144 149 153 161 162 167 171 175 181 185 189 200 205 206 207 210 215 217 224 225 226 228 232 233 241 248 256 261 266 268 274 275 277 279 280 281 282 284 285 288 289 290 293 295 297 299 306 308 316 317 318 329 336 337 341 343 344 348 362 367 368 371 372 375 376 379 381 382 383 385 393 400 401 
169 136 147 150 156 167 170 174 188 189 191 195 199 200 203 204 206 207 208 213 215 218 219 223 229 231 235 243 250 257 259 260 262 264 265 273 279 280 282 284 286 293 297 307 308 310 312 313 317 324 331 336 340 356 359 366 368 376 378 382 388 389 391 393 395 397 399 400 402 
218 136 139 145 156 173 207 224 244 276 281 312 328 383 384 385 
140 141 160 169 179 182 190 191 204 210 212 216 226 242 256 260 262 278 283 295 297 305 312 317 323 325 327 330 340 375 378 387 
18 135 137 138 142 145 146 150 172 177 182 183 191 196 197 198 199 201 204 207 211 216 220 221 230 235 236 238 241 245 254 255 256 262 263 264 267 277 278 299 312 326 335 346 350 354 358 359 369 373 377 379 385 386 396 398 401 
37 157 207 209 295 316 317 
143 137 143 148 149 155 166 177 180 188 189 190 192 194 195 196 198 201 205 206 212 215 221 226 230 231 233 235 238 240 241 247 248 249 251 253 257 258 259 260 267 268 272 275 277 278 281 283 287 288 294 295 296 299 303 304 307 309 310 314 318 323 326 329 331 332 337 338 339 341 346 349 351 355 356 358 359 367 368 369 374 376 385 387 388 390 391 398 401 402 
199 135 139 147 148 153 156 158 162 164 167 168 170 172 175 176 177 180 181 184 185 190 192 193 197 201 203 204 206 210 225 226 227 233 234 237 241 244 246 248 250 252 256 259 260 262 268 278 279 280 282 285 286 288 291 293 295 296 297 298 301 302 303 304 307 314 315 316 317 318 319 320 321 322 323 326 328 332 335 337 341 345 349 350 354 355 368 369 375 376 377 379 380 381 382 383 384 386 387 388 395 398 401 
151 1 140 144 145 150 156 162 165 180 184 190 193 200 205 215 223 226 231 234 242 243 250 260 262 265 268 281 284 285 288 289 295 297 299 300 303 307 313 314 315 328 330 335 336 337 340 343 348 351 352 360 369 372 380 384 391 393 395 398 
115 1 136 137 144 148 152 156 165 167 168 172 174 177 178 179 180 181 187 193 194 197 198 199 200 201 207 208 211 212 215 216 220 230 231 232 235 238 244 248 251 252 259 262 268 270 273 274 276 278 279 281 286 287 289 293 296 298 303 304 305 308 309 312 314 315 318 319 323 325 327 328 329 331 338 345 347 355 357 366 368 371 374 376 378 383 386 392 396 398 399 400 
272 147 157 158 160 174 187 199 225 226 243 257 280 285 302 309 314 328 346 385 
116 140 142 153 162 176 190 206 214 217 218 226 235 259 260 267 277 281 304 325 330 331 332 348 352 363 371 376 378 383 
73 138 143 145 170 172 174 176 178 191 204 224 225 230 233 234 237 239 262 278 281 283 291 310 335 359 365 381 387 389 394 
140 152 157 164 166 223 359 364 373 393 
197 142 144 147 152 156 168 171 175 187 192 199 200 206 207 210 212 213 214 225 228 230 232 245 248 258 260 262 266 268 273 274 277 305 306 315 333 336 351 364 366 369 388 391 398 402 
75 138 139 163 165 166 167 169 170 178 179 180 183 185 187 203 212 217 232 234 238 241 242 244 245 248 249 251 256 258 259 260 261 265 269 274 286 288 292 293 295 299 301 302 304 320 322 330 331 333 339 341 345 348 349 350 351 358 369 372 373 375 378 383 387 395 398 
56 155 160 174 214 220 223 224 227 238 255 259 272 294 312 316 322 335 343 388 389 395 396 
197 1 137 142 143 144 146 147 157 160 162 163 166 169 170 172 174 175 178 181 185 187 188 189 196 197 199 200 201 202 205 207 209 213 219 220 221 222 226 228 230 232 233 234 235 237 239 249 250 251 253 255 260 264 268 272 273 278 279 284 286 287 291 292 293 297 298 303 304 309 310 312 315 318 319 322 325 326 328 329 330 334 343 346 347 348 350 351 352 355 362 368 369 370 374 375 376 377 378 390 397 398 402 
147 1 138 140 141 142 143 147 149 152 155 156 159 160 163 167 176 177 178 180 186 187 188 189 190 192 195 196 199 201 203 207 208 211 214 220 222 230 236 238 239 240 241 250 253 254 255 256 257 258 259 266 271 272 284 287 292 293 294 297 299 300 302 315 318 319 324 326 327 336 339 341 348 350 354 357 358 359 362 364 366 374 376 377 379 388 389 390 393 394 397 
65 140 145 149 150 155 157 166 169 174 178 181 182 184 187 193 202 203 207 208 216 222 230 232 235 238 240 242 249 257 258 259 261 262 263 272 274 276 278 279 280 281 285 289 290 292 303 306 309 311 315 321 324 327 331 332 343 346 351 352 353 354 355 360 363 364 366 367 369 371 382 383 388 391 392 394 396 
221 146 156 159 169 172 174 185 189 190 193 200 201 203 204 207 211 214 219 221 222 223 226 228 230 234 241 244 249 253 262 265 268 269 273 274 275 284 285 286 289 299 301 305 316 317 326 327 338 341 351 353 354 355 356 357 359 360 361 362 365 372 378 380 381 383 387 388 390 394 397 399 400 401 
284 135 136 137 141 146 147 148 153 154 156 157 160 163 164 165 166 167 168 179 184 186 188 191 198 203 204 205 207 219 223 235 245 249 254 256 257 259 264 265 269 271 272 276 277 278 279 282 287 288 298 299 302 303 309 311 314 321 328 332 334 337 347 350 351 353 355 361 364 365 371 374 377 378 382 383 384 390 391 392 399 
45 143 146 164 168 199 203 213 236 286 295 319 327 367 369 375 386 394 
64 138 140 145 146 152 165 173 177 180 182 192 194 200 203 204 207 211 224 225 228 236 237 241 242 243 244 245 246 247 251 253 254 258 260 263 265 267 273 274 289 292 293 298 300 303 305 307 311 312 314 318 322 325 329 330 332 335 337 340 343 344 348 353 356 362 364 365 370 371 373 378 380 389 392 397 399 402 
258 180 199 217 227 262 301 310 323 334 342 366 
250 159 169 180 186 193 205 234 242 243 278 283 286 291 328 334 349 352 358 387 395 
121 1 136 138 139 142 143 144 148 151 160 172 178 180 181 186 187 191 193 200 201 202 203 207 211 214 215 216 217 218 221 234 237 238 242 244 246 249 252 253 254 255 258 259 260 272 275 276 277 279 282 287 292 294 295 296 302 303 305 309 312 314 315 321 324 333 336 339 342 344 349 355 356 357 364 366 367 370 373 384 387 391 395 396 
157 136 137 138 142 148 152 155 158 163 164 168 169 174 175 180 184 187 188 189 192 200 204 208 210 211 212 213 214 216 217 219 221 228 232 234 235 236 240 241 245 247 251 252 255 257 264 265 271 272 277 279 289 291 292 295 298 299 301 302 304 312 314 316 318 321 326 328 336 337 340 350 352 355 356 362 368 369 374 377 380 381 383 387 389 391 393 396 397 401 
183 146 155 159 164 167 177 182 184 185 191 206 208 217 218 228 230 237 245 260 265 277 278 282 284 287 298 308 317 327 336 337 338 339 341 345 355 359 365 366 395 396 
198 137 142 149 158 162 176 178 179 180 187 190 192 205 209 210 213 217 218 223 226 236 237 238 255 266 272 274 280 281 292 294 297 311 312 317 320 339 340 352 353 374 382 383 389 396 
162 149 156 218 249 282 285 373 
157 137 140 144 147 150 151 154 156 157 159 161 163 164 165 171 173 181 182 184 192 193 195 197 199 200 204 205 207 209 211 217 220 221 222 226 227 229 232 234 237 238 239 242 244 246 248 251 257 258 259 263 264 266 267 270 271 272 273 275 276 280 281 284 286 291 297 300 302 305 309 312 315 318 319 322 325 327 328 330 333 339 342 343 345 346 347 348 349 350 353 355 362 363 364 366 368 372 375 383 386 390 402 
52 135 149 150 152 156 163 166 170 177 179 182 183 186 190 192 195 198 202 203 204 205 206 212 214 216 217 227 235 239 240 243 247 257 261 271 272 274 285 288 289 296 299 302 304 310 311 312 314 315 318 322 327 331 338 342 346 359 362 365 369 371 374 377 378 379 382 387 390 394 396 399 400 
224 1 138 151 154 163 165 172 174 176 178 185 186 191 192 193 194 198 202 204 205 206 213 234 246 248 252 253 254 256 257 258 259 264 265 266 278 280 282 286 288 289 292 296 301 302 303 305 310 311 317 321 324 328 330 338 339 341 344 345 347 351 355 359 363 370 375 384 391 392 402 
292 143 158 159 163 164 168 171 173 175 197 208 216 231 238 245 246 249 258 269 276 277 286 288 298 301 305 313 320 329 339 342 356 372 380 388 395 400 
105 138 143 147 157 161 166 186 187 188 200 208 215 224 228 237 241 243 244 247 250 251 254 256 260 261 265 282 283 295 297 303 305 311 321 322 323 326 328 333 334 353 354 355 357 359 362 368 374 385 393 394 397 398 
74 135 136 137 139 140 141 142 147 149 152 153 154 156 157 159 167 168 172 179 182 184 186 187 191 193 201 202 203 205 206 207 213 215 217 219 220 224 225 230 232 236 240 241 242 243 245 246 247 250 252 257 260 261 262 273 276 277 279 282 285 288 294 299 301 303 310 312 314 316 324 325 326 330 335 336 337 339 342 344 349 359 360 361 365 367 368 372 373 374 376 378 379 382 383 388 389 395 396 399 402 
150 135 141 149 156 157 160 162 164 165 167 168 169 177 183 187 189 194 197 204 207 209 210 211 213 215 217 218 224 225 229 231 238 245 246 248 249 251 255 260 261 264 271 278 285 289 294 299 300 305 306 307 309 311 312 314 319 328 329 333 342 344 346 349 350 352 353 356 358 367 373 374 375 377 401 402 
176 135 137 142 145 147 149 153 157 166 167 170 176 178 183 184 188 196 200 206 207 211 212 214 216 219 223 224 227 230 231 243 250 256 257 264 267 273 274 278 284 285 286 287 292 295 298 300 301 303 305 307 309 312 318 324 328 334 335 336 338 340 341 342 344 347 351 352 353 360 362 364 366 367 369 376 378 381 382 384 385 387 389 393 395 396 398 402 
299 1 140 141 145 148 149 156 160 161 164 166 170 171 184 185 194 197 200 201 216 219 223 227 232 233 239 241 244 246 250 252 253 255 258 266 267 268 274 276 277 293 297 298 303 304 307 308 319 322 325 329 332 333 334 339 342 347 352 355 357 360 366 370 372 373 379 383 384 390 394 395 397 399 402 
236 135 136 137 138 140 141 142 152 153 155 156 159 161 164 167 168 171 172 174 179 186 190 193 196 200 201 205 207 211 212 216 217 219 224 226 228 231 232 233 234 236 238 239 241 243 247 248 251 252 253 255 261 268 275 276 278 280 281 286 291 294 300 303 306 307 309 310 313 317 319 320 321 327 328 331 335 340 344 345 347 349 350 352 355 356 357 358 363 365 367 369 372 374 376 377 385 392 394 396 398 399 
7 136 137 142 144 147 149 157 161 162 168 170 171 175 176 180 185 186 187 190 193 194 196 200 202 207 208 209 216 220 222 225 227 228 229 234 235 236 238 239 242 243 244 249 251 252 253 254 258 259 260 262 263 265 273 274 281 283 286 287 288 295 300 302 303 305 314 316 321 322 324 329 334 335 336 337 341 342 346 350 352 356 357 361 363 368 371 372 381 382 383 384 388 391 
30 1 150 152 159 173 193 194 208 254 260 266 278 287 300 302 324 328 368 377 
64 1 135 136 137 138 145 149 150 151 167 170 171 175 176 179 181 189 191 195 199 200 201 205 209 210 211 212 213 214 217 222 223 224 225 228 229 232 233 236 237 241 246 252 255 259 262 264 265 268 270 271 273 275 280 282 283 288 289 291 294 295 297 299 300 301 302 303 304 308 309 311 312 319 320 325 327 328 330 338 339 342 345 347 350 351 361 363 371 375 377 379 381 385 388 389 396 
272 1 135 147 152 157 168 169 178 182 187 193 199 201 206 218 219 223 225 235 238 239 241 253 254 274 275 287 294 301 305 312 318 320 321 326 333 334 338 345 348 349 354 359 366 367 372 373 375 378 383 385 400 401 402 
207 1 135 138 139 141 144 147 149 151 153 158 160 163 166 167 168 170 178 179 183 186 190 193 194 195 197 201 203 204 205 207 208 210 212 215 216 217 219 220 222 228 229 233 234 235 238 239 241 248 250 252 254 257 261 262 263 271 272 273 274 285 287 289 290 291 299 305 314 316 318 319 321 323 325 327 330 333 334 339 342 344 346 349 350 353 355 357 359 365 367 369 373 377 379 382 383 385 386 389 392 396 397 399 401 402 
121 136 137 138 147 154 157 161 164 165 166 167 171 173 174 180 182 184 187 190 191 196 201 203 204 207 209 210 212 214 216 217 221 227 228 233 236 237 245 248 252 254 258 259 265 266 270 271 272 275 277 279 282 287 291 293 295 297 298 300 301 304 307 309 313 314 316 319 328 332 336 354 356 357 358 363 364 365 366 369 371 372 376 377 383 386 387 395 400 
248 163 180 195 196 235 246 254 257 271 305 314 338 
141 136 142 145 147 148 149 160 163 169 179 184 188 189 191 196 208 211 212 216 220 221 223 230 231 239 242 252 253 258 260 264 266 270 276 277 279 282 283 286 288 290 297 298 301 313 315 330 338 340 345 346 347 350 351 356 357 358 364 368 369 371 374 380 381 386 388 390 392 393 395 
29 135 136 139 141 150 154 160 165 167 169 174 177 179 185 187 188 198 202 203 204 211 216 218 219 220 222 223 230 233 235 237 243 245 255 272 278 279 280 281 282 283 286 287 289 290 292 295 301 307 309 313 314 317 324 325 327 328 334 337 341 344 350 351 354 360 365 368 384 391 393 396 397 399 400 
64 160 206 223 270 304 355 
198 135 136 138 142 143 147 153 156 159 162 164 168 170 172 175 182 185 191 193 196 205 210 215 219 221 230 232 239 241 245 246 248 249 250 257 262 271 272 275 279 281 282 285 288 305 307 309 312 313 315 316 317 325 331 332 333 336 338 339 344 346 347 348 354 372 383 384 385 389 391 394 395 397 
75 249 278 
200 350 363 383 
63 136 137 138 139 141 142 143 144 153 156 159 160 164 165 169 171 173 175 176 177 180 181 186 187 188 192 196 199 202 208 211 216 217 219 222 223 224 225 230 236 237 238 244 251 253 254 256 259 262 265 267 270 274 277 278 284 287 288 289 293 298 303 305 309 310 315 318 321 325 327 328 338 340 342 343 345 346 347 348 354 355 356 358 360 364 366 369 370 372 373 374 376 378 389 390 395 399 401 402 
175 138 156 157 160 161 177 180 190 200 201 202 210 213 215 219 220 223 228 230 231 234 237 238 241 242 243 245 247 252 253 256 259 261 279 290 292 299 310 311 316 317 318 326 327 328 329 347 349 351 352 354 360 362 365 368 370 371 373 374 376 377 378 381 382 390 393 398 399 
126 135 140 142 147 149 156 159 160 162 164 167 169 172 174 179 185 190 192 197 199 200 203 206 207 210 216 218 222 225 240 243 247 250 252 253 254 260 261 264 266 267 271 272 273 274 279 287 289 291 292 298 299 300 304 308 309 312 321 322 323 324 326 327 346 355 356 360 368 369 375 377 378 379 380 381 391 392 393 395 397 398 400 
252 144 166 178 185 188 197 201 205 220 221 222 227 230 254 264 265 267 269 292 296 299 301 304 311 315 318 326 331 334 338 340 341 343 346 349 352 367 368 381 387 393 402 
237 1 143 145 148 153 156 161 163 164 167 170 173 177 179 181 187 195 200 202 205 209 211 213 215 217 219 221 229 232 235 239 241 243 246 253 259 263 264 265 271 272 273 274 275 277 279 280 284 285 287 292 293 294 295 298 299 300 301 312 318 320 321 324 326 328 331 333 335 336 337 338 339 343 344 346 354 358 361 366 367 370 371 376 379 382 391 396 
14 137 138 142 145 152 162 167 172 173 185 187 198 200 207 208 218 220 236 243 249 250 255 259 269 271 273 277 279 285 290 293 296 299 300 306 308 312 316 317 319 327 343 348 353 360 361 370 372 376 377 399 
161 1 135 138 144 146 148 149 152 156 157 160 163 164 171 175 176 180 181 182 183 186 187 188 189 193 196 199 200 201 204 205 208 211 214 216 217 219 220 223 227 229 231 233 242 244 245 252 254 255 257 261 262 265 278 279 287 297 301 302 304 307 310 311 312 313 317 321 323 325 329 330 336 345 348 352 353 354 356 360 361 362 364 367 374 375 379 381 387 389 390 391 394 397 398 399 400 
37 143 147 148 150 163 169 187 189 210 230 238 274 292 307 317 327 329 344 352 364 368 373 378 
31 150 170 205 209 219 262 297 390 396 
73 141 146 147 154 159 165 179 182 206 207 225 227 229 236 244 255 258 260 264 265 270 292 294 295 305 312 314 315 320 321 325 328 348 349 351 368 369 378 383 385 390 398 
146 135 136 139 143 144 145 149 150 155 162 170 172 173 177 181 184 187 189 195 204 209 210 211 213 215 217 230 243 254 260 263 276 282 289 293 297 299 302 313 318 321 324 326 331 332 339 346 349 350 353 356 357 360 362 364 366 374 382 396 401 
285 135 141 148 149 151 152 155 162 167 170 175 177 179 180 181 184 185 187 188 191 192 193 196 197 198 201 204 205 210 219 221 227 229 230 231 235 237 238 239 241 242 243 244 246 248 249 251 252 254 260 262 267 269 270 282 284 287 289 291 293 296 298 300 303 310 311 312 313 314 317 322 323 325 328 330 331 335 341 342 344 345 346 351 356 357 361 366 367 370 377 379 380 383 386 389 393 398 
14 1 139 142 149 156 159 174 182 198 199 200 205 215 217 219 223 231 237 255 258 259 274 276 280 285 295 296 299 300 303 314 317 323 337 343 344 345 347 348 350 352 355 363 365 371 382 385 387 393 394 
150 150 160 173 178 179 180 181 186 203 235 247 251 258 259 266 275 278 279 282 289 295 313 317 340 358 369 383 399 
284 138 142 146 148 154 155 156 170 175 179 181 182 183 192 194 196 198 203 217 224 225 239 240 241 246 255 259 260 262 264 272 277 285 289 295 297 299 300 301 308 315 317 318 324 325 330 335 343 351 360 362 371 377 382 384 387 
117 140 143 145 150 153 154 157 160 165 173 177 178 179 180 184 187 190 193 216 220 225 226 230 233 241 242 247 249 251 261 265 268 276 278 280 286 289 291 292 294 301 310 322 333 337 339 348 349 353 356 357 366 369 372 373 374 376 380 391 394 397 
84 136 140 141 142 145 147 149 151 156 157 158 166 170 172 177 181 182 187 188 189 192 194 202 205 208 209 211 214 215 216 218 227 230 233 234 235 239 241 242 244 245 246 248 253 255 258 262 263 265 268 270 272 273 277 278 279 280 283 286 287 294 295 296 300 302 305 307 309 310 311 315 317 318 324 326 327 331 334 336 337 340 342 345 346 347 349 350 356 357 358 359 363 365 371 372 373 374 375 382 383 386 394 399 402 
152 138 140 141 142 143 147 156 159 160 163 169 171 173 175 178 183 185 186 192 195 203 206 207 211 212 216 217 221 225 227 228 229 232 236 237 244 250 251 253 257 258 260 262 263 264 268 269 280 284 288 290 291 293 294 296 300 302 304 305 306 307 308 312 314 317 318 319 321 323 324 326 329 331 333 334 336 337 338 339 340 341 342 351 352 354 356 358 360 362 367 369 371 380 381 385 386 387 388 390 391 398 399 400 
252 135 136 138 142 145 159 169 170 177 189 191 192 202 203 206 212 224 235 236 237 240 245 249 275 294 302 311 312 321 323 324 330 333 336 363 366 372 376 382 392 399 400 401 
253 1 135 138 164 213 240 246 254 326 339 342 357 370 373 395 
299 1 135 136 143 144 151 155 156 157 158 159 161 164 166 170 171 178 181 185 192 195 196 197 198 199 204 208 212 213 215 218 219 223 224 227 229 230 231 232 233 235 236 237 240 242 248 250 255 256 257 259 262 264 265 267 268 276 277 278 281 282 284 287 294 296 297 303 304 305 306 307 312 313 314 322 325 332 339 342 343 344 346 350 357 358 360 361 367 372 373 374 375 376 379 386 388 390 394 396 
58 1 197 201 221 244 267 270 280 326 357 370 394 
8 135 140 144 145 151 152 155 156 157 158 161 179 180 181 182 183 187 197 204 206 208 210 211 212 215 228 229 248 255 260 264 267 275 279 282 283 284 286 288 293 300 303 307 308 310 312 315 319 320 324 325 331 332 341 358 365 377 389 392 395 398 402 
182 151 207 255 284 370 390 
216 135 137 138 139 143 151 152 155 158 160 161 163 173 174 179 182 185 191 192 197 198 199 209 210 212 217 218 225 233 239 248 258 259 264 266 267 269 275 285 289 290 291 295 300 303 308 309 313 317 326 328 329 337 343 352 353 354 355 356 358 365 368 381 387 394 397 398 399 401 
198 1 138 140 142 151 156 160 161 164 166 168 169 171 172 174 176 181 184 187 190 191 192 194 196 197 201 202 203 206 210 218 220 223 227 231 232 234 235 236 237 238 240 243 244 246 249 250 252 253 255 265 271 272 274 279 280 283 287 290 292 293 296 297 298 301 306 307 316 317 318 321 326 329 330 331 332 333 335 341 348 350 351 353 354 357 359 360 364 366 367 369 370 373 374 381 382 384 388 391 395 396 402 
199 135 137 145 147 151 155 163 164 168 180 185 216 223 235 236 253 255 268 271 276 277 282 284 312 316 337 347 355 366 367 377 386 391 393 
248 135 139 142 148 151 158 168 169 172 191 193 200 215 218 221 228 231 239 240 243 249 251 256 259 261 262 268 275 290 293 301 302 309 315 317 319 320 322 323 336 353 356 364 387 396 
243 135 136 137 142 143 145 152 153 156 158 159 160 165 167 170 172 175 177 179 182 185 187 197 208 209 213 214 217 224 225 231 233 238 240 245 246 248 253 254 260 261 263 264 267 270 277 279 281 284 286 289 292 294 298 300 301 303 305 306 308 309 310 311 312 314 315 317 321 326 327 330 332 335 337 338 340 341 343 346 347 351 353 354 355 356 357 361 364 369 371 372 375 376 377 379 381 385 386 387 389 391 392 393 394 401 402 
21 146 148 193 194 197 216 294 301 307 310 312 342 345 368 383 
237 1 136 143 145 147 154 156 157 160 163 164 166 168 173 175 176 178 179 183 186 190 195 199 200 204 211 214 215 226 231 232 234 238 239 245 246 251 256 258 261 266 270 271 272 285 289 290 294 296 298 300 304 305 308 309 312 320 322 324 327 329 334 335 341 347 351 359 370 378 379 384 386 388 392 395 397 398 402 
34 1 138 139 145 150 152 162 172 175 185 186 199 202 208 211 221 223 228 229 231 233 240 241 244 246 260 269 272 276 277 283 290 291 300 313 314 327 329 345 346 356 359 360 361 362 372 382 384 388 
201 1 145 151 153 192 214 218 219 239 240 241 247 249 267 286 287 288 297 307 309 319 323 325 327 330 344 349 351 363 364 368 376 384 386 387 389 
202 137 138 141 147 152 187 207 236 249 253 254 270 276 283 284 329 335 342 345 374 402 
248 142 148 159 160 170 171 173 177 181 182 184 185 189 194 195 198 199 202 205 208 210 211 217 219 220 225 226 227 230 232 233 236 239 243 245 246 248 251 253 255 256 259 260 264 267 268 271 272 274 275 279 280 283 285 289 291 293 296 299 302 304 305 307 308 309 313 314 319 322 323 324 326 327 328 331 333 335 339 345 350 352 353 355 356 357 359 360 363 365 368 370 374 375 376 381 382 383 384 397 398 400 401 
68 154 160 164 180 184 223 227 234 246 256 262 282 299 339 389 
22 135 146 147 150 151 152 154 164 165 168 170 177 183 188 190 191 203 208 211 221 222 223 231 241 246 248 249 264 268 273 278 284 286 292 293 307 316 323 326 331 332 339 344 346 348 350 352 354 356 386 393 397 
92 137 141 143 145 146 148 154 157 159 169 174 178 183 186 202 203 204 208 213 215 216 220 224 232 233 237 242 247 252 253 260 264 268 274 278 280 283 286 289 291 299 305 308 309 310 312 313 315 317 318 320 322 325 330 333 339 342 344 345 346 347 351 352 354 358 361 371 375 376 382 385 388 391 392 401 
173 1 187 335 340 365 396 
93 138 144 145 150 153 156 159 161 166 167 168 171 174 177 178 180 183 187 188 194 214 220 229 237 239 245 256 259 260 263 265 269 277 279 285 294 295 297 298 301 302 308 311 316 317 320 322 323 326 337 357 358 360 365 371 372 381 383 387 398 400 401 
181 137 141 155 163 170 174 179 185 187 191 192 195 196 204 206 209 219 226 236 241 245 248 250 251 253 255 260 263 269 275 277 280 281 282 300 308 309 317 321 331 347 350 361 374 382 384 390 
141 141 150 151 152 158 160 167 184 185 188 194 199 201 211 226 229 231 240 244 250 257 258 263 280 285 286 294 296 301 302 307 311 314 319 321 322 334 336 337 347 349 355 359 360 363 366 369 374 377 378 389 398 399 400 402 
58 168 169 175 178 201 252 311 315 371 378 401 
2 1 143 144 146 148 150 152 153 157 165 169 171 172 174 181 183 185 186 189 201 203 206 208 218 223 229 230 233 234 242 245 246 247 248 249 252 254 256 263 265 269 271 279 280 282 285 289 294 295 300 305 306 307 313 317 325 328 333 334 335 336 338 340 355 359 360 362 363 370 372 373 378 382 383 387 389 391 393 398 400 401 
104 1 137 140 142 160 165 174 177 179 180 183 189 190 194 198 200 209 212 214 217 218 219 225 229 237 238 239 243 247 248 250 252 257 264 265 266 267 273 274 287 289 292 296 299 302 306 316 318 321 324 333 338 350 353 357 359 361 362 363 368 385 387 389 395 396 402 
65 140 146 149 157 160 163 165 169 171 201 214 217 230 233 235 238 249 263 276 313 329 333 334 364 366 373 385 388 389 401 
82 138 143 146 147 150 151 152 163 166 167 169 170 172 177 178 182 183 184 187 195 198 199 208 216 240 242 244 248 249 253 255 257 259 265 266 268 269 272 276 282 284 286 291 294 297 301 303 306 318 323 330 333 337 339 341 343 344 345 353 354 355 357 359 362 370 373 380 382 385 388 392 393 396 399 400 
120 1 147 151 154 155 166 174 186 188 190 204 205 210 213 224 233 241 252 255 258 277 291 310 336 343 347 352 377 
243 136 138 143 147 148 153 155 160 161 162 166 168 171 178 181 196 203 206 211 216 222 228 230 232 234 237 244 245 258 264 270 276 277 285 287 294 303 308 315 319 326 327 332 333 334 336 337 340 343 349 358 361 363 367 375 379 381 382 385 386 397 400 
230 138 145 147 153 155 156 158 163 168 171 173 174 176 182 189 200 212 216 220 221 228 233 239 250 253 257 259 262 264 269 276 298 301 302 305 315 318 325 326 334 343 352 355 376 380 387 399 
120 157 159 163 176 208 209 215 216 231 241 248 273 279 280 281 290 291 292 293 313 315 322 323 330 338 347 349 362 365 383 387 390 393 
188 135 143 150 151 163 175 179 180 187 190 192 196 214 225 230 244 258 263 278 289 296 305 318 344 349 354 355 356 358 365 371 373 386 393 
205 138 148 158 175 179 187 195 197 207 245 248 265 304 345 370 386 390 394 395 
22 135 136 137 140 152 154 157 162 171 174 176 179 188 190 191 198 199 200 209 210 251 257 259 272 273 275 277 281 302 305 307 318 321 323 327 334 336 348 362 371 391 398 
41 135 140 143 145 146 147 148 153 154 155 156 158 159 161 162 170 174 176 179 180 181 183 193 196 197 201 202 205 206 207 213 214 216 222 227 228 230 233 236 237 238 239 240 242 247 248 249 253 255 257 260 261 262 263 264 265 266 272 279 280 287 289 292 293 297 298 300 306 308 309 310 313 317 319 325 333 334 335 339 344 346 347 350 352 353 356 364 366 367 368 369 370 371 372 381 382 383 387 389 390 392 397 398 401 
184 135 137 138 139 140 142 145 146 148 150 152 168 171 172 173 186 190 193 200 202 204 207 208 210 211 217 229 230 231 238 241 244 248 251 253 254 255 260 265 270 271 273 274 275 280 282 284 294 297 298 302 310 312 315 327 331 333 337 349 358 359 361 366 379 382 385 393 395 396 401 
94 138 141 143 145 146 147 148 151 157 158 179 186 197 203 204 206 211 213 215 217 219 222 226 230 234 237 245 256 257 262 265 277 278 292 301 306 311 314 315 327 334 338 339 347 348 354 363 373 377 379 380 392 398 400 
292 139 169 172 174 227 231 245 262 269 281 302 305 306 320 321 325 340 344 355 363 367 368 372 374 375 385 388 394 396 398 
204 152 160 161 163 173 186 190 196 204 211 219 221 226 227 242 255 264 271 273 280 282 284 287 321 325 331 345 350 357 364 369 382 386 
127 135 151 156 157 178 184 187 195 196 205 215 217 228 233 243 250 263 264 268 273 276 281 301 302 306 309 318 320 324 331 334 337 338 345 351 355 357 365 379 383 385 389 395 399 402 
66 136 139 140 141 144 147 150 163 165 170 172 173 175 179 183 184 185 188 192 196 203 206 207 212 219 232 233 237 238 242 245 249 252 256 266 274 278 282 284 287 290 291 298 301 307 308 316 317 318 321 322 331 334 347 349 356 359 366 367 369 370 375 376 378 379 383 389 390 395 398 399 
249 140 144 145 147 153 155 158 171 179 180 185 186 187 195 199 200 203 208 213 214 216 219 220 223 224 229 231 237 240 242 250 255 261 266 273 274 279 282 286 287 288 292 294 302 306 307 310 311 312 315 317 318 324 328 334 336 340 341 345 346 350 352 356 368 373 374 378 379 389 393 396 
283 1 135 136 139 142 145 148 149 150 151 153 155 159 160 161 162 163 164 165 168 172 173 180 184 186 187 192 197 198 200 205 214 216 220 221 223 224 226 231 240 246 247 254 255 256 257 258 261 264 268 270 274 275 276 284 289 292 293 295 297 299 305 307 311 313 315 317 318 322 334 335 338 341 344 346 347 352 353 357 371 374 378 379 380 381 392 397 398 
45 135 139 146 147 150 151 154 155 161 162 165 171 172 180 181 182 188 190 194 196 199 213 217 225 234 240 244 249 251 255 256 260 265 269 280 284 291 299 305 319 342 343 347 352 356 358 365 370 372 377 388 391 398 
135 140 142 148 150 152 162 163 167 170 172 175 176 180 183 184 186 188 190 193 194 195 200 206 211 214 220 227 233 240 242 244 249 259 266 275 278 296 300 301 308 315 316 321 328 329 332 334 337 339 344 346 348 349 352 356 366 371 373 377 380 381 
57 1 140 141 142 143 150 151 152 160 164 171 175 176 180 181 183 186 197 198 205 206 207 212 219 230 231 234 237 246 247 250 251 252 255 258 259 263 268 269 270 271 274 276 281 282 283 285 288 292 293 296 304 312 313 316 323 324 325 328 330 332 333 334 338 352 353 354 358 359 364 367 372 374 379 381 389 
296 137 139 140 145 147 153 155 161 167 170 175 177 182 184 185 187 191 199 207 210 213 216 217 219 223 225 229 233 234 235 238 239 244 249 255 257 261 265 266 269 272 273 274 283 285 286 294 298 299 300 301 305 306 309 311 314 316 317 319 324 326 327 330 332 334 335 339 340 341 345 350 353 355 357 358 359 362 365 366 367 369 371 372 375 378 382 383 384 385 386 398 400 
275 151 153 171 201 205 209 247 256 270 324 344 369 370 382 383 
101 275 
145 135 136 140 141 142 147 148 151 156 158 163 170 179 180 191 204 211 213 222 226 229 230 236 238 239 243 247 253 257 258 262 276 277 278 279 280 282 290 295 298 304 306 314 315 322 326 333 336 337 342 343 347 349 354 357 364 365 377 380 383 392 400 401 402 
7 146 156 165 169 181 202 210 212 215 218 219 247 259 265 278 283 308 321 337 338 339 377 379 381 394 
18 137 138 141 143 148 151 160 163 165 173 177 183 189 193 206 210 223 229 230 231 233 235 236 244 247 256 259 268 275 288 296 304 306 314 319 321 324 328 332 333 335 336 344 349 354 361 364 367 370 372 378 379 380 386 
275 143 191 241 268 280 291 300 304 334 373 398 
253 136 143 144 149 152 153 164 165 171 174 175 184 187 190 192 198 200 202 206 215 217 222 224 226 228 230 232 233 240 241 245 249 250 255 257 258 263 266 269 277 281 283 300 301 305 308 309 312 316 318 321 327 330 333 336 339 342 343 345 347 356 358 365 371 379 383 397 399 401 
5 1 145 150 160 168 184 192 198 203 204 216 228 235 237 240 245 252 255 257 259 262 264 266 269 294 298 305 308 311 313 314 315 321 322 329 338 361 375 379 386 387 
275 140 143 151 157 167 172 180 182 184 186 187 190 193 200 201 210 216 218 221 228 232 242 245 247 249 253 255 262 263 265 266 273 274 275 293 295 298 299 300 302 305 308 309 311 313 321 323 327 332 335 336 344 345 348 349 354 356 361 366 367 370 376 382 385 387 392 396 398 401 
233 135 136 140 142 143 144 149 153 157 158 161 162 165 166 167 180 181 182 191 220 227 229 232 235 237 242 243 257 262 265 269 274 281 283 299 307 325 329 330 331 335 361 362 363 369 373 375 378 379 384 391 394 397 399 
278 141 160 175 205 211 255 296 301 307 334 340 363 367 
65 137 145 146 147 156 165 166 175 178 180 181 183 184 186 187 202 214 217 220 222 229 240 248 257 258 264 265 270 276 280 281 282 285 287 288 290 291 294 300 309 314 322 342 348 351 353 357 359 361 363 372 373 375 381 387 402 
137 1 135 137 140 141 143 144 145 149 150 157 158 160 166 167 171 172 173 174 177 178 180 182 184 185 186 187 188 198 200 202 203 204 206 210 211 212 213 217 219 220 222 223 224 229 230 236 242 244 245 247 249 251 255 260 262 264 265 271 272 275 278 280 284 290 294 296 297 299 300 301 303 305 306 315 317 319 321 323 331 334 336 337 339 342 343 348 351 361 367 374 379 381 384 388 389 393 394 395 396 398 399 402 
183 145 149 151 185 222 238 240 244 259 272 303 347 350 375 401 
35 138 139 145 149 151 157 158 159 164 165 178 180 184 186 187 193 201 212 221 233 236 243 247 249 250 253 255 258 260 262 264 266 268 270 276 278 280 283 284 287 289 291 295 296 297 322 323 328 333 337 339 342 344 345 346 347 356 360 362 368 378 380 384 385 388 392 402 
198 138 139 146 149 151 157 167 168 172 178 180 181 183 189 194 203 214 217 218 220 222 223 226 228 229 231 236 243 260 264 267 271 274 275 280 286 289 293 298 299 301 302 305 323 325 330 331 339 340 342 344 351 353 357 365 371 372 376 378 382 387 388 389 392 398 
57 137 138 139 141 145 149 153 154 158 159 163 169 173 174 177 180 181 183 187 189 190 193 197 207 208 209 210 217 218 221 226 230 238 239 244 245 246 248 249 250 251 255 257 267 268 269 275 288 294 295 296 298 300 304 306 307 308 309 312 314 316 317 319 321 322 323 329 330 335 336 340 341 348 351 353 354 355 356 357 358 359 360 362 363 366 368 370 372 377 383 385 386 388 392 393 395 398 399 400 401 402 
152 140 147 187 195 210 227 235 255 260 265 286 293 297 308 311 327 338 344 359 367 381 398 
15 136 137 142 144 146 148 151 152 158 160 162 163 165 167 171 173 176 179 182 183 186 187 190 191 195 197 200 203 204 208 209 211 212 214 215 218 219 222 225 229 234 237 238 242 243 244 246 248 252 253 256 258 261 264 267 268 274 278 279 284 285 291 293 297 298 300 301 303 305 306 307 308 310 313 314 315 319 324 327 333 336 339 341 344 350 351 357 360 364 365 371 372 376 378 383 385 386 392 393 396 398 399 401 402 
107 168 178 191 248 291 313 346 
68 146 150 151 155 166 168 170 173 181 186 187 198 199 202 206 209 215 222 226 234 235 238 242 243 246 258 270 273 275 284 285 290 305 306 314 323 334 339 344 346 349 356 367 371 376 380 381 383 393 
71 149 168 174 175 214 215 216 232 243 250 253 257 262 265 268 269 278 288 295 299 302 305 307 312 313 319 329 335 345 356 361 365 374 375 382 386 395 397 
294 1 135 141 142 144 150 160 161 163 164 165 166 167 168 170 172 173 175 180 182 183 186 192 193 197 199 201 203 206 207 208 214 216 220 229 235 236 237 238 240 243 246 247 248 249 255 258 260 261 262 265 268 270 273 275 276 287 288 290 301 304 306 309 312 313 317 318 322 324 326 330 331 337 339 340 341 342 344 348 349 353 354 358 365 368 371 372 373 376 377 378 383 384 386 392 393 394 395 397 399 
107 136 141 142 146 152 153 154 155 171 173 174 188 195 196 204 205 206 213 219 225 229 238 242 251 253 254 259 269 271 273 280 281 286 293 304 310 317 323 326 329 336 339 342 345 347 355 359 376 377 392 396 398 399 
51 144 146 149 150 153 154 160 163 165 172 176 178 179 180 189 193 196 198 199 201 204 207 208 216 218 220 223 225 228 232 235 238 239 244 248 254 262 264 266 269 275 276 279 283 290 297 298 300 302 304 309 314 317 320 324 326 334 336 337 338 340 343 346 353 356 358 359 361 362 364 368 372 378 382 385 386 389 394 399 400 
33 145 146 149 158 163 165 180 182 195 201 205 216 224 226 229 230 251 252 263 270 275 292 294 296 297 298 306 308 312 314 315 334 341 342 343 349 352 354 355 362 371 373 380 381 398 
167 1 136 137 143 144 145 146 152 154 159 170 173 175 177 181 187 192 198 201 202 204 207 216 219 224 227 230 234 236 237 238 240 241 242 244 245 246 248 249 252 253 256 257 263 264 265 270 272 273 274 276 280 282 283 284 287 294 301 302 305 310 312 313 314 320 323 324 333 334 336 345 347 348 350 351 353 354 355 357 359 365 369 370 371 374 376 377 378 380 383 384 387 389 390 396 399 
178 138 145 149 167 169 170 171 186 193 196 197 201 207 218 224 226 235 236 252 265 277 296 301 302 303 306 308 312 317 319 322 330 334 342 375 382 386 
293 194 209 226 230 237 331 336 356 358 363 366 
22 141 157 160 166 167 179 189 195 201 207 208 216 218 223 224 225 228 231 233 236 241 242 243 246 249 252 253 266 272 277 280 282 325 326 329 338 343 346 349 353 354 355 357 362 373 377 378 382 384 395 399 
100 144 148 153 195 197 223 231 266 277 283 287 289 318 326 333 372 382 402 
18 1 135 142 146 150 151 153 154 158 161 162 165 169 173 175 179 183 186 187 190 194 195 200 202 217 218 222 225 229 230 234 235 239 243 245 246 256 261 264 266 275 277 283 287 290 291 294 296 297 303 306 311 312 313 314 318 323 325 331 333 335 345 348 351 352 358 361 362 366 368 369 376 380 386 387 389 391 392 393 396 399 401 
88 135 137 138 145 150 154 161 162 165 166 168 169 170 173 174 181 184 191 199 200 202 206 215 216 217 219 221 227 236 237 242 243 245 246 253 254 259 261 262 266 272 274 278 279 281 286 289 292 296 297 306 309 324 333 337 339 342 347 350 355 367 368 378 385 387 390 391 401 
113 151 156 159 205 213 222 233 314 356 383 388 
284 142 143 144 145 153 155 165 170 171 173 182 197 208 212 216 220 226 235 239 246 252 254 255 261 263 264 272 276 281 288 289 294 295 309 314 345 348 397 401 
276 141 144 145 148 150 152 157 159 162 171 184 185 187 195 198 201 212 230 232 245 252 253 264 274 279 285 300 310 318 322 325 327 333 336 343 359 363 371 374 378 382 389 391 397 399 400 
139 138 144 147 148 149 152 154 155 156 158 161 162 163 167 172 173 174 179 181 182 184 185 188 189 192 193 195 199 200 201 202 213 214 216 221 228 231 233 234 243 246 247 249 258 259 263 269 275 276 278 280 283 284 285 287 290 294 295 296 298 301 302 303 305 307 310 314 319 321 322 325 327 329 335 336 337 339 341 347 351 355 358 359 362 363 374 375 379 380 381 382 384 386 387 391 392 394 395 398 399 
218 136 139 141 142 144 145 146 149 156 157 158 159 161 169 172 178 180 183 186 193 195 197 202 204 206 211 213 214 216 218 221 222 223 226 229 231 233 238 245 246 247 250 252 260 265 270 273 274 275 279 280 282 283 284 288 293 295 296 297 298 304 308 315 319 320 327 332 350 352 356 361 364 365 366 369 371 373 374 380 381 383 391 393 394 397 399 
211 136 137 148 152 153 154 156 157 161 166 168 170 171 176 178 185 188 189 193 196 198 201 202 203 207 209 210 212 218 221 222 226 227 235 240 243 245 246 247 251 252 253 263 264 265 274 275 276 277 278 281 283 286 287 288 289 300 301 302 303 307 310 313 316 321 323 324 328 333 335 337 339 342 345 350 354 355 356 359 360 363 371 374 379 382 383 384 385 386 387 388 389 391 393 396 397 402 
67 136 137 141 142 145 152 153 155 158 161 162 163 165 167 169 171 172 173 175 180 181 187 191 192 197 199 200 201 204 205 212 213 214 216 217 222 223 224 226 228 229 230 233 235 237 238 239 242 246 248 256 257 258 259 261 267 271 273 277 288 289 293 299 300 301 302 305 308 309 311 328 329 333 335 338 339 340 341 344 345 347 348 349 350 353 355 356 358 360 361 362 365 366 367 369 373 374 377 381 385 393 395 396 397 401 402 
226 136 138 139 156 162 163 166 168 170 172 173 175 179 187 196 199 202 203 205 207 216 223 228 230 237 238 241 242 243 245 247 249 254 258 260 263 264 266 270 272 276 279 282 283 287 288 290 299 302 306 307 316 317 318 324 329 332 333 340 345 351 355 361 362 363 369 370 371 372 374 375 378 379 382 383 386 388 389 391 392 395 400 
124 140 145 149 156 157 160 161 162 163 169 175 179 180 182 186 188 193 195 196 198 199 206 208 214 215 217 219 225 228 229 239 240 246 250 251 258 259 262 263 265 267 269 276 277 278 281 282 284 285 286 288 296 300 301 306 310 315 317 325 330 342 343 352 355 359 364 372 373 377 378 388 389 393 398 402 
141 141 148 149 150 156 161 163 192 199 201 206 210 216 232 244 247 258 265 271 274 281 287 289 307 310 312 316 317 320 352 353 361 368 372 373 380 388 391 392 402 
219 137 159 174 179 213 222 223 245 250 261 266 297 311 317 337 342 349 353 384 388 396 
300 137 140 142 155 156 160 165 169 170 171 173 174 179 184 185 187 189 192 197 202 208 216 220 224 228 230 232 241 243 246 252 258 261 271 272 276 278 279 284 287 293 299 313 314 332 334 345 347 354 358 367 370 374 376 384 390 395 397 399 
164 13 71 144 170 95 62 193 297 82 148 130 146 215 276 143 255 88 93 272 195 117 81 159 242 294 294 154 168 245 151 54 212 253 22 67 137 56 51 91 292 268 221 267 280 183 79 195 103 195 23 243 210 199 86 4 278 129 155 142 221 88 122 104 126 102 105 76 142 249 42 238 52 166 263 28 94 95 59 62 111 120 146 74 287 181 258 142 275 12 119 208 218 56 72 13 31 52 284 84 55 79 49 130 251 126 88 285 176 91 141 260 271 249 79 179 137 266 245 80 184 115 26 144 9 265 285 214 23 221 68 229 182 193 5 225 87 259 165 190 210 114 109 146 230 221 216 118 18 10 51 120 47 32 155 112 108 127 208 105 32 258 242 105 298 235 142 100 240 45 224 18 50 184 164 21 55 188 170 268 82 82 271 18 47 49 24 73 1 272 37 288 155 120 37 104 222 231 271 7 144 216 40 4 162 258 213 47 139 300 44 99 139 32 249 298 92 247 60 189 235 169 126 30 194 113 223 51 257 57 114 199 210 175 245 253 238 17 150 57 34 172 294 293 115 19 300 10 47 192 132 170 25 36 130 136 253 279 184 55 192 256 213 56 71 135 261 170 111 5 196 96 6 233 209 208 56 20 109 249 103 172 260 8 88 299 265 150 58 231 254 118 35 108 198 138 19 284 24 271 38 177 27 109 39 91 290 24 72 26 171 18 187 83 124 47 226 197 256 46 164 30 216 236 197 134 195 222 96 269 214 187 12 129 204 240 153 299 16 136 223 122 278 54 246 54 164 109 228 71 74 206 68 62 8 192 256 164 203 137 287 217 262 131 95 247 21 128 157 202 232 194 234 58 231 171 114 270 260 184 182 247 130 93 151 110 271 275 84 191 120 177 192 71 251 296 40 198 169 169 110 271 
