270 405
176 1 137 138 140 143 144 148 151 156 158 159 161 174 176 177 178 179 180 182 183 184 186 190 191 194 196 198 201 204 206 207 208 211 212 214 216 217 219 227 229 231 233 234 236 238 241 242 243 247 254 255 256 258 260 263 264 265 268 269 270 271 290 294 296 298 300 301 302 304 305 307 311 312 313 314 315 316 319 321 329 331 335 336 338 342 345 348 353 354 356 360 362 363 364 365 379 384 385 386 395 396 397 398 401 403 404 405 
177 139 142 159 164 171 180 182 185 186 191 200 202 205 206 213 214 219 220 222 227 233 235 241 244 251 255 262 265 276 280 293 298 302 306 307 308 315 322 331 334 337 339 345 347 356 362 366 377 383 388 389 391 392 394 402 405 
241 136 142 149 160 178 184 188 216 230 240 270 281 304 335 348 351 363 379 
257 137 138 140 147 148 153 155 159 165 169 171 175 182 185 187 190 194 195 199 200 202 203 205 206 208 209 212 213 214 215 217 220 223 224 226 228 231 232 233 234 238 240 241 246 251 252 264 268 269 274 276 278 279 281 282 286 288 289 290 292 295 296 300 305 309 310 312 315 316 318 321 323 324 326 331 334 335 338 347 348 349 354 355 356 360 365 368 370 371 372 375 376 381 383 384 385 386 387 388 390 394 395 396 397 398 402 
284 141 147 172 185 189 190 199 211 214 218 221 230 234 244 254 255 278 281 289 303 310 311 317 323 325 326 328 338 344 347 356 386 405 
218 146 151 155 166 172 181 199 202 216 219 246 335 
291 141 147 152 166 167 168 169 192 193 210 221 232 243 268 290 304 307 318 355 360 380 382 387 395 403 
142 1 136 137 138 142 146 147 151 152 154 161 165 168 169 170 172 175 179 181 182 183 187 191 193 194 200 202 204 206 208 211 215 216 223 226 227 228 229 230 239 243 246 250 251 253 262 266 267 279 283 285 290 292 297 299 300 306 313 315 318 319 320 322 325 326 328 331 332 340 344 345 346 351 355 356 360 361 362 363 365 368 372 373 374 388 389 390 392 395 396 398 400 
131 138 143 144 150 151 152 154 155 158 159 162 168 169 170 173 178 183 189 191 193 195 196 200 201 206 208 210 212 214 215 217 218 219 220 221 224 226 228 231 234 237 238 240 242 248 252 256 260 262 263 266 270 273 274 275 277 284 286 288 289 294 296 297 300 301 305 312 316 318 319 322 325 330 331 334 341 343 345 347 352 354 355 356 362 363 364 366 371 372 376 378 381 383 384 386 388 390 396 397 399 400 405 
202 137 139 140 145 146 149 151 157 159 160 162 164 167 169 170 171 173 174 180 181 183 184 188 190 191 198 203 207 214 217 218 219 223 230 244 246 262 264 265 268 271 274 278 281 282 287 294 297 299 301 306 307 310 311 312 320 321 328 331 337 339 340 342 345 358 360 362 364 367 368 370 372 373 375 382 384 387 388 391 392 393 403 
225 136 137 144 156 160 162 163 165 169 173 174 178 179 181 182 183 186 193 196 197 199 202 211 212 214 217 219 220 224 228 230 235 237 238 243 245 254 262 263 275 277 289 292 293 295 297 299 304 307 322 324 330 332 338 340 344 346 349 359 373 375 377 379 385 387 391 394 396 397 402 
267 137 142 144 151 152 154 159 162 164 170 176 177 179 182 184 185 186 189 191 193 198 199 200 201 202 203 205 209 213 216 219 220 227 228 230 231 238 242 245 246 247 248 249 253 258 259 261 263 266 269 271 273 274 276 277 283 287 290 291 293 301 305 306 309 311 320 321 346 347 349 353 354 359 367 369 373 374 382 388 401 402 
140 141 146 149 151 153 155 156 161 164 165 169 175 177 184 188 193 195 208 210 220 221 222 223 227 230 231 232 254 259 262 267 273 279 290 291 294 299 301 318 320 322 323 324 333 336 339 340 342 344 345 356 362 375 385 386 389 390 392 399 404 
257 138 141 143 147 149 150 154 156 169 173 177 178 184 185 186 190 194 202 203 211 213 217 218 231 235 236 238 240 244 250 253 254 256 258 262 263 267 269 270 277 282 293 294 299 304 305 312 314 318 319 321 323 325 329 331 336 365 372 381 383 392 396 402 403 404 405 
292 142 146 151 159 166 177 178 179 189 194 209 218 219 225 233 234 236 238 241 242 244 245 250 253 260 261 264 265 267 278 280 284 295 297 298 301 303 304 306 308 310 312 314 319 320 328 337 341 345 347 352 356 361 367 369 370 384 389 402 403 
127 138 140 141 143 147 149 150 151 153 155 156 161 163 164 170 171 173 175 176 177 178 180 181 184 186 187 188 191 192 194 198 201 206 207 209 211 212 217 218 221 222 226 228 229 231 232 236 237 238 245 246 256 257 258 261 263 268 271 272 277 282 283 284 292 299 303 304 309 311 314 317 318 319 320 322 323 326 330 333 334 336 338 344 346 350 351 352 353 355 358 361 362 365 366 370 372 373 374 375 381 382 383 389 390 392 394 395 
267 219 
253 138 146 152 164 166 185 195 234 287 291 317 345 358 390 393 396 401 
204 154 174 248 277 281 327 329 334 403 
219 151 157 171 177 183 237 239 245 251 288 289 338 388 
98 1 137 139 141 149 151 154 155 157 162 166 167 170 175 177 181 182 184 185 187 192 193 196 205 207 209 211 213 214 221 224 235 239 241 243 244 245 248 250 253 255 256 257 258 261 262 265 267 268 270 271 275 276 282 286 288 289 293 297 298 305 306 308 309 310 323 325 329 331 336 342 344 345 346 349 351 354 355 358 359 361 363 366 367 369 371 372 378 379 383 384 386 387 389 390 392 394 395 398 400 401 403 405 
126 1 136 141 150 153 159 161 162 163 164 167 169 173 181 183 190 191 193 194 202 213 215 223 226 235 240 243 248 252 253 255 261 269 271 276 279 283 285 295 297 298 302 305 307 308 313 326 327 332 336 341 344 346 348 353 356 358 361 363 365 366 368 369 370 374 379 383 384 387 390 393 396 
274 138 139 141 142 151 154 158 159 162 164 165 167 168 173 174 175 176 177 192 195 196 197 199 200 201 202 207 211 214 216 217 224 225 229 231 232 234 235 237 239 249 253 257 266 268 270 271 278 283 285 288 290 291 294 295 296 297 299 301 306 307 308 309 310 314 321 326 328 330 332 335 337 342 343 345 351 352 360 362 366 369 371 372 375 376 380 381 383 384 385 387 388 392 393 396 397 403 
257 137 142 145 148 151 153 154 157 163 169 170 179 181 185 189 190 194 196 207 217 219 224 225 236 237 239 241 248 255 257 269 270 278 281 282 283 285 292 293 297 298 302 303 306 307 308 309 315 318 323 332 335 338 339 346 347 348 350 354 358 359 360 362 367 368 376 390 392 394 
87 138 140 143 146 147 148 150 152 154 156 157 159 160 165 168 170 182 183 186 190 199 208 219 221 224 242 251 259 262 263 267 268 269 271 273 274 277 286 289 290 296 299 303 305 307 308 314 319 320 326 329 334 336 339 341 344 352 358 359 360 362 368 373 380 382 384 394 402 
195 149 184 194 207 289 310 314 339 374 
279 138 140 144 154 160 161 164 167 171 172 177 184 190 195 196 201 204 207 209 211 214 217 219 220 222 227 240 246 251 255 256 259 266 268 269 270 274 277 280 283 286 287 295 304 306 311 312 313 318 320 324 329 336 338 340 344 345 347 348 351 357 358 362 363 368 369 372 375 378 381 386 387 390 401 402 403 
203 155 163 171 177 181 191 197 200 208 212 234 242 251 258 266 267 277 290 291 324 336 347 350 371 377 383 
60 136 141 142 143 145 148 151 152 158 165 167 168 170 174 179 181 182 184 188 194 196 197 198 201 205 214 215 216 221 230 238 240 242 245 256 261 264 267 268 269 271 273 276 278 280 284 285 286 287 288 290 297 299 300 301 302 311 312 315 320 324 326 327 335 336 344 346 351 354 357 363 365 373 374 375 377 379 382 383 386 389 390 393 395 397 399 401 404 
1 137 141 142 145 154 160 164 168 169 173 186 198 204 208 209 211 212 213 216 233 244 247 252 256 258 260 261 277 292 294 296 302 313 324 326 334 355 378 380 383 384 386 389 
125 137 138 140 149 151 152 155 156 159 166 170 171 172 173 174 177 180 183 185 186 189 192 203 204 208 210 212 213 218 220 221 225 228 229 248 251 256 258 262 265 268 270 272 275 279 280 282 288 289 291 293 294 296 298 301 302 303 304 309 312 316 317 319 320 322 325 326 329 333 334 336 339 342 349 350 353 357 358 362 367 374 377 379 381 382 383 391 394 396 397 398 405 
40 1 136 138 141 148 149 152 157 158 160 161 163 165 166 168 178 180 181 182 185 187 189 191 193 194 196 201 202 207 215 216 219 220 222 226 227 230 232 239 240 241 243 245 247 248 249 251 252 253 254 261 262 264 268 269 271 276 277 287 289 291 292 295 296 305 311 314 315 316 318 322 324 325 326 327 330 331 333 334 335 337 339 340 341 342 343 353 356 363 365 371 375 376 377 378 383 384 385 386 389 394 397 402 
178 1 140 147 148 156 159 164 168 169 170 175 180 183 189 190 192 196 197 198 202 203 204 205 211 213 216 220 227 229 230 234 237 238 240 241 244 247 250 251 252 253 255 256 257 262 264 266 268 272 275 278 282 284 286 290 291 295 297 298 299 304 306 309 311 318 320 322 324 326 329 332 336 341 345 353 356 357 359 365 367 375 378 379 380 388 392 393 396 397 399 400 
121 160 177 198 199 220 222 253 274 296 327 365 371 382 385 
203 138 142 152 153 160 161 167 183 205 209 219 220 245 249 256 263 282 300 326 329 338 339 341 351 365 376 377 382 385 395 
193 1 137 142 143 144 149 151 152 158 162 166 168 169 173 180 181 184 187 188 193 195 196 197 198 200 205 211 214 218 220 222 225 226 231 232 233 235 236 241 242 243 246 247 248 249 250 252 255 256 257 258 260 262 265 266 267 268 269 271 272 275 278 279 282 283 285 289 290 296 300 304 305 306 307 312 314 316 320 327 330 335 338 339 347 351 352 354 355 356 357 358 364 369 372 379 380 382 383 385 388 390 393 396 399 
26 1 140 148 158 164 172 178 182 187 189 200 209 214 218 219 223 228 235 237 241 255 265 274 276 279 294 304 305 306 321 327 328 330 333 341 347 358 359 361 364 369 390 391 400 
93 142 143 146 164 165 166 172 178 186 194 199 211 233 234 239 240 241 244 277 287 291 298 303 304 307 313 314 323 331 336 369 388 401 
277 1 138 140 142 145 146 147 150 159 160 168 187 193 199 201 211 215 219 236 250 252 265 278 283 299 303 304 308 309 311 316 317 327 331 354 356 358 363 369 375 384 395 
199 1 136 140 144 152 154 161 164 174 175 181 189 193 198 199 207 209 215 216 221 249 256 257 262 269 276 287 291 292 293 301 308 310 316 328 331 335 336 339 347 356 372 373 384 386 397 
14 137 138 142 156 171 175 187 193 200 207 209 212 214 218 222 227 232 233 234 237 239 241 244 247 267 268 278 282 286 288 289 291 303 310 312 315 321 330 333 337 340 342 343 344 346 351 352 356 359 361 364 365 373 374 376 379 381 384 388 392 399 
227 136 137 142 150 153 156 158 159 161 163 167 169 170 172 173 176 185 189 195 198 200 204 205 207 209 210 211 212 215 227 234 238 240 241 243 244 255 256 258 260 271 281 282 285 287 292 294 302 305 309 319 320 325 327 329 338 339 342 343 358 359 361 362 366 367 374 377 380 382 387 392 393 395 396 397 399 403 
225 136 138 140 143 144 146 147 148 151 153 157 161 162 164 165 166 178 179 182 184 185 190 194 201 202 207 209 213 218 220 221 224 225 226 227 228 234 236 238 241 243 247 248 252 253 258 259 260 265 266 268 269 271 274 276 281 282 284 286 287 289 293 294 296 301 302 306 309 317 321 322 325 326 327 329 332 333 334 335 336 337 339 340 341 346 348 349 352 361 362 363 370 371 373 375 380 381 382 384 386 387 388 389 390 391 392 393 394 396 397 398 400 404 
172 139 153 156 172 175 187 191 195 202 204 205 213 218 247 251 255 265 268 278 290 291 292 294 300 301 313 315 316 319 329 330 333 336 339 352 355 358 366 372 379 380 383 389 390 398 
65 1 141 143 156 159 165 180 190 198 200 213 220 223 230 235 236 240 241 247 256 260 261 270 289 296 306 308 311 313 318 322 324 350 353 356 364 370 390 394 395 397 402 404 
1 157 159 228 291 300 303 311 339 355 371 375 402 
193 136 139 140 145 160 161 165 167 169 172 179 180 185 188 190 191 194 205 208 210 212 213 220 224 226 230 236 247 250 251 253 254 255 256 259 263 265 266 268 275 286 288 291 296 298 304 305 310 312 314 316 317 320 324 327 330 333 335 337 344 347 349 353 354 356 359 360 364 369 372 378 379 387 395 397 400 404 
133 1 142 143 146 148 150 154 156 157 159 160 161 167 172 173 177 180 186 189 193 195 196 202 211 212 213 221 222 224 226 228 229 235 236 243 247 248 254 255 256 259 260 270 272 277 278 280 281 283 288 293 296 297 299 301 303 304 307 309 313 316 322 325 327 328 329 332 335 338 339 341 343 345 352 354 356 357 359 360 365 372 373 377 378 379 381 384 389 390 393 394 397 403 405 
161 149 153 155 158 162 172 182 184 187 188 193 205 206 209 210 213 217 219 228 231 232 236 241 244 245 246 250 255 256 257 260 266 271 272 281 282 286 288 290 292 293 296 300 307 309 315 319 320 323 326 328 332 333 334 340 341 343 348 349 350 351 356 359 361 366 370 373 377 383 386 395 
65 182 193 260 281 306 311 325 330 335 338 343 353 359 385 401 
36 136 137 139 141 143 144 151 152 155 158 159 160 173 178 179 186 189 192 193 197 199 200 201 206 207 214 215 218 219 222 224 226 227 229 233 235 236 243 245 246 249 251 252 253 254 258 261 266 276 282 288 290 291 294 295 296 298 300 303 308 312 315 319 321 323 329 330 333 339 341 346 359 360 361 365 378 379 382 390 395 396 397 401 403 
135 136 137 141 142 145 148 151 152 157 158 161 165 166 167 168 171 172 180 186 188 191 192 194 198 201 205 206 207 208 210 219 220 222 224 225 226 227 230 231 233 234 242 248 255 256 257 260 276 279 280 287 291 294 295 297 301 303 305 306 309 311 313 314 315 316 319 322 323 328 330 332 333 334 341 345 346 347 348 355 356 359 362 369 374 376 380 381 386 387 388 391 392 394 395 397 398 399 
298 136 140 143 146 147 148 149 151 152 155 156 159 161 163 164 167 176 183 193 195 201 205 206 209 213 214 218 219 220 221 223 224 231 234 236 237 240 244 246 248 251 253 254 256 258 261 265 269 270 274 277 279 280 286 290 291 293 295 298 301 303 304 306 307 310 311 313 314 319 320 324 335 338 341 343 347 349 351 356 360 361 365 366 369 371 372 373 375 377 380 391 399 400 403 405 
209 136 139 147 149 151 152 153 155 156 162 163 164 173 174 175 176 178 179 183 184 187 190 193 199 202 203 206 209 214 215 224 227 229 230 232 233 234 240 241 242 244 245 250 253 254 255 259 260 266 271 272 273 274 276 280 283 285 288 289 290 292 295 298 302 305 309 311 314 316 319 320 321 323 324 326 327 329 332 333 335 340 341 344 350 353 355 356 359 363 366 369 370 373 374 375 376 378 379 381 387 393 396 401 402 405 
218 1 141 146 147 155 156 158 159 166 169 170 173 174 176 178 180 181 182 184 188 189 190 194 196 200 203 205 206 210 212 216 226 228 230 231 233 234 241 243 244 246 247 256 257 258 260 263 264 266 270 271 273 277 297 300 301 303 308 312 313 315 325 327 328 330 331 335 337 340 342 343 349 354 355 357 359 363 364 366 368 370 373 375 376 380 385 394 395 397 400 401 
44 142 143 155 158 159 161 165 167 173 174 184 185 191 195 217 218 220 222 224 226 231 235 238 240 251 253 254 267 276 285 287 290 294 301 302 304 308 310 312 323 325 331 336 337 342 343 345 348 349 350 354 355 358 366 368 378 383 393 396 398 403 404 405 
234 141 143 149 150 151 157 161 165 166 167 168 170 181 182 183 190 193 195 197 199 201 208 209 219 222 225 227 229 233 234 239 240 245 248 258 261 262 268 270 271 273 275 278 280 283 288 294 297 301 308 309 312 314 317 318 323 324 328 334 335 347 353 355 356 357 359 360 363 365 369 371 376 377 381 382 384 390 391 392 393 395 397 399 
218 137 138 140 141 148 150 151 153 156 160 161 162 163 164 165 167 172 174 178 179 185 186 187 192 197 198 199 203 204 207 209 219 226 228 232 238 239 241 243 246 249 252 254 262 264 266 270 276 277 279 281 284 290 297 298 302 306 308 309 313 317 319 320 326 327 332 333 337 338 339 348 361 364 366 367 368 369 370 373 378 379 384 385 386 387 390 393 396 404 
234 136 177 179 190 214 230 249 256 257 278 285 310 315 321 370 390 401 
87 1 137 144 147 158 159 161 162 163 165 170 173 175 176 179 181 183 184 185 188 189 191 195 196 198 204 206 207 208 209 211 220 221 223 225 227 232 233 234 239 241 244 250 252 253 257 258 260 269 276 277 279 281 290 294 295 296 299 300 304 307 310 311 313 324 325 327 330 338 341 342 344 346 347 348 349 354 356 358 359 360 362 364 367 368 369 376 380 382 384 387 390 392 393 394 395 404 
234 1 138 139 148 161 162 164 168 170 175 178 183 189 193 195 196 201 205 207 214 219 220 223 228 231 233 234 238 241 242 244 245 246 248 249 254 257 260 263 264 265 266 269 270 279 280 281 282 284 285 286 288 290 294 295 297 302 304 316 319 321 334 336 338 339 341 347 349 350 352 356 362 363 364 365 370 372 375 380 385 386 387 388 392 397 404 
27 152 180 208 228 267 293 309 314 334 338 350 355 359 
59 136 143 148 151 152 154 158 160 169 170 175 187 188 189 190 192 196 199 200 201 203 204 207 210 212 213 222 223 229 231 234 235 238 245 248 254 256 257 260 264 266 267 269 276 277 281 283 284 285 286 288 289 291 294 298 299 301 309 316 317 319 326 331 337 338 344 349 350 351 352 353 354 357 360 361 365 373 374 375 378 379 380 381 382 391 398 399 401 405 
198 147 149 155 164 165 166 189 215 220 238 256 266 269 275 283 285 286 287 294 297 300 305 326 330 331 336 349 355 356 371 378 
247 138 144 147 152 154 157 159 161 163 170 173 178 180 182 194 201 204 209 210 211 218 219 221 225 227 229 234 236 238 245 248 249 250 254 256 258 262 266 267 275 280 281 284 286 294 301 302 310 311 312 319 327 329 333 335 337 338 340 341 342 343 344 349 352 358 362 371 373 379 384 387 390 394 395 
167 138 139 142 143 144 145 150 154 157 161 166 167 168 170 172 174 176 179 181 189 191 192 197 199 201 208 213 217 218 219 220 221 222 226 229 234 235 239 240 241 242 244 246 248 255 256 260 263 264 268 269 274 276 280 284 287 288 291 293 295 296 297 300 305 308 313 318 321 322 323 325 327 328 329 332 333 339 342 345 347 349 352 353 356 357 359 360 365 367 369 370 371 374 375 378 384 388 391 398 399 
58 1 146 162 165 174 178 192 199 216 217 232 238 240 247 250 251 253 264 271 273 274 275 280 284 296 297 298 310 312 313 315 330 333 334 335 346 350 354 356 367 373 380 382 389 396 399 
232 1 137 147 148 152 153 156 157 162 166 168 173 178 179 183 187 188 190 192 196 201 209 211 217 221 229 235 236 239 241 243 245 248 257 265 268 269 272 279 282 290 291 293 295 296 300 305 312 315 318 321 322 330 333 336 340 347 350 352 353 357 358 361 363 368 377 380 383 385 386 388 392 393 395 399 
206 136 157 163 172 180 190 196 208 216 233 238 250 360 
292 1 141 142 143 146 147 148 149 161 163 165 166 169 171 172 173 175 182 183 186 188 190 192 193 197 198 200 205 206 213 215 218 224 226 227 228 229 232 235 240 243 244 246 248 250 251 254 258 260 261 262 263 267 268 273 274 275 276 279 282 285 292 298 300 301 302 303 304 307 310 314 317 325 327 331 332 333 337 338 343 344 345 346 350 351 353 356 358 359 360 362 364 366 369 372 373 377 379 380 381 384 385 387 391 404 
180 136 141 151 155 159 162 163 165 166 167 168 171 178 181 185 188 190 193 194 198 199 200 201 205 208 211 215 216 219 220 221 222 223 227 229 237 238 241 245 249 250 252 254 256 257 263 264 268 269 273 277 284 285 291 293 298 299 301 302 303 305 309 311 313 315 317 318 320 323 334 336 337 340 342 343 344 345 353 358 359 362 366 370 374 376 379 382 387 388 389 390 398 399 401 403 
11 136 146 150 153 155 161 173 174 175 205 217 224 234 238 250 253 264 268 275 283 285 288 302 318 321 323 329 341 363 365 372 383 386 388 390 397 403 
214 140 145 147 150 151 168 171 189 190 195 209 220 237 244 254 257 278 279 283 284 294 304 317 321 328 336 337 348 352 354 363 377 390 394 398 404 
176 139 140 145 147 155 163 164 175 182 186 188 189 196 198 215 220 223 229 237 243 248 255 257 261 262 267 272 273 278 281 282 283 289 300 305 307 308 311 313 314 321 333 334 335 336 348 349 352 355 357 358 361 362 363 368 373 374 385 391 395 397 402 404 
194 137 143 145 162 169 172 180 182 193 194 198 208 215 218 219 220 221 222 225 231 233 239 249 252 257 258 264 269 273 281 284 308 309 310 311 313 321 322 328 330 331 335 343 347 349 365 369 383 385 386 389 396 397 400 
194 148 156 163 184 199 201 204 206 210 216 234 248 259 265 270 274 275 286 289 298 302 315 322 342 354 356 359 362 374 376 382 394 
234 139 152 163 166 176 177 179 182 184 189 192 194 195 196 199 201 209 213 221 224 225 228 234 236 239 244 245 246 249 251 254 256 260 266 268 269 273 274 276 285 287 288 303 306 310 313 314 315 319 325 331 336 358 367 368 372 374 379 405 
163 136 137 140 151 154 159 162 166 167 173 179 181 182 184 192 193 195 200 201 208 209 210 211 215 220 221 223 224 226 228 238 240 241 244 246 248 250 257 262 263 264 266 268 269 273 275 279 280 283 284 288 289 291 297 298 303 306 315 322 327 338 341 344 346 349 351 352 355 356 362 363 365 376 381 382 383 393 395 397 398 402 
141 136 137 138 140 143 145 148 149 151 156 161 162 169 170 171 177 179 180 182 186 187 190 194 196 198 199 200 202 203 206 211 213 215 216 217 219 220 224 225 226 228 230 235 237 240 242 247 248 251 255 256 257 260 262 264 265 267 269 271 272 275 276 280 282 283 286 287 293 295 296 298 299 305 307 312 313 314 315 318 320 323 324 328 332 333 334 337 340 343 347 352 354 360 363 364 370 371 374 378 379 381 382 389 390 396 397 399 400 
76 142 148 157 161 171 172 174 175 180 189 199 201 210 217 232 237 243 245 257 258 259 260 264 292 293 294 304 313 316 319 321 322 333 334 340 344 345 351 354 356 370 371 372 374 381 392 396 398 399 402 404 
47 141 142 143 145 147 151 152 153 160 163 164 167 168 180 181 182 184 185 187 190 191 196 198 203 205 208 211 212 214 215 217 219 220 222 223 224 226 228 231 237 238 241 242 244 245 248 251 253 254 255 256 259 260 261 262 263 269 270 271 280 282 287 289 290 292 298 303 305 306 308 309 310 313 314 321 324 330 332 338 343 345 348 353 354 358 364 374 375 379 380 386 387 392 394 400 401 402 403 
158 156 183 194 241 245 267 268 288 341 354 360 362 367 375 398 404 
162 137 138 140 142 143 144 146 147 151 155 156 158 160 161 163 167 170 171 172 173 175 177 178 179 181 184 188 191 194 198 199 200 202 203 209 211 213 216 217 218 220 223 227 228 233 235 237 241 245 248 253 256 258 260 261 263 271 276 279 286 292 293 294 296 299 300 301 303 304 305 307 309 311 319 320 324 327 328 332 333 336 338 341 350 351 352 353 357 358 364 368 371 372 375 377 384 386 389 395 404 
241 1 136 141 153 155 160 165 180 191 196 199 202 210 213 218 227 228 234 236 237 242 253 255 260 262 263 266 277 278 287 293 294 295 297 304 308 312 316 317 321 322 328 331 332 333 334 336 337 347 349 359 377 387 392 
129 137 138 142 146 156 161 162 168 172 178 179 190 199 202 210 217 224 239 254 256 257 262 274 277 280 281 295 296 300 303 305 306 309 348 350 366 374 376 392 397 398 
16 140 164 172 181 191 196 199 200 211 214 235 241 250 259 261 275 279 280 317 331 337 339 343 349 351 353 364 371 373 388 398 
259 137 139 140 142 146 155 158 159 160 168 171 173 175 179 181 182 184 194 195 196 198 199 205 206 207 210 216 221 222 225 228 229 232 234 239 241 252 256 258 260 267 270 274 276 277 281 282 290 292 293 295 301 304 306 308 313 315 316 318 319 320 323 324 326 327 329 330 332 334 337 341 343 346 348 350 351 354 357 363 366 368 369 371 372 375 378 381 384 389 390 399 402 404 
113 144 148 150 151 152 154 159 169 170 174 178 180 187 194 195 196 198 201 202 205 209 215 217 218 221 223 235 238 241 242 243 244 248 251 252 254 256 257 262 268 272 273 277 288 289 295 299 304 307 318 319 324 331 333 337 341 342 343 347 351 353 356 361 368 370 372 374 376 377 379 384 388 389 390 393 394 400 403 
156 1 137 139 143 147 150 154 156 158 163 165 168 172 176 178 180 181 183 191 192 193 197 206 211 214 215 218 221 224 225 226 227 230 231 232 234 235 236 237 239 241 242 244 246 252 256 259 263 266 273 279 285 291 294 299 306 308 313 318 322 324 326 327 332 333 334 335 337 339 343 351 352 358 359 360 363 371 372 389 390 391 392 395 396 399 403 404 
86 140 144 147 148 149 151 153 165 166 175 180 184 186 187 189 193 195 196 198 221 226 228 233 236 237 238 239 248 249 251 253 256 257 258 266 280 282 283 288 290 295 296 300 302 310 312 319 320 330 335 339 344 345 346 348 355 360 370 374 376 385 388 396 397 400 
57 137 138 139 143 145 148 149 150 154 158 164 167 168 172 173 181 186 187 188 192 193 195 197 203 212 213 218 225 227 228 230 232 237 238 242 248 250 251 253 258 260 262 264 265 275 276 285 289 295 299 300 301 302 305 307 310 313 316 321 325 326 328 330 334 335 339 344 346 347 351 353 362 368 369 370 371 372 377 378 380 385 391 398 400 404 
96 1 141 142 143 144 149 151 152 155 159 160 161 169 174 175 176 177 178 182 187 188 194 199 210 211 213 218 219 227 229 232 233 237 238 240 241 244 246 247 254 255 256 260 264 267 268 274 275 283 285 287 288 291 294 296 297 298 299 301 302 303 304 307 308 310 313 315 316 322 323 325 327 329 330 332 333 336 338 339 341 343 348 350 352 353 355 356 363 365 367 372 375 385 388 389 390 392 394 395 397 400 401 402 404 405 
173 140 142 148 151 153 157 159 166 167 169 175 177 181 182 186 190 200 201 202 207 208 210 215 219 222 224 228 232 234 235 236 239 242 244 245 247 248 249 251 252 258 261 263 265 273 282 283 285 288 289 291 292 294 302 307 308 312 313 314 316 318 321 322 329 330 339 341 342 344 348 351 354 356 358 359 362 363 365 371 378 379 380 383 384 385 391 393 394 396 397 398 404 405 
123 1 139 140 143 146 151 153 156 158 159 163 172 178 179 181 183 185 189 190 194 196 198 206 207 209 215 216 222 223 224 226 232 235 246 248 250 251 252 253 254 258 261 263 266 273 280 284 285 287 289 292 293 295 301 304 305 306 311 314 318 319 324 325 327 328 331 335 343 348 349 350 351 359 361 363 364 366 369 371 374 376 377 379 381 384 385 387 388 391 396 397 398 402 404 405 
80 137 140 142 146 156 158 163 169 170 172 173 177 180 181 182 186 187 189 190 191 192 193 195 196 198 202 204 205 207 210 213 216 217 218 221 225 228 230 232 240 241 244 245 250 252 254 258 261 262 265 273 275 276 283 289 290 291 293 294 297 299 300 302 304 306 316 317 319 321 323 326 327 330 332 336 337 339 340 341 343 346 351 355 361 369 376 377 378 379 380 383 386 387 388 389 390 394 399 402 403 
146 136 147 152 167 171 182 183 185 187 188 189 191 202 205 221 222 224 227 237 241 242 250 256 260 269 270 273 274 280 282 284 286 287 288 290 291 294 295 297 299 306 307 311 313 315 316 320 322 327 329 331 357 359 362 367 371 381 383 384 387 392 395 397 398 401 402 
1 1 145 146 149 153 154 156 158 163 165 166 168 170 172 176 181 182 183 197 201 205 206 207 212 214 217 220 221 227 228 235 240 241 247 249 254 261 269 273 275 278 282 292 294 295 300 303 304 314 315 317 333 338 343 349 355 361 363 364 365 366 371 372 376 378 389 390 403 
156 1 138 140 145 158 159 165 173 174 179 190 198 202 203 208 216 219 231 233 238 239 240 245 249 251 258 259 260 277 281 297 300 302 331 334 340 344 346 352 353 356 366 369 373 375 379 383 387 388 393 399 402 404 
290 1 136 137 138 141 145 149 154 156 157 169 170 171 173 175 178 179 181 183 186 190 197 202 203 205 206 214 216 218 219 227 232 233 234 235 238 239 240 244 248 252 253 259 264 266 268 272 274 279 282 289 302 308 309 311 312 314 318 322 323 326 327 331 333 335 339 340 341 345 346 351 352 366 369 371 372 374 375 378 379 381 382 384 387 388 389 393 396 399 403 405 
95 1 136 139 140 148 149 150 152 153 159 161 166 170 181 190 191 200 207 210 213 216 217 221 223 225 227 235 236 238 243 245 254 255 256 263 264 265 268 269 275 281 283 291 293 294 295 298 299 300 303 310 311 313 318 319 321 325 328 332 340 345 348 358 361 362 365 366 368 369 371 377 378 386 392 399 
152 140 146 150 152 159 160 166 178 188 190 191 195 202 208 209 212 213 219 226 227 229 240 246 247 259 263 279 298 305 306 311 312 318 322 323 327 329 337 343 347 360 362 368 372 378 380 383 391 396 400 403 405 
225 143 150 151 153 154 164 166 170 172 173 183 185 186 187 188 189 196 214 216 224 229 233 238 239 241 242 249 250 254 257 258 262 263 269 272 279 287 290 291 295 298 300 304 306 308 313 324 330 332 335 336 338 346 347 358 359 363 364 369 375 385 389 390 393 397 401 405 
217 141 149 154 155 160 162 166 172 174 175 178 188 189 190 191 198 199 209 211 213 216 218 222 225 226 230 254 256 259 265 267 268 282 290 294 296 301 302 307 309 310 311 314 323 327 333 335 341 354 358 364 368 370 373 374 382 386 388 389 396 400 401 402 403 404 405 
183 165 170 174 176 202 227 271 301 323 351 387 
268 154 201 230 235 306 312 326 333 343 362 367 
24 145 219 224 233 235 241 244 250 259 265 285 288 293 299 302 305 314 317 325 333 340 351 367 377 380 392 398 400 
227 136 137 140 141 146 149 155 163 171 173 177 182 187 192 202 207 214 217 218 222 230 233 235 238 241 242 248 251 254 255 259 273 275 276 288 292 294 295 296 297 300 302 307 310 314 318 324 326 329 340 342 343 357 367 370 384 391 392 402 405 
193 145 153 160 171 174 176 184 192 196 201 216 248 255 262 289 291 305 309 320 322 332 337 339 341 353 374 375 376 380 394 403 
226 142 177 230 256 266 279 288 314 334 359 363 365 370 373 382 385 388 401 
87 145 151 153 154 158 160 162 163 167 170 172 173 174 177 178 179 181 182 183 184 186 191 198 200 206 207 211 212 213 215 216 217 220 221 222 224 228 229 236 238 243 244 245 249 251 261 263 264 266 280 283 288 289 295 300 301 306 311 312 313 316 317 322 326 332 334 337 342 348 349 351 353 369 376 384 391 392 394 400 402 404 
94 1 138 144 145 147 148 152 153 161 165 168 170 176 177 180 182 184 188 194 197 198 200 201 204 205 210 216 221 224 226 234 241 243 251 252 253 254 260 264 271 280 285 302 303 309 321 322 332 335 339 358 360 361 365 373 374 382 393 397 400 405 
76 137 140 142 147 148 151 162 163 165 166 167 178 180 194 202 209 216 225 234 235 249 254 259 268 275 287 308 312 324 331 332 333 335 340 346 353 354 356 361 362 367 400 403 
108 1 139 140 144 148 149 151 153 162 163 164 165 166 176 178 180 181 182 183 184 185 191 197 198 208 210 211 213 214 216 221 222 224 225 232 239 241 246 247 248 253 260 261 262 265 269 272 274 275 276 281 288 292 294 296 298 299 300 304 308 310 315 316 318 319 320 326 327 329 333 335 337 347 351 352 353 354 355 357 360 368 369 374 382 384 385 386 390 391 394 395 400 402 405 
87 1 142 143 147 148 149 155 157 159 160 164 168 169 171 172 184 185 192 194 197 198 199 203 210 213 218 222 223 224 226 239 240 242 245 247 251 252 257 260 261 265 268 269 270 278 283 284 287 290 291 292 296 299 304 309 313 314 331 342 345 348 350 351 356 358 366 369 372 376 379 393 395 402 404 
257 142 148 154 160 161 167 170 172 175 176 179 187 192 195 196 203 204 210 213 218 220 222 234 239 240 248 255 257 259 264 265 267 268 280 288 290 293 297 300 306 307 313 317 320 325 329 330 337 340 349 353 356 357 359 360 363 367 373 375 385 386 390 391 393 398 399 
119 140 141 142 143 144 145 146 150 151 155 156 161 164 167 168 169 175 176 181 182 185 186 187 188 189 198 199 203 208 212 213 215 219 220 221 224 227 229 235 236 238 242 244 245 251 253 255 256 257 258 259 264 265 267 268 269 272 274 278 279 281 282 285 286 290 291 297 306 313 315 318 321 325 329 332 333 335 337 342 344 346 351 354 357 362 363 373 375 377 380 381 383 386 393 395 399 402 404 
15 1 137 146 147 152 154 155 165 174 177 178 185 187 189 191 194 195 196 198 204 211 219 226 227 230 237 239 240 242 243 246 247 254 255 256 257 261 264 266 272 273 279 281 282 283 284 285 288 291 292 294 297 298 299 301 302 309 313 314 317 319 321 323 331 333 336 337 340 344 347 352 357 358 360 363 365 373 380 382 384 388 391 400 405 
62 1 139 143 144 145 148 152 154 155 158 159 160 163 172 175 177 183 185 194 201 205 208 218 221 223 225 226 230 231 234 235 237 239 240 241 242 243 248 250 251 254 257 259 260 263 269 270 272 273 274 275 281 283 289 290 291 296 299 303 307 309 310 312 317 319 320 321 322 325 326 329 337 339 344 347 356 364 370 375 376 378 380 386 387 388 396 397 398 403 405 
53 142 149 151 152 166 168 180 183 184 190 193 194 204 205 214 225 226 259 279 281 290 306 308 310 332 335 349 356 364 367 379 384 387 390 
213 137 147 150 153 156 158 163 171 189 191 194 197 198 201 202 203 208 214 218 219 226 230 232 233 236 246 247 248 249 255 260 263 272 280 282 284 285 287 289 295 298 302 303 306 308 317 320 323 330 331 337 351 353 361 367 370 375 376 379 380 384 385 395 396 
120 148 155 157 158 161 165 171 172 184 185 186 188 192 193 194 198 199 200 201 202 205 209 215 220 222 225 226 229 230 233 237 240 242 246 258 259 261 264 265 267 278 283 286 288 297 302 305 313 316 327 328 329 333 334 342 344 346 350 357 358 359 360 361 362 365 370 373 379 380 384 385 393 396 397 402 404 
273 1 140 143 146 155 160 181 184 189 192 196 204 210 211 213 225 228 232 240 242 243 248 253 261 266 276 280 283 292 293 296 300 304 305 307 309 314 316 318 331 333 334 338 340 342 344 355 358 365 368 369 371 372 373 377 382 390 399 
44 139 140 144 145 146 150 151 153 159 160 165 168 171 172 173 175 179 182 183 190 194 196 198 201 202 206 208 211 213 218 220 225 228 238 246 247 248 249 251 252 258 259 260 262 264 265 267 268 269 271 273 274 277 278 279 287 288 292 293 297 301 303 304 305 308 311 317 318 320 322 323 327 328 331 332 336 337 338 339 342 343 345 346 348 358 359 360 364 365 367 368 371 374 375 382 383 384 386 388 389 392 395 402 
232 137 140 151 155 157 174 179 185 188 192 207 213 220 230 247 253 264 268 269 270 274 276 289 293 302 311 313 318 334 336 337 338 354 357 364 367 368 369 372 375 377 384 385 386 395 396 401 403 
215 146 157 162 163 165 167 168 178 179 185 191 193 204 213 218 219 220 227 236 239 261 265 270 319 320 321 328 360 370 374 375 385 388 390 396 398 399 
86 137 142 157 170 178 185 190 192 218 225 230 260 265 270 277 283 288 294 319 321 327 328 331 334 337 345 353 377 378 379 392 397 
16 138 139 142 152 159 161 177 181 182 183 186 189 193 204 206 215 218 225 228 229 233 242 246 251 253 261 262 264 270 271 273 278 289 297 300 303 306 312 314 316 321 323 327 328 332 345 346 348 351 352 355 359 362 363 366 369 375 376 379 383 385 389 394 395 
118 137 140 141 142 144 147 151 157 162 163 166 167 173 178 182 183 188 190 197 203 205 211 213 214 215 216 218 222 225 226 230 232 234 236 239 243 247 248 254 256 257 259 263 264 265 273 274 276 277 279 282 283 288 291 295 296 304 312 313 315 320 321 323 324 327 328 332 333 334 337 340 343 344 345 351 352 353 358 369 370 371 379 381 385 391 393 396 397 403 404 
106 147 161 174 179 185 191 220 233 238 250 257 258 262 263 265 270 271 284 285 315 328 338 342 344 347 351 352 383 391 392 
79 139 140 141 144 150 154 155 158 163 164 168 169 172 173 178 179 182 184 186 187 191 192 197 201 202 206 207 208 213 216 221 222 224 225 226 229 231 240 244 246 250 252 255 259 265 267 273 275 276 277 280 283 288 297 298 304 305 307 315 323 325 326 327 328 329 331 332 339 340 349 350 357 362 364 365 369 372 373 374 378 379 381 383 388 389 390 396 397 401 403 404 
53 1 139 140 153 160 170 171 186 192 195 198 203 221 223 224 229 231 245 256 259 262 263 268 273 283 294 295 298 302 305 311 314 316 326 331 338 342 343 344 346 353 355 356 366 367 383 397 403 
297 140 144 146 147 149 150 155 159 161 163 174 175 179 189 190 201 203 206 208 209 210 211 214 215 217 221 222 226 229 230 231 232 233 235 240 241 243 247 248 249 250 253 256 259 260 261 267 268 272 273 275 280 286 287 292 295 297 299 301 305 307 314 318 320 321 322 326 335 336 343 344 345 347 350 351 354 357 360 362 364 366 367 368 375 377 381 386 387 390 391 394 402 404 405 
65 150 168 178 193 195 196 207 210 211 223 224 227 229 231 233 234 253 265 273 281 309 311 318 320 347 353 354 363 371 383 386 
95 152 163 167 174 179 180 183 188 189 208 209 211 214 221 226 227 231 235 240 243 246 250 251 252 260 261 264 270 279 282 296 312 313 323 325 328 336 338 340 342 345 346 349 352 359 365 384 390 402 
93 150 172 177 181 189 190 194 195 198 210 218 230 241 259 287 303 312 317 350 351 360 372 373 385 405 
13 138 140 142 146 149 165 166 178 186 190 201 202 206 208 212 213 214 236 253 255 257 268 269 273 280 283 285 286 296 308 313 320 322 326 335 351 354 355 357 358 374 386 401 403 404 
191 139 143 144 148 149 152 158 162 166 175 176 184 185 187 188 191 196 198 212 213 214 219 223 230 233 238 241 242 249 258 260 261 263 265 266 267 269 277 284 286 294 295 297 298 299 304 305 307 310 318 319 324 328 332 340 341 343 347 350 352 357 358 360 363 368 371 373 374 376 377 383 385 389 401 403 
98 138 139 143 148 152 153 155 156 157 161 171 173 174 175 178 184 185 190 191 195 196 198 200 201 202 203 205 207 209 213 215 216 218 225 229 231 232 233 234 235 239 242 243 247 249 250 255 257 260 263 265 268 269 275 277 279 284 285 286 287 288 289 290 293 294 303 305 306 310 311 313 315 317 318 323 325 329 330 334 336 344 346 349 351 353 354 356 357 360 361 365 368 372 374 375 376 377 393 401 402 404 
72 142 143 154 157 174 186 192 193 223 230 231 238 253 258 260 264 265 269 275 277 279 283 286 294 298 300 310 318 330 333 335 336 340 347 348 350 361 373 379 384 394 396 397 
10 1 138 145 148 151 155 157 160 163 164 165 167 168 171 173 180 182 184 185 186 188 192 195 198 199 201 202 203 205 206 208 209 211 214 221 224 225 226 227 229 231 232 233 238 240 241 245 246 247 257 264 265 266 268 269 270 273 275 284 286 287 288 289 290 293 295 298 307 309 310 311 312 320 321 324 326 327 329 332 333 334 335 336 339 347 348 357 358 359 363 364 365 366 368 369 372 373 379 380 381 382 385 386 388 391 394 395 397 
74 136 144 145 146 148 150 156 161 167 168 169 170 183 186 189 191 194 195 197 199 200 201 208 214 215 218 221 222 224 227 231 233 236 237 240 244 252 253 256 260 262 273 290 294 303 309 310 312 313 316 317 318 319 320 321 328 329 330 340 341 346 348 350 352 355 365 367 368 369 376 379 380 383 384 385 388 390 391 392 397 398 401 405 
159 140 141 143 148 149 151 157 159 160 161 164 165 168 171 177 182 184 187 188 190 199 201 203 210 211 215 221 247 251 252 255 262 264 269 270 271 281 284 285 289 294 299 300 301 304 306 309 319 322 325 327 330 338 348 350 361 372 379 391 395 402 403 
137 148 169 180 198 204 219 226 231 244 250 256 262 264 265 273 274 278 286 290 291 293 296 300 306 310 311 318 320 339 344 345 353 356 369 384 399 
129 1 136 139 142 143 145 151 152 154 157 158 159 162 169 172 176 177 178 181 184 186 194 196 203 204 209 210 211 212 213 215 216 228 229 230 239 240 241 243 245 246 248 254 256 261 264 265 266 269 272 274 275 277 282 287 288 289 292 294 298 300 303 304 308 319 322 324 325 326 331 332 334 337 339 341 342 343 346 347 349 353 354 355 356 358 359 361 362 364 366 368 370 371 375 377 378 380 381 388 392 395 397 
52 1 136 141 147 148 155 157 164 168 178 180 182 185 186 188 191 192 196 203 204 206 207 211 223 228 229 235 241 245 248 251 253 255 261 266 268 271 273 279 281 287 288 295 304 306 307 309 313 318 320 322 325 327 329 330 331 332 336 350 351 352 355 357 359 363 369 370 371 372 373 382 383 385 386 387 388 391 394 397 400 404 405 
76 139 141 142 145 146 147 148 149 152 157 158 160 163 164 167 171 172 175 177 178 180 188 192 194 195 196 198 201 205 213 227 229 230 232 233 239 244 246 248 252 253 254 258 261 263 270 272 274 276 281 282 285 290 293 296 298 304 309 310 313 319 325 328 329 333 341 343 356 357 362 365 369 370 377 380 381 386 392 393 
153 143 147 153 154 156 157 161 162 166 172 175 176 184 185 190 194 197 199 203 204 205 206 213 224 225 229 231 234 236 243 250 253 257 259 261 263 265 275 277 288 290 291 294 311 314 329 330 338 351 353 355 356 361 365 368 373 378 383 385 396 405 
157 146 182 201 221 233 311 351 358 360 381 403 
14 137 142 144 154 155 157 158 162 163 164 166 169 178 179 180 184 185 186 187 190 193 198 199 203 204 210 213 215 217 218 219 222 223 227 228 230 231 233 236 238 240 241 242 244 249 251 254 255 256 258 260 261 263 264 267 268 269 271 281 283 286 287 292 293 294 295 296 298 301 302 305 312 314 316 319 320 321 325 331 335 336 338 339 345 349 351 355 357 359 360 362 363 364 365 366 369 372 374 377 379 380 382 383 385 388 391 392 393 396 399 401 
76 136 137 141 146 148 149 150 155 161 162 164 166 172 181 183 186 191 196 199 203 218 220 222 223 224 225 229 230 233 235 248 249 250 251 252 257 260 261 266 267 268 269 271 273 274 275 279 280 281 282 284 285 289 290 291 293 296 299 302 306 307 308 313 314 315 317 319 321 323 327 328 329 331 336 345 346 347 349 350 351 358 360 361 363 364 366 367 371 372 373 374 375 379 382 383 389 390 394 395 402 405 
176 142 151 154 186 188 194 215 235 280 282 343 365 382 401 
251 137 138 140 144 146 148 149 152 153 160 162 165 166 170 172 173 174 177 183 186 187 189 190 192 193 195 198 200 201 202 203 205 206 207 208 209 213 214 215 220 225 226 231 234 235 236 239 241 245 246 247 249 264 267 277 283 284 289 290 292 294 296 297 301 304 305 308 310 311 315 317 318 326 331 335 338 339 340 341 349 350 353 354 356 357 358 360 364 371 381 382 388 401 402 404 405 
57 137 146 149 159 163 168 176 177 180 200 203 209 224 235 244 250 253 257 260 262 263 265 280 282 289 290 292 294 301 316 318 320 321 322 323 325 326 338 366 372 374 375 389 392 403 
112 136 151 223 232 241 382 394 
32 143 144 148 149 153 154 162 168 171 173 175 179 180 185 190 202 210 211 219 222 227 228 230 235 238 241 247 256 259 260 262 266 270 275 284 300 302 303 304 305 306 307 311 314 321 326 330 335 337 339 343 348 349 352 356 358 361 371 375 378 380 385 391 396 
168 193 223 281 330 355 358 369 376 382 
183 139 140 150 152 159 163 180 191 202 214 222 230 233 252 255 263 268 272 273 286 288 290 298 304 305 310 312 314 320 328 330 338 348 350 355 357 358 360 366 369 374 385 394 405 
164 137 138 142 143 155 159 162 167 170 172 178 182 183 184 186 187 191 197 203 205 208 211 213 214 215 219 226 231 241 243 245 248 250 252 258 265 269 271 281 282 288 301 305 313 314 321 322 325 331 332 338 339 343 346 349 350 355 356 357 364 370 375 376 377 382 386 388 392 394 395 401 
19 1 169 173 197 204 251 291 305 333 339 364 378 388 405 
296 136 221 265 273 277 279 281 294 299 310 316 357 369 383 385 396 
222 137 138 141 144 145 148 152 155 167 168 172 180 184 185 187 191 197 204 205 206 209 220 224 226 227 235 242 243 248 251 252 253 259 261 265 270 273 285 287 291 297 302 305 306 307 309 311 313 325 331 338 340 342 346 347 355 360 366 370 372 383 387 389 392 
85 136 141 145 147 149 150 152 153 159 165 166 167 169 170 173 177 179 185 186 190 198 203 206 208 210 212 215 216 219 220 226 228 236 238 240 241 242 243 244 253 258 259 262 263 268 270 271 281 282 283 284 287 288 289 291 294 298 300 302 303 304 312 313 314 319 322 324 327 330 332 334 339 340 352 353 354 356 360 363 366 369 370 373 379 383 384 393 396 399 400 404 405 
23 138 140 144 145 150 153 154 155 156 157 167 169 172 174 175 177 179 182 185 187 188 194 198 200 201 202 205 209 214 215 216 217 218 224 226 228 230 231 233 235 237 238 249 250 251 254 256 262 263 266 268 270 271 273 275 279 280 281 282 285 287 288 290 295 296 297 298 301 302 307 311 314 315 319 321 322 325 329 331 333 334 338 340 342 343 347 350 362 363 368 374 377 385 387 388 390 391 392 394 395 396 400 401 402 
182 140 153 186 197 223 247 253 256 283 293 295 308 311 398 
217 1 139 141 154 156 161 165 171 181 182 183 185 188 190 195 196 197 203 205 213 216 219 220 222 223 228 231 238 241 245 247 250 252 274 284 287 290 296 307 311 312 318 330 341 343 346 351 355 356 358 359 369 378 381 386 387 393 396 397 
102 138 144 153 162 170 171 176 178 182 185 186 187 192 193 198 201 210 212 218 222 230 237 238 240 241 242 244 245 252 253 254 255 260 262 263 264 269 276 278 280 289 296 297 298 301 303 306 307 309 310 311 312 313 317 319 323 327 328 331 332 334 344 348 350 351 352 353 358 359 365 366 367 368 369 370 371 374 377 381 383 386 387 390 391 393 
14 1 136 138 144 146 147 148 149 153 156 158 159 162 164 170 177 180 182 189 190 194 197 198 199 200 205 210 214 215 217 219 220 221 225 228 229 235 237 241 244 245 251 253 255 256 260 263 266 268 269 270 271 272 274 276 282 288 291 293 302 303 304 306 307 308 309 312 313 317 322 324 327 329 333 335 336 338 346 348 352 354 355 356 360 361 362 364 372 383 384 386 391 392 393 403 404 
71 137 138 139 141 142 144 146 153 160 161 172 173 178 186 191 199 202 203 212 216 217 221 224 225 233 237 240 243 250 256 259 264 269 270 271 276 278 280 284 292 297 304 305 308 314 315 319 322 330 331 333 334 335 340 355 358 369 375 382 387 393 394 396 397 403 
112 152 153 158 160 180 183 186 191 210 220 227 232 233 247 255 261 263 285 293 312 317 334 346 348 349 365 378 385 
105 152 159 160 161 165 182 192 205 210 220 233 236 246 251 253 255 268 284 287 288 307 313 337 368 375 395 405 
11 1 136 137 139 144 148 149 153 154 157 159 165 173 175 177 187 202 203 207 211 221 224 225 227 228 234 236 240 241 243 249 251 261 267 270 272 274 276 278 279 280 287 289 290 293 294 301 306 307 310 317 318 320 322 323 329 332 334 336 338 349 356 358 362 364 365 378 384 388 392 396 400 404 
280 1 138 142 143 148 149 150 151 152 153 156 158 160 165 167 170 173 175 176 179 182 186 187 189 194 200 201 205 207 212 218 220 223 224 225 226 230 237 242 245 251 255 258 264 265 268 270 271 276 279 280 282 284 289 293 297 305 307 312 313 315 318 320 321 322 326 334 335 338 340 348 349 351 355 356 358 359 367 372 374 376 377 380 382 387 392 393 402 
155 138 139 144 146 147 148 149 153 159 162 163 164 165 167 176 178 180 182 187 188 190 191 192 195 198 201 202 205 208 216 220 221 226 228 230 235 240 247 249 253 260 261 262 263 264 266 267 268 269 270 272 275 276 277 279 284 287 290 291 292 294 297 300 301 309 318 321 322 324 325 327 328 331 333 340 341 342 345 347 351 353 362 368 370 373 374 375 376 377 378 383 385 387 388 392 394 395 396 398 399 405 
192 1 138 140 141 150 152 155 156 157 158 163 164 165 172 174 175 176 184 185 190 193 194 197 206 211 219 224 227 229 232 237 240 241 244 246 248 251 253 254 259 262 263 266 271 275 278 282 284 285 290 292 302 305 307 308 310 317 319 322 323 326 327 329 331 335 346 350 351 353 354 357 358 359 360 363 366 367 369 370 375 376 382 383 384 386 387 390 391 396 398 400 404 
139 1 143 152 153 163 167 180 187 198 200 209 211 216 228 230 244 256 271 298 303 305 308 312 366 382 388 390 395 399 401 
130 136 144 151 153 155 159 162 167 170 171 177 178 181 182 184 187 191 195 196 197 198 199 200 205 206 207 208 211 213 216 221 222 224 225 227 229 233 235 238 239 240 243 248 249 257 268 275 278 279 283 284 285 287 290 291 302 306 307 310 316 318 321 322 325 329 332 333 342 344 347 348 352 353 355 359 368 369 372 374 375 378 386 391 395 398 400 
103 140 143 145 148 153 154 163 164 173 177 178 179 184 186 188 189 193 194 202 204 207 224 230 233 236 244 247 248 256 259 260 262 268 271 278 281 282 287 295 304 306 308 309 311 312 320 330 332 338 339 342 345 346 350 353 357 363 364 372 373 384 389 397 
49 139 140 144 147 149 150 152 159 160 162 164 168 169 173 177 179 181 182 183 186 188 190 200 202 206 207 210 211 212 213 215 217 218 221 222 226 228 229 231 234 237 238 241 242 247 251 255 261 262 264 272 289 293 294 295 296 302 303 306 307 308 309 311 312 315 317 321 324 325 327 329 331 332 333 336 339 342 345 347 352 353 354 363 369 370 374 375 380 386 388 389 392 
42 144 150 193 236 274 293 295 382 391 392 401 
81 136 137 140 142 144 149 154 156 159 165 166 170 171 173 177 183 186 191 203 206 207 212 213 215 216 217 222 223 224 225 226 227 233 234 236 237 242 244 247 248 249 250 251 253 261 262 271 276 278 281 287 291 295 296 297 299 301 304 307 310 313 314 315 317 321 323 335 339 343 344 346 348 349 352 353 355 357 358 361 362 366 367 368 369 379 384 385 388 390 395 398 400 401 402 404 405 
242 144 152 156 164 168 170 183 184 185 190 200 203 207 211 212 221 235 245 252 256 266 267 269 272 276 277 279 290 295 303 311 313 322 327 329 339 345 360 372 390 393 402 
285 138 139 151 161 164 176 181 194 198 204 214 226 237 241 251 276 300 325 327 342 353 355 363 366 378 379 391 399 
86 138 139 140 144 155 156 157 158 159 160 161 163 165 169 170 173 174 176 179 180 187 189 192 193 195 196 199 201 206 209 211 214 215 217 218 220 225 227 228 239 240 248 250 258 267 271 272 273 275 281 283 285 291 293 295 298 299 300 303 307 308 312 314 317 320 323 325 327 328 329 334 339 341 342 343 346 352 353 355 357 362 364 369 380 382 386 387 401 402 
185 1 136 138 141 142 146 147 151 154 156 162 167 182 183 184 185 186 188 196 198 199 200 201 203 204 210 220 221 224 226 231 233 239 246 252 254 255 263 268 272 275 277 278 279 282 285 287 297 300 301 304 305 306 309 311 318 323 324 326 328 329 334 337 340 341 343 344 350 353 354 355 358 367 372 375 382 383 386 391 393 395 401 402 404 
239 1 137 139 141 142 147 154 158 160 164 165 166 167 169 170 172 173 176 179 180 186 190 192 198 199 200 201 205 206 210 211 226 237 239 240 241 244 245 249 250 251 252 261 262 263 264 265 266 268 271 275 276 277 282 285 287 300 301 302 303 305 308 310 311 316 318 319 320 325 334 339 341 346 349 350 351 356 360 362 363 374 376 379 380 381 382 384 386 387 388 389 390 391 392 393 394 395 396 400 401 404 
229 139 145 147 150 151 152 153 154 161 166 173 174 179 181 185 190 194 195 214 215 222 223 226 236 249 250 259 262 269 271 272 276 281 283 288 290 297 298 299 300 304 306 308 326 327 328 332 334 342 347 357 362 364 365 366 368 371 374 377 383 385 390 392 397 404 
139 1 136 142 146 166 178 180 188 190 192 194 195 212 218 231 234 237 241 242 250 261 265 266 268 283 286 288 290 295 297 299 300 314 330 338 340 344 358 367 368 369 372 376 378 392 394 401 405 
290 158 224 237 281 290 299 373 403 
278 137 153 162 174 183 219 229 230 236 240 241 268 271 287 293 300 303 304 331 336 353 362 365 375 391 393 
51 136 141 161 162 168 175 199 204 205 209 210 212 218 223 230 236 237 243 263 268 274 283 285 292 303 305 319 320 324 328 333 334 335 337 338 350 351 361 363 374 376 396 403 
45 138 139 156 161 168 171 175 177 178 181 186 189 191 194 198 204 210 212 216 217 225 233 237 239 241 244 246 248 252 268 269 271 292 294 296 297 307 314 322 326 331 333 335 341 352 354 365 366 368 382 385 393 397 401 403 
258 1 137 139 150 153 157 165 166 175 176 186 188 194 201 204 205 208 227 231 232 236 245 248 253 255 259 262 266 270 276 280 282 286 289 293 294 295 296 298 299 305 321 331 334 336 341 350 352 355 357 358 361 363 365 367 372 374 375 376 383 385 388 389 392 393 394 397 401 
56 137 138 141 143 144 147 150 151 160 161 162 169 173 174 177 178 181 183 185 186 204 207 209 214 215 217 222 225 228 233 240 242 243 249 254 258 259 260 261 264 268 272 285 287 288 289 292 293 305 308 309 315 316 317 318 320 324 328 330 333 336 341 347 348 356 358 360 361 362 365 369 380 382 390 392 397 
88 152 157 161 162 179 180 184 187 189 193 197 201 207 210 216 218 220 226 234 244 247 251 256 259 263 275 277 278 286 290 302 306 314 320 323 337 340 347 348 360 362 363 374 376 388 393 394 396 398 402 
69 144 151 153 161 166 172 179 188 223 224 230 239 244 256 258 269 275 288 292 298 299 310 313 330 333 335 348 353 363 365 366 371 382 383 386 396 398 
71 162 165 170 172 177 207 250 253 
90 136 138 139 146 149 150 156 161 163 166 190 192 196 201 204 208 209 210 213 214 215 231 234 235 237 238 242 256 258 267 277 279 281 295 298 300 301 311 313 317 320 323 326 328 348 351 356 360 362 363 365 374 377 380 395 
19 1 141 142 148 150 153 155 159 164 174 175 180 190 192 193 200 201 202 205 206 210 211 213 214 217 221 232 233 236 237 245 249 250 251 254 255 264 265 267 273 274 279 280 283 286 291 299 304 307 313 316 320 323 329 335 336 339 343 345 354 355 357 363 365 367 369 372 375 376 377 378 379 380 389 403 404 
16 136 137 141 142 144 152 155 160 161 162 164 167 172 175 181 185 186 189 190 191 195 197 198 200 205 207 210 213 215 226 227 228 233 234 237 238 241 242 246 247 253 255 265 271 272 273 277 283 284 287 289 291 292 298 300 301 302 303 307 309 313 316 318 319 320 324 327 328 329 333 335 336 338 339 342 343 346 354 355 361 363 364 367 368 369 371 375 376 377 379 380 383 384 386 387 388 389 395 397 399 400 405 
292 136 141 142 165 167 172 175 178 185 187 190 192 210 213 232 234 243 257 266 271 276 294 297 303 310 311 313 326 339 345 354 360 361 366 382 386 393 396 400 404 405 
262 153 185 186 196 200 203 205 231 233 235 244 256 261 270 281 284 288 300 305 310 317 319 323 336 351 364 368 369 376 381 384 394 400 
138 136 138 140 142 144 145 147 151 154 156 161 169 172 175 177 180 181 183 186 189 192 194 196 199 206 207 210 214 216 220 225 227 229 230 233 237 242 246 247 250 251 254 257 258 260 265 270 275 276 277 279 280 282 284 288 291 296 297 300 301 303 305 309 310 313 314 315 317 318 326 334 337 340 341 342 347 349 350 352 353 354 355 361 367 369 373 375 376 377 380 383 386 388 389 390 395 396 398 400 
272 136 137 141 156 159 160 161 164 167 169 172 173 174 175 180 184 185 197 199 200 201 206 207 208 211 212 215 216 219 228 232 236 245 252 258 261 262 263 264 265 266 270 272 277 280 285 287 289 291 292 300 301 305 306 307 308 309 310 314 320 321 324 330 336 338 340 341 342 344 345 347 353 358 360 364 365 368 370 373 379 381 390 391 392 393 394 395 
282 139 141 142 143 145 146 153 155 160 163 169 171 172 174 179 180 183 186 187 190 202 203 205 209 213 220 221 224 225 227 228 231 236 237 239 241 242 250 256 257 261 262 265 266 268 270 272 273 275 282 286 288 297 299 300 302 305 306 307 309 311 318 322 327 328 341 345 348 354 359 361 365 367 372 376 382 384 386 389 391 392 393 395 398 399 400 401 402 405 
181 138 141 143 144 145 147 151 154 157 160 162 170 172 174 175 182 183 188 193 204 208 213 217 219 224 236 242 245 246 253 256 261 271 283 290 296 300 309 320 321 333 336 338 343 344 346 347 348 359 367 369 371 372 373 383 391 392 394 397 404 
254 143 146 147 157 164 170 176 178 181 183 184 185 197 204 208 209 212 213 214 216 222 225 226 232 235 236 237 242 246 247 248 255 257 260 262 266 270 274 275 277 278 281 284 294 297 298 301 302 307 314 315 317 318 323 331 347 350 354 355 358 367 371 374 375 376 383 385 388 390 399 400 405 
212 137 142 146 150 151 152 155 161 163 170 172 175 180 182 188 190 199 200 201 202 203 212 234 241 243 252 254 257 258 268 281 282 283 284 287 302 304 306 307 311 314 322 323 332 333 334 343 345 353 356 357 358 362 365 369 378 381 385 388 389 390 399 401 402 405 
75 136 138 145 163 167 170 178 180 181 183 185 196 199 208 209 214 215 232 243 251 256 257 263 270 273 284 286 292 306 318 320 326 328 329 338 339 341 342 347 348 351 354 360 362 363 364 367 371 387 392 400 
102 1 136 139 145 173 188 191 192 193 194 205 210 211 220 221 222 226 239 250 251 271 273 279 280 283 290 292 296 309 312 320 336 343 344 346 363 375 381 383 384 392 393 404 405 
180 1 136 140 142 146 150 154 158 163 176 178 184 187 192 196 205 206 212 215 216 217 219 227 231 232 239 240 242 248 250 252 257 271 274 278 282 287 292 300 304 306 308 311 316 321 325 326 329 331 332 340 341 343 345 349 355 359 362 364 365 373 377 379 386 389 392 397 403 405 
223 152 166 169 180 191 193 210 222 226 228 231 233 243 270 284 288 291 315 327 340 342 344 349 354 356 361 375 383 387 394 396 405 
204 138 140 141 142 145 146 151 152 153 156 157 158 165 175 180 181 191 193 197 200 201 202 205 206 208 210 224 225 229 231 233 236 237 238 239 240 241 242 244 247 251 252 258 262 267 268 269 271 273 274 277 278 279 284 288 293 295 297 298 302 303 304 307 309 310 311 312 313 314 315 316 317 321 323 327 328 335 340 342 349 350 352 353 355 357 358 359 361 362 363 368 371 373 374 379 381 383 384 390 395 396 398 404 405 
86 137 141 142 143 149 150 151 152 155 157 159 163 164 166 167 171 173 174 175 176 178 184 187 196 199 201 202 207 209 210 215 216 217 219 220 224 225 227 228 229 232 233 234 242 245 247 248 249 251 258 264 265 268 269 271 272 277 278 279 281 285 287 289 292 297 298 299 300 304 305 306 309 314 315 318 319 322 323 324 328 330 331 337 340 342 344 346 349 350 351 353 355 356 357 363 365 368 375 376 379 383 384 385 387 388 391 393 400 401 
288 139 142 143 146 154 155 159 162 164 179 189 194 202 215 218 222 230 240 243 248 251 252 253 255 257 263 266 269 273 274 275 286 293 295 296 300 302 309 319 322 327 331 332 338 340 341 349 350 351 355 356 361 362 364 376 377 378 380 383 386 389 390 393 
257 158 162 164 168 172 178 181 224 249 289 302 318 320 343 352 354 379 
202 136 137 138 145 147 149 152 154 157 159 162 163 165 166 169 173 178 180 182 187 188 191 193 196 204 213 214 215 216 218 223 227 230 233 235 239 240 241 242 245 247 251 254 257 260 263 265 267 268 271 272 275 276 281 283 292 294 301 306 311 312 313 314 316 317 320 322 325 326 327 330 331 336 338 342 343 346 350 351 352 354 355 357 358 360 362 366 369 374 381 383 384 386 389 390 393 395 397 399 402 
100 1 139 142 144 145 146 150 151 153 157 163 169 180 182 187 199 200 208 217 219 222 224 226 231 235 242 244 256 257 261 264 267 269 270 271 275 277 279 283 294 298 309 310 311 313 318 322 327 333 334 335 337 340 343 346 347 351 354 355 367 368 376 378 381 382 390 391 393 395 398 399 404 405 
24 136 140 143 145 153 155 158 161 162 168 180 185 190 191 192 194 195 199 200 203 204 221 225 226 230 232 233 234 235 247 248 253 254 256 257 259 261 263 264 265 269 272 277 281 286 287 288 289 290 291 300 303 304 309 311 313 314 315 319 322 324 334 335 341 345 352 354 360 366 372 374 378 379 380 381 382 383 384 385 386 388 389 392 393 403 
152 139 141 144 147 149 151 153 154 155 156 157 161 164 165 169 170 171 173 175 176 177 178 181 191 192 195 196 202 209 210 214 215 216 218 221 222 223 226 227 232 234 239 242 245 246 252 255 257 259 262 264 267 270 271 274 280 284 286 287 288 291 292 296 303 306 313 314 321 323 333 334 335 338 339 340 344 348 349 352 355 360 361 362 363 368 369 371 372 373 379 381 386 394 399 404 
200 149 162 222 230 232 237 250 254 273 297 304 320 324 328 373 380 386 392 
190 137 138 142 143 145 146 157 158 159 162 163 164 165 167 168 172 175 176 180 183 185 188 190 191 192 194 195 197 198 201 203 204 207 211 213 214 219 220 221 225 237 239 242 244 248 253 254 255 259 263 264 272 273 274 276 277 280 281 286 296 298 302 303 304 307 310 311 312 316 318 319 325 326 327 329 350 352 353 357 358 364 365 366 368 370 374 378 379 385 388 390 392 399 400 401 404 
162 137 140 144 158 164 165 166 169 172 176 186 189 190 191 192 194 199 204 208 210 214 217 220 222 224 230 233 235 236 237 244 248 252 255 257 262 263 265 271 277 278 279 280 284 287 301 307 309 312 315 316 319 320 321 324 325 327 329 331 337 338 341 346 349 352 356 357 358 359 366 373 386 387 389 391 394 395 396 402 
177 1 139 141 142 145 147 148 151 154 162 164 166 168 173 176 183 185 186 192 203 204 206 213 222 223 226 230 238 246 250 252 253 258 261 262 264 267 269 270 272 273 275 276 279 283 287 289 291 292 293 294 307 313 327 328 330 336 347 349 357 358 361 363 365 369 370 373 376 377 379 383 388 395 398 399 402 
4 139 141 146 153 154 160 163 168 175 176 180 182 188 195 204 209 212 217 219 222 223 225 228 245 248 251 253 254 255 258 263 264 272 279 284 285 289 297 305 315 320 322 324 326 327 328 330 331 333 339 342 347 352 355 360 364 366 367 376 377 378 379 384 387 392 401 
23 136 137 140 141 142 144 146 147 149 151 152 153 154 160 165 168 169 172 178 183 184 185 192 193 194 195 196 197 200 205 207 208 212 213 214 218 220 221 227 228 229 231 233 234 237 239 241 243 245 248 249 251 252 253 256 257 258 259 264 265 268 270 272 278 282 288 289 293 294 300 303 304 308 310 312 313 320 323 328 329 331 332 334 347 350 353 357 358 365 366 368 369 370 372 380 381 383 386 388 389 397 398 399 400 
9 140 143 146 154 159 160 165 177 178 185 208 210 222 226 233 235 241 243 244 252 260 261 280 282 285 294 296 297 298 312 324 327 336 341 344 345 349 352 360 364 369 370 377 389 392 394 395 399 403 
264 234 237 241 258 271 289 347 
57 137 139 146 147 148 155 156 158 159 160 162 163 172 176 184 185 186 187 190 198 206 207 210 211 217 219 221 225 226 228 231 232 241 244 247 252 254 259 260 262 264 266 267 268 271 272 274 280 284 294 296 299 307 312 315 318 321 325 328 330 333 336 340 341 343 345 350 351 357 359 367 372 375 384 388 390 394 401 403 404 
277 137 141 171 176 186 197 202 207 208 209 216 225 228 230 231 232 238 252 256 266 279 285 287 295 306 308 311 315 318 333 336 338 340 342 344 347 369 376 377 379 380 383 399 404 
79 157 165 167 168 172 177 182 185 189 198 199 207 208 216 241 247 248 250 253 255 256 258 269 272 277 280 281 301 316 323 328 332 341 356 358 368 372 374 380 382 394 398 399 
130 136 141 142 148 152 163 169 186 189 192 195 209 215 220 221 222 224 227 234 237 249 256 262 276 281 288 292 295 301 305 316 320 323 350 351 353 354 360 371 381 382 387 400 401 405 
126 136 137 139 141 143 146 149 151 152 156 168 169 170 174 177 180 181 182 184 190 194 196 199 204 208 210 214 218 221 222 224 225 233 242 247 248 251 257 258 266 267 271 273 276 280 286 288 291 292 294 297 299 300 303 305 308 310 316 319 323 324 325 326 327 334 335 338 340 344 345 348 352 353 354 355 359 364 369 370 371 372 373 378 384 390 392 393 395 396 399 400 402 403 404 405 
191 166 207 208 235 238 242 253 329 335 345 350 
22 144 145 151 152 158 160 179 185 186 190 191 198 201 207 209 213 215 224 225 231 233 239 245 250 256 257 262 263 268 271 273 278 279 283 297 298 299 302 305 306 307 308 314 317 318 321 333 343 349 352 358 364 366 374 379 381 385 389 391 396 398 400 401 404 
148 1 137 197 272 295 304 328 335 354 
9 151 158 165 168 175 179 182 187 195 196 197 199 205 206 208 210 211 217 218 221 230 239 247 252 257 259 264 265 275 276 280 281 283 290 291 296 309 310 311 314 316 319 326 330 334 339 348 356 357 365 371 372 373 376 377 390 391 392 395 400 402 405 
235 139 154 156 161 170 175 197 209 218 219 222 250 265 286 287 295 301 302 312 313 326 327 332 333 363 367 374 386 402 404 
98 1 136 137 139 145 163 165 167 169 170 171 173 174 175 179 182 186 187 189 190 195 198 200 201 204 207 210 211 213 223 224 231 234 236 237 243 246 247 249 250 251 261 264 266 268 270 273 275 277 285 291 293 294 300 304 310 311 316 319 325 327 328 330 333 339 343 346 348 351 355 358 359 361 362 363 365 367 374 379 388 390 392 393 399 402 403 
257 140 143 146 156 157 167 168 170 178 183 185 189 193 198 199 203 204 211 214 215 216 219 224 226 228 230 235 241 247 248 250 252 253 264 265 268 280 294 300 303 307 310 313 314 324 329 334 348 359 361 365 372 373 375 376 387 393 397 398 405 
115 1 142 144 146 150 153 154 161 169 171 174 175 177 197 200 201 205 224 227 235 238 241 247 253 257 258 260 262 275 278 279 280 293 295 302 305 318 325 354 357 363 364 366 367 378 379 389 393 394 
117 139 142 144 147 149 153 155 156 157 158 163 165 166 167 169 170 172 175 176 178 179 181 185 188 192 193 194 196 202 209 213 215 216 218 219 221 223 225 230 232 234 236 239 241 243 248 249 251 252 253 258 260 263 264 268 269 270 274 275 276 280 282 286 303 305 310 313 314 315 316 318 320 322 324 325 327 329 330 337 339 341 342 350 352 354 355 359 361 365 370 371 374 381 382 386 390 391 392 395 396 397 399 403 405 
151 1 137 145 146 149 155 158 160 166 171 183 185 190 196 198 202 206 211 218 230 232 242 243 247 252 253 254 268 270 273 275 276 279 280 281 282 291 298 300 303 304 305 307 310 312 317 319 331 336 337 343 348 351 358 359 362 365 373 378 382 385 387 388 390 391 393 396 398 403 
3 143 159 161 163 171 184 197 204 210 239 240 246 249 250 262 266 277 283 288 316 326 335 344 345 356 357 371 376 382 385 388 395 399 400 401 
79 137 146 148 150 162 183 209 210 217 218 220 227 237 239 242 249 252 265 272 291 292 304 312 313 321 324 331 339 348 349 368 389 392 394 
24 136 143 146 158 163 164 174 177 184 205 212 232 241 249 256 258 268 272 327 351 352 372 373 377 383 397 399 
147 137 158 179 203 231 264 310 336 350 
23 137 139 147 159 160 162 163 164 166 181 183 190 193 196 198 199 202 205 213 214 217 224 226 228 244 247 251 252 264 266 269 274 282 289 290 292 297 304 305 311 314 315 317 322 325 330 331 343 344 351 352 354 359 369 373 374 375 383 384 385 388 389 392 399 402 403 405 
54 140 163 200 203 231 232 243 313 350 352 368 386 395 403 
209 143 167 173 186 190 193 197 199 213 250 270 278 286 293 316 323 326 331 335 336 337 357 358 362 367 378 390 
151 140 142 147 148 161 162 164 169 171 176 180 181 182 190 192 197 199 205 206 208 210 211 219 223 224 226 229 231 239 241 257 258 259 262 264 271 273 276 280 289 291 303 306 313 320 321 325 333 350 352 353 355 362 365 366 375 376 380 382 385 386 388 389 390 393 399 400 404 
275 141 151 152 178 196 197 199 204 209 212 217 226 233 247 257 262 279 290 292 302 321 329 341 361 368 374 387 398 402 403 
127 137 139 141 142 143 144 145 147 148 149 150 161 162 168 173 177 184 186 189 194 195 198 201 208 215 216 218 227 228 229 230 231 232 236 237 238 239 245 251 252 253 259 263 264 267 271 272 278 281 286 291 297 298 299 301 302 306 307 308 311 313 318 320 321 322 324 325 329 335 336 341 342 343 346 347 348 349 359 364 368 370 371 373 375 385 386 391 397 399 401 404 
56 157 166 233 249 251 269 364 380 392 
98 1 138 139 141 144 148 152 156 157 159 161 163 164 165 166 167 170 172 175 178 185 189 195 201 203 206 214 215 218 220 232 233 234 236 237 238 240 245 247 248 249 250 251 252 260 261 265 266 270 272 273 274 276 277 278 285 290 291 292 294 296 297 298 301 302 303 304 305 310 312 313 315 318 328 331 334 336 341 343 352 363 368 372 374 375 377 379 384 386 387 388 390 391 393 395 396 397 403 404 405 
96 144 148 150 164 175 178 179 182 183 185 187 189 190 191 204 205 215 216 219 222 227 228 235 239 241 245 247 252 253 256 259 260 261 271 272 273 277 278 280 286 287 292 293 296 300 306 310 313 318 320 321 325 328 329 330 332 333 336 348 352 354 359 365 368 385 404 
183 140 142 145 147 148 149 152 154 155 156 158 162 165 168 171 175 183 185 190 191 197 198 200 201 202 203 207 209 211 213 214 215 221 225 230 232 236 238 243 244 247 248 251 252 255 256 259 260 261 263 268 273 275 280 281 282 289 296 298 301 302 305 307 311 312 319 320 323 327 329 333 334 336 342 344 347 349 350 351 352 354 355 356 357 358 359 360 361 362 364 366 371 377 379 380 381 383 385 387 388 390 391 393 394 399 400 404 405 
52 195 263 265 306 339 362 371 
53 137 144 146 150 155 161 162 164 169 170 185 191 199 203 224 236 246 252 253 256 261 264 269 272 281 288 290 300 308 309 313 329 335 352 356 368 371 387 393 401 
284 136 138 141 147 177 180 182 189 201 214 215 257 260 281 283 286 295 302 304 306 337 349 361 383 391 392 397 398 
92 141 143 164 172 173 176 179 180 187 198 203 204 211 212 214 219 220 231 237 238 241 251 260 265 266 275 277 278 286 291 302 316 317 319 322 323 336 346 352 356 360 362 365 368 375 380 388 399 
83 146 151 163 167 169 171 174 180 186 190 191 195 202 203 206 208 210 213 216 217 226 228 230 235 240 244 247 248 250 252 256 262 272 274 278 281 290 305 309 317 319 325 327 328 332 336 337 341 344 353 356 358 360 361 368 370 373 374 378 386 387 396 397 398 
93 137 138 145 149 150 159 169 173 176 180 183 194 198 206 208 218 221 225 226 236 240 260 262 267 269 271 278 288 292 297 309 311 313 325 335 342 346 354 359 363 369 377 382 386 387 390 401 402 
48 139 140 142 143 144 146 148 151 152 153 154 157 161 166 167 172 173 179 180 189 193 196 197 199 201 203 205 206 207 212 214 216 217 218 220 221 223 226 227 228 230 231 233 234 235 244 246 248 250 251 253 254 259 264 265 268 270 271 272 273 277 280 281 284 290 291 294 297 298 300 303 307 311 312 313 317 324 325 329 331 337 338 339 340 345 348 349 351 355 356 358 359 360 362 365 370 371 372 378 380 381 382 384 387 390 391 394 395 
124 139 140 153 156 157 159 163 165 170 171 173 178 184 186 192 194 196 201 202 204 206 207 214 216 218 224 226 227 241 245 246 253 254 260 266 269 271 272 274 277 287 290 294 298 301 307 308 311 312 314 319 320 324 325 334 337 340 344 346 347 352 357 359 360 361 364 366 368 371 374 376 377 383 384 389 392 394 397 403 405 
183 136 139 140 145 147 149 156 157 162 165 166 169 172 173 174 177 184 185 192 193 195 197 201 203 204 206 207 208 210 218 223 225 229 233 240 243 245 247 255 257 261 262 264 267 268 269 273 276 277 278 283 288 296 302 304 305 306 308 311 315 316 317 318 319 320 321 324 325 326 328 330 331 333 340 341 354 355 356 362 364 369 371 373 382 390 397 401 403 
98 1 138 141 142 143 144 146 147 148 154 155 157 159 171 172 175 178 179 180 182 185 187 191 192 193 195 196 197 199 204 207 212 213 217 218 221 226 227 230 233 234 236 245 248 249 252 253 258 259 262 263 264 266 268 272 273 274 275 276 277 279 280 285 289 291 293 295 296 299 302 306 308 310 314 315 316 318 322 324 325 327 331 335 336 339 342 344 345 348 352 354 355 365 367 370 371 374 376 377 378 379 381 382 383 384 386 387 388 391 392 396 398 401 
89 143 147 158 173 174 179 181 189 191 245 250 269 273 274 279 287 304 329 330 331 340 355 356 372 396 404 
131 137 138 153 166 169 170 180 215 225 231 254 255 262 274 280 289 299 300 308 316 318 323 326 332 336 347 348 370 380 402 
81 1 136 139 140 141 142 144 150 152 155 161 163 164 165 166 170 175 176 183 185 187 188 189 190 191 192 195 197 198 199 200 202 203 207 209 214 216 218 231 233 238 240 241 245 248 254 257 258 260 265 268 271 272 274 276 277 278 280 284 288 295 299 309 310 311 315 316 317 320 322 329 330 332 333 336 342 345 346 347 351 356 357 361 366 367 370 371 372 373 378 384 385 388 390 394 395 396 397 400 401 403 
19 157 161 183 192 197 201 211 212 213 227 236 237 239 243 247 259 262 263 264 267 268 274 278 279 282 283 285 288 292 294 298 300 308 309 310 314 318 319 324 332 333 337 338 341 343 344 346 357 358 359 361 365 366 367 370 371 380 382 386 391 392 394 396 397 
153 74 61 28 71 67 106 251 34 12 17 149 4 24 125 237 259 69 268 199 114 50 70 45 280 186 278 253 282 189 49 58 36 253 92 70 158 4 71 172 26 163 295 138 94 274 12 294 162 119 126 71 173 165 58 198 47 136 60 267 64 120 40 4 103 156 243 95 202 264 133 112 87 114 222 1 130 165 200 61 30 300 41 118 19 239 205 230 174 146 90 152 196 176 87 259 258 72 178 159 151 122 265 278 100 40 251 3 113 285 212 15 155 55 10 249 194 254 215 292 78 101 293 121 205 111 230 116 87 142 262 223 214 86 246 155 59 9 291 232 36 217 95 29 33 72 56 202 44 37 5 236 120 216 268 89 70 236 162 157 62 195 46 134 94 31 92 131 230 287 76 62 181 299 106 299 38 246 279 267 47 270 240 229 99 128 9 218 115 246 10 22 178 284 10 142 78 23 106 293 99 201 205 72 105 185 73 161 254 153 218 158 165 245 79 97 82 160 172 161 61 127 82 292 222 59 258 3 157 123 45 5 150 13 145 7 288 295 198 208 201 78 176 295 227 283 175 229 244 214 133 124 131 91 83 33 175 57 122 240 28 75 187 39 146 231 253 275 194 262 25 34 96 169 8 45 131 175 106 103 227 109 66 15 120 290 27 294 42 156 55 115 239 228 118 98 147 215 106 107 272 136 101 246 179 241 259 127 50 128 215 229 261 87 176 121 226 171 6 45 185 256 89 144 284 171 69 178 127 26 93 232 15 130 257 183 35 56 197 222 176 236 80 98 278 267 69 245 276 262 124 164 60 129 300 165 103 179 35 105 138 100 225 258 141 95 236 217 5 68 154 286 105 195 180 48 164 274 20 158 153 272 240 163 95 198 237 135 96 78 44 245 164 24 171 40 14 185 300 128 241 207 146 199 55 
