272 408
130 140 147 153 160 176 185 218 232 236 253 255 262 268 271 295 300 302 304 312 369 371 376 385 386 392 
116 158 161 185 187 195 199 219 244 258 263 286 290 294 305 310 314 323 327 340 346 359 362 370 384 385 393 
173 142 143 147 149 153 156 158 165 170 171 182 183 191 192 193 200 201 204 207 209 210 211 212 213 214 217 225 229 238 239 241 244 245 247 251 258 259 260 268 271 273 275 279 280 281 282 288 292 293 303 308 312 318 321 324 325 331 333 342 343 349 352 355 358 359 363 364 369 377 380 391 395 399 402 407 408 
238 137 140 143 146 148 150 152 153 155 159 163 164 165 169 171 175 179 180 181 185 187 188 193 199 200 205 207 210 212 214 215 220 224 225 228 230 231 232 236 237 239 240 241 242 246 249 255 258 266 271 272 276 277 279 281 287 291 294 298 301 302 312 315 316 320 322 328 329 330 332 333 335 336 337 340 343 344 345 350 351 352 357 359 362 364 365 369 373 374 377 378 380 381 390 391 398 400 406 408 
16 139 142 145 147 153 156 160 164 169 171 175 177 182 184 185 186 190 209 210 211 213 218 224 239 242 244 247 251 252 255 257 258 259 262 269 271 273 276 281 287 289 293 299 301 302 303 305 311 318 322 326 327 328 332 333 339 344 346 360 362 365 367 369 372 373 380 381 384 391 392 394 395 396 398 406 408 
32 141 142 144 145 146 154 155 156 164 166 174 202 209 217 219 224 225 227 228 236 237 241 252 258 261 268 269 270 274 277 286 295 297 298 300 301 305 307 315 328 329 330 334 339 346 348 349 366 367 382 384 391 393 396 404 408 
276 161 162 164 167 168 173 175 178 180 186 193 195 203 208 211 223 226 259 262 266 281 297 299 302 315 319 330 343 345 353 375 378 388 397 404 408 
25 138 182 207 233 276 279 301 331 332 378 379 380 390 394 
251 1 140 141 146 152 171 182 191 194 202 210 212 215 217 223 224 227 230 252 258 261 274 275 276 278 279 280 284 285 287 293 294 300 303 315 317 318 328 332 334 337 346 351 366 382 387 388 390 392 393 400 
238 139 172 188 194 201 210 227 236 238 253 271 285 309 316 320 359 
146 138 153 154 157 164 174 178 182 189 190 192 208 215 217 219 222 224 227 229 231 234 236 237 238 240 262 264 267 272 282 286 287 292 295 300 301 302 303 313 323 328 330 331 332 335 342 345 349 355 361 369 381 388 397 398 404 
156 138 140 155 160 162 171 179 180 191 194 197 198 199 204 205 207 211 217 219 223 233 234 235 252 256 258 264 265 275 280 281 285 286 299 305 306 311 315 317 319 322 326 328 345 346 349 357 359 370 375 376 381 385 391 392 
195 1 137 138 143 145 146 151 152 154 156 157 158 160 165 166 170 171 182 183 192 193 201 205 206 210 211 215 219 221 222 226 230 234 235 236 237 239 246 250 254 255 261 264 265 268 269 275 285 286 289 292 295 300 301 304 305 306 312 313 316 317 326 327 329 330 331 332 333 337 339 340 341 343 345 346 347 349 351 354 358 361 368 369 374 375 376 377 380 384 385 387 389 394 395 396 
50 216 236 293 
85 140 142 150 155 160 162 163 166 168 169 170 171 174 175 176 178 180 185 193 194 196 203 207 209 213 218 222 225 230 232 239 240 242 243 244 245 251 253 256 258 268 274 275 278 280 281 282 283 286 287 288 289 291 299 306 307 311 314 315 319 320 329 330 335 341 342 347 356 360 361 362 363 365 366 373 379 385 387 388 389 393 395 399 403 407 
277 148 150 160 164 184 192 196 287 
228 141 148 152 174 176 177 178 181 183 184 187 189 197 205 210 216 219 227 228 230 235 239 244 251 256 261 262 265 266 268 272 277 279 281 283 290 298 309 311 312 314 315 316 319 322 324 326 331 334 336 338 343 347 349 350 351 359 363 368 371 375 376 379 384 390 393 396 399 400 404 405 
141 139 151 154 157 158 159 163 166 170 174 177 178 181 183 185 186 188 189 190 191 193 194 195 199 201 203 205 206 220 223 224 236 239 242 243 244 247 255 262 267 274 288 296 300 301 308 309 314 317 318 320 326 328 329 331 335 336 340 342 346 350 358 359 363 364 371 378 380 381 382 383 384 388 390 393 394 395 401 407 408 
198 138 151 158 163 164 167 175 180 181 182 183 185 187 194 198 199 203 206 208 219 221 229 230 231 241 249 256 260 261 264 265 268 271 276 277 281 286 293 295 299 303 305 308 314 319 321 339 358 359 360 362 367 380 386 389 391 395 404 405 407 
14 139 140 141 147 149 153 157 158 161 163 165 175 176 183 188 189 194 195 200 204 207 209 225 227 229 231 232 235 236 237 240 241 248 250 251 254 255 258 261 263 269 272 281 283 285 288 289 290 296 300 301 305 306 307 310 311 315 316 321 324 327 328 331 334 336 340 342 343 348 349 351 357 359 361 365 368 372 374 376 377 380 381 382 385 391 393 395 398 406 
277 1 137 141 142 143 144 146 148 153 157 159 161 165 167 173 177 179 182 186 188 194 198 202 208 210 211 212 214 217 218 220 224 225 230 231 241 243 246 249 253 254 258 260 262 263 264 266 276 278 279 281 285 289 290 291 294 295 296 305 310 313 315 317 318 320 324 325 328 331 333 334 335 336 342 344 345 346 347 349 350 351 354 355 366 368 369 370 372 373 380 383 384 386 392 393 394 400 403 405 407 408 
272 137 140 143 145 148 150 153 155 162 163 165 167 171 172 173 174 178 180 182 183 191 193 195 196 197 198 199 200 201 204 205 206 207 215 220 223 226 232 236 237 238 239 243 249 251 252 253 256 262 264 268 270 280 285 286 293 295 299 301 305 307 312 315 316 317 326 328 331 332 334 336 341 343 346 351 353 354 357 361 362 364 370 371 372 373 376 377 378 382 383 384 386 387 388 395 400 403 
204 148 153 191 203 205 212 216 229 257 269 272 275 279 285 289 293 295 299 324 340 346 348 349 353 355 356 373 380 399 406 
211 140 141 143 144 145 154 156 158 162 167 178 186 188 190 198 214 215 216 222 226 236 240 243 246 249 253 254 255 261 263 277 288 291 297 299 301 302 309 314 317 318 322 324 326 330 332 335 343 348 350 352 360 366 378 385 387 388 391 394 396 403 408 
285 142 144 151 173 202 209 218 222 233 241 277 279 281 289 290 309 316 317 334 338 340 345 348 369 384 
142 1 144 151 172 181 185 191 193 197 201 202 206 209 226 230 248 253 300 311 320 321 330 332 333 336 341 344 361 372 377 380 382 386 396 402 403 
149 143 153 157 159 164 180 192 202 205 226 236 247 252 256 264 271 287 291 322 335 353 363 390 396 
230 140 147 161 165 169 171 181 183 193 196 199 203 211 216 217 230 238 257 266 288 292 293 298 303 308 314 317 318 323 341 348 357 359 367 376 381 383 397 400 
47 1 139 146 148 155 161 164 170 179 180 188 189 194 195 197 198 200 201 204 205 207 209 211 212 214 215 224 225 226 232 233 236 240 241 246 248 250 251 254 259 260 271 272 273 274 280 283 284 292 294 300 306 313 316 317 322 325 329 330 334 335 337 341 342 351 352 355 363 365 368 369 372 375 376 378 379 380 383 384 385 386 388 392 401 403 406 408 
132 155 233 376 377 381 
112 138 140 141 142 145 146 147 148 154 158 163 172 173 175 182 188 190 191 193 194 196 197 199 202 206 207 208 212 214 218 219 220 221 223 224 225 228 232 233 234 235 241 243 245 248 249 252 253 254 255 267 268 270 271 272 273 275 276 277 280 281 286 288 289 292 293 298 306 309 312 317 319 321 332 333 336 337 340 341 342 343 344 345 352 353 355 356 357 361 366 368 373 375 377 378 380 381 383 387 390 396 398 401 
155 138 141 144 146 147 150 152 161 163 166 168 174 176 182 183 192 199 204 208 216 218 219 233 235 238 240 243 245 250 255 264 265 275 276 277 278 279 282 283 287 300 304 314 319 320 326 330 332 333 337 341 342 344 348 351 352 362 388 390 393 401 402 403 
178 141 143 157 172 181 183 201 202 210 225 226 235 236 238 247 282 294 297 326 328 329 330 337 341 347 356 375 389 
17 137 138 141 142 143 146 152 154 155 164 166 170 172 174 177 184 186 187 189 194 195 196 197 201 212 223 225 230 235 236 237 240 241 243 244 245 248 249 250 262 263 269 270 277 283 284 287 289 293 305 307 308 309 310 322 323 328 332 335 336 337 342 351 355 360 361 372 380 381 386 387 390 391 395 403 405 407 
149 141 142 147 163 164 165 168 169 170 175 178 186 188 189 196 199 203 204 213 233 242 246 247 248 251 252 254 255 256 261 264 269 277 281 283 284 285 289 302 304 305 318 320 325 329 330 334 335 336 340 349 353 354 356 368 380 385 390 402 403 
297 141 156 165 168 177 189 191 193 198 199 201 208 210 211 223 224 228 242 245 247 256 262 269 273 275 278 283 287 295 300 305 315 320 332 338 344 346 355 358 360 368 372 378 388 391 392 402 405 
164 202 215 
193 139 148 161 167 207 239 240 246 247 250 260 263 273 276 290 351 355 362 406 
71 137 142 143 144 145 149 151 152 154 155 156 159 162 163 168 175 183 187 190 195 196 198 199 206 207 210 214 216 221 222 223 225 226 229 233 237 241 242 245 246 248 249 251 255 256 257 258 260 263 264 272 274 279 281 283 287 291 297 298 299 300 303 305 307 309 320 323 324 325 326 329 330 339 352 354 361 364 366 367 368 369 370 373 375 376 377 378 379 383 386 393 397 403 404 405 408 
86 138 142 143 146 147 148 155 156 168 169 172 177 184 194 196 201 202 204 205 210 216 222 242 255 259 261 277 280 281 284 291 297 301 304 315 319 320 321 324 325 340 342 347 350 356 357 359 360 367 371 372 401 403 405 
32 175 183 214 229 237 243 297 302 304 305 315 350 375 394 402 
187 1 141 145 154 156 157 166 172 173 177 181 191 210 214 219 222 235 240 245 251 272 277 280 284 287 298 302 304 307 308 311 323 325 327 329 336 340 341 346 354 356 365 373 381 383 387 389 402 406 
197 139 142 143 144 145 146 147 148 153 154 156 157 158 159 161 164 167 168 170 174 179 180 181 183 185 187 188 192 196 197 199 201 205 207 211 213 215 216 217 218 221 224 225 232 237 238 241 242 244 250 251 252 254 255 260 266 267 270 272 277 284 285 287 290 292 294 296 300 301 302 303 304 305 311 312 313 316 317 318 321 322 323 324 325 327 328 331 333 338 346 350 353 358 360 362 363 372 374 379 380 385 386 389 390 391 398 400 401 402 404 405 
158 142 143 154 188 195 203 204 211 215 230 231 233 248 255 264 306 319 337 345 349 356 361 363 366 370 383 394 403 407 
185 142 144 147 149 150 151 154 155 156 157 158 161 163 168 170 173 174 175 177 182 187 188 191 194 195 201 206 210 215 216 221 222 224 227 229 230 232 237 238 239 241 246 248 256 258 259 266 271 275 279 281 282 285 287 290 293 296 297 298 299 303 305 306 311 312 313 314 318 320 326 329 330 334 336 337 338 341 342 346 347 348 351 359 361 362 367 369 370 375 378 382 384 385 386 389 391 392 393 397 398 400 403 408 
79 140 142 152 156 165 169 171 173 179 180 188 193 194 198 199 200 207 208 212 221 222 224 228 237 238 241 243 244 245 251 256 261 262 271 273 279 282 283 292 293 307 317 322 323 329 338 339 350 369 381 384 388 397 398 402 403 
65 140 146 156 157 163 164 169 172 174 181 182 184 188 191 201 204 205 214 217 230 232 247 248 251 256 261 267 268 292 296 297 315 320 322 323 332 340 345 349 350 351 355 358 366 367 371 372 375 383 389 399 402 403 
102 259 371 391 
106 137 140 143 144 145 147 150 151 152 159 160 161 162 169 172 177 180 186 195 197 201 203 204 206 207 208 211 215 217 227 229 231 233 238 243 249 256 257 259 260 261 265 267 269 270 272 273 274 275 276 277 280 281 284 292 293 295 297 299 305 322 325 326 334 342 344 349 351 359 361 365 368 373 375 378 380 383 384 385 388 394 396 398 399 400 402 403 405 408 
194 1 140 147 150 151 157 158 162 164 165 172 173 184 188 191 192 196 197 198 199 202 204 224 227 232 236 251 258 259 262 265 267 274 275 286 288 289 295 298 301 304 305 309 311 316 318 321 328 333 335 336 341 344 345 347 348 352 353 354 356 359 365 366 370 373 374 376 378 379 380 381 393 398 401 405 407 
163 139 147 152 154 167 183 197 202 220 248 295 333 353 364 378 382 406 
208 149 154 160 163 171 174 181 197 199 204 212 213 223 225 243 244 247 253 256 259 262 269 282 287 291 311 320 324 325 326 334 342 343 360 363 370 374 384 385 407 
94 152 163 199 212 267 268 290 294 298 309 341 342 377 379 
250 1 137 138 140 141 144 145 147 148 151 154 171 172 174 178 193 201 204 215 217 218 222 225 232 234 235 252 253 254 259 270 271 279 280 281 286 291 294 296 298 299 305 314 319 320 323 324 325 331 334 336 337 342 349 351 353 354 355 362 368 369 371 373 374 381 387 388 391 392 394 395 396 400 
195 1 138 141 142 143 144 154 156 157 161 172 174 184 210 211 215 221 223 225 230 231 234 236 257 276 289 300 304 315 326 336 337 348 364 367 385 395 396 406 
274 152 163 178 194 199 205 207 240 256 259 270 274 282 291 296 305 311 320 342 373 386 
276 140 141 149 152 154 155 156 157 158 159 165 169 171 176 184 186 195 196 197 204 210 216 222 225 232 236 238 239 247 259 261 264 271 276 286 293 295 296 301 303 305 316 320 323 327 328 331 333 334 343 345 347 349 350 354 358 359 362 368 370 371 374 381 390 393 405 408 
237 155 179 194 212 231 271 273 296 333 341 
242 196 264 294 300 303 310 313 330 
66 137 141 142 143 149 160 161 164 175 185 188 194 195 201 203 204 205 216 217 223 225 228 230 234 240 241 244 250 251 252 255 261 262 263 267 268 272 273 274 291 297 299 303 306 309 312 313 319 322 324 325 329 331 335 341 342 343 346 352 358 359 361 366 367 371 373 379 381 396 399 407 
185 142 145 146 154 155 156 158 166 167 181 183 184 188 192 203 204 205 209 210 211 216 220 225 231 233 234 235 248 254 255 260 266 267 271 275 277 280 282 286 297 298 299 304 305 309 310 311 316 317 323 326 335 344 349 360 377 379 382 386 387 388 394 397 405 
12 137 141 143 146 149 152 154 155 160 163 166 167 171 178 180 188 197 199 203 207 218 219 221 226 228 238 241 243 245 246 247 248 249 267 271 272 274 281 282 295 296 299 304 307 316 319 325 333 335 336 338 342 348 354 358 361 362 364 366 368 370 374 377 378 381 389 390 397 398 402 
163 163 324 327 
201 139 148 154 162 177 180 196 198 218 244 258 261 262 268 284 292 293 306 308 317 332 334 337 339 346 352 354 356 361 369 378 380 382 383 399 
226 139 291 398 
213 1 143 154 161 166 168 171 173 177 184 186 188 190 192 194 198 209 217 219 226 229 233 234 235 238 242 248 266 274 277 289 294 301 306 308 329 331 349 359 361 364 366 368 371 373 378 380 387 393 395 396 397 401 
294 139 142 143 144 150 154 156 157 159 163 164 166 177 178 184 189 193 194 195 197 201 209 216 218 223 227 230 232 240 243 251 255 256 259 266 269 270 279 280 288 291 300 303 312 320 321 334 339 350 352 353 356 358 359 362 363 367 369 370 372 377 379 382 383 387 389 394 397 401 404 406 407 
248 143 144 147 149 152 155 158 159 161 163 164 168 169 173 174 175 176 178 184 187 189 190 191 194 196 197 202 203 205 207 215 219 222 241 248 252 253 254 258 261 262 263 264 265 266 267 269 271 274 275 276 279 280 282 283 284 288 295 301 304 305 306 310 311 313 316 317 319 321 322 324 328 333 335 336 347 350 357 358 362 364 367 372 375 377 378 379 382 385 386 387 389 390 392 395 396 397 400 404 405 408 
120 147 148 151 156 160 163 170 172 176 182 185 191 197 199 201 203 204 207 208 210 211 217 221 222 223 225 242 245 246 255 256 257 276 277 279 280 281 282 291 295 299 305 310 312 331 332 333 335 341 350 353 360 361 363 366 371 388 395 398 404 
171 171 192 209 214 222 237 250 257 265 268 284 299 368 381 394 405 
283 138 140 154 157 158 166 172 173 203 221 227 236 237 242 248 249 270 271 272 277 279 301 303 307 315 317 334 343 348 358 366 378 401 
19 1 137 142 145 147 167 176 177 180 184 187 192 199 201 207 214 220 221 229 231 234 236 237 246 270 272 274 277 288 290 294 302 304 319 331 335 337 341 342 344 349 362 364 367 369 372 386 393 398 400 402 407 
249 1 141 149 150 156 161 165 166 168 169 174 175 177 181 184 185 187 189 191 192 196 198 199 201 203 207 209 224 225 229 234 235 238 239 241 242 245 246 247 248 251 252 258 260 261 264 267 269 272 275 277 285 290 293 294 295 298 299 300 301 302 304 309 312 314 317 318 321 322 328 330 331 332 333 336 342 344 349 351 352 353 354 355 359 361 373 374 375 378 385 389 396 
104 142 147 148 153 154 157 160 161 166 169 170 172 177 178 184 185 188 192 193 194 196 202 206 208 211 215 220 222 225 226 227 232 234 237 240 242 246 248 249 251 262 266 269 271 272 280 282 283 284 288 289 292 294 295 297 299 300 303 307 310 311 314 316 326 332 336 338 339 340 341 354 355 356 357 359 362 363 366 368 373 375 377 381 382 383 385 387 389 391 396 400 401 402 404 408 
209 137 138 139 141 142 143 146 148 151 152 153 154 155 156 157 158 160 161 166 167 168 170 172 178 182 184 185 186 191 197 199 201 202 204 206 208 209 211 213 215 218 219 220 222 228 229 230 232 234 235 237 242 244 245 249 251 252 253 258 260 265 266 267 268 269 270 271 272 278 281 286 289 291 293 294 296 302 307 308 309 310 311 312 314 315 317 319 320 326 328 330 331 342 343 345 347 348 352 356 358 364 365 366 381 383 385 388 389 392 393 395 398 401 404 
94 138 141 142 147 152 153 155 157 164 165 170 171 173 181 183 188 196 200 202 209 215 219 220 221 222 225 229 233 234 240 246 247 248 251 257 262 265 270 271 272 273 277 283 286 288 289 290 292 296 301 302 306 312 316 318 324 325 336 337 340 344 347 349 350 360 364 365 368 373 376 378 380 382 385 392 397 402 407 408 
17 144 146 153 155 158 161 170 179 184 189 191 196 200 202 204 205 210 214 215 220 228 245 249 257 263 267 273 276 279 282 295 299 301 304 311 314 318 323 328 347 359 361 362 363 366 370 375 381 382 394 404 406 408 
126 160 175 177 179 182 186 196 200 208 211 233 235 237 241 247 254 256 267 274 278 286 317 330 336 339 347 354 361 368 370 380 386 396 406 
251 1 142 143 144 148 152 157 167 170 171 175 176 178 181 184 201 203 209 212 217 221 226 227 235 237 245 248 253 256 262 263 265 268 269 271 274 275 277 280 282 285 286 289 295 310 313 319 320 333 335 336 338 340 344 347 349 354 355 356 361 366 367 368 371 373 375 377 380 382 383 387 392 393 398 399 405 408 
214 146 174 196 203 224 229 253 262 287 291 339 399 408 
43 139 142 143 144 146 148 149 152 159 163 166 180 183 190 192 196 203 204 206 230 237 249 255 262 268 271 273 277 288 301 302 316 317 318 321 330 334 339 341 342 344 345 347 359 362 370 372 375 383 388 389 394 402 404 408 
88 174 181 213 248 255 272 273 319 350 395 
207 137 138 145 152 163 202 212 225 233 248 249 258 296 335 337 348 360 398 
179 1 138 143 145 146 148 150 157 158 167 168 175 176 177 179 183 196 198 199 203 204 206 208 209 210 213 217 220 224 225 227 233 238 246 250 253 257 262 263 265 268 269 270 271 273 278 282 284 285 286 294 298 299 302 305 306 315 317 319 321 322 323 326 332 337 340 341 343 346 350 352 356 358 360 362 365 366 367 369 371 372 373 378 379 380 387 388 390 391 393 394 396 401 404 406 407 408 
107 164 241 344 355 399 
81 142 146 147 150 152 159 172 174 179 181 186 187 194 197 204 213 216 220 221 225 246 247 249 250 252 253 256 261 271 278 279 285 289 293 296 297 301 302 304 307 308 312 318 320 322 325 328 335 340 341 345 348 353 357 368 372 385 388 390 392 398 402 
233 1 138 148 164 167 168 174 202 204 211 217 224 225 229 238 239 242 250 255 272 279 283 298 308 324 331 332 333 343 346 347 348 349 351 360 375 379 387 388 396 404 408 
297 1 137 141 144 145 154 158 179 187 190 197 201 202 207 209 210 211 218 222 229 233 237 240 244 247 249 251 262 269 270 272 273 279 281 285 287 290 300 307 309 313 321 325 327 329 332 353 355 357 360 361 363 364 370 373 375 381 382 385 386 389 390 391 395 396 397 399 401 402 406 407 408 
215 154 156 188 231 301 309 310 325 358 376 383 401 406 
157 149 154 168 179 194 199 206 210 216 220 236 240 244 248 249 277 279 284 298 334 337 339 343 349 362 366 370 371 373 
28 144 146 158 171 178 191 194 198 212 218 221 236 239 245 250 268 277 279 280 283 284 287 297 300 313 318 320 327 342 347 352 362 366 371 376 398 408 
45 145 151 167 193 195 199 202 213 215 219 222 225 229 231 240 243 257 265 277 278 281 294 301 304 330 331 338 345 346 348 354 357 362 373 379 380 396 401 403 
9 145 171 200 264 267 279 286 294 303 320 324 326 332 337 348 356 376 383 388 402 405 
129 137 139 150 151 152 159 165 167 169 170 172 173 175 176 179 183 185 186 190 191 197 200 202 204 205 206 207 212 215 222 224 228 231 234 238 240 243 248 249 252 254 255 259 263 265 266 273 275 276 280 282 283 286 287 289 292 294 297 298 299 301 302 313 315 316 317 321 325 332 335 340 341 342 346 354 356 357 358 360 362 364 368 369 371 374 375 377 381 393 399 401 
260 147 188 191 194 215 228 256 274 277 282 283 292 302 333 336 353 372 380 381 391 400 
297 1 138 140 141 142 146 148 151 153 154 160 162 167 168 174 177 178 182 188 193 196 197 203 204 208 211 217 218 220 221 223 225 231 234 236 238 244 245 246 247 250 254 257 258 259 260 261 263 267 268 269 272 273 281 286 287 304 305 307 316 321 322 325 326 327 330 331 332 337 343 344 345 346 347 349 350 354 355 357 358 361 362 366 367 370 372 374 375 376 377 381 382 383 385 386 388 389 391 393 394 396 400 401 406 407 
3 145 158 179 192 206 239 271 284 302 310 319 334 351 365 390 
60 150 154 158 159 167 176 183 185 187 190 196 198 205 209 212 213 215 216 219 224 227 228 229 231 239 241 245 252 267 273 274 276 284 298 303 310 311 315 317 330 335 347 349 351 353 359 362 365 366 373 375 384 392 393 396 399 402 407 
215 1 142 146 149 152 159 160 161 167 170 172 178 180 181 201 207 220 221 228 229 230 231 235 241 247 249 252 253 254 260 262 267 268 271 272 274 277 278 279 297 306 315 316 319 324 325 334 340 341 353 354 357 364 372 373 376 378 384 388 393 
177 166 170 182 218 249 260 281 329 362 369 371 385 386 399 401 
176 140 142 143 148 151 152 160 170 174 179 182 185 192 194 199 200 202 206 209 210 214 215 223 225 229 231 239 242 246 248 251 252 262 264 275 279 282 287 293 296 300 302 303 307 309 310 319 330 331 332 340 343 346 353 356 359 361 377 381 389 390 393 397 401 404 
89 139 144 147 150 154 164 167 177 182 183 190 191 192 193 197 198 199 200 201 206 207 208 209 210 211 217 218 219 220 223 225 227 229 230 234 238 245 247 251 253 259 261 266 267 272 277 280 283 285 287 292 293 294 297 298 301 309 313 315 316 320 321 325 330 331 334 340 341 343 347 348 351 352 358 359 360 361 362 373 376 378 379 383 388 390 392 394 405 406 407 
120 141 144 150 154 155 157 159 160 161 162 163 164 177 186 191 192 206 209 219 221 224 225 226 242 245 248 252 253 259 260 261 264 267 273 274 276 285 286 298 301 303 304 305 313 315 316 319 321 328 335 337 343 351 357 360 361 365 369 374 376 378 381 382 384 387 392 393 399 407 
277 138 139 143 146 148 150 151 152 153 158 170 175 179 181 184 185 186 190 192 194 195 197 203 206 209 212 213 216 218 221 225 227 228 233 235 239 245 248 249 253 256 258 260 265 266 275 277 281 286 292 297 298 299 304 312 316 317 318 319 320 332 334 347 348 351 354 356 360 361 365 366 368 369 372 376 380 384 387 394 395 397 398 408 
173 139 140 143 153 157 160 161 164 177 186 192 197 205 209 211 212 217 229 231 232 237 238 243 250 251 257 264 271 273 283 285 288 290 291 294 296 297 302 318 323 327 331 336 337 339 343 346 357 359 360 363 364 365 367 369 380 381 385 387 388 397 400 402 407 
186 140 142 143 149 155 157 160 167 175 183 198 200 216 219 221 229 238 247 255 256 257 264 268 272 274 275 286 290 292 301 307 309 313 319 321 323 330 332 334 338 340 349 360 361 362 368 371 373 376 382 383 391 392 402 405 
211 1 140 142 143 149 150 158 162 164 165 166 167 168 170 172 175 176 177 180 183 187 189 190 191 193 194 197 199 204 207 211 218 225 231 232 234 235 237 240 242 247 252 255 258 262 268 269 270 273 274 282 288 291 295 296 298 299 300 302 306 309 312 313 316 321 324 326 332 334 335 337 341 342 347 353 354 356 357 359 360 361 363 364 366 368 369 372 383 385 389 390 395 396 400 403 406 407 
283 140 169 171 174 175 184 192 197 211 215 231 237 248 250 253 255 257 274 280 292 303 315 316 321 322 324 333 336 357 373 379 407 
189 146 153 166 194 207 211 214 244 249 253 290 306 320 363 364 369 374 407 
81 151 152 169 177 184 203 211 246 260 271 307 341 350 358 361 378 388 390 
185 145 146 157 158 162 163 166 169 172 173 175 176 177 179 180 185 186 188 189 191 193 194 200 202 204 205 208 212 214 217 220 221 228 229 235 236 238 240 245 246 247 251 261 264 266 268 269 272 274 278 284 286 288 294 295 299 301 304 306 310 311 312 313 314 318 321 333 334 335 340 342 344 345 346 353 359 361 362 363 365 369 372 375 376 382 384 389 392 393 396 398 404 
171 269 314 325 393 
300 138 143 146 147 149 150 162 168 171 172 175 176 188 189 195 200 206 224 235 237 245 247 248 249 256 260 272 273 287 292 298 303 304 307 312 316 318 320 327 328 329 333 336 345 355 366 367 368 372 384 385 401 
286 1 139 142 151 154 155 156 159 160 164 167 174 177 181 183 189 190 191 192 196 200 206 208 209 211 213 215 222 225 226 230 231 234 236 241 245 252 253 255 258 263 264 265 266 273 282 287 290 294 298 299 305 309 312 313 319 321 323 325 326 328 331 333 339 340 345 347 349 354 357 359 361 363 369 373 375 376 378 380 381 383 394 395 401 402 403 404 405 
192 139 140 142 147 148 149 153 155 156 163 168 170 172 173 178 181 189 190 192 196 197 198 200 202 203 204 207 208 211 214 215 216 219 224 226 228 234 239 240 243 251 252 253 254 255 258 259 262 264 265 267 268 269 271 281 285 287 292 294 297 303 306 307 308 310 318 319 320 322 323 326 328 329 339 341 350 353 354 357 358 368 371 372 373 375 376 377 378 382 387 392 395 399 402 404 
146 1 152 154 157 162 166 169 174 176 177 179 184 185 190 192 193 194 197 198 213 220 222 223 224 225 229 230 234 235 236 240 242 248 254 257 260 264 274 276 277 278 281 290 291 293 295 297 300 304 305 308 312 321 322 326 329 330 331 336 340 342 345 349 351 353 360 371 375 376 379 383 388 390 391 396 397 399 400 401 403 405 
249 145 156 159 170 189 196 197 200 214 221 230 232 240 255 269 271 273 274 278 284 287 289 293 294 302 313 315 318 333 334 337 340 344 349 362 376 381 382 385 390 396 399 406 408 
34 155 193 220 224 231 259 265 282 289 298 320 330 404 
234 141 149 152 157 158 159 162 169 170 171 176 183 185 188 195 197 204 208 209 210 212 218 234 237 240 246 250 252 254 259 268 269 273 295 296 299 303 305 309 310 321 325 339 344 351 354 358 360 370 371 379 385 386 393 396 398 402 406 
183 137 142 143 150 161 165 172 174 175 181 182 186 188 190 192 204 206 218 219 225 241 247 254 268 270 275 281 283 287 292 299 305 306 318 341 343 350 358 364 382 383 387 391 393 400 403 407 
162 145 167 179 183 195 199 214 220 237 248 265 270 275 286 292 307 314 324 329 336 341 346 365 375 
81 1 138 139 142 147 152 156 162 165 169 173 175 178 179 180 184 185 187 194 197 201 208 210 218 221 222 224 225 227 229 237 241 246 248 253 257 258 261 262 265 266 269 274 275 278 279 280 282 286 293 300 301 304 309 312 318 322 323 324 328 330 334 336 337 339 348 350 353 358 365 367 371 374 379 384 386 390 392 396 399 401 404 
264 142 143 145 147 150 152 154 157 162 175 179 180 183 184 187 193 194 198 201 204 205 210 216 219 222 228 229 234 238 244 248 253 257 258 261 263 264 269 270 290 294 295 296 300 303 308 315 320 321 323 328 336 349 353 362 368 369 374 387 400 401 405 
47 147 149 164 171 181 183 184 185 188 195 205 207 234 257 270 276 286 303 307 313 324 331 333 356 377 397 403 
178 1 138 140 141 142 145 151 153 158 161 173 176 178 179 181 184 186 187 189 193 196 197 201 202 203 209 210 211 212 214 220 222 224 228 231 236 237 238 243 244 247 248 249 250 251 253 260 267 269 270 275 282 283 285 286 289 294 295 299 304 308 309 310 311 315 320 321 323 324 325 326 328 329 336 337 340 341 343 346 350 351 358 367 368 374 376 380 391 392 393 395 396 397 398 403 404 405 406 407 408 
233 141 144 146 151 154 161 175 176 188 194 196 199 202 203 205 211 219 227 237 244 246 249 258 277 280 281 286 298 299 317 328 329 337 340 343 349 350 352 360 368 371 373 385 387 398 405 
43 1 142 150 151 154 161 168 170 171 175 176 178 179 184 187 190 193 198 200 201 204 205 206 207 209 210 211 213 217 218 220 231 233 234 235 238 239 241 243 244 245 249 254 256 257 262 268 269 272 273 277 280 283 287 289 294 299 301 303 304 307 310 312 313 320 321 323 328 329 330 331 334 338 339 340 348 349 350 355 358 363 365 369 374 378 381 384 385 387 388 394 396 400 405 
30 142 143 153 167 171 177 178 188 191 195 205 206 209 211 212 214 217 220 221 225 227 235 236 239 242 245 248 254 255 257 258 260 265 268 270 279 285 290 293 295 298 300 305 306 307 311 315 316 317 318 327 328 333 334 338 345 349 356 357 358 359 366 367 368 374 375 381 398 399 401 402 404 405 407 
17 139 141 144 151 153 159 161 164 174 181 185 187 190 193 194 197 199 200 206 207 210 216 219 226 227 230 234 239 241 250 254 256 257 260 266 273 275 278 279 281 283 284 285 289 297 302 309 312 313 314 315 317 322 328 332 333 335 336 337 338 349 350 353 355 359 360 362 363 365 367 370 371 373 378 385 386 387 389 390 393 402 403 406 
146 141 145 147 148 150 152 153 157 159 160 162 164 167 169 170 173 174 179 180 182 183 184 186 187 201 202 203 204 205 213 220 223 227 228 238 240 249 253 256 260 265 267 269 270 275 276 277 278 279 281 282 283 286 294 295 296 298 302 303 304 306 311 312 315 320 328 332 333 334 335 339 340 341 343 344 345 346 348 350 352 354 358 359 360 364 366 371 372 377 380 383 387 390 397 401 402 403 404 405 408 
50 194 236 356 
54 1 141 145 148 149 163 164 165 178 180 181 183 187 190 192 193 194 206 212 214 215 216 218 227 228 232 240 242 252 273 286 291 293 294 297 313 319 321 322 328 332 333 353 354 360 367 379 381 385 389 392 395 398 404 406 
72 146 152 154 155 161 179 186 188 189 191 196 200 208 217 233 245 248 257 281 289 294 306 307 322 323 354 355 359 373 376 377 379 386 391 395 396 407 
280 137 145 149 153 156 160 180 182 183 184 186 196 203 205 206 211 218 221 222 230 231 240 243 246 247 248 251 255 258 266 267 268 273 276 277 287 293 294 296 300 310 312 314 315 318 323 324 327 328 329 330 334 336 346 348 349 350 352 353 354 361 365 366 368 373 374 377 383 386 388 389 391 394 396 397 400 405 406 407 
214 140 152 162 163 171 183 188 203 205 233 234 237 240 260 263 267 277 298 303 307 315 319 324 326 333 338 346 362 385 
208 143 148 156 183 185 198 199 202 206 223 244 257 262 264 267 272 281 283 284 306 318 319 323 330 336 345 355 366 376 378 386 391 397 404 408 
196 137 148 199 211 241 255 278 308 328 342 386 
232 137 139 140 149 150 154 155 157 158 163 167 168 170 172 174 176 178 181 183 184 185 191 195 203 204 206 209 215 221 222 225 226 227 232 235 236 239 240 243 244 247 254 259 262 263 264 265 266 267 268 269 276 277 281 283 285 286 288 293 297 298 304 305 309 316 318 325 326 329 331 332 334 337 341 343 351 355 363 364 371 380 384 386 390 402 405 
296 143 148 150 171 192 212 224 226 232 234 235 246 248 249 250 254 255 262 263 272 274 279 287 298 301 309 314 317 327 330 332 333 341 345 353 357 372 373 386 389 390 391 392 395 397 398 400 401 404 
56 138 139 147 149 151 152 154 160 166 169 171 172 174 176 177 179 189 203 207 208 212 215 224 228 231 235 246 249 250 255 261 264 266 267 285 289 293 294 301 302 304 305 306 309 310 311 314 324 325 327 332 336 356 359 360 364 374 387 388 391 394 395 399 
104 144 151 154 155 159 160 162 166 167 169 178 180 182 184 191 192 198 206 207 211 219 229 231 236 237 238 239 241 243 244 250 251 254 255 259 260 265 266 267 270 272 274 275 280 281 296 297 304 305 308 312 314 315 318 323 324 325 336 340 341 344 351 352 355 359 361 362 369 377 378 380 383 386 388 389 391 394 395 396 406 407 
93 147 155 157 161 164 165 167 168 172 175 177 180 183 186 188 193 196 200 202 210 214 226 229 230 233 236 237 241 243 245 249 250 252 260 264 265 267 268 269 277 279 280 282 285 289 291 292 295 296 297 298 302 306 307 311 313 314 321 327 329 330 331 334 335 338 339 342 343 345 348 361 366 367 370 371 373 375 376 377 378 380 389 392 
133 147 149 168 189 199 207 227 233 247 260 272 281 291 293 297 320 361 368 372 385 405 
93 138 148 159 160 169 187 194 202 212 229 234 255 273 285 287 292 304 312 316 332 356 357 373 388 398 408 
174 138 142 150 155 156 180 196 205 210 218 226 231 234 245 252 272 304 313 316 323 327 330 339 344 346 362 381 384 396 398 401 402 403 408 
72 138 140 147 149 156 178 180 186 195 209 218 224 225 232 235 236 243 274 283 294 296 311 315 316 337 339 341 367 375 376 384 386 403 406 408 
52 141 146 147 153 154 161 162 164 171 172 177 179 199 206 212 216 219 220 222 225 226 228 233 234 242 245 254 256 260 271 272 274 275 279 281 283 285 288 289 294 298 303 306 311 315 316 324 325 328 329 330 332 335 336 344 352 354 355 359 360 370 372 373 375 376 377 379 388 391 394 395 396 400 402 404 406 
22 142 150 151 153 155 158 161 166 167 170 179 180 181 184 188 196 199 203 210 212 213 219 226 230 235 238 243 244 252 255 263 266 267 269 271 275 279 285 286 292 294 295 297 298 302 303 306 307 308 313 318 321 322 323 325 337 338 345 348 349 353 355 359 362 366 368 371 373 383 384 391 397 402 404 405 408 
75 1 137 138 141 146 147 155 165 167 172 173 175 188 204 214 221 223 224 233 235 240 245 247 249 253 261 264 266 282 292 301 306 314 319 332 335 340 345 350 359 361 364 371 379 382 387 396 397 400 
122 142 143 147 149 153 158 161 164 175 176 181 185 194 197 212 215 216 217 234 237 263 270 272 284 296 301 305 309 315 319 326 334 340 351 369 374 379 394 403 
164 287 318 399 
291 153 154 156 157 159 162 165 168 169 170 173 178 180 182 186 189 199 204 207 210 215 217 218 222 226 233 239 240 241 247 254 255 257 258 262 263 264 269 271 276 278 279 292 293 295 301 302 314 319 330 331 332 336 342 348 369 373 375 376 377 378 380 383 386 394 403 405 406 407 
164 1 140 142 143 144 146 148 150 151 152 154 155 156 159 160 162 170 172 174 175 176 178 183 184 185 186 188 190 193 196 206 209 218 223 228 235 238 240 244 248 257 265 266 280 283 287 288 293 294 300 311 314 315 318 320 322 326 327 329 334 337 343 351 361 362 365 370 371 376 378 382 385 386 389 392 399 401 402 403 405 406 407 
25 141 168 187 188 190 204 207 214 229 236 239 244 246 249 250 253 260 267 283 286 298 305 321 347 358 366 384 386 403 404 
222 139 140 143 150 151 154 155 158 159 164 170 172 184 185 188 197 201 205 206 209 210 211 215 217 227 228 231 232 233 234 235 237 245 246 248 250 251 256 257 258 259 261 266 268 269 272 277 279 281 287 289 297 299 302 304 307 310 311 312 313 315 317 319 324 326 331 332 346 351 353 356 357 362 365 371 372 377 378 379 380 383 386 388 389 391 399 400 401 403 405 
223 141 142 143 146 152 157 158 160 167 171 172 175 177 179 182 183 185 186 188 189 201 204 207 211 215 216 218 220 225 226 227 230 234 241 246 253 254 258 259 261 266 268 278 279 284 287 288 291 293 294 296 302 303 304 307 308 315 316 317 321 326 327 347 348 356 362 365 371 378 379 381 384 389 390 392 393 395 398 400 403 408 
95 185 201 203 231 276 293 309 310 396 
23 139 153 322 
42 139 149 163 170 228 261 263 270 273 275 286 289 293 300 301 307 310 314 316 326 327 331 343 353 369 390 393 396 399 404 408 
182 147 163 164 188 206 228 265 283 293 294 309 323 333 391 393 395 401 406 
36 1 137 140 142 150 151 153 160 164 167 169 179 180 189 196 199 205 206 211 212 223 224 235 244 245 246 247 252 253 254 256 257 259 260 261 263 265 267 279 290 293 294 296 297 300 303 304 311 313 317 318 320 321 322 324 325 328 330 332 337 338 339 341 342 345 348 354 356 358 359 380 383 387 391 393 394 395 397 406 407 
19 197 227 229 232 235 243 247 262 272 284 295 301 317 346 349 352 358 368 373 382 394 
124 142 151 155 157 158 166 175 176 180 181 187 189 192 201 204 205 213 216 218 228 230 234 238 241 242 244 255 265 266 274 281 283 285 296 298 308 310 313 315 318 327 333 334 338 340 342 348 354 357 360 364 368 374 379 397 408 
109 137 138 150 151 153 158 159 167 171 172 176 180 181 183 191 192 193 194 199 206 220 223 228 229 232 235 240 243 245 248 253 261 262 272 274 283 288 289 295 308 311 313 326 327 328 329 335 336 339 346 347 359 363 367 380 384 385 388 390 392 395 399 403 
218 147 194 199 318 321 362 366 378 397 398 405 
71 138 145 146 152 153 156 165 172 184 193 195 202 205 214 218 220 225 229 233 234 244 249 253 260 264 267 275 277 278 283 288 297 298 328 330 331 333 337 338 347 348 350 356 361 368 374 375 384 390 391 400 402 403 
249 1 138 140 142 146 149 154 156 158 164 168 173 174 178 181 182 185 187 188 191 193 200 202 204 205 209 210 212 214 217 222 223 225 226 233 235 237 242 244 247 250 251 254 255 257 258 262 270 276 282 283 286 287 288 289 290 296 301 305 307 308 309 313 316 318 319 321 323 326 327 328 332 337 346 348 349 351 354 357 358 360 361 365 366 368 371 374 376 377 382 387 389 390 391 392 393 400 401 402 408 
79 138 140 143 151 154 158 160 167 175 177 190 191 208 214 216 217 220 228 229 230 238 240 250 254 258 270 282 294 298 300 310 324 331 332 333 339 342 343 346 350 356 361 366 367 370 375 391 397 406 
169 137 139 148 150 152 155 159 160 161 162 163 175 178 182 193 198 209 210 217 218 219 224 232 240 247 251 252 255 256 258 260 263 265 266 270 275 276 277 280 287 289 294 296 299 307 311 312 316 317 319 321 326 328 333 338 340 351 353 357 362 363 365 366 368 369 373 376 380 388 396 397 400 404 407 408 
116 140 149 155 156 160 162 180 182 183 184 185 201 204 206 211 218 223 231 239 240 251 267 278 282 285 286 288 294 295 299 304 305 306 326 327 348 358 368 377 384 390 391 399 401 
128 153 155 156 172 184 188 191 196 207 208 215 220 225 229 235 243 244 248 258 269 276 281 282 284 287 289 296 301 311 312 314 318 321 324 330 332 334 337 344 347 348 352 358 361 364 371 373 374 375 378 380 387 399 
144 139 141 142 144 145 146 148 149 155 157 159 163 165 166 188 190 192 194 197 199 206 208 209 210 212 213 216 218 219 221 223 224 225 226 227 235 237 239 241 245 248 251 256 264 266 268 270 278 280 282 284 286 291 292 297 299 300 308 319 322 324 325 327 328 329 330 331 332 333 336 337 338 342 343 348 349 350 351 353 362 365 370 375 376 377 380 384 386 387 392 393 394 396 398 400 404 
17 210 289 390 
275 137 140 144 146 156 159 178 180 183 232 235 246 250 256 259 273 276 283 285 320 328 329 334 349 367 399 
210 137 140 149 151 155 157 158 161 162 165 175 184 186 188 196 198 202 203 205 206 208 213 216 220 232 233 238 239 240 243 247 248 250 270 273 285 296 297 299 302 308 311 317 318 319 326 335 337 340 345 347 350 357 359 360 377 379 381 386 387 391 392 397 400 
9 1 137 140 150 158 160 170 174 182 184 190 196 211 213 228 248 250 262 267 269 270 271 272 284 313 315 319 327 332 338 343 353 357 368 379 380 395 400 406 
101 1 142 147 174 179 182 198 201 216 217 218 226 228 231 235 240 249 253 254 255 276 278 280 282 287 289 297 302 303 307 309 316 320 322 332 336 339 342 346 347 349 352 353 354 357 368 369 370 376 391 392 
205 153 163 173 177 188 198 200 202 213 235 243 255 265 285 287 300 305 313 319 323 338 343 344 353 356 357 361 374 392 393 403 
115 140 164 167 181 195 202 208 210 216 217 229 232 234 275 286 288 291 299 304 313 323 327 333 340 351 353 354 361 364 367 368 370 371 378 394 401 405 
159 138 139 141 144 148 149 152 153 155 156 159 164 170 176 179 180 184 185 188 190 193 198 202 207 209 210 214 225 232 233 235 240 246 252 253 256 257 261 262 263 266 268 274 281 284 286 293 294 301 303 312 314 324 325 333 334 346 357 358 364 375 376 380 386 388 389 396 400 401 
71 139 142 145 174 185 191 202 216 219 223 234 235 238 251 253 261 265 270 271 273 278 279 282 311 313 337 347 364 372 383 405 
121 1 139 142 143 144 145 150 153 156 163 164 169 175 176 180 182 185 186 187 189 190 194 195 199 201 207 208 209 215 216 217 219 220 221 222 224 225 231 242 244 245 246 249 250 252 255 256 262 263 265 271 273 274 275 284 287 290 292 294 296 298 300 302 304 305 306 307 308 314 315 316 318 324 325 326 329 333 339 341 342 344 349 351 356 358 363 367 368 378 379 380 381 383 384 385 393 395 398 401 403 405 406 
2 1 138 140 147 149 152 155 158 161 163 165 167 170 172 173 174 180 182 184 186 187 191 194 195 197 198 200 205 207 208 209 210 212 215 217 218 220 222 224 226 231 232 238 239 243 248 249 254 256 260 261 263 265 270 271 272 275 285 289 291 292 293 294 295 299 309 310 311 318 319 321 324 325 328 332 338 339 345 347 351 353 354 355 356 357 360 362 364 370 371 372 373 375 378 383 385 389 392 398 399 401 404 406 
122 159 202 216 227 247 249 269 287 288 301 324 341 366 389 399 403 
103 140 142 160 164 166 171 185 218 222 232 233 244 252 289 291 298 301 302 306 327 335 337 343 384 385 
141 142 144 148 149 150 151 154 155 156 158 162 165 167 168 177 178 179 181 184 185 190 196 204 205 211 212 224 225 232 240 243 244 249 252 253 254 255 257 260 263 267 268 271 276 285 286 295 297 302 304 306 307 310 313 315 316 323 324 330 338 341 343 344 346 359 362 371 372 378 380 382 389 390 399 401 402 408 
145 166 171 223 231 275 297 328 337 356 357 375 380 393 408 
82 145 147 156 177 184 191 195 213 225 226 230 231 238 240 241 249 258 259 260 266 270 277 282 283 284 286 287 288 297 299 303 313 317 319 326 330 331 334 337 340 353 358 363 374 387 400 401 405 
123 1 139 141 143 147 149 151 154 156 157 159 160 163 166 171 172 174 178 183 185 186 187 188 190 192 198 199 203 204 206 208 214 216 217 218 219 224 225 232 234 237 238 239 240 245 247 254 255 257 259 260 261 267 269 272 273 276 277 279 285 288 289 290 295 296 300 305 308 313 314 316 320 327 328 334 336 342 343 346 347 349 354 355 356 360 361 362 363 365 368 370 372 377 378 379 380 383 384 385 389 393 397 398 400 402 406 
205 137 139 140 144 148 154 157 169 188 192 193 194 200 209 219 220 230 237 241 242 251 253 267 275 282 286 287 288 289 293 308 312 318 320 321 336 338 345 349 350 352 355 363 364 367 374 375 376 383 401 406 407 
173 161 173 184 189 196 204 219 224 264 275 299 307 341 349 350 352 379 404 
29 1 141 147 150 154 158 181 190 198 209 216 225 236 245 248 258 260 277 286 297 301 317 318 324 332 333 334 348 354 355 359 364 376 380 405 
143 139 140 155 160 163 167 172 178 185 194 196 200 210 214 216 223 224 238 242 245 247 248 259 260 261 266 269 271 272 281 290 292 295 298 299 303 316 325 336 341 344 348 357 359 363 367 378 379 384 385 391 393 394 401 
12 138 139 142 145 146 151 152 160 161 164 165 166 168 171 176 179 180 181 189 190 194 196 198 203 209 210 225 228 230 232 233 238 240 241 246 247 252 254 257 269 270 271 273 275 276 279 280 281 282 285 289 291 293 301 302 303 305 309 310 311 313 314 316 324 332 334 338 344 348 351 355 357 360 368 374 378 384 387 389 390 391 392 393 395 396 397 402 
14 137 152 156 158 159 163 167 183 192 194 198 199 223 229 231 241 246 249 251 252 259 281 285 291 297 311 335 365 373 380 381 386 387 391 400 404 407 
199 143 154 193 229 251 301 335 348 361 367 392 401 
10 138 139 140 142 146 147 150 153 156 157 160 167 170 174 175 177 178 186 192 194 197 198 199 204 207 208 211 212 214 217 221 223 225 228 229 230 234 235 236 242 247 253 257 258 259 260 266 268 270 273 276 281 288 289 290 291 292 293 294 299 300 306 307 312 314 315 316 320 321 322 325 327 330 336 337 338 339 343 344 345 350 351 353 355 357 358 361 362 364 365 371 372 373 374 376 377 389 390 394 395 396 399 400 402 408 
42 138 146 150 154 156 161 172 184 185 187 192 193 202 203 204 212 216 219 231 236 237 239 240 241 243 251 253 255 259 260 277 279 287 294 298 309 322 327 330 335 357 362 369 370 374 384 403 404 
218 141 147 170 174 177 183 187 190 214 239 240 288 304 312 323 327 332 334 336 337 361 376 391 393 
256 1 147 151 157 176 181 187 192 197 199 208 209 210 223 250 251 256 295 296 311 334 346 357 359 367 371 376 380 383 396 398 401 402 
161 1 142 143 145 149 151 152 153 154 155 157 161 163 164 165 167 170 176 183 185 186 188 190 191 192 195 196 202 207 210 211 212 213 221 222 227 228 232 236 248 251 252 253 254 257 258 263 269 272 273 275 277 279 280 281 282 283 285 286 290 293 294 300 303 304 317 321 322 327 328 329 330 334 335 339 341 345 352 356 359 363 369 371 373 374 375 377 378 380 381 384 385 387 389 391 397 400 401 402 406 408 
295 217 
98 141 143 148 160 162 163 166 169 171 178 186 189 194 196 202 205 207 210 212 219 224 228 230 232 233 236 239 242 247 249 253 254 256 264 283 286 289 295 296 297 301 302 303 304 305 312 314 319 320 323 326 330 341 347 349 351 353 355 365 373 398 399 404 
42 152 168 186 214 227 253 314 334 386 387 
276 142 143 144 145 151 163 166 170 171 173 175 176 177 181 184 193 194 195 197 198 212 215 216 217 224 225 228 230 239 241 242 253 255 258 259 260 266 268 274 284 288 292 298 299 312 314 319 320 322 323 326 330 334 344 350 351 353 354 359 361 363 367 368 369 370 374 377 379 382 384 385 386 387 392 393 394 398 400 401 404 408 
73 1 137 139 141 142 144 145 147 148 149 152 158 159 163 166 170 171 175 178 188 194 199 200 202 206 210 211 214 215 218 223 224 226 234 238 243 244 249 250 255 257 265 267 274 277 278 288 290 293 295 296 300 301 306 307 308 310 313 316 319 322 328 329 330 333 336 343 349 350 352 355 358 359 363 364 371 372 374 376 381 384 388 404 405 406 408 
118 141 154 157 158 167 171 175 202 208 218 221 232 238 256 264 265 266 269 271 272 278 288 296 300 304 308 315 316 318 329 335 340 341 346 351 355 362 387 392 398 399 402 405 
265 137 141 142 143 144 147 149 150 152 153 154 156 157 160 163 164 165 169 170 171 173 176 179 182 188 189 190 201 204 212 214 215 219 222 228 231 232 235 236 240 242 248 250 254 257 261 264 267 271 279 280 284 286 289 292 295 296 298 301 306 308 311 312 315 318 323 326 331 334 336 337 344 348 350 351 353 354 356 364 369 371 372 379 383 385 386 390 395 397 399 400 401 
201 138 139 140 149 151 152 159 165 166 169 170 172 173 174 178 181 182 183 184 193 195 196 199 203 205 206 207 208 218 219 221 222 226 229 233 234 238 240 244 245 247 248 259 263 266 269 274 276 278 281 283 285 290 300 302 304 307 308 312 314 320 321 329 330 332 334 340 341 343 346 353 363 369 371 374 385 386 387 396 397 
181 142 145 150 165 176 180 184 195 197 218 232 242 264 267 268 288 293 311 314 323 328 334 339 340 342 343 347 352 356 363 367 370 377 381 382 384 387 388 395 397 
278 150 154 158 163 164 166 180 184 200 207 209 211 212 214 215 216 217 219 233 239 243 244 251 257 259 262 265 268 269 271 276 279 280 282 283 285 288 297 299 311 316 319 323 327 334 341 345 346 348 349 353 354 358 361 370 374 395 405 408 
14 138 145 156 160 175 176 179 182 196 197 198 206 207 212 213 215 216 218 220 221 222 223 231 235 238 240 244 245 247 253 254 257 259 261 262 263 266 269 270 271 273 283 285 287 295 296 298 299 311 312 315 320 325 330 332 335 338 340 341 343 347 348 351 352 354 355 358 361 363 364 365 371 375 376 380 384 396 397 400 402 403 405 407 408 
297 137 139 153 162 165 169 180 186 187 196 208 225 235 237 239 242 248 252 266 277 279 281 289 294 302 303 308 312 313 324 330 332 345 353 362 381 383 389 399 
206 137 140 144 148 154 157 162 168 172 179 181 185 186 198 202 206 217 221 222 223 226 238 245 247 253 265 267 272 273 275 288 291 300 307 312 314 316 325 332 334 335 341 342 347 353 354 355 360 361 364 372 376 379 382 387 394 396 397 399 407 
202 148 166 181 190 198 213 231 239 261 263 264 273 288 313 328 333 335 372 382 400 408 
118 137 141 142 146 147 148 149 156 159 163 169 176 178 182 185 191 200 201 203 206 207 208 210 216 217 218 220 223 226 227 228 232 237 243 249 251 252 253 258 260 263 267 283 285 291 293 295 298 299 303 304 305 306 308 311 318 321 323 327 335 336 340 343 351 352 353 354 363 366 368 371 382 385 386 388 398 401 402 404 
243 145 152 153 158 171 225 228 232 237 264 270 285 304 311 313 348 351 362 382 399 402 
136 137 139 144 150 153 154 168 176 177 178 179 186 195 199 201 203 206 212 216 222 226 236 237 239 244 245 254 255 260 271 281 285 288 307 315 322 324 329 333 337 340 345 346 348 351 357 369 382 389 392 396 400 404 
295 138 139 144 146 147 148 150 157 158 159 161 163 164 165 168 170 171 174 177 178 179 180 187 190 191 192 202 203 205 206 208 210 214 216 222 223 225 231 233 234 242 243 244 252 255 261 264 268 269 275 276 279 282 289 290 294 297 299 304 306 312 315 316 318 322 323 326 329 330 334 337 338 346 347 349 351 354 356 357 359 363 367 368 371 373 374 375 376 379 380 382 391 393 395 396 397 398 399 400 401 
297 144 149 152 153 154 155 156 167 168 178 183 185 186 193 195 217 219 221 226 256 257 260 264 269 281 297 317 326 327 341 343 346 347 350 353 356 357 366 370 376 380 384 386 389 396 399 402 407 
134 141 142 152 153 160 166 168 169 174 177 178 181 182 183 185 187 188 190 192 195 196 204 208 216 217 223 225 229 232 235 238 242 245 247 255 257 260 264 266 267 273 275 282 291 294 297 300 301 302 304 305 307 309 310 314 319 320 323 326 327 328 330 332 334 335 341 342 344 347 350 352 354 356 357 360 370 371 372 377 379 381 387 390 391 392 393 394 395 396 398 401 402 405 407 
34 138 139 149 152 154 167 172 175 180 181 188 195 198 203 206 208 222 226 228 229 239 250 252 256 262 269 272 274 278 281 285 295 299 300 301 306 307 309 311 318 319 321 327 331 332 341 347 358 371 377 383 384 386 387 390 393 395 396 403 404 405 407 
170 153 294 322 323 335 339 403 
197 1 140 155 156 157 159 161 163 167 175 181 182 183 188 189 190 191 192 193 195 196 197 198 200 207 210 214 215 221 225 227 228 232 235 236 241 248 250 251 253 254 255 257 265 267 270 273 282 283 286 287 293 294 296 299 304 310 312 314 316 318 319 323 324 326 328 329 331 332 333 337 340 341 343 344 354 355 357 364 368 374 375 378 379 381 386 392 393 399 400 405 
271 147 184 217 222 241 265 266 289 290 326 362 371 400 401 
192 139 140 142 146 148 155 158 159 160 162 165 170 172 173 181 184 196 197 205 206 207 209 213 217 218 226 227 231 232 233 236 237 241 244 245 246 248 251 252 257 259 263 264 265 266 269 273 276 277 279 283 284 286 288 301 304 306 308 313 314 317 318 324 332 333 334 335 338 344 346 347 350 351 352 355 359 360 362 366 368 372 373 376 377 378 380 385 386 388 393 396 397 398 407 
231 137 143 148 149 151 154 155 157 173 175 176 187 188 189 192 198 201 214 217 222 225 229 231 246 250 251 254 256 259 260 267 274 275 279 284 286 295 302 304 313 317 319 320 321 322 324 328 331 335 338 340 341 357 361 365 367 370 371 377 381 383 384 387 388 390 391 395 398 400 402 403 404 
202 137 138 140 141 146 148 151 153 159 161 163 167 168 169 172 176 181 184 190 195 196 197 200 208 211 213 215 222 226 240 246 247 250 258 260 266 277 279 280 284 285 293 299 300 307 310 311 312 313 314 315 316 319 321 325 329 332 336 338 340 344 352 354 355 356 357 358 360 364 368 369 372 373 375 376 385 392 394 397 398 402 403 404 407 408 
265 140 166 179 180 184 198 210 213 216 218 242 262 266 271 281 314 323 328 333 346 347 365 378 384 
299 1 171 174 175 203 228 239 261 263 284 296 308 311 338 349 359 365 367 377 380 393 401 
53 139 140 144 149 150 159 165 167 170 178 181 182 186 188 191 193 199 205 214 216 221 229 233 235 242 248 251 254 256 257 258 261 262 263 268 270 272 289 292 296 304 308 313 316 321 323 326 328 334 348 349 350 351 354 361 370 375 377 380 385 387 388 389 395 398 399 403 404 
101 139 142 143 144 145 149 152 155 156 158 159 160 166 167 171 172 178 179 184 188 192 196 197 202 206 210 212 213 215 216 221 228 230 232 235 236 238 239 240 241 243 245 248 249 252 254 259 260 261 264 265 267 271 273 274 277 278 281 282 283 288 289 290 293 295 300 302 305 306 307 309 310 311 312 315 316 318 322 323 327 328 330 334 338 341 346 347 348 352 355 361 363 364 372 375 377 379 380 381 383 390 398 400 401 402 403 
247 145 149 152 154 157 158 159 165 170 173 178 179 183 187 188 189 195 200 203 210 213 216 217 219 222 224 228 230 231 236 237 240 242 248 253 259 261 262 265 268 269 278 279 283 286 291 300 307 309 310 313 314 315 316 318 320 326 334 340 343 344 345 346 349 355 364 365 367 370 371 372 376 380 381 382 384 385 387 393 395 402 403 
218 137 138 146 150 151 160 172 173 174 175 177 179 185 188 192 202 203 206 207 211 212 214 218 221 222 224 225 228 230 232 233 235 237 241 249 254 255 261 263 264 266 268 269 276 281 287 293 298 304 306 307 310 311 312 316 323 324 325 328 332 340 345 348 350 357 361 364 365 368 373 375 380 381 382 383 384 385 388 391 394 400 402 
253 138 146 157 159 172 173 180 196 228 251 254 255 265 269 283 316 336 365 367 378 389 400 404 406 407 
190 142 144 146 147 148 154 156 157 158 164 167 170 171 172 182 199 200 203 205 211 213 216 227 231 239 241 245 246 262 270 273 289 291 295 306 309 311 312 317 318 323 333 348 352 354 355 356 363 364 372 377 380 389 390 394 398 402 403 
204 1 143 144 148 149 151 155 157 158 159 160 162 163 165 171 174 177 181 183 185 186 188 189 190 191 193 194 197 198 199 201 210 219 221 224 229 233 237 243 248 258 260 261 263 264 265 266 267 269 273 277 282 284 287 289 293 295 296 298 300 302 305 306 310 315 316 318 322 326 330 335 342 345 346 355 361 362 366 370 373 375 376 381 385 388 390 391 392 393 395 397 398 401 404 405 406 407 408 
51 1 141 144 147 156 159 160 161 162 163 164 170 176 183 184 194 199 205 224 236 247 255 265 267 275 279 288 290 292 294 298 299 300 301 303 304 307 314 320 321 329 349 355 358 369 371 375 376 380 388 389 391 
237 138 144 148 152 164 186 195 202 208 212 221 260 262 273 279 288 312 322 325 327 329 332 338 347 352 364 372 373 374 404 405 407 
271 1 138 139 142 154 159 172 173 175 176 183 184 188 192 193 194 195 197 210 214 217 223 226 230 233 234 237 239 241 242 246 247 251 252 255 259 260 262 272 279 285 287 288 291 294 295 298 303 310 312 313 316 317 319 320 321 325 329 332 336 339 346 347 348 354 362 366 369 371 372 378 386 395 397 400 401 405 406 
176 137 194 208 237 238 246 247 249 255 292 319 326 341 380 381 385 397 406 
296 1 137 138 144 152 157 159 161 162 164 166 167 169 172 174 175 179 180 184 185 189 191 196 197 199 200 202 206 207 209 210 211 212 213 216 217 222 224 230 237 241 242 243 247 251 253 254 260 261 262 265 269 272 276 278 280 284 287 296 297 298 299 307 309 316 317 319 321 322 325 330 336 343 345 352 354 357 375 376 378 379 380 385 386 387 389 394 395 396 397 398 400 401 403 405 407 
62 160 188 191 213 217 239 242 261 262 284 293 310 318 328 329 330 346 353 355 358 363 376 383 404 
202 145 152 157 176 202 235 240 243 250 274 295 296 364 376 385 401 404 
57 154 219 229 277 302 372 392 
104 139 165 173 176 198 248 283 291 300 323 374 380 394 396 401 404 
71 137 146 162 169 178 179 183 192 196 201 203 208 209 222 224 229 230 236 241 249 250 251 270 274 279 281 286 291 297 301 303 304 305 309 310 323 331 343 346 352 356 358 361 363 368 370 374 376 377 378 380 383 386 388 391 395 398 
76 137 142 144 146 150 154 166 172 174 175 176 179 183 184 185 188 189 192 197 199 201 202 205 206 211 215 217 218 219 221 227 228 232 235 238 241 245 249 252 253 256 261 262 266 268 270 276 277 285 289 291 297 298 299 300 301 302 303 305 306 309 310 311 316 317 321 322 325 327 337 345 355 360 361 362 363 367 370 374 377 381 383 384 387 388 391 396 403 404 405 406 
17 138 140 143 144 145 147 148 149 150 155 162 165 167 173 174 177 181 182 184 185 191 195 197 198 211 214 215 220 230 233 237 238 239 241 245 247 248 249 251 257 261 263 266 267 268 272 273 274 279 280 282 286 289 292 294 298 301 308 309 312 314 322 328 330 331 332 333 337 344 345 352 353 355 360 364 366 367 378 383 384 386 387 393 395 396 397 403 405 
91 140 142 153 156 159 161 162 167 169 172 174 176 177 185 192 199 201 204 206 208 209 212 216 227 228 232 233 236 239 240 242 244 247 254 256 258 259 260 261 266 267 271 273 275 280 300 313 321 330 334 358 362 383 387 388 389 396 397 398 402 405 
238 143 144 145 150 151 152 157 165 167 168 171 173 176 179 182 189 191 193 197 198 203 204 205 218 227 232 241 244 245 247 253 255 257 258 261 263 264 272 273 274 275 276 279 283 286 288 292 303 305 306 307 315 318 322 324 326 328 330 333 340 343 347 351 353 355 357 359 360 364 366 369 370 371 375 386 388 392 394 395 398 399 405 406 407 
92 145 146 148 155 157 159 168 169 172 173 174 176 177 179 183 184 188 189 190 191 196 198 199 200 201 206 207 208 209 210 213 214 215 217 218 221 225 233 235 241 243 244 245 246 248 252 253 256 257 259 260 263 265 266 267 273 274 275 278 281 282 284 287 292 293 298 299 301 306 309 311 312 313 314 315 320 321 324 328 330 332 334 347 352 354 355 356 357 360 361 364 365 366 373 379 382 384 392 399 401 403 406 408 
233 141 144 158 164 172 181 197 208 210 211 216 222 240 247 252 256 259 260 266 272 281 286 289 302 304 310 319 324 325 326 331 337 340 350 359 360 372 374 376 377 380 401 
176 144 147 149 151 152 163 164 169 170 174 182 185 187 189 190 195 198 199 201 202 205 207 210 212 213 214 217 219 222 225 228 235 244 248 249 250 253 254 260 265 269 272 276 278 287 289 292 296 301 302 307 309 310 315 317 320 323 324 326 328 329 331 332 333 335 342 343 354 355 369 377 384 385 390 391 393 395 396 398 400 406 
225 141 148 149 157 160 166 169 177 179 199 224 237 245 252 260 267 276 285 288 289 290 299 308 310 313 314 328 333 334 340 349 354 362 366 367 368 371 378 389 400 
169 138 151 154 157 164 186 212 213 221 223 225 229 243 246 253 258 260 271 272 279 280 282 285 286 312 321 333 341 344 347 363 365 373 375 385 391 404 
225 138 140 142 143 145 147 148 149 151 152 153 156 157 158 159 161 162 163 164 166 169 174 178 180 184 185 189 191 192 194 196 198 201 202 204 205 209 210 216 217 219 224 229 238 239 244 245 251 254 256 257 259 260 261 265 269 273 279 280 281 282 283 285 286 289 291 294 295 301 308 313 316 317 322 323 327 328 330 332 336 337 338 346 347 348 351 354 357 362 364 370 373 375 383 392 394 398 404 405 
22 1 138 140 144 149 151 153 158 163 164 165 167 168 176 177 181 183 188 189 192 193 194 197 199 200 201 205 212 213 222 224 225 229 235 236 244 248 254 255 257 261 266 267 271 272 276 289 293 299 300 301 307 310 311 321 326 328 335 338 339 344 345 350 354 362 367 369 374 380 384 386 388 389 390 392 393 399 400 402 405 408 
47 147 148 154 157 171 190 197 230 239 257 277 280 288 289 302 322 337 340 356 359 368 374 380 391 
244 1 142 144 145 149 158 165 169 172 176 185 192 194 197 198 200 202 205 213 219 220 222 223 224 226 229 231 232 234 238 239 241 244 247 250 255 258 262 267 268 269 271 272 274 279 281 284 287 289 291 303 307 308 310 322 323 325 327 329 336 344 346 347 349 355 356 357 361 365 373 374 379 382 383 385 392 393 398 403 405 
126 137 141 143 146 147 149 150 151 153 157 158 161 162 163 166 170 171 174 177 178 183 184 191 194 196 199 201 203 204 206 207 209 210 216 217 224 230 236 243 247 248 251 258 260 261 262 263 265 266 268 271 273 275 277 278 280 283 294 295 297 305 315 316 318 320 321 322 323 324 327 329 334 336 337 339 341 346 347 348 350 355 360 361 367 368 369 378 380 385 387 389 390 391 392 393 394 397 402 404 408 
261 158 203 256 329 348 
201 156 175 178 184 193 198 207 208 213 239 240 247 248 249 258 266 267 271 285 293 295 309 311 312 323 324 325 330 336 338 354 361 369 379 382 386 391 393 407 
175 1 138 140 143 147 149 150 153 154 157 159 160 163 164 183 185 188 194 195 211 214 215 219 223 224 226 227 228 233 241 244 257 259 261 263 268 270 272 277 282 286 289 290 295 298 301 302 303 307 317 318 322 326 328 333 341 345 346 347 349 352 354 358 360 362 363 365 369 376 377 380 386 398 399 
157 158 161 172 180 183 189 192 193 200 201 209 210 216 217 218 222 223 230 231 234 236 246 253 256 257 260 266 282 293 295 298 301 306 309 313 319 326 339 346 349 350 363 371 374 377 388 393 396 398 406 
255 342 
251 1 147 154 157 158 170 174 179 188 218 221 229 238 249 270 272 290 293 308 316 321 330 332 340 353 363 368 370 383 389 402 404 407 
275 149 180 192 197 274 338 350 364 382 
56 139 142 145 153 155 167 174 186 189 205 219 235 253 296 329 330 344 359 365 390 401 
45 1 140 142 144 147 150 151 154 155 158 163 165 166 169 171 174 180 181 182 184 186 187 189 191 193 194 195 196 200 203 204 205 207 209 213 214 215 219 221 222 224 225 230 231 232 233 234 236 239 240 242 244 251 253 256 258 263 265 267 269 271 276 278 279 283 284 287 289 292 293 295 299 303 304 316 317 318 321 335 337 339 344 345 346 351 352 353 355 360 361 362 363 365 366 367 368 370 373 378 380 384 386 388 389 397 400 404 405 
133 1 140 141 145 152 156 158 159 160 163 165 166 169 172 173 180 184 185 188 189 190 198 201 202 205 207 209 210 211 213 214 217 220 221 223 224 226 227 231 234 235 244 245 247 248 249 251 253 254 257 260 263 266 268 269 270 275 276 278 279 282 284 288 289 290 291 302 304 307 309 312 313 318 319 321 323 324 325 326 329 332 333 334 338 340 342 348 349 358 360 361 363 367 371 375 377 381 382 388 392 393 396 397 400 402 403 405 406 
126 158 167 178 179 189 191 209 218 228 240 290 295 301 302 304 306 309 324 329 330 340 357 368 376 382 
4 229 205 263 268 138 7 84 263 117 28 270 298 244 123 40 126 19 96 197 289 235 79 124 68 260 129 123 125 40 173 32 138 211 79 80 164 196 176 299 179 234 90 247 95 47 9 108 145 42 163 260 104 174 199 265 66 82 40 295 212 73 185 44 272 20 193 36 90 84 81 106 250 4 45 275 168 128 41 80 260 264 51 292 165 300 232 38 168 261 22 251 204 9 203 158 48 110 11 180 135 200 103 271 204 263 66 39 156 172 105 36 271 62 16 212 245 132 207 278 207 281 59 195 73 139 300 47 67 95 96 293 275 223 60 86 16 244 232 35 277 125 207 113 149 53 260 118 139 104 75 43 182 71 41 295 67 84 283 275 96 148 74 68 137 58 190 144 90 219 171 275 129 135 118 300 57 64 289 148 298 82 219 92 12 175 179 220 118 21 133 224 242 41 294 282 284 61 138 122 287 35 80 287 168 182 197 212 27 104 16 5 29 94 299 147 143 40 180 79 44 162 117 102 274 29 268 200 256 147 101 154 157 125 123 84 182 95 256 164 109 66 140 195 191 6 96 267 86 104 174 97 278 62 224 163 85 282 268 269 17 13 70 257 284 12 151 214 212 294 234 70 100 17 102 59 261 212 44 183 43 291 154 179 264 291 158 124 105 162 86 157 234 70 212 270 271 241 64 75 191 50 100 241 89 23 244 98 8 86 113 45 241 96 3 96 49 136 266 157 142 88 234 235 56 20 8 172 3 135 284 245 94 21 8 188 204 102 9 21 66 96 224 131 195 102 31 243 95 86 74 256 282 65 237 194 114 243 6 50 233 178 185 5 89 216 150 288 104 25 68 237 250 231 275 104 197 89 202 149 291 200 69 162 80 35 96 68 27 178 116 36 234 164 283 153 188 79 140 73 271 149 57 218 227 185 144 132 
