274 411
262 1 138 142 148 150 164 177 186 188 190 191 192 194 195 197 198 201 209 215 217 218 219 224 225 228 229 231 240 241 246 247 250 253 264 267 268 270 271 277 278 279 280 284 288 291 292 294 296 302 306 310 315 316 321 324 325 326 329 333 339 342 344 346 353 359 363 370 372 373 374 380 382 383 387 388 389 400 405 408 411 
171 1 139 144 155 156 164 167 169 171 172 175 179 180 187 189 191 193 194 195 203 204 205 208 209 212 215 217 218 221 225 229 233 235 240 248 258 259 270 272 274 275 276 281 284 287 289 292 298 300 303 305 309 313 321 326 328 330 332 334 337 339 344 346 349 357 359 362 365 366 368 380 384 387 390 391 396 399 400 402 406 409 410 411 
76 1 146 151 160 161 164 188 203 205 210 218 223 226 229 233 243 254 259 260 265 270 277 278 279 280 285 287 325 337 338 343 358 363 371 373 376 379 381 385 386 392 393 394 399 407 
299 143 168 175 192 197 210 214 230 318 320 321 337 350 362 367 403 409 
100 155 157 165 167 172 177 184 185 197 199 202 207 208 210 217 222 224 226 235 238 239 240 242 249 253 257 261 263 271 282 290 295 296 301 303 305 323 326 329 335 338 341 342 347 353 357 363 364 367 368 376 381 399 401 
60 141 144 145 153 164 169 173 180 183 191 198 199 203 204 209 210 212 216 225 228 239 242 246 248 250 251 258 261 262 263 264 266 267 271 276 279 280 281 282 285 287 290 307 314 322 326 327 332 333 335 348 351 352 353 354 366 367 375 378 385 387 394 398 
175 142 145 146 148 157 161 162 168 172 174 175 176 177 179 180 188 189 195 196 200 201 203 206 208 211 212 216 224 233 235 240 241 243 247 250 251 258 263 264 266 269 272 273 276 281 284 287 288 291 299 300 301 307 308 315 317 320 321 322 324 327 333 338 342 344 347 349 351 356 357 359 362 365 366 370 372 375 376 379 382 387 396 407 
36 164 184 224 363 
53 150 152 155 157 160 168 184 201 210 225 228 238 254 256 264 271 274 286 293 295 306 308 336 345 348 356 364 368 369 377 386 405 406 
133 144 146 149 153 155 156 161 163 165 171 174 175 186 187 199 202 203 209 220 222 226 227 231 236 237 238 240 251 252 256 258 264 265 270 282 288 290 292 297 299 306 308 311 313 315 317 323 331 334 338 342 352 354 355 357 361 368 370 379 387 389 393 394 395 396 
110 140 142 144 147 151 158 160 163 165 167 170 173 175 176 178 182 183 185 187 194 196 197 198 200 201 204 210 211 212 214 217 219 220 224 225 226 227 233 234 236 238 243 247 254 258 261 263 266 268 271 277 282 284 285 286 291 293 300 301 303 306 307 309 310 312 313 314 315 316 318 319 322 323 325 335 339 340 344 353 355 357 358 361 363 365 367 368 379 382 386 389 390 391 403 407 408 409 411 
114 141 161 169 170 172 184 185 186 187 188 194 196 198 204 208 221 224 226 231 238 242 248 250 254 258 268 271 273 280 289 299 300 304 308 316 327 336 343 350 355 357 366 369 370 372 376 379 381 404 410 
61 150 157 158 159 165 169 174 182 183 184 188 189 192 202 211 220 222 223 233 239 240 242 243 258 264 271 274 279 284 297 300 307 309 314 319 322 324 325 337 343 347 349 357 363 368 369 377 383 392 395 408 
65 149 158 160 188 189 230 254 259 272 285 291 299 304 333 343 364 376 405 
27 148 160 166 168 176 178 182 183 187 205 214 217 238 255 257 281 295 309 316 321 323 338 340 352 353 355 361 366 387 388 
93 300 337 
250 138 139 140 143 144 147 154 157 162 167 168 179 180 192 206 209 210 211 213 215 217 219 224 225 226 229 233 236 244 247 249 251 261 263 271 276 277 285 286 288 291 297 303 305 307 310 311 317 320 322 327 329 331 334 335 337 341 342 350 352 353 362 363 365 370 373 375 381 390 392 397 400 401 402 410 
74 1 139 141 142 144 145 153 159 162 163 164 168 171 173 177 179 180 181 183 184 193 194 195 196 197 200 207 212 213 224 225 227 228 230 232 237 239 240 246 247 252 253 256 258 259 261 263 264 269 274 279 280 281 287 288 290 294 298 299 300 301 304 306 307 309 310 311 316 317 319 323 327 331 336 338 342 343 345 346 348 349 351 352 353 355 360 361 364 368 369 381 383 385 386 387 391 393 394 397 398 399 400 401 406 407 408 
241 157 168 183 214 217 233 278 279 304 315 334 345 364 370 385 410 
248 1 139 151 158 160 163 167 170 172 181 182 186 190 191 192 193 196 198 199 205 209 215 216 217 218 219 221 225 227 234 235 237 240 249 257 260 261 262 268 269 271 272 275 277 281 283 294 295 298 313 321 324 330 331 336 337 339 340 342 343 344 351 355 360 364 367 380 384 388 394 396 401 403 405 
229 1 139 149 152 153 158 164 165 166 170 171 172 179 182 186 196 198 201 204 207 208 213 214 222 226 227 231 240 241 248 249 266 269 271 272 291 292 294 295 300 301 303 307 310 318 323 325 327 328 330 344 353 355 358 362 386 402 
20 139 143 147 148 151 154 162 166 167 169 170 173 174 175 178 180 181 187 195 196 199 200 206 216 218 219 222 225 230 232 233 240 241 242 247 250 251 257 258 260 262 270 271 272 275 277 278 280 281 282 284 290 291 292 293 294 296 297 298 301 303 305 307 310 312 314 316 318 320 330 334 335 340 341 353 355 363 364 367 370 374 386 389 390 392 398 403 405 407 410 411 
53 145 146 148 149 151 153 160 165 167 170 174 177 180 181 188 191 195 196 199 202 208 209 210 213 216 218 220 225 230 237 248 249 251 253 258 261 263 267 268 272 274 275 276 277 279 281 293 302 312 313 314 315 318 320 325 331 334 338 341 346 349 356 362 363 365 368 370 371 373 378 381 383 384 386 389 391 402 410 411 
167 139 142 152 155 181 194 199 200 208 220 222 224 227 229 235 241 242 243 252 255 257 266 276 283 297 299 300 302 303 307 315 320 322 326 328 334 336 340 344 347 367 372 374 379 380 388 389 398 401 403 406 407 408 
258 145 147 150 152 164 167 171 180 182 189 195 198 201 202 206 210 223 225 226 227 228 233 235 238 256 266 267 270 273 280 284 286 293 303 304 306 310 322 324 325 330 334 338 340 343 347 349 350 352 361 362 363 365 366 368 373 374 375 376 378 381 383 388 389 390 393 398 399 402 404 406 407 410 411 
193 139 146 155 164 165 166 167 168 170 174 177 178 184 189 191 192 194 195 197 198 201 203 204 208 213 216 219 220 221 222 223 225 226 228 232 234 235 238 241 243 244 246 247 250 252 254 255 256 259 261 262 265 266 267 269 271 272 273 275 278 279 282 285 286 288 291 294 295 296 298 299 306 307 308 314 316 318 319 320 321 322 332 338 339 343 344 345 346 347 350 353 356 361 365 368 371 375 381 382 387 395 397 399 402 410 
188 141 145 148 149 155 156 161 162 169 176 179 181 183 187 192 202 205 213 214 216 217 225 226 227 229 230 233 237 238 239 244 246 252 253 256 257 270 271 281 285 291 292 295 299 303 304 310 314 315 316 325 331 338 339 343 345 346 347 352 354 357 360 364 372 374 382 385 387 389 393 396 403 405 411 
127 140 184 191 194 197 201 208 212 253 262 264 268 269 270 276 277 282 307 312 316 355 361 362 369 373 
48 142 143 144 146 150 152 158 164 165 167 170 171 172 176 177 178 181 183 186 187 189 190 195 197 201 202 204 206 218 219 220 222 223 224 225 227 229 230 233 234 236 242 243 246 248 249 254 256 262 264 269 274 278 279 281 284 286 287 289 290 294 298 300 301 302 304 306 308 310 314 317 318 319 320 322 325 326 328 332 337 339 341 343 345 346 352 359 361 365 367 368 369 373 375 379 380 381 384 392 394 395 398 401 403 404 
4 138 140 146 148 151 154 160 163 164 166 167 173 181 183 185 191 192 195 198 200 202 205 207 208 210 213 214 217 218 219 222 224 226 229 232 233 239 241 243 247 248 257 259 260 264 273 274 278 282 284 288 291 301 303 305 309 319 324 326 328 331 337 340 345 350 351 354 358 360 364 365 366 367 368 380 381 382 383 385 391 393 397 398 399 400 403 
76 143 146 151 152 167 169 170 171 189 190 195 201 202 212 218 219 220 234 237 239 240 254 255 273 283 288 297 305 307 309 314 315 322 326 332 333 335 342 346 353 354 357 359 368 374 380 384 389 391 398 404 
89 176 244 273 275 293 304 332 337 352 
133 180 
202 151 166 194 197 203 209 216 255 258 260 261 268 269 271 276 294 302 304 323 325 326 335 341 342 377 384 395 
194 1 139 142 152 157 161 162 174 175 176 177 178 182 183 184 185 186 187 191 193 194 195 196 198 202 203 209 212 214 225 226 228 231 240 243 245 248 250 255 258 259 265 267 270 271 272 277 279 282 283 284 286 288 307 308 313 315 317 319 321 322 323 329 332 334 340 341 344 345 346 350 353 355 356 358 359 360 363 364 365 366 367 369 373 377 384 386 388 390 392 395 396 398 401 408 410 411 
183 180 183 189 280 286 300 303 307 344 359 371 404 
125 138 141 143 149 150 151 154 160 161 162 166 168 170 175 181 182 186 188 190 192 193 194 199 201 202 204 206 208 210 218 220 221 225 229 232 233 237 238 240 241 243 246 252 258 259 260 264 268 269 273 274 279 280 282 285 288 289 292 297 298 299 300 302 304 312 316 317 327 334 335 337 338 346 348 356 357 358 362 364 368 374 376 377 385 386 387 388 391 394 400 401 405 406 410 
10 146 149 166 170 249 251 261 272 277 284 299 302 304 306 315 324 328 343 360 366 372 
41 139 140 141 143 146 150 151 155 158 160 162 168 170 172 174 183 185 192 201 203 205 209 210 212 214 216 217 218 224 228 230 231 234 235 237 238 241 248 249 250 251 252 253 254 256 260 263 265 272 273 274 275 279 280 282 285 286 287 292 296 298 299 300 302 303 305 307 309 311 315 316 317 319 322 323 328 329 332 333 334 335 336 338 339 340 342 358 360 365 366 369 370 371 383 386 388 392 401 409 410 411 
169 1 140 149 151 152 153 154 155 159 165 167 169 171 172 173 174 179 180 182 184 185 186 187 189 194 197 198 201 203 208 214 219 222 224 226 231 232 236 241 243 246 248 254 255 256 262 263 264 268 271 277 280 281 285 287 288 290 291 293 294 302 304 315 319 320 322 325 335 340 342 346 348 350 353 355 356 358 361 362 364 365 370 371 374 379 384 389 391 393 395 396 397 399 401 403 
252 138 142 152 156 163 168 174 189 191 199 201 214 215 233 242 257 259 260 269 286 292 313 328 330 331 335 338 357 364 368 387 396 404 
300 1 142 146 153 154 156 160 162 163 164 167 168 170 173 174 175 182 185 189 194 195 196 199 203 204 211 214 215 217 221 228 229 232 233 235 237 241 244 247 250 252 254 257 259 260 261 263 266 268 277 278 281 285 286 287 293 294 297 299 301 304 306 311 313 318 319 320 321 323 324 326 333 336 337 342 343 345 346 347 348 349 351 352 353 359 360 361 363 368 369 374 375 378 381 383 384 387 390 393 397 398 401 404 407 408 409 
18 145 147 158 169 172 178 182 185 186 194 201 206 210 226 235 245 247 252 253 255 258 265 268 269 287 288 293 296 308 313 314 320 321 322 325 328 330 337 339 343 351 352 354 366 370 372 373 384 388 391 392 401 406 
209 138 140 141 145 147 148 150 152 153 155 156 160 162 165 166 168 170 171 172 173 177 184 185 189 192 194 195 199 201 203 205 206 207 210 217 220 226 229 230 231 233 236 237 239 240 245 247 254 256 259 266 270 271 273 280 283 284 286 288 292 293 296 298 304 307 309 310 311 314 317 327 328 329 330 333 334 335 339 342 344 345 347 348 349 351 352 353 354 356 358 361 363 367 371 372 375 377 379 380 384 385 386 387 388 390 391 396 400 402 405 406 411 
1 140 142 144 145 146 148 151 152 154 156 160 163 164 165 168 170 176 179 186 187 188 190 196 197 200 204 206 208 214 218 226 232 234 242 246 248 250 254 255 256 257 259 262 264 265 267 270 273 278 280 282 284 289 290 294 297 298 300 301 302 313 317 318 319 320 324 327 328 332 336 339 341 345 346 350 351 353 356 357 362 369 375 377 379 380 382 388 391 397 398 404 407 
135 1 138 144 146 150 151 152 153 154 161 164 171 176 178 180 186 187 193 195 200 202 206 207 210 217 220 221 223 224 231 232 234 235 238 240 242 245 251 253 255 259 262 263 264 267 270 272 273 275 276 280 285 290 291 294 303 307 308 312 314 318 322 323 325 327 328 329 332 333 338 340 344 350 356 357 359 360 365 371 372 373 375 379 383 392 395 399 402 406 410 411 
214 138 154 156 159 162 165 167 168 170 172 177 179 181 183 184 187 188 196 200 202 204 206 211 214 215 216 217 219 221 223 227 233 234 238 240 242 246 250 252 256 257 258 260 261 264 267 269 272 273 277 278 279 282 299 300 303 304 307 311 314 316 318 324 329 336 337 338 339 342 343 345 347 349 351 352 355 356 358 359 362 363 365 366 370 372 373 374 375 376 379 381 382 391 396 398 401 403 
214 141 143 144 160 167 173 174 175 178 180 188 189 195 196 203 206 210 212 213 220 221 224 225 234 236 242 243 245 248 249 250 251 254 259 261 263 265 273 274 282 283 285 292 294 297 298 304 309 317 318 321 322 323 329 330 333 334 337 342 358 360 364 366 370 375 377 381 382 386 387 388 393 394 405 406 411 
223 140 142 147 150 152 153 155 157 159 165 169 170 172 174 177 178 181 184 185 186 189 190 192 196 197 206 211 214 220 222 224 227 228 229 230 234 238 241 242 243 245 246 247 248 249 250 252 256 257 258 259 275 279 280 281 286 290 293 295 299 300 305 306 307 308 311 312 314 325 332 333 337 349 350 356 362 363 365 366 377 378 380 389 393 394 399 404 405 410 411 
56 139 144 147 148 151 158 159 160 164 167 171 174 176 186 189 191 195 197 205 206 208 209 211 212 213 214 215 218 221 223 225 226 232 233 236 238 246 249 253 254 262 263 266 274 277 287 289 290 293 295 299 307 309 310 312 320 321 323 325 326 330 331 337 346 359 361 362 364 365 373 374 375 376 380 381 382 388 390 394 399 400 401 404 409 411 
78 139 143 148 151 153 157 163 169 182 184 188 189 190 197 199 204 209 210 216 221 225 228 229 238 251 254 265 269 287 291 304 308 309 316 318 326 328 333 343 346 357 363 372 377 379 382 387 388 392 394 395 404 407 
136 145 147 149 151 152 155 159 161 163 164 165 169 173 174 176 177 181 184 185 187 191 197 198 199 202 205 206 208 209 213 223 224 225 226 228 229 234 235 237 242 243 248 249 253 255 258 260 271 281 282 283 288 289 296 299 305 310 311 313 315 319 320 324 330 331 333 336 337 340 341 342 349 350 352 357 360 361 366 367 368 370 377 378 382 387 390 391 392 394 396 400 401 405 406 407 410 
161 1 138 140 143 144 154 157 158 163 166 170 171 173 182 185 187 189 190 197 205 209 215 225 226 230 231 233 235 236 241 245 248 249 254 256 257 260 261 265 266 267 271 273 275 276 277 279 282 286 287 290 291 293 297 299 302 304 308 309 319 322 327 331 332 336 338 339 340 344 346 352 353 356 365 366 367 369 370 378 379 382 389 391 396 398 399 403 404 405 409 
285 141 142 143 145 148 149 156 159 165 168 182 192 195 203 210 215 221 232 239 241 253 255 260 261 263 265 270 276 278 279 286 296 300 301 306 314 328 330 334 339 340 347 354 357 359 373 386 389 391 392 401 405 407 408 
145 139 140 144 148 167 170 176 179 183 189 200 204 213 214 242 243 247 251 253 266 273 279 287 289 290 296 297 299 301 309 318 324 330 339 340 350 376 378 396 397 398 404 
74 392 
300 144 149 150 151 152 156 163 166 167 172 174 175 176 183 187 188 191 195 198 200 209 210 217 222 224 225 226 229 236 240 245 246 248 249 256 258 261 269 271 274 275 276 277 280 284 285 287 291 295 298 299 301 302 306 308 309 312 313 314 315 316 318 319 322 329 330 331 332 335 336 341 344 348 349 356 357 358 361 364 365 366 371 375 378 382 383 388 392 393 394 395 397 398 403 409 411 
198 138 160 164 167 179 199 207 210 215 223 227 233 239 244 247 277 281 285 297 313 321 347 348 378 404 410 
271 140 142 145 147 149 150 158 159 161 167 170 173 175 178 179 183 190 191 193 194 195 197 199 212 222 228 230 236 239 240 243 244 246 247 250 255 257 259 260 262 265 267 271 273 274 286 287 297 303 310 311 313 315 319 324 329 331 332 335 339 341 342 345 347 349 362 363 365 373 376 378 388 389 390 394 395 396 398 402 411 
278 1 139 144 146 149 154 155 157 160 161 168 174 175 176 181 184 185 188 189 191 192 194 198 210 213 214 216 224 229 234 236 239 241 242 245 251 252 258 260 264 268 269 270 273 275 276 279 281 283 285 287 290 293 295 297 299 300 301 302 305 308 309 314 315 317 318 325 327 328 329 330 333 339 340 346 354 358 359 362 364 365 366 371 376 381 383 384 387 388 400 408 
165 159 164 175 176 195 197 205 210 227 231 246 252 259 277 278 284 296 298 299 307 309 324 327 328 329 331 334 337 338 339 341 345 354 356 357 367 374 383 391 398 399 
192 139 141 143 145 151 153 155 156 160 166 167 172 173 175 178 187 190 191 193 194 201 204 205 207 211 212 215 216 217 218 222 224 225 226 227 228 229 230 236 237 238 250 252 253 254 255 256 259 261 263 264 265 266 270 273 277 287 288 290 291 295 299 300 301 302 303 305 307 311 314 316 317 318 322 324 325 329 332 333 334 336 340 342 345 348 349 351 355 356 361 362 363 368 373 374 380 381 385 387 388 394 395 401 402 405 406 
181 141 142 147 161 165 169 172 173 178 179 189 192 196 199 210 217 222 223 229 235 237 242 244 254 257 259 262 265 267 272 274 290 291 294 300 302 312 313 319 324 326 331 340 343 349 351 355 356 380 381 388 391 393 401 410 
60 138 140 143 146 148 151 157 158 162 169 171 172 174 175 178 179 181 195 196 199 200 202 204 205 206 209 211 212 221 224 225 229 230 231 233 234 235 237 242 243 246 251 253 254 255 259 264 265 266 267 270 273 275 277 279 280 281 283 285 302 303 305 309 310 311 312 315 317 318 322 324 328 330 333 335 346 347 348 350 358 369 373 380 385 387 389 390 391 392 394 395 397 405 409 
152 390 
11 141 144 145 150 151 152 161 185 186 192 196 197 198 199 202 205 206 208 215 226 227 240 241 243 245 250 252 255 258 259 260 263 267 280 284 285 292 293 308 309 313 315 340 341 345 346 347 350 357 361 364 370 371 374 375 378 384 387 391 401 403 405 406 410 
253 138 139 144 151 154 171 172 178 180 188 203 209 210 212 214 217 218 222 224 226 231 238 247 254 283 287 293 300 302 305 309 311 312 313 314 317 318 325 326 335 340 341 342 355 359 360 362 366 367 372 375 382 385 386 389 401 407 
239 138 140 142 150 170 174 180 181 185 186 188 189 190 216 219 223 227 237 242 248 256 261 266 269 275 279 284 285 288 289 294 295 297 300 301 303 311 316 317 321 332 334 335 343 354 357 367 368 371 372 375 389 391 395 406 408 
119 140 147 150 151 152 155 159 161 163 164 168 172 184 187 189 190 192 195 197 200 205 209 211 215 216 217 221 228 231 240 244 247 249 251 252 254 255 256 263 264 265 268 269 278 279 283 284 287 292 293 294 298 301 302 305 310 311 312 317 318 319 323 324 327 331 338 339 341 344 347 363 366 371 377 380 385 386 387 389 391 392 393 397 398 402 403 404 406 410 
278 144 146 153 160 162 164 166 171 177 180 189 197 206 218 224 227 232 235 237 238 239 240 244 247 251 268 277 281 284 291 300 308 312 322 325 331 339 340 344 354 380 389 391 395 400 410 
287 1 140 144 147 149 150 151 154 155 158 159 168 172 174 182 187 193 194 195 198 200 202 204 207 210 212 214 216 221 224 228 234 235 238 241 244 248 250 258 259 268 269 272 273 274 276 280 282 284 286 287 288 290 292 293 300 301 314 317 318 322 324 326 330 333 336 337 347 350 352 354 356 357 362 364 365 369 371 378 380 381 384 385 388 392 394 399 400 403 406 408 409 
256 138 142 143 144 146 150 152 159 162 165 166 170 172 173 180 181 183 185 186 187 188 189 190 193 195 197 199 200 206 207 208 216 217 218 220 227 228 230 231 233 236 237 240 241 242 243 244 245 248 252 253 254 255 257 259 263 264 278 283 284 288 290 294 295 299 301 305 320 322 324 325 326 327 328 329 332 333 336 338 340 343 344 347 349 352 357 360 366 368 370 375 383 384 393 394 395 398 399 401 403 405 407 
241 147 151 152 153 168 169 179 182 185 198 212 231 234 235 238 240 241 243 248 255 256 259 261 269 270 274 279 284 291 302 325 355 356 357 360 367 370 377 395 
263 139 147 148 149 151 155 168 169 173 175 177 179 182 187 189 190 191 195 197 198 202 204 205 206 207 208 214 216 222 223 224 225 227 228 230 231 233 234 236 237 245 252 254 255 258 260 261 262 263 265 266 267 274 277 279 280 286 288 296 301 302 303 304 305 309 312 313 314 316 320 323 327 328 329 333 338 339 341 350 351 355 357 358 360 368 369 370 371 376 384 388 392 397 400 406 411 
227 142 188 310 357 364 
173 1 142 148 159 161 164 165 171 172 173 175 182 184 186 188 189 190 192 198 202 209 212 224 240 243 253 254 261 264 273 287 292 296 300 301 304 315 317 319 330 341 364 365 372 380 382 387 392 395 401 404 408 
299 153 154 169 170 184 185 191 194 198 202 214 223 224 226 227 236 240 243 246 247 251 252 261 267 268 271 272 278 285 292 296 300 305 307 310 312 320 321 322 338 341 345 350 359 368 371 372 374 378 380 383 400 407 
135 141 147 158 160 172 180 183 186 192 198 221 236 237 242 245 247 256 259 264 266 277 279 281 290 293 317 334 341 344 374 379 381 393 398 
232 1 142 144 145 149 151 156 158 159 164 171 173 176 178 185 186 187 192 204 209 211 212 214 217 218 220 223 225 233 234 235 237 240 242 243 251 255 258 260 262 264 265 267 268 270 274 275 277 278 279 285 289 291 293 296 299 300 304 306 307 308 316 318 319 321 325 326 337 340 341 342 343 348 349 350 351 354 355 358 359 361 364 368 369 371 372 373 381 382 383 384 385 386 387 390 391 394 395 397 399 400 402 404 407 409 410 
156 139 140 148 152 170 174 177 184 189 194 198 206 219 238 256 269 272 279 282 285 288 294 299 302 334 337 339 345 347 361 363 366 373 380 382 384 388 397 400 410 
264 138 139 146 148 149 150 151 153 156 157 160 174 176 178 180 182 183 184 188 206 207 209 213 215 221 226 232 233 239 240 251 252 254 256 263 264 267 268 272 274 275 278 286 288 294 296 297 301 304 315 318 326 337 338 343 354 359 363 367 370 372 383 386 388 395 398 406 407 408 409 
74 138 141 143 150 152 155 160 161 165 181 186 193 194 195 199 210 217 218 219 220 221 222 227 228 236 243 244 250 255 256 260 261 267 275 284 286 287 288 291 292 294 295 299 303 316 320 325 329 330 340 341 348 349 351 356 358 361 366 370 371 374 375 381 383 385 388 389 394 398 403 404 406 411 
12 143 145 147 152 153 160 162 164 166 174 180 181 185 188 189 191 199 201 209 212 216 217 219 223 225 228 238 239 240 241 244 245 247 248 249 253 254 255 256 263 265 266 270 271 276 278 280 281 284 285 288 289 293 294 295 297 300 304 305 307 312 319 320 321 327 335 338 339 342 343 348 353 354 356 357 358 363 364 368 371 373 375 376 381 382 383 384 391 396 398 401 402 404 405 406 410 411 
176 1 138 139 143 147 154 155 158 163 167 168 183 185 194 197 198 205 212 214 215 219 223 228 230 237 244 250 253 255 257 258 260 261 265 266 268 269 271 279 280 283 287 291 296 303 306 307 324 326 337 346 347 348 351 358 363 365 366 367 373 375 382 387 388 390 394 397 398 404 406 408 410 411 
98 140 147 148 150 156 158 163 170 173 177 179 183 187 188 196 202 205 216 218 224 228 235 236 238 239 240 246 248 252 260 261 262 264 270 275 277 279 282 283 289 291 306 309 310 312 320 326 339 342 347 348 360 362 363 365 375 378 379 387 392 396 400 402 410 411 
229 140 143 145 157 160 166 172 173 181 187 192 199 215 216 219 221 222 226 235 236 241 243 252 253 263 266 282 289 305 329 333 348 354 376 381 382 393 399 405 
254 144 145 146 148 153 157 163 164 167 170 173 175 178 181 188 194 197 199 200 201 205 213 214 215 216 217 219 221 222 227 229 230 236 238 239 242 244 248 252 253 255 259 264 265 269 271 272 273 274 279 281 283 285 286 288 289 295 296 297 302 303 305 308 309 311 312 324 325 326 331 335 341 345 348 349 350 351 353 358 360 361 362 366 369 372 375 377 379 380 383 384 385 390 391 395 398 402 403 407 409 410 
222 139 144 150 159 161 167 173 176 185 188 189 190 192 194 197 198 199 200 207 208 218 219 227 229 230 234 235 237 239 243 262 266 270 273 274 279 282 285 289 293 294 296 299 303 306 308 310 334 340 341 342 347 348 351 357 363 366 369 377 381 382 397 407 409 
104 138 140 146 147 152 154 162 164 167 171 173 179 180 183 187 189 194 195 197 199 200 202 208 209 210 215 217 221 224 226 235 236 237 238 242 247 249 252 255 270 271 274 276 282 284 287 297 303 306 308 310 312 314 315 316 318 320 323 327 329 330 331 335 343 345 353 358 363 365 366 372 377 378 381 384 385 387 389 392 401 402 403 404 410 
139 138 139 143 147 151 156 159 167 169 177 182 188 191 192 194 198 201 202 204 208 224 226 228 231 232 234 238 239 241 243 244 246 249 250 251 254 259 262 263 265 266 267 269 282 285 286 287 290 292 295 297 301 308 319 320 321 333 337 339 343 346 348 349 350 353 354 355 358 359 360 361 367 377 378 390 404 405 406 408 411 
120 146 147 152 153 154 156 160 161 164 165 169 170 171 177 179 181 183 189 191 194 197 200 207 208 209 211 212 216 218 220 221 227 230 231 237 240 244 245 246 248 250 252 254 259 260 261 263 264 265 268 269 272 273 274 275 277 280 281 284 285 293 297 298 299 304 306 307 308 309 310 312 316 319 320 321 322 323 326 328 329 330 332 333 334 338 347 348 349 350 351 356 357 358 359 363 364 369 371 373 376 378 382 385 391 396 397 410 
28 1 138 144 149 158 164 168 170 171 172 175 176 180 183 187 188 189 192 194 197 200 203 204 208 210 222 224 225 232 238 239 241 247 248 255 258 261 262 265 267 271 273 274 278 279 280 288 291 295 297 298 299 314 315 316 320 326 331 332 335 336 337 340 341 343 344 345 351 352 354 355 358 366 367 370 374 377 379 380 383 384 385 386 387 388 394 395 396 397 398 
137 139 143 145 147 149 151 152 154 157 158 162 165 166 168 176 177 182 184 185 188 190 195 201 204 205 206 207 211 215 216 219 221 224 226 228 229 230 232 233 240 248 249 251 252 256 258 259 266 271 273 285 286 287 293 297 299 304 309 311 314 317 318 323 326 327 336 337 339 341 342 346 348 352 355 356 362 366 370 371 372 374 375 384 392 393 395 396 397 399 404 406 407 
162 139 140 141 143 151 155 156 157 158 160 166 167 169 170 171 178 187 193 200 202 204 205 206 212 216 221 222 224 225 241 250 252 254 256 257 259 260 273 280 281 286 292 294 296 298 299 301 303 308 310 312 317 318 319 323 327 328 329 330 336 339 344 346 348 354 355 362 363 365 367 368 370 371 376 377 383 385 386 389 391 393 394 396 397 402 405 406 
281 140 149 158 185 202 205 207 214 221 226 236 253 254 259 277 294 295 298 299 305 334 335 337 339 342 350 356 364 383 400 403 409 
102 1 142 143 144 150 153 154 162 164 169 178 181 183 205 206 208 212 214 224 229 230 235 236 245 246 253 258 262 265 266 269 270 278 289 292 298 303 304 313 323 332 348 352 365 368 378 393 394 395 405 406 411 
192 138 144 152 155 167 169 170 175 177 182 187 188 190 194 198 200 201 202 206 207 209 210 217 222 226 228 229 234 235 237 241 242 243 245 246 248 250 252 254 256 258 261 262 270 272 276 280 284 288 291 296 298 304 305 314 317 318 320 324 331 336 341 345 347 351 352 361 362 364 369 370 372 373 379 382 383 385 386 388 390 391 393 394 396 397 400 401 
295 138 142 144 145 146 147 148 153 164 167 179 184 197 209 217 230 248 256 264 274 275 278 279 298 299 306 316 318 319 322 330 335 343 358 362 365 369 378 380 381 399 408 
225 140 141 143 146 147 148 153 159 160 167 172 173 174 175 176 177 178 179 183 186 187 201 208 211 212 214 222 225 226 227 228 229 234 237 238 239 241 242 243 244 245 246 253 255 256 263 264 268 269 277 279 282 283 285 286 287 288 290 291 294 297 300 303 307 311 314 319 320 322 323 327 329 331 333 334 335 337 339 353 354 356 360 365 367 368 371 372 373 380 381 383 384 391 398 410 
93 140 144 150 159 164 165 170 175 180 183 187 202 207 211 213 215 217 224 237 240 245 248 250 255 258 262 265 266 270 271 273 287 290 296 298 301 303 304 305 307 314 320 321 323 325 328 343 344 349 350 352 353 356 359 364 367 369 371 380 382 387 388 389 391 393 396 401 406 
169 1 138 139 141 142 143 149 154 157 163 168 169 178 179 180 181 183 185 190 197 199 201 202 207 210 215 219 220 223 228 230 231 237 240 241 243 245 252 253 257 258 261 262 263 265 266 267 276 279 281 282 283 285 289 290 296 297 302 318 320 323 324 325 328 330 334 335 339 340 341 343 345 349 350 356 359 362 364 365 368 370 372 373 377 382 389 394 398 401 402 410 411 
206 142 145 149 151 155 166 170 173 174 187 189 190 191 197 198 199 200 202 203 206 207 208 211 213 214 218 220 233 236 237 242 244 250 259 263 264 269 274 276 277 278 281 283 294 299 300 301 302 310 313 314 315 316 318 326 327 330 333 335 336 338 341 350 353 355 359 365 370 374 379 380 381 386 388 390 392 410 
16 1 141 142 161 162 166 170 183 206 222 237 245 262 276 278 281 294 303 311 326 336 337 345 356 360 362 380 382 394 395 406 411 
171 138 139 143 150 153 155 158 160 161 165 166 168 169 170 172 184 185 186 187 189 191 195 196 199 203 205 212 215 217 219 221 229 230 233 238 239 242 243 244 245 247 258 265 266 268 270 272 274 280 281 285 288 289 292 294 296 297 304 306 310 313 317 318 322 324 337 339 344 346 347 348 354 357 358 362 363 364 366 367 371 372 374 375 376 377 380 383 388 390 392 393 394 398 400 401 405 407 408 410 
214 139 143 165 167 192 195 222 226 229 232 236 240 244 272 311 327 334 349 354 365 366 376 
18 140 141 145 146 149 150 151 155 159 162 164 168 169 170 173 178 179 184 186 195 198 199 202 206 209 210 211 212 215 216 218 221 222 225 229 231 240 241 244 247 256 258 265 266 267 268 272 277 281 283 289 295 297 300 302 303 304 312 318 321 328 330 332 336 338 341 342 346 356 358 362 367 370 372 379 380 381 391 392 394 395 397 398 407 408 
286 143 146 150 151 155 157 158 160 163 164 168 170 175 181 182 184 187 191 194 198 205 209 211 212 213 214 215 219 223 224 228 229 230 232 233 235 236 238 240 241 243 244 245 246 248 251 254 258 261 262 264 274 276 278 280 282 288 290 293 296 303 310 313 315 316 318 321 322 324 327 328 329 331 332 333 335 337 338 339 341 345 347 348 349 350 351 356 357 361 364 366 368 369 371 372 381 385 386 387 395 396 397 399 400 401 402 403 407 408 411 
89 139 146 150 154 167 170 171 174 176 190 192 194 198 199 202 205 206 212 221 235 236 242 243 251 252 254 257 258 261 263 265 270 271 275 277 278 279 280 287 291 293 296 297 299 301 309 311 314 315 317 322 325 327 328 329 331 334 336 339 340 341 344 345 346 347 350 352 353 354 355 358 359 361 363 365 368 373 379 381 382 384 386 387 388 390 391 392 393 397 400 402 403 404 409 
46 139 147 150 151 153 161 168 171 179 181 188 189 194 195 196 200 202 204 206 208 210 213 223 229 236 240 243 245 250 251 254 257 263 280 289 290 295 297 298 301 303 305 306 307 312 313 315 319 331 333 334 336 338 342 347 349 350 352 361 362 364 365 371 372 373 379 384 386 401 402 405 410 
11 139 140 144 146 147 149 151 152 154 161 171 176 178 179 184 191 192 196 198 200 201 202 205 209 213 214 216 218 220 223 233 234 236 239 240 249 250 253 254 255 256 258 260 262 264 266 269 271 273 277 278 279 281 283 285 287 288 292 294 296 299 303 310 311 313 317 320 325 326 327 328 329 331 332 334 335 338 341 342 343 344 346 347 359 360 362 365 366 369 370 371 372 373 374 375 376 378 379 381 384 388 391 392 395 399 400 401 402 408 410 
23 141 144 148 150 151 158 159 162 167 168 170 188 191 197 199 207 213 217 219 223 225 226 230 231 233 236 240 245 254 256 257 263 265 266 271 275 279 283 292 295 298 310 312 314 315 319 329 330 335 336 343 347 350 367 373 376 378 379 385 387 405 408 
99 138 140 141 144 146 147 148 149 150 151 152 155 157 161 165 167 170 171 178 180 194 196 199 200 201 219 222 225 237 247 249 260 263 264 265 266 268 269 272 277 281 284 286 289 290 293 296 299 301 304 306 312 316 320 321 323 328 330 332 339 340 343 344 351 352 353 361 363 366 370 372 373 374 377 379 380 381 383 385 389 391 393 394 397 398 401 405 409 
96 140 147 157 160 161 172 179 188 192 195 199 200 202 204 218 219 224 228 229 230 231 243 245 247 251 253 255 259 265 270 280 284 287 296 300 302 303 308 310 312 325 328 334 335 337 341 342 348 351 361 362 365 370 377 378 387 394 396 397 398 402 409 
123 141 145 149 156 168 174 175 187 190 193 196 198 202 204 211 214 220 222 239 248 251 258 261 267 274 281 288 292 296 302 303 305 311 321 322 331 336 340 349 354 357 361 371 372 379 383 389 390 407 409 
56 141 
262 139 141 149 151 156 161 164 166 174 179 180 190 196 200 203 204 206 207 209 210 213 223 229 231 238 248 249 251 255 260 264 265 275 279 281 284 294 299 300 301 302 303 305 308 309 311 314 317 318 319 326 327 328 332 338 342 345 347 352 353 361 378 382 383 384 386 392 396 397 399 401 402 403 406 407 
186 152 181 208 218 224 242 248 250 290 298 316 320 332 336 347 391 404 
203 1 138 139 140 143 144 145 165 167 168 169 170 173 176 178 179 183 187 195 202 207 209 211 212 213 214 217 220 224 227 229 232 234 236 238 239 243 246 251 255 257 259 260 261 263 264 267 271 273 284 285 286 291 292 305 317 318 322 324 325 327 328 330 331 336 338 341 343 345 346 347 348 351 362 372 376 377 379 389 394 402 403 404 405 
136 139 291 353 396 
261 143 147 148 154 155 160 165 167 168 171 172 173 174 176 179 185 186 191 193 195 196 197 198 200 201 202 206 210 212 215 216 218 219 223 226 230 231 232 233 236 237 244 245 247 248 249 258 263 264 266 267 272 273 274 277 284 291 292 293 294 304 307 314 316 321 322 325 329 330 331 332 335 336 338 345 346 349 353 358 360 361 363 364 365 369 373 376 379 382 384 389 392 393 394 395 398 402 404 
71 143 144 147 157 166 169 170 171 173 174 179 181 182 191 192 195 201 211 216 226 231 232 245 255 257 261 269 273 275 277 278 279 287 291 293 300 304 307 309 312 318 319 320 329 335 341 344 349 350 358 359 361 363 364 365 370 375 379 380 383 386 387 388 395 397 398 411 
186 140 144 153 178 217 223 241 249 260 261 264 278 313 360 387 388 405 
38 1 149 152 170 175 181 183 188 190 193 195 199 204 210 211 213 242 246 248 253 279 280 285 286 287 291 294 304 313 314 315 329 334 335 366 367 375 379 400 403 
209 1 138 140 141 146 147 148 149 150 151 152 157 160 162 167 169 170 175 177 178 179 181 186 197 201 202 203 204 205 206 208 209 210 212 217 223 225 226 237 242 245 246 247 248 253 256 257 259 260 264 266 267 268 272 274 275 279 281 284 287 291 293 298 302 310 313 314 315 317 320 321 323 326 327 329 334 337 340 342 345 349 350 352 354 356 357 359 360 362 368 370 371 372 376 380 381 386 388 389 395 399 401 402 408 
177 138 150 173 175 198 202 203 214 220 225 227 229 231 233 237 238 244 248 265 268 272 276 282 283 303 319 331 332 344 345 368 378 381 393 410 
194 138 139 145 147 155 170 173 175 177 178 184 187 188 189 197 208 211 219 224 225 226 228 234 240 247 248 249 254 259 261 264 266 267 269 275 281 286 287 297 299 300 303 304 312 324 327 328 329 330 344 348 349 350 351 352 353 358 362 369 370 386 387 389 399 400 404 406 407 409 
85 142 144 153 161 163 166 168 169 171 177 182 183 186 192 195 197 199 200 203 205 223 237 244 251 259 279 282 304 309 313 344 347 354 356 359 374 375 386 387 389 391 396 401 407 408 411 
24 1 139 140 141 145 149 150 154 155 156 160 165 172 179 180 184 186 196 197 198 199 200 203 205 208 210 211 212 213 216 217 220 222 225 226 229 230 232 236 239 241 245 250 253 258 259 261 262 263 264 266 267 268 272 278 281 282 283 285 291 292 294 297 305 308 314 321 324 326 331 332 333 334 340 342 344 346 348 350 357 358 359 363 365 370 371 372 374 375 376 377 379 382 390 395 396 397 399 400 404 406 409 411 
71 1 140 142 143 144 151 155 158 166 168 169 171 173 179 182 184 185 187 188 189 190 191 194 195 197 203 205 221 226 231 237 240 244 247 253 255 257 258 259 263 264 270 272 273 277 278 283 285 287 289 292 295 300 301 304 306 307 308 309 316 318 326 327 330 335 339 340 342 343 348 350 352 360 362 364 366 374 381 386 388 390 394 395 398 400 411 
176 144 148 149 160 161 162 171 173 174 175 177 182 188 200 203 205 208 209 217 224 229 243 244 250 257 258 261 263 269 277 280 287 290 292 293 295 297 302 307 308 311 324 325 333 335 337 359 380 392 393 395 399 405 408 
188 1 139 142 143 144 147 148 151 152 155 158 160 164 167 168 170 174 180 182 183 187 190 192 197 206 209 211 212 213 221 223 225 226 227 229 230 233 242 244 249 252 255 256 257 259 266 268 269 273 274 275 278 281 283 286 292 293 294 296 300 303 304 308 313 314 315 318 319 322 325 330 332 336 337 339 342 345 347 349 355 362 365 369 371 372 375 379 381 386 387 389 390 391 393 398 401 402 403 407 409 411 
76 139 141 142 146 148 149 150 152 154 169 173 183 184 190 193 195 199 200 203 206 215 219 224 229 232 239 241 250 252 254 257 258 263 265 268 274 275 276 278 284 285 287 292 308 310 312 313 314 316 324 325 326 327 334 335 338 339 345 349 355 356 358 360 361 369 377 378 391 402 404 410 
14 174 199 246 297 363 370 390 411 
31 1 139 142 144 145 152 156 163 167 168 173 174 180 186 196 200 203 205 206 209 213 216 217 219 221 232 235 238 240 242 245 246 248 259 266 267 271 278 283 289 292 293 295 297 302 308 309 323 327 333 338 339 345 351 355 356 359 360 362 363 364 366 368 374 378 379 385 388 389 395 397 401 403 408 409 
140 141 144 148 150 152 159 160 161 162 164 167 168 175 181 182 183 185 193 198 204 208 213 214 217 218 219 223 228 230 232 233 234 240 242 246 247 254 255 257 258 260 270 273 274 276 279 281 282 283 284 286 287 289 294 302 303 305 306 309 316 317 320 321 324 325 326 329 330 332 333 345 346 347 350 352 355 367 369 372 374 377 378 379 380 381 384 385 386 387 389 393 401 406 410 
204 138 147 151 152 156 164 166 171 175 176 180 187 188 198 201 202 203 207 212 226 229 230 231 234 236 239 241 243 245 248 251 258 259 261 275 276 280 281 282 284 285 289 290 298 301 306 307 311 320 323 325 330 332 335 336 337 338 345 353 354 361 362 363 370 384 385 387 389 390 391 392 393 397 398 401 407 408 
203 147 152 154 155 159 160 161 162 164 165 167 170 174 190 192 193 195 197 202 203 207 209 216 217 220 224 231 234 240 241 249 251 253 258 259 266 274 275 277 284 289 293 294 296 297 302 303 309 314 319 320 321 322 323 324 326 331 339 342 343 351 352 354 356 359 361 364 365 366 368 370 374 380 385 387 388 390 391 392 393 394 397 406 409 410 
51 345 348 407 
40 139 140 143 144 145 146 150 151 155 156 158 160 161 162 164 167 168 170 172 173 176 177 179 184 189 190 191 196 199 205 207 208 211 214 216 217 219 221 225 226 229 233 234 242 249 250 256 258 261 267 269 273 276 277 278 280 286 288 290 291 292 294 296 302 305 306 308 310 313 315 317 320 321 323 325 329 336 339 341 348 349 350 353 358 359 361 363 374 377 378 379 380 381 383 385 386 387 389 391 392 394 397 399 400 402 406 
294 138 139 140 153 156 165 170 183 191 197 200 201 207 210 211 213 219 232 246 258 262 263 273 274 276 277 292 302 306 308 316 322 324 326 327 336 337 353 359 360 372 377 383 396 397 404 406 409 
93 156 162 178 179 182 185 191 194 198 207 217 241 248 251 256 260 270 278 291 296 297 307 309 314 316 322 323 326 328 331 333 344 355 362 363 396 400 402 407 
23 145 149 150 151 157 159 161 162 166 170 171 178 180 181 187 188 189 192 194 195 197 199 202 208 209 215 217 219 221 222 237 238 240 242 245 246 253 255 256 260 262 265 270 273 276 277 287 289 290 291 292 295 296 297 298 300 305 306 309 311 312 313 316 317 321 322 324 326 328 335 336 341 349 352 354 355 357 360 361 362 365 367 370 375 376 382 384 386 387 393 395 396 401 405 406 407 409 410 411 
280 140 143 151 154 163 164 167 168 171 175 177 183 185 186 188 190 196 198 199 201 207 210 215 216 220 222 225 229 230 236 238 243 245 247 248 249 250 251 256 257 269 271 272 273 276 280 284 287 292 293 296 299 303 309 313 321 322 323 332 338 339 340 341 343 344 347 350 353 354 357 361 362 367 382 385 386 390 391 392 393 398 400 402 405 407 
291 140 143 163 165 170 172 178 181 183 184 185 193 194 202 204 206 208 209 213 216 236 238 250 258 260 267 274 278 279 282 293 296 299 300 301 304 308 309 310 311 313 314 317 321 327 329 330 331 333 336 340 348 366 368 370 373 380 383 387 390 392 395 396 398 
135 141 147 153 159 161 166 167 169 172 175 177 182 190 193 195 196 208 211 218 220 222 225 228 233 247 250 251 254 257 261 264 266 268 269 270 271 272 278 280 290 294 307 309 327 349 364 368 370 382 391 405 
276 139 145 146 148 151 152 153 155 159 160 163 164 165 167 169 173 177 178 179 183 184 186 191 193 199 200 203 206 209 211 212 213 214 215 218 222 223 224 225 228 229 234 238 239 240 241 243 244 251 252 255 261 266 267 268 272 273 274 275 284 285 289 291 293 296 297 304 312 314 316 317 319 320 325 326 331 333 340 341 343 344 345 347 348 350 352 358 363 365 369 372 377 379 380 382 383 388 389 391 392 396 402 404 409 410 411 
170 145 156 170 177 180 182 183 187 188 192 195 198 201 202 207 209 211 212 216 218 219 222 226 228 229 232 233 237 242 248 251 257 258 261 263 266 275 281 282 288 290 292 293 294 300 302 308 311 312 318 325 326 332 334 338 340 341 344 348 350 359 362 364 378 379 388 390 396 403 
10 159 175 176 180 193 196 206 210 215 216 217 220 225 229 232 235 242 254 255 263 276 279 284 293 295 302 316 323 330 332 336 343 353 360 402 406 408 409 410 
94 142 153 170 175 176 177 179 183 189 192 201 207 227 230 236 237 245 265 274 283 292 295 305 352 372 379 391 409 
293 142 143 145 146 147 150 153 155 158 163 166 172 174 175 176 178 180 186 189 191 194 201 205 208 209 212 213 217 219 222 223 225 229 230 233 236 237 239 241 244 245 247 250 252 253 254 261 263 268 270 275 276 278 280 281 284 285 288 289 297 301 304 306 312 315 317 320 325 328 329 331 335 337 338 339 343 346 354 355 357 359 360 367 368 370 373 374 376 377 381 386 387 390 397 398 400 401 403 406 
91 140 143 148 150 154 157 159 162 164 169 172 173 174 176 179 181 182 183 184 185 186 188 197 199 205 206 208 211 212 214 215 217 220 222 225 227 229 233 244 246 248 251 252 253 254 258 261 267 273 274 276 281 282 283 285 293 295 296 297 300 301 302 303 305 307 317 319 320 321 325 326 331 332 333 338 343 344 346 348 350 352 359 360 364 371 377 378 379 380 381 384 387 388 390 391 393 397 399 400 404 410 
222 142 143 149 151 154 156 158 161 162 167 168 172 173 174 175 177 179 182 183 187 190 193 195 199 203 211 212 215 219 223 224 226 230 231 232 233 234 238 239 242 243 244 246 247 248 261 269 272 277 278 279 282 287 288 292 293 301 305 308 314 319 335 345 346 348 352 353 354 355 356 358 359 360 362 363 364 368 376 384 391 395 397 399 400 401 403 409 411 
293 138 142 144 147 148 151 156 158 162 167 170 171 176 177 181 185 190 191 193 197 200 201 202 204 205 206 207 212 214 220 221 222 224 228 229 230 245 250 255 257 259 269 273 274 283 288 291 296 305 309 314 316 321 326 329 339 340 342 349 354 357 360 374 375 379 383 384 385 387 389 392 395 399 407 
98 139 144 145 147 148 152 153 157 160 162 166 167 168 169 170 178 181 185 190 193 194 195 198 203 204 207 208 212 214 216 223 224 225 226 228 229 235 241 242 247 249 252 253 255 259 262 264 265 268 270 271 275 276 284 287 295 297 302 303 304 305 306 309 311 314 315 317 322 323 328 332 334 338 339 341 346 349 351 355 359 360 364 365 366 367 372 373 374 375 376 380 383 384 385 388 399 403 404 408 
21 146 147 148 152 159 162 163 182 200 216 237 238 239 250 256 258 277 304 311 344 350 355 358 370 382 383 396 
152 140 146 157 163 192 203 207 216 219 223 225 226 227 229 231 232 233 235 239 252 258 262 264 265 266 276 295 305 306 310 312 316 317 327 333 336 341 343 346 348 356 359 365 369 371 374 378 382 383 390 394 401 402 408 411 
265 147 150 158 160 166 167 169 175 181 185 188 190 195 197 204 208 209 219 227 235 238 241 250 252 253 256 259 266 268 275 276 277 279 283 284 288 289 292 293 296 297 302 303 306 308 314 315 317 318 322 331 335 338 339 340 341 346 347 350 359 371 372 373 375 376 380 388 397 407 408 
57 138 142 146 148 149 150 151 153 157 158 161 168 173 175 178 180 181 184 185 187 189 195 196 197 199 202 203 204 214 216 217 223 228 229 232 234 235 236 243 245 246 247 248 249 253 259 261 264 265 267 268 275 276 278 280 281 282 285 288 293 294 297 299 305 306 309 314 315 316 323 326 330 332 338 343 351 352 354 355 361 369 371 372 374 376 379 380 382 384 386 387 388 389 391 395 396 397 399 400 401 403 406 409 
16 138 141 143 144 149 154 162 165 170 175 178 180 184 186 201 202 207 208 209 210 213 214 215 220 229 232 236 237 242 247 249 253 256 259 261 262 265 273 274 280 283 284 286 287 288 291 293 308 310 314 316 321 331 332 334 335 340 344 352 357 359 362 364 365 367 372 375 379 380 384 386 388 392 396 400 403 405 411 
235 161 172 176 181 185 205 209 212 219 224 234 238 240 251 252 259 279 293 294 302 303 316 319 324 325 351 358 369 394 409 
37 141 162 168 174 176 187 191 202 221 232 239 243 251 256 260 264 266 271 277 287 290 299 301 302 304 307 317 322 329 338 345 347 357 361 368 385 391 393 397 398 399 
272 1 140 141 142 143 144 145 151 152 154 155 158 160 162 169 173 174 177 178 180 182 184 187 192 199 201 202 203 213 221 222 223 224 225 226 230 233 240 245 248 254 256 268 269 275 276 278 279 281 285 287 288 292 295 296 297 306 313 316 318 320 321 331 332 336 340 346 348 356 360 361 371 382 389 392 398 399 404 407 408 
65 156 159 160 178 190 206 221 226 246 253 260 263 264 267 271 278 281 282 288 291 295 297 298 300 304 315 320 346 352 367 381 391 
48 341 398 
28 1 143 144 149 151 152 154 155 156 157 159 162 164 168 171 175 178 179 180 182 186 188 189 192 195 197 201 203 205 209 213 218 220 227 229 230 233 236 238 240 246 249 260 269 270 271 281 287 290 291 294 295 300 301 304 309 310 311 314 319 324 333 334 335 337 342 343 344 348 349 351 354 356 357 359 361 363 365 367 371 373 379 380 385 390 393 401 409 410 
293 160 162 165 167 215 219 245 254 263 268 278 280 299 302 318 319 337 343 368 369 
199 139 140 142 147 149 150 157 158 162 163 166 167 174 176 177 179 186 188 189 191 193 194 203 206 208 210 211 212 214 216 221 225 226 231 233 234 236 239 241 242 244 245 246 248 252 253 256 259 260 261 265 269 271 272 273 277 278 283 284 287 293 296 298 300 302 307 309 317 318 319 324 325 326 328 329 330 332 337 340 341 346 348 355 357 359 367 376 377 380 382 383 388 389 390 399 401 408 409 
48 144 149 150 152 166 176 177 178 182 184 197 201 210 218 229 233 245 246 248 252 256 264 265 278 280 283 284 285 290 293 300 301 302 308 310 313 317 318 322 324 325 331 332 333 335 339 342 344 354 356 358 363 365 366 381 382 387 396 400 401 406 407 409 410 
156 140 157 175 189 193 207 210 214 220 222 227 241 267 272 298 299 312 327 340 341 348 373 383 399 400 401 
172 140 147 148 153 160 162 164 179 180 194 201 206 212 213 220 225 227 244 249 262 271 275 277 278 286 293 304 324 331 332 335 350 357 358 362 374 376 381 383 388 393 395 404 408 411 
252 155 191 196 213 215 218 231 240 261 273 277 286 298 300 304 309 314 326 333 355 364 378 389 408 409 
140 138 145 146 149 150 152 153 154 158 161 162 168 170 175 178 182 183 187 189 196 199 204 205 208 210 211 214 219 235 242 244 248 251 258 260 261 267 268 269 275 281 283 285 288 290 291 292 301 308 310 313 315 316 317 318 320 322 323 329 337 341 346 347 348 353 356 364 367 370 376 377 378 380 392 395 398 403 404 
107 283 328 334 
265 139 147 150 169 183 184 201 207 215 216 217 219 221 234 243 244 245 249 253 264 268 275 276 277 282 287 291 296 309 311 312 319 322 327 337 339 344 348 354 359 375 382 391 404 
225 154 163 170 182 191 195 205 209 229 231 261 281 302 305 329 349 379 388 398 
177 145 167 188 228 234 242 266 270 282 301 310 313 326 329 382 386 396 
14 142 152 154 161 163 165 166 167 172 173 180 183 188 195 213 229 242 245 251 263 267 272 273 275 276 277 285 286 299 302 303 307 317 318 321 322 331 335 339 341 342 344 349 365 379 390 393 397 404 
190 138 140 143 149 150 158 163 166 168 169 171 174 175 179 188 190 194 195 200 201 202 203 206 208 209 210 219 221 225 226 230 237 244 248 257 258 262 267 274 275 276 282 285 286 293 300 301 306 309 312 315 316 319 325 327 329 336 338 342 343 344 345 346 349 354 355 357 363 365 376 377 383 384 386 387 390 399 400 402 405 406 409 
111 138 140 145 148 150 151 152 155 158 170 172 174 177 181 185 186 188 192 193 199 200 203 209 211 218 219 222 223 225 226 227 231 232 239 241 246 252 254 255 256 257 265 266 267 272 275 277 278 282 283 286 289 291 292 296 298 302 308 313 321 322 324 330 332 333 335 336 337 340 342 355 356 358 365 368 370 376 377 378 380 385 386 387 394 407 411 
34 160 172 192 198 200 210 239 243 251 252 255 260 272 277 286 288 294 304 312 343 350 351 355 365 366 382 391 
143 140 145 156 159 185 187 200 201 208 209 211 214 218 221 255 259 272 279 280 287 291 302 311 315 317 321 326 329 330 333 336 346 356 370 399 411 
229 1 156 177 264 267 275 298 374 
235 144 146 147 148 151 152 166 169 170 172 180 181 190 197 202 203 212 213 219 221 222 226 227 229 231 236 243 245 246 249 257 258 262 263 266 268 270 273 274 275 279 280 291 295 298 301 302 306 308 309 312 314 316 317 318 319 323 326 330 333 343 344 346 350 358 363 365 368 369 370 374 375 379 384 387 388 391 393 402 404 409 410 
150 1 140 141 146 151 152 154 156 160 162 165 166 170 178 181 182 188 190 193 199 205 206 209 213 214 219 235 236 238 239 244 245 248 249 251 258 262 263 264 265 266 267 269 276 277 282 283 285 287 289 290 291 298 301 304 306 308 311 312 313 314 316 330 331 333 335 336 343 349 351 354 357 362 364 365 366 367 369 375 378 381 385 386 390 392 393 396 401 402 403 405 
93 141 144 157 175 182 183 185 187 195 230 235 259 266 293 303 304 305 327 336 342 351 353 358 361 368 378 380 387 391 
167 157 168 195 197 200 208 229 271 285 304 306 327 337 338 345 383 389 401 402 407 
124 166 170 176 177 201 205 218 222 223 230 237 240 259 262 265 277 279 283 294 300 306 310 311 312 313 316 326 328 337 346 351 353 354 358 361 365 369 374 375 376 380 392 394 
40 147 152 170 172 175 177 179 182 183 189 191 198 199 209 223 245 254 256 265 277 282 299 304 319 341 343 345 346 347 353 357 362 366 369 379 391 393 394 396 401 403 
243 138 143 145 146 147 157 158 161 167 168 174 181 184 185 192 196 199 203 207 219 223 232 241 246 248 251 253 261 272 274 283 285 286 288 290 302 317 323 328 332 348 353 367 375 376 379 388 389 392 395 396 397 
34 140 141 143 158 161 162 173 175 180 186 187 199 201 207 210 211 214 215 222 233 234 237 240 245 249 252 253 255 271 274 280 281 301 312 316 317 324 330 332 334 338 348 353 366 367 376 378 379 383 387 390 395 398 400 402 403 
122 1 144 158 159 160 165 166 171 173 175 179 183 191 194 196 207 210 213 214 221 225 228 230 232 233 234 235 239 240 247 249 250 251 252 254 259 263 266 267 270 273 278 281 282 287 289 293 294 298 299 300 305 308 319 321 324 325 330 331 338 339 340 342 345 347 348 356 359 361 364 366 371 372 377 380 381 384 385 386 389 393 397 404 405 406 407 408 410 
279 140 141 143 150 151 152 157 159 160 161 162 165 166 168 169 173 175 176 177 178 184 185 191 192 196 197 201 204 205 206 208 210 212 213 216 219 223 226 228 229 230 232 234 235 236 238 240 244 248 256 262 263 267 269 272 277 280 283 285 287 290 291 294 295 296 297 298 302 303 307 310 313 315 320 322 327 329 333 334 338 339 340 341 352 354 360 362 365 366 367 369 371 372 373 374 381 387 390 391 393 395 397 398 400 404 406 407 408 411 
17 1 141 142 147 150 152 154 155 156 158 160 168 170 171 172 179 185 189 192 198 202 203 205 206 210 216 219 221 224 227 230 233 234 235 237 239 244 247 248 250 257 259 264 268 269 280 284 287 288 293 296 297 300 304 306 310 316 320 332 335 337 338 341 342 354 356 367 368 378 380 383 384 387 401 402 406 408 410 411 
16 138 139 140 146 151 154 164 166 168 169 175 176 178 180 181 182 185 186 189 190 192 195 197 202 203 205 207 208 210 211 212 214 215 216 219 220 222 226 235 241 248 253 257 260 268 271 272 273 277 296 297 298 306 308 310 311 313 315 316 318 326 329 330 333 337 339 341 346 347 349 351 357 358 362 365 367 371 376 378 387 388 390 408 409 410 
3 139 141 145 150 152 154 155 158 163 169 174 180 183 185 186 188 190 191 192 193 194 201 202 203 204 206 211 212 214 215 216 217 219 221 224 227 230 233 234 240 241 242 243 244 246 248 253 254 257 259 262 268 274 280 281 287 288 289 290 298 299 301 302 309 312 313 314 317 318 319 320 322 323 326 328 330 333 336 338 341 344 346 347 348 349 350 351 356 363 365 368 370 373 380 382 384 387 389 390 391 394 401 403 405 409 411 
23 141 142 147 152 154 155 157 161 162 163 168 171 175 177 178 179 182 183 186 187 188 189 191 196 202 208 210 214 217 218 220 221 223 224 225 226 233 235 236 237 239 242 243 244 248 249 252 256 258 259 261 270 271 276 278 279 280 283 284 285 288 290 291 293 294 296 300 301 304 308 312 319 322 325 326 328 329 335 337 339 341 343 344 349 351 354 360 369 378 379 386 387 397 398 399 407 408 410 411 
196 1 150 167 172 174 185 193 194 196 214 215 218 223 224 226 231 244 250 251 257 259 262 264 266 273 278 279 280 285 286 288 296 301 310 331 333 337 344 345 349 350 352 370 377 387 391 398 408 
97 1 142 143 150 153 154 155 163 182 192 193 197 198 203 204 205 209 213 215 218 223 224 225 227 230 232 240 241 244 246 250 253 259 262 266 268 278 282 288 290 295 306 307 312 315 322 324 327 328 329 333 336 337 347 348 351 352 355 356 357 359 362 372 377 379 381 384 392 398 409 
149 358 
203 138 142 144 146 148 152 155 162 169 176 187 188 193 202 203 208 210 215 218 219 220 229 230 237 240 244 246 249 251 252 269 278 281 289 300 305 306 310 319 324 328 332 333 337 344 349 356 362 368 370 372 374 384 386 387 388 391 397 401 405 407 408 411 
126 1 139 144 145 156 158 177 181 185 192 201 205 208 212 213 227 235 240 243 244 252 253 260 263 269 271 274 277 279 283 284 287 291 292 293 303 310 311 312 318 320 330 331 336 340 341 348 365 366 367 372 373 377 386 387 398 401 405 407 410 
149 138 139 147 148 149 151 153 157 159 165 173 175 176 178 186 187 194 199 201 202 204 205 208 215 220 222 224 225 227 229 230 231 234 239 240 242 245 247 248 250 253 257 258 260 265 273 274 277 279 280 290 291 292 295 296 300 301 306 308 311 313 315 316 321 324 326 327 332 333 337 341 342 343 345 346 352 356 357 358 362 365 372 374 379 381 383 386 387 389 393 396 397 398 399 402 405 406 408 410 411 
53 191 224 268 273 
60 1 142 143 144 146 151 158 163 168 170 173 174 179 183 188 193 204 206 207 208 221 228 229 235 237 238 239 240 241 242 243 244 245 246 250 253 261 262 265 267 271 277 278 282 293 296 301 303 304 310 319 321 323 327 328 329 332 334 337 338 341 342 343 344 346 348 349 350 354 356 371 376 377 379 380 381 382 383 386 389 392 399 402 403 404 410 411 
141 1 143 145 146 149 155 156 158 159 160 162 169 170 176 177 182 183 189 191 196 198 199 207 208 212 213 214 217 218 220 221 223 228 229 235 236 237 239 244 246 248 249 254 258 262 263 274 281 286 290 294 297 298 302 303 309 310 312 313 316 322 324 327 329 332 333 334 336 342 344 352 355 367 372 373 378 380 381 383 385 386 389 390 395 398 399 401 403 404 410 411 
81 157 169 170 177 193 194 214 231 240 265 267 282 287 295 304 307 313 337 361 376 403 406 410 
9 139 141 142 143 145 147 149 150 153 154 157 160 161 163 171 175 179 181 185 188 189 192 193 196 201 202 203 205 206 207 208 210 211 215 219 221 223 224 227 236 244 246 248 250 259 260 263 266 267 273 274 278 280 281 285 288 289 298 300 307 309 310 316 320 321 324 325 326 330 331 336 338 340 344 354 355 359 360 367 368 369 370 375 376 381 387 391 392 401 403 404 406 407 408 
300 140 142 144 145 153 158 182 191 193 201 208 214 217 220 227 231 236 246 248 270 277 279 284 291 312 313 315 322 324 325 328 352 360 362 371 372 373 378 380 399 405 
251 162 172 174 181 205 209 210 224 231 233 235 252 260 272 274 275 287 296 297 301 305 320 328 336 338 343 346 347 349 352 360 373 376 378 387 403 408 
144 139 149 157 161 168 173 175 180 185 197 209 210 212 215 223 228 232 241 252 260 265 271 275 282 287 292 293 296 301 308 309 311 312 320 321 322 325 326 327 330 334 338 341 347 353 357 359 361 363 372 377 379 385 386 390 392 393 399 408 
220 1 140 141 145 146 149 159 160 165 166 177 196 205 213 215 217 221 222 225 230 233 235 236 238 242 245 251 255 259 260 268 270 273 278 279 281 283 291 301 316 318 319 326 327 335 338 341 351 356 357 358 362 367 369 373 374 396 397 402 403 404 405 407 
152 138 148 153 155 157 158 164 168 187 188 194 196 197 201 209 214 224 228 233 236 238 247 248 250 252 253 262 267 268 277 284 289 291 293 301 306 307 308 309 312 316 317 322 326 328 330 339 341 350 351 352 355 358 359 373 374 379 394 399 
78 144 151 153 157 159 160 161 162 165 169 170 171 172 177 178 181 183 185 186 188 189 192 194 197 199 204 205 209 210 211 212 218 219 229 232 241 245 247 250 251 252 253 256 260 262 266 268 270 271 272 273 274 275 276 277 280 281 282 283 285 288 290 291 292 293 296 297 299 303 305 307 308 310 314 315 319 320 323 324 326 334 335 336 337 338 349 352 356 357 360 376 377 378 379 381 385 389 390 391 396 399 403 
47 1 138 167 191 206 237 268 289 297 386 402 
46 138 147 153 169 172 196 201 231 240 243 253 282 286 289 301 309 344 348 353 406 
82 144 145 146 148 149 157 158 161 162 168 172 173 174 177 181 183 185 188 189 193 196 202 204 207 212 214 216 217 225 226 227 230 231 234 235 236 239 241 246 248 249 250 251 253 254 255 257 261 262 267 268 272 273 274 277 279 280 281 283 284 285 288 292 293 297 298 300 305 307 313 316 322 325 327 328 333 334 339 343 344 346 349 357 358 359 360 366 368 370 372 377 380 382 384 391 393 394 395 399 402 408 410 411 
93 139 141 148 153 155 156 158 160 161 162 163 165 166 167 171 172 173 174 178 181 184 188 191 194 195 200 202 206 211 212 217 219 220 223 225 226 227 228 234 235 240 251 253 254 255 257 258 261 269 271 274 277 279 281 284 287 289 297 298 301 302 308 309 312 318 322 327 328 329 332 333 336 339 341 343 352 353 354 359 361 369 371 372 373 375 381 383 386 387 392 393 395 399 404 405 406 
284 142 151 160 172 183 194 197 201 202 210 214 229 236 245 256 261 262 265 267 271 278 281 282 292 295 300 308 310 316 318 322 337 347 365 371 375 376 391 395 397 401 404 406 
178 144 145 146 149 152 160 169 171 174 176 182 184 185 186 188 192 195 197 198 204 212 213 214 219 222 228 229 230 232 233 237 241 244 253 254 256 268 269 270 271 278 279 282 283 285 286 289 291 293 296 297 298 299 303 306 308 311 317 320 321 322 323 324 326 327 329 335 336 339 340 341 343 358 359 362 366 368 369 376 379 380 381 390 396 398 401 403 404 406 407 408 409 
121 141 154 158 185 189 193 202 206 208 209 214 216 222 225 240 253 254 267 277 278 281 288 304 311 312 318 338 351 391 392 397 398 400 403 409 
244 138 140 157 170 173 184 185 188 193 197 201 208 214 224 227 232 248 249 254 257 259 262 264 266 269 270 272 284 291 294 314 319 323 339 340 341 350 354 356 366 368 391 394 397 403 406 
130 140 151 152 157 159 182 200 201 203 216 218 234 242 244 251 258 272 286 291 298 307 310 316 320 323 334 336 354 373 376 384 389 402 
247 150 151 152 156 160 173 174 176 180 181 182 183 192 198 206 213 222 224 226 235 236 238 240 241 243 245 248 250 251 252 253 254 264 268 271 272 278 286 288 289 298 303 309 315 317 321 327 329 333 336 338 341 343 347 357 370 375 376 382 384 385 387 394 402 409 
212 1 138 146 148 149 156 157 159 160 161 164 168 169 170 171 172 175 179 189 190 191 192 198 199 200 203 209 210 211 213 216 218 220 224 227 234 238 241 245 252 253 254 255 256 264 266 268 274 275 277 282 287 288 290 292 301 305 308 309 310 311 314 317 321 323 325 330 332 337 341 348 350 354 361 362 364 366 369 371 373 374 375 376 377 379 382 384 386 388 390 399 401 403 410 
160 141 145 149 161 162 170 171 173 174 175 183 186 188 190 194 195 196 199 203 217 220 223 226 227 229 230 233 236 240 249 251 260 261 265 267 269 272 274 276 277 286 287 288 290 291 297 299 308 309 310 314 315 318 325 341 342 343 344 347 349 350 352 360 364 372 377 378 385 387 388 404 410 
290 140 153 158 160 168 180 183 211 212 214 251 254 263 265 270 283 295 296 297 303 308 311 312 313 321 323 328 330 341 357 374 376 378 383 384 385 386 387 396 399 
141 138 139 141 146 149 151 153 154 158 161 162 165 174 178 181 188 190 192 203 207 213 214 216 223 224 227 228 234 246 250 260 261 267 268 272 282 287 290 296 301 311 317 319 322 323 333 335 336 339 341 345 348 350 352 357 360 368 371 373 399 401 409 411 
194 138 144 149 160 161 162 164 165 171 174 175 176 177 178 179 182 183 184 186 187 190 197 200 207 210 211 212 230 231 232 233 236 237 239 240 245 246 249 250 251 253 258 259 260 262 264 265 267 268 269 278 283 287 291 293 295 298 302 308 310 311 318 323 325 326 328 330 333 335 339 341 342 344 346 347 348 358 364 375 380 381 383 384 385 386 392 395 401 403 405 406 407 409 410 
175 140 141 145 146 148 152 161 163 166 167 168 172 174 176 177 179 184 188 192 194 196 201 202 215 221 223 224 226 236 237 240 241 244 248 251 252 255 257 260 262 263 264 268 270 271 272 273 275 277 280 282 285 286 289 291 293 296 298 304 306 309 313 316 319 322 327 331 332 333 334 340 345 353 358 360 363 365 378 383 389 390 395 399 401 
43 153 166 169 170 172 176 180 181 207 211 216 227 238 242 246 257 267 270 277 281 303 304 307 308 315 316 323 327 344 349 357 367 371 373 375 377 378 379 382 399 404 410 
85 139 141 146 147 152 158 161 163 170 172 190 191 193 194 198 202 207 212 213 217 219 221 228 229 236 240 250 251 256 260 262 263 264 265 267 272 273 284 287 289 290 291 294 301 302 303 305 307 316 326 327 329 332 337 339 342 348 349 357 362 365 374 375 380 386 390 391 396 400 404 405 410 
31 140 141 142 143 150 152 153 156 158 161 163 169 174 177 178 180 186 189 194 207 208 211 218 235 236 242 246 252 256 261 262 264 270 273 274 277 280 281 284 292 296 302 305 306 309 310 313 322 323 325 326 327 330 332 339 342 343 344 345 346 351 359 360 362 366 368 369 370 372 373 378 383 384 385 387 389 394 397 398 405 410 
294 138 139 142 145 155 156 161 164 166 167 175 178 180 181 183 187 188 190 191 197 200 202 211 212 221 228 229 235 236 238 241 245 246 249 257 259 272 273 277 278 279 283 288 290 291 294 295 300 302 303 307 313 321 327 330 331 332 338 340 341 342 345 347 352 353 357 358 361 364 373 374 379 380 383 390 391 393 398 405 409 410 
153 141 142 147 148 149 151 156 157 161 165 168 169 175 176 178 182 184 185 186 194 196 201 203 206 207 208 217 220 230 232 233 235 237 239 241 245 251 256 261 262 264 267 268 269 273 282 283 290 292 296 305 310 311 312 314 324 326 327 328 329 330 333 334 336 339 340 341 344 345 346 349 352 357 358 362 363 364 372 374 378 379 382 383 392 393 396 398 399 401 402 403 405 408 410 
169 139 141 143 144 151 152 153 159 162 164 166 168 170 173 174 175 177 178 180 183 185 189 195 196 197 200 205 208 215 218 224 225 227 228 229 233 239 241 245 246 249 254 261 262 266 267 269 272 277 281 283 284 285 286 287 288 289 292 293 294 296 298 299 305 306 307 308 309 313 317 325 326 327 331 332 334 335 341 349 350 351 352 354 357 361 364 366 368 370 377 378 384 386 390 391 396 404 405 406 408 411 
44 145 146 161 163 183 184 192 216 220 223 234 240 249 250 251 266 269 271 273 278 281 282 297 318 320 321 326 334 340 346 353 365 369 376 381 392 
275 1 139 141 142 151 157 159 160 161 163 164 169 171 173 176 177 180 181 188 189 191 193 196 202 204 209 210 211 212 213 215 218 219 228 235 236 239 241 242 244 245 246 249 250 255 262 266 267 272 274 275 276 279 283 286 289 294 296 297 298 301 306 311 314 315 317 326 327 328 329 331 333 338 339 340 346 354 356 359 363 364 369 381 383 386 396 398 400 403 405 
113 1 139 145 153 156 162 169 174 180 183 187 190 201 202 203 208 216 233 236 240 242 254 255 257 261 265 272 275 283 284 287 291 294 298 299 300 302 305 309 318 328 334 337 339 347 350 357 359 360 363 364 368 372 378 379 384 396 
293 142 145 147 149 150 153 155 157 158 159 160 163 165 166 167 169 176 183 184 186 188 189 190 198 200 206 207 209 210 211 214 221 223 224 225 226 228 230 239 240 241 243 245 246 250 257 258 264 266 276 277 278 282 284 285 290 292 293 294 295 302 306 307 311 312 314 318 323 324 335 336 337 341 346 348 349 350 353 354 356 360 362 363 366 374 375 384 387 393 394 396 398 400 401 408 410 
268 142 158 164 167 170 176 179 180 181 197 203 205 206 208 210 227 235 237 248 253 254 263 299 300 301 302 306 312 318 331 332 334 335 337 349 368 386 390 
49 1 156 158 167 168 175 182 186 197 204 212 216 238 240 245 248 249 255 269 290 296 313 320 323 330 331 334 337 338 343 361 377 390 397 401 410 
243 138 141 143 168 175 176 179 180 182 185 187 190 192 198 199 200 209 216 217 220 221 222 225 228 233 236 240 241 242 244 245 256 258 261 264 268 271 279 280 283 287 288 289 291 294 296 300 303 304 306 308 310 316 317 318 322 325 326 327 328 332 335 341 342 343 353 355 357 359 364 365 367 369 370 372 373 374 375 378 379 381 383 384 385 386 387 389 391 393 398 402 405 410 
43 139 143 155 173 175 177 178 179 184 194 197 199 200 204 207 213 225 232 234 239 243 247 256 258 260 262 266 270 273 274 275 279 286 287 290 293 306 307 308 310 312 317 323 325 326 330 337 338 350 356 357 360 361 362 366 372 376 378 380 383 389 398 402 
168 141 145 166 189 199 203 206 208 215 218 237 253 258 283 295 302 303 320 321 338 341 370 383 407 
38 156 159 168 196 202 208 215 221 227 241 252 278 293 305 318 324 347 355 390 404 
266 138 140 142 144 147 148 154 156 157 160 164 170 172 176 177 178 179 182 186 192 198 202 207 209 210 211 216 217 219 226 228 231 233 235 236 239 243 245 249 252 256 264 266 271 275 277 284 287 288 289 291 294 296 298 300 307 309 310 318 320 322 333 335 337 341 343 344 352 354 358 360 362 364 365 373 374 379 383 387 390 395 396 398 401 403 409 
190 1 144 151 152 153 154 156 158 162 168 169 174 175 176 177 180 181 183 189 191 194 195 196 197 201 202 205 208 212 215 218 221 225 227 229 230 234 238 240 241 243 244 245 254 263 265 267 268 270 271 277 284 286 287 288 289 291 294 296 297 298 301 305 309 310 312 313 314 319 329 335 336 337 342 344 348 349 352 354 357 363 364 366 367 368 369 371 372 381 382 383 384 394 397 398 400 405 406 
141 138 144 152 156 157 159 166 177 182 191 192 200 207 212 214 217 219 221 223 225 242 259 268 273 274 276 278 286 316 317 327 336 340 342 349 350 351 352 354 371 374 379 383 386 397 399 406 407 410 
276 211 225 230 244 
248 1 138 139 142 144 145 146 147 150 152 154 156 162 166 167 170 177 181 185 186 189 193 198 201 203 204 208 209 215 216 220 222 224 226 229 230 231 234 235 237 238 239 240 243 245 250 251 252 261 263 265 273 276 281 284 290 293 296 300 302 304 307 308 314 319 321 325 326 327 328 329 330 334 340 341 342 348 349 351 352 354 355 360 362 364 365 368 370 373 379 380 382 384 391 393 396 404 408 410 411 
94 139 149 150 152 164 173 176 180 182 184 195 199 200 201 203 206 207 224 225 227 233 240 242 256 257 258 259 267 279 281 283 290 291 292 294 297 299 301 303 313 316 317 319 321 333 343 348 351 355 359 360 363 373 376 382 387 388 389 394 396 402 409 410 
236 138 143 144 149 153 157 159 162 169 170 179 181 182 191 193 197 198 199 200 202 208 210 214 215 217 218 221 223 229 230 242 243 244 247 249 251 252 260 261 263 266 268 276 278 280 282 284 285 290 294 298 301 304 310 318 320 321 326 329 331 333 335 337 339 340 342 346 350 365 370 373 378 380 383 388 393 394 398 404 406 408 410 411 
22 145 148 150 151 155 160 161 167 168 173 178 179 183 185 186 192 195 196 197 202 205 207 212 216 219 220 221 222 225 234 236 244 246 252 255 260 263 267 268 271 273 274 277 278 280 285 286 287 294 296 299 303 308 310 314 315 316 319 321 325 328 330 336 337 339 346 347 352 358 362 364 366 372 374 380 383 396 398 401 406 409 410 
248 139 141 146 147 148 149 154 156 158 164 167 172 174 175 176 178 179 181 184 188 190 197 198 200 203 204 205 207 209 217 221 222 228 235 236 238 244 248 262 268 270 275 276 279 285 292 297 298 302 307 309 312 314 320 324 325 326 328 333 334 335 336 340 345 346 347 348 350 351 356 357 362 364 371 372 374 375 383 385 386 387 388 392 393 395 400 410 
184 152 165 181 234 237 266 268 287 347 349 370 388 
295 1 144 147 157 158 159 160 165 166 168 170 172 177 179 181 194 195 196 202 203 207 209 213 214 221 223 224 225 231 232 238 239 247 253 254 261 265 267 268 270 271 272 273 274 276 277 278 279 281 282 285 290 293 294 296 303 304 308 312 313 314 316 319 324 326 329 330 331 333 334 336 337 338 340 344 347 352 355 356 357 361 365 367 370 372 373 375 377 379 384 386 387 388 392 399 400 402 405 406 408 
236 138 140 149 154 174 175 179 180 189 194 210 213 217 229 234 238 239 240 241 242 245 249 253 254 255 256 264 269 270 272 274 275 281 287 290 291 294 297 301 305 317 321 327 332 346 347 352 354 358 359 362 369 374 391 398 400 407 
9 1 163 166 179 183 194 195 198 211 221 222 242 259 278 282 288 308 311 315 324 328 336 337 386 388 394 401 407 
292 138 139 150 156 169 175 177 178 181 183 185 188 196 197 200 205 215 218 227 228 230 236 242 250 254 257 258 259 266 267 273 274 288 290 291 300 305 309 312 315 319 321 323 334 335 341 354 357 361 362 370 377 382 385 397 
119 138 141 142 143 144 145 149 152 153 156 157 159 164 168 169 170 173 174 175 181 183 184 189 195 199 200 201 207 208 209 210 211 212 214 217 219 230 231 235 236 242 244 245 246 251 257 262 266 268 277 283 284 287 290 292 293 297 301 304 308 309 312 313 316 317 318 320 321 322 323 324 327 329 330 338 340 342 343 346 347 352 354 356 358 360 365 369 373 374 376 382 383 385 387 388 391 408 409 411 
8 146 149 151 159 162 163 178 181 184 202 223 226 230 234 242 257 271 277 281 290 303 310 326 327 341 345 346 348 374 378 380 382 392 396 406 
195 139 140 147 149 153 158 165 171 172 176 180 183 184 187 188 189 190 191 196 199 201 210 212 217 221 222 223 225 231 233 235 238 240 243 245 246 254 256 258 273 275 276 277 280 283 285 286 290 296 304 307 309 310 314 315 320 325 326 328 333 335 336 339 341 346 351 355 358 369 370 371 373 377 380 384 385 386 388 390 391 392 393 394 395 399 406 409 
53 145 147 166 178 212 214 245 246 256 263 269 282 312 315 318 363 388 
285 139 149 160 163 165 174 179 189 190 191 206 207 217 226 232 235 243 245 246 248 250 255 257 273 280 285 288 293 297 298 307 315 316 317 323 344 349 362 368 373 375 387 390 399 405 407 
211 1 142 144 146 150 152 153 155 159 160 164 166 168 170 179 181 182 183 185 187 188 189 190 198 199 201 202 204 208 213 215 217 224 226 227 228 231 234 235 236 241 243 248 251 252 253 254 255 257 259 262 265 268 269 273 274 276 279 281 284 287 288 289 291 292 294 296 297 298 301 306 307 310 313 314 315 324 326 327 328 331 332 336 337 338 339 341 342 346 350 357 359 366 370 372 374 375 381 387 388 389 390 391 398 406 407 408 409 
160 140 146 148 156 160 163 166 172 174 175 176 180 182 187 191 196 200 207 213 215 216 226 231 237 244 245 255 256 265 271 276 277 289 292 293 297 307 310 313 315 323 324 328 331 332 344 348 352 357 363 377 385 392 397 407 
44 138 139 145 147 152 153 154 155 161 162 164 166 168 169 173 179 181 186 187 189 198 210 216 218 225 228 229 230 234 235 244 245 246 253 255 256 259 262 264 266 269 270 272 273 279 284 290 293 299 300 302 305 321 323 324 326 328 329 330 332 344 352 355 358 366 370 371 376 378 383 387 390 406 
252 138 139 147 152 153 154 156 161 163 165 171 177 193 200 204 206 207 214 221 226 227 231 234 240 249 250 252 258 266 268 270 272 276 278 280 282 283 288 292 296 297 299 301 306 307 309 311 314 319 325 329 335 343 344 346 352 353 355 356 358 365 374 378 387 388 391 395 399 400 402 403 409 411 
192 1 138 139 140 143 149 150 157 163 164 165 166 167 168 169 170 172 173 175 178 179 181 183 187 189 196 200 202 203 206 212 221 223 224 225 227 228 234 238 239 240 241 247 251 252 257 258 259 263 267 268 270 271 276 277 279 280 281 283 287 291 294 295 296 299 300 304 305 310 311 314 329 333 335 337 346 349 351 352 357 360 363 365 369 372 374 375 376 381 383 391 392 397 402 409 
254 138 140 143 144 149 152 153 161 165 169 174 175 179 181 182 184 185 191 192 195 197 199 200 204 206 209 213 214 216 218 219 224 225 226 231 232 236 239 243 246 247 250 252 253 256 259 261 267 270 271 278 281 284 286 287 288 299 306 311 313 317 322 326 335 336 342 347 351 360 369 372 378 379 384 385 390 393 402 403 406 410 
152 138 139 140 141 143 146 147 148 152 155 160 161 163 166 169 171 173 174 175 176 178 182 184 185 195 198 201 204 205 207 209 213 215 217 219 220 222 223 226 227 228 230 234 235 236 238 240 242 244 247 248 249 251 265 266 268 272 274 276 277 278 283 285 289 290 291 292 294 296 302 304 306 308 315 316 317 318 320 321 324 326 327 328 329 330 331 335 337 340 343 351 352 353 357 364 366 369 372 373 375 378 379 380 381 384 385 387 388 391 403 409 410 
60 1 138 141 144 153 154 155 156 160 162 169 174 179 182 188 200 202 210 216 218 223 231 248 253 258 275 278 281 289 292 294 295 298 302 304 312 319 329 332 340 341 343 354 371 373 381 390 400 403 405 410 
20 1 141 142 143 145 146 147 148 151 157 158 162 163 171 172 177 184 188 191 196 199 203 205 207 213 214 216 222 231 235 239 240 241 244 245 247 252 253 255 256 260 262 265 266 267 269 276 277 278 281 284 286 292 293 301 302 303 310 313 314 316 322 324 325 326 328 338 342 344 345 346 350 356 362 363 368 371 373 378 379 380 381 382 395 396 398 399 403 404 405 406 407 409 
24 1 139 142 151 158 161 164 165 173 179 181 185 189 197 199 200 201 214 222 226 238 241 248 253 259 274 279 283 288 289 291 292 298 299 312 314 321 330 335 337 346 352 354 356 358 363 365 366 369 376 382 390 397 409 410 
214 55 205 278 71 68 263 114 117 5 220 215 76 287 60 203 85 84 50 105 115 38 213 20 84 273 24 127 15 250 251 193 88 246 191 82 227 243 12 37 174 270 172 8 286 200 198 189 273 220 286 250 292 201 100 136 45 46 93 287 218 225 219 140 68 147 200 56 106 293 177 63 166 125 255 210 177 241 100 100 109 69 27 49 276 199 20 134 272 19 122 41 218 128 158 108 47 221 54 161 77 17 257 4 288 239 266 263 75 133 28 62 168 235 282 101 255 222 231 255 64 163 267 6 6 238 11 5 81 280 268 145 69 300 141 113 200 171 67 73 211 140 94 65 195 166 275 174 292 108 54 219 274 58 214 98 126 202 72 275 53 174 244 66 179 257 118 292 150 76 243 2 202 50 282 15 134 155 191 104 232 116 243 162 143 235 272 65 165 174 172 131 10 220 104 199 260 10 8 147 140 200 298 244 154 34 70 16 189 77 275 78 276 241 134 295 265 77 102 63 293 80 156 48 211 194 56 214 166 49 115 113 29 129 143 285 191 162 90 136 256 188 69 236 16 25 123 169 295 169 185 197 26 290 212 61 235 254 166 242 55 138 276 173 143 296 267 150 53 92 267 48 295 88 42 271 63 190 97 269 115 267 12 95 287 279 49 172 137 170 216 199 286 31 82 103 167 171 157 243 233 152 189 274 246 25 274 55 144 56 291 165 191 33 144 297 50 141 75 249 38 300 25 53 228 238 299 121 177 28 292 133 181 200 148 43 217 218 33 66 208 105 19 164 38 39 126 1 202 96 113 296 3 122 290 103 239 141 294 168 111 21 282 295 210 101 66 21 155 136 231 97 277 147 156 156 175 147 184 94 73 195 2 74 181 78 292 123 50 293 187 182 273 150 266 2 7 35 260 225 222 33 94 110 125 248 258 284 34 94 10 
