276 414
273 149 153 161 165 171 177 178 188 189 191 194 195 202 204 208 212 213 214 218 219 220 232 235 242 247 255 267 269 271 272 274 278 283 296 301 307 308 313 314 322 325 327 340 346 351 352 357 362 369 378 380 388 394 396 403 408 
297 150 157 159 164 170 174 179 180 190 222 230 251 254 255 260 266 267 281 287 288 322 328 330 331 345 359 362 373 396 412 
284 139 147 162 167 173 186 193 194 196 197 205 213 221 225 238 247 255 264 266 280 282 284 291 292 294 301 303 312 317 319 337 339 340 341 345 363 367 375 377 382 386 388 392 396 398 399 402 403 408 409 412 
212 141 142 144 146 150 153 157 158 163 165 168 169 171 177 180 183 184 185 191 192 193 194 200 201 202 203 205 207 210 214 215 219 221 222 226 228 230 236 240 244 247 248 251 255 256 258 259 262 263 269 271 273 274 275 276 281 284 286 294 295 296 297 302 303 305 307 309 312 315 319 320 321 323 326 331 336 337 342 347 351 356 360 363 371 372 373 374 377 378 380 382 383 384 388 390 391 392 395 399 400 402 403 411 
279 139 140 142 144 148 152 155 161 162 163 165 166 168 171 174 180 181 184 185 187 188 191 197 199 200 201 211 215 216 218 226 228 230 233 237 239 240 242 243 247 250 255 256 268 271 272 275 277 278 286 288 291 292 294 296 297 298 300 309 312 315 317 318 321 322 323 324 326 327 328 329 331 332 334 339 344 345 347 350 355 356 357 365 375 376 377 380 381 383 384 389 394 396 404 407 408 409 410 411 413 414 
61 1 139 149 151 160 164 165 167 168 169 171 176 186 207 213 215 218 223 232 244 257 264 265 266 272 282 283 287 291 298 301 316 318 325 326 328 332 346 348 351 355 360 363 370 371 372 384 388 394 398 404 412 
128 144 157 167 169 171 176 178 184 185 188 194 199 205 210 212 216 221 222 229 231 232 233 235 246 249 255 260 265 273 280 281 283 290 301 318 325 331 336 342 343 345 349 350 393 401 
189 141 145 192 196 214 221 230 235 237 240 246 273 276 316 337 338 358 376 383 391 404 
285 140 142 160 162 168 170 176 185 190 195 200 203 211 214 215 216 217 219 234 251 259 261 262 263 266 269 274 276 277 280 281 286 288 294 296 301 309 312 316 321 331 338 339 347 348 350 352 355 369 378 387 409 411 414 
26 1 140 141 142 145 147 150 152 154 155 159 162 163 167 172 177 178 179 180 185 187 188 189 190 191 196 198 200 202 203 204 208 210 211 212 214 215 216 220 226 234 235 237 238 240 244 246 249 250 251 255 258 266 267 268 275 277 278 281 282 285 286 287 288 290 292 295 304 311 314 315 318 319 321 323 327 329 331 334 335 339 349 355 361 362 363 364 368 372 373 374 375 378 382 383 386 388 390 391 394 398 399 401 406 409 410 412 413 414 
208 141 149 153 171 185 205 243 252 253 281 282 365 371 374 391 393 394 405 411 
178 139 142 143 154 155 156 158 161 163 164 166 167 169 172 173 174 180 181 182 183 185 187 192 194 196 199 200 207 208 212 218 220 224 225 226 227 229 230 235 246 249 252 253 255 256 257 260 261 265 268 277 280 283 285 287 290 291 292 297 301 303 304 305 306 312 313 316 319 322 326 330 331 336 337 341 345 346 347 350 351 352 355 356 359 360 362 364 368 373 374 375 377 378 379 381 385 388 389 390 394 398 402 406 407 412 414 
62 141 143 145 151 152 155 156 157 163 164 167 168 169 170 177 181 183 191 192 202 203 210 212 220 223 225 227 228 232 239 241 242 243 245 248 249 251 255 256 257 261 270 281 286 287 293 294 298 301 303 305 308 310 315 318 326 329 330 334 339 340 341 344 346 347 349 350 351 364 368 369 371 373 374 378 379 380 386 387 388 390 393 398 402 411 414 
153 1 142 144 146 147 157 164 174 177 179 184 189 191 192 194 195 196 206 207 211 214 219 220 221 224 227 230 232 233 235 237 239 241 245 246 252 259 260 266 267 268 269 275 276 277 278 280 281 282 286 294 295 298 301 302 303 305 307 310 312 313 323 326 333 334 336 337 339 345 348 349 350 352 355 368 374 382 388 389 394 395 397 398 407 413 
212 1 139 143 147 148 149 152 154 155 156 166 167 168 173 177 180 182 184 191 193 198 200 209 210 211 213 219 221 222 224 227 228 230 232 236 238 241 243 244 245 253 254 258 259 261 263 265 266 271 272 273 277 278 281 287 288 290 293 294 297 301 302 306 313 316 318 319 320 322 325 326 329 332 337 338 339 340 341 344 345 348 350 351 352 357 358 360 361 363 364 367 376 380 381 383 388 394 395 398 401 403 409 410 412 413 414 
183 139 154 162 173 179 193 196 198 200 206 213 215 224 228 230 233 234 239 244 247 248 252 260 267 273 276 294 306 311 329 337 338 339 341 343 348 366 374 380 390 398 401 
138 145 172 194 205 230 250 269 283 285 351 356 360 362 369 387 
194 144 145 151 152 155 156 158 161 162 167 170 171 173 175 181 183 184 187 193 203 209 212 214 216 218 219 220 221 230 233 238 240 244 246 256 258 260 261 268 270 272 282 289 294 298 299 300 303 305 309 311 313 314 321 324 327 331 332 338 340 342 343 346 354 359 366 367 369 371 374 377 382 388 398 403 407 408 
148 146 152 153 168 175 179 181 183 188 191 192 194 195 198 199 202 203 204 206 208 209 211 214 217 221 224 235 237 251 259 260 268 270 277 283 287 288 291 298 300 306 312 314 315 317 320 326 327 330 331 334 335 348 356 359 365 366 377 381 385 386 389 399 400 401 402 413 
129 1 139 143 144 151 154 155 156 157 159 161 162 167 168 169 173 175 177 178 186 188 193 200 202 204 205 206 207 208 211 215 219 220 224 232 233 237 242 243 247 249 250 257 264 271 273 275 276 277 278 282 283 285 286 288 289 294 295 296 299 300 306 307 308 316 319 320 325 326 327 332 334 337 342 343 344 347 348 351 352 353 354 355 362 363 368 370 372 374 375 381 382 392 395 398 402 403 406 410 414 
27 146 148 149 152 153 155 156 170 175 178 181 192 193 201 205 217 218 225 226 227 235 249 253 256 260 261 262 268 271 284 286 292 296 299 303 305 308 310 311 313 316 317 320 321 329 336 339 343 350 353 362 369 373 379 383 385 388 391 408 
147 1 141 145 147 153 164 166 171 172 173 177 187 194 195 202 205 206 207 212 214 216 223 236 241 254 259 271 275 276 278 281 284 289 294 297 299 302 303 304 316 322 324 326 328 332 333 340 347 348 352 366 373 376 382 386 387 388 389 390 393 394 396 397 402 406 409 411 
132 140 147 148 152 153 154 156 159 162 163 164 165 166 168 169 171 172 174 179 180 185 188 189 193 194 198 200 204 205 207 209 210 218 219 221 224 226 227 228 232 233 235 237 243 244 249 250 255 256 259 262 267 269 271 276 278 280 286 288 290 291 292 294 298 300 301 302 304 305 306 311 316 317 319 320 322 323 324 325 327 329 331 338 339 341 343 347 362 363 366 367 370 373 374 376 377 378 379 392 393 394 398 403 404 405 409 413 
10 1 139 141 146 149 150 155 163 167 170 171 172 173 176 182 186 187 188 191 193 194 196 197 212 214 220 222 224 234 240 241 247 251 260 261 264 265 268 284 288 289 290 292 293 296 297 306 310 316 320 325 326 333 346 349 350 352 359 361 366 370 371 378 380 386 387 390 391 400 402 404 
145 139 141 144 148 150 151 152 153 154 155 156 167 169 171 172 174 175 176 179 190 192 193 202 207 208 212 214 216 218 224 225 228 233 239 245 247 251 258 260 264 267 269 270 273 274 275 276 277 287 295 297 300 306 307 308 310 314 329 335 336 340 345 347 351 352 356 359 367 375 378 384 396 401 406 410 
14 1 139 145 147 150 170 172 174 175 184 185 202 214 220 223 224 238 243 246 258 275 286 298 300 301 304 308 312 315 316 318 324 325 327 334 340 342 346 347 349 354 359 384 389 401 402 407 410 
258 161 172 173 176 211 213 230 233 255 261 263 285 289 310 326 328 332 347 382 383 388 395 401 
65 147 163 164 171 174 195 196 203 218 219 221 232 237 245 253 256 259 262 267 281 283 291 292 294 296 304 311 328 329 332 334 337 339 346 348 351 364 370 378 380 387 404 408 410 411 413 
45 144 150 151 152 153 157 159 162 165 167 171 172 177 178 182 184 186 187 192 194 196 199 200 201 203 205 206 207 208 210 212 216 229 230 231 234 236 237 238 245 247 248 249 256 258 260 265 266 267 270 272 276 278 279 280 284 285 287 297 298 301 302 303 306 308 310 311 312 314 321 325 327 332 335 336 338 342 344 345 353 358 366 367 370 372 377 380 381 382 383 384 385 386 388 397 398 400 403 404 406 409 411 412 413 
232 145 156 158 163 170 171 172 174 178 185 188 194 196 200 206 209 212 213 217 219 221 223 227 229 230 236 237 238 246 247 248 249 258 261 263 265 274 281 283 287 289 293 296 301 305 308 310 314 320 323 327 329 330 352 353 370 371 373 374 375 377 378 381 383 390 402 405 406 408 409 411 414 
104 141 144 150 153 156 158 162 163 169 174 179 181 182 185 186 188 192 193 195 197 199 200 201 203 206 210 214 217 219 223 226 229 230 231 234 239 240 241 243 245 250 252 254 256 257 258 261 264 270 274 277 279 284 285 286 289 294 296 298 304 305 309 312 313 314 315 317 319 324 325 326 332 334 337 350 351 353 359 370 372 373 374 384 389 391 392 394 401 403 409 410 413 
31 140 141 144 145 159 160 162 169 170 178 182 183 188 190 197 201 220 221 224 229 230 232 234 240 246 250 253 254 258 261 262 265 270 272 274 285 290 292 297 300 301 302 306 308 312 313 315 319 322 323 325 331 333 334 338 340 341 343 346 347 350 352 355 363 364 365 366 367 376 378 381 384 387 388 389 391 399 
66 145 160 161 162 173 174 180 187 204 206 207 209 211 221 231 232 235 237 238 251 258 269 276 288 291 294 304 305 306 313 314 318 329 334 339 345 353 359 365 377 378 380 381 384 389 398 400 404 405 407 412 
56 141 144 147 148 149 151 156 157 158 163 171 176 180 181 184 185 186 187 188 189 190 203 205 207 211 216 220 221 223 225 230 231 232 237 238 241 243 244 245 249 253 254 256 259 260 261 268 270 274 276 279 281 286 288 290 293 295 299 307 309 313 319 321 326 327 330 335 337 338 344 350 353 355 360 365 366 370 381 382 385 386 391 392 394 401 403 410 412 413 414 
44 1 141 142 143 145 149 150 155 159 166 168 169 171 172 178 179 183 184 188 190 191 192 194 196 199 200 201 202 203 205 213 219 220 222 226 228 233 237 238 241 243 245 246 252 253 254 255 257 259 261 264 265 270 275 276 279 280 287 290 292 296 298 299 301 304 305 310 314 317 325 330 333 339 340 341 343 346 350 353 354 358 362 366 368 369 371 372 373 374 376 377 378 382 383 386 389 390 393 396 401 402 407 413 
19 139 145 146 151 153 154 155 156 158 170 182 184 186 187 188 190 192 194 196 197 200 202 203 207 209 210 213 214 215 216 218 219 221 223 229 232 235 238 242 246 247 248 254 256 258 259 263 265 267 269 270 272 274 276 278 283 284 285 292 306 307 309 311 313 316 319 321 322 327 333 334 339 353 356 363 364 372 376 377 378 383 386 387 389 391 396 400 402 403 404 407 408 409 
226 149 151 153 157 162 163 166 168 172 179 185 187 189 195 196 197 199 200 201 202 207 218 219 223 227 232 233 234 237 241 242 243 253 257 260 261 264 265 268 269 279 282 285 290 291 294 295 297 299 300 301 304 305 313 314 319 320 321 323 325 326 330 331 335 338 343 344 347 350 359 361 365 370 372 375 377 380 381 382 387 388 390 391 392 394 401 402 404 406 407 412 
59 145 156 161 173 183 225 239 240 270 285 295 314 329 344 346 352 368 381 390 414 
236 141 142 143 144 151 157 159 163 164 166 167 168 175 181 183 186 187 189 190 195 197 203 205 206 208 210 218 223 224 225 228 230 233 234 239 240 242 243 244 248 249 252 256 259 261 264 266 267 269 272 282 284 286 289 291 299 302 304 312 319 320 322 323 327 329 331 332 333 335 342 345 353 359 360 361 362 363 364 368 369 371 373 376 377 382 386 389 391 392 403 404 406 408 412 413 
43 1 143 147 151 154 158 162 163 165 167 170 176 181 183 184 186 187 196 200 207 209 210 211 213 214 216 217 219 220 224 225 230 231 240 242 244 248 250 251 259 260 262 264 267 272 274 284 290 291 294 299 303 304 305 308 311 313 319 320 325 326 328 329 330 339 340 345 346 348 350 351 357 364 375 377 383 387 388 391 394 395 396 398 405 406 407 408 410 411 
113 160 191 271 302 377 406 
136 141 142 147 150 155 156 164 167 171 178 179 181 184 185 187 188 196 198 199 200 205 206 207 209 210 213 214 215 216 217 220 222 223 230 235 236 238 241 244 246 249 250 251 252 254 256 262 267 268 269 270 271 273 274 279 280 281 283 284 286 287 293 301 302 303 305 310 311 312 313 314 316 318 330 332 333 334 337 342 344 346 347 348 349 351 352 358 359 360 365 366 372 373 375 376 377 379 387 390 392 393 395 396 397 398 399 404 405 406 409 411 
15 147 160 211 282 298 362 384 388 
231 140 141 145 146 152 157 158 161 164 165 169 170 171 174 179 183 191 192 196 198 201 202 204 205 207 208 209 210 213 215 216 217 223 225 226 227 229 236 240 243 245 246 247 252 259 262 263 266 267 269 274 275 279 283 287 290 292 293 297 298 301 305 307 308 309 312 315 319 321 325 326 334 336 341 342 343 346 348 355 358 359 360 361 363 367 369 378 379 382 385 392 393 396 399 402 406 408 409 411 413 414 
100 140 145 146 154 157 158 160 161 174 178 180 183 185 189 194 196 198 201 205 207 212 214 217 218 222 228 230 243 252 254 258 259 265 267 269 271 273 276 281 284 286 287 292 295 296 299 301 302 303 304 315 319 323 324 329 330 332 333 334 336 337 339 340 344 349 354 355 360 362 364 386 387 389 392 405 406 408 409 410 
60 139 141 146 147 148 149 152 153 155 156 158 159 161 162 164 166 168 171 172 178 179 181 182 183 184 186 187 192 194 195 198 199 203 206 207 208 209 212 213 215 217 221 222 225 226 230 235 236 242 247 248 249 251 252 254 255 259 260 269 271 278 279 284 285 288 291 292 294 295 296 298 301 302 304 308 312 315 316 320 323 328 329 332 335 336 347 349 352 355 356 357 374 378 381 382 385 393 394 396 399 400 401 402 407 412 
263 149 158 160 162 175 180 182 190 197 200 209 212 227 234 277 285 290 307 317 371 382 
295 140 150 153 154 157 159 168 169 171 177 187 188 191 198 207 213 217 220 232 233 237 239 240 251 259 266 270 290 304 312 314 315 316 319 321 330 334 342 343 345 346 350 351 353 359 369 372 383 389 400 403 404 405 412 
92 150 158 170 172 240 264 286 287 298 300 319 361 397 403 410 
239 188 195 243 282 317 326 359 362 388 401 
193 140 141 143 146 148 149 153 161 169 172 174 175 177 181 183 186 190 191 194 195 201 204 205 208 213 227 231 232 234 237 238 242 245 249 250 255 257 260 261 263 266 267 268 270 272 273 278 280 281 293 296 299 300 302 305 319 323 337 338 340 345 351 352 353 356 362 366 370 379 386 388 401 403 404 410 411 414 
292 320 344 
133 163 166 180 187 197 213 241 247 254 261 264 269 276 282 291 323 342 345 346 360 366 370 376 381 398 406 410 
169 144 145 159 161 164 167 177 178 179 194 199 201 203 206 207 209 211 217 218 225 232 233 244 251 252 253 256 263 273 277 282 288 297 299 300 308 309 310 312 316 328 335 338 341 347 350 352 381 396 400 410 
35 140 215 218 223 234 255 296 299 308 314 318 323 335 345 346 369 413 
19 143 150 151 154 158 159 161 168 174 189 190 191 192 199 202 205 206 210 212 214 220 226 231 238 239 242 243 254 257 258 260 269 270 273 276 277 284 289 291 292 293 294 299 302 303 304 310 315 319 323 325 328 333 336 337 340 351 357 361 367 376 381 384 398 402 
149 139 140 141 143 147 148 151 155 156 158 159 160 162 163 166 167 169 173 175 178 180 184 185 188 189 192 194 195 205 206 207 208 209 210 211 215 218 221 223 225 232 236 239 241 244 246 250 252 255 256 261 262 267 269 272 273 275 278 281 283 286 287 288 298 300 302 306 307 310 312 313 314 315 316 318 320 324 325 327 331 334 335 336 340 341 343 345 347 349 354 358 360 363 371 372 373 374 377 380 387 389 390 391 396 397 401 402 405 406 407 408 409 414 
205 139 142 153 166 173 186 195 197 204 208 213 217 218 221 231 233 247 253 257 261 276 283 293 309 325 326 332 345 349 357 361 363 365 368 371 372 375 390 400 401 402 405 412 
117 141 143 149 151 154 155 156 161 162 166 170 172 178 179 180 182 183 184 185 188 189 190 200 205 211 214 215 221 222 230 234 236 244 245 249 251 252 253 255 259 261 262 264 267 268 270 273 277 278 279 285 286 291 297 300 301 302 303 307 309 310 314 315 316 320 321 322 325 327 331 336 338 339 342 343 344 346 348 350 356 358 360 362 367 371 373 375 378 381 383 384 385 400 401 402 404 406 409 411 413 
221 160 228 314 327 377 
100 140 144 145 147 148 149 153 158 169 170 171 174 177 184 186 187 189 192 195 200 201 203 205 210 217 219 224 228 232 240 242 244 247 252 253 257 258 259 263 264 268 271 277 281 283 291 292 295 296 297 303 304 310 314 320 321 328 329 335 345 352 353 354 355 365 372 378 381 391 393 399 405 
102 141 143 146 148 150 152 154 156 162 163 167 168 169 170 177 178 179 184 185 188 190 200 201 202 204 207 210 212 213 214 217 220 223 226 230 234 236 237 241 242 245 251 252 255 260 261 262 264 268 270 272 274 281 285 288 291 293 294 296 297 299 302 304 306 312 313 329 333 335 340 342 345 347 356 357 360 361 364 367 369 375 376 377 378 381 383 384 389 391 392 395 400 401 402 405 407 411 412 413 
295 141 144 151 154 162 167 170 175 178 180 186 189 195 196 198 202 203 204 205 207 215 219 220 223 234 237 238 241 250 252 253 254 258 262 263 266 267 270 273 275 276 277 278 287 290 304 305 306 307 316 320 321 322 325 328 329 333 338 351 357 363 364 367 373 377 390 394 395 396 406 407 410 
271 1 152 160 169 171 185 195 207 209 243 246 255 274 295 296 298 303 307 312 321 338 357 360 372 395 396 402 409 411 
263 1 142 143 147 149 150 151 154 156 157 158 159 165 166 167 171 175 177 178 189 191 192 193 197 200 202 208 209 210 213 214 220 221 225 228 229 231 233 234 235 242 250 251 253 259 260 263 265 269 270 278 279 282 285 286 288 293 304 306 307 310 313 314 315 319 322 328 329 339 341 344 350 351 356 359 360 362 363 368 372 375 377 378 380 382 384 386 388 394 395 397 399 401 402 404 408 413 414 
122 141 148 150 153 158 159 165 166 168 171 177 179 182 190 191 192 219 222 224 226 228 235 236 242 245 247 249 253 259 263 265 270 274 287 288 289 291 292 293 299 303 304 307 310 319 324 328 330 333 334 343 344 347 363 368 373 376 385 387 390 394 397 399 406 407 409 410 
3 1 141 142 144 146 150 152 153 157 158 159 165 167 168 171 175 179 185 187 188 195 201 202 205 206 207 212 217 221 222 223 226 233 247 251 252 256 258 260 262 267 268 269 270 271 273 276 278 281 290 291 292 293 295 298 304 308 312 317 325 326 327 329 332 334 337 339 340 341 344 345 351 352 353 354 357 359 360 363 364 367 368 369 374 375 376 378 382 383 385 387 388 391 393 397 398 402 414 
295 139 143 145 155 166 168 193 201 218 219 233 237 239 240 241 254 262 263 278 295 296 304 306 311 314 321 322 340 348 351 358 362 376 382 388 395 397 408 
64 150 160 223 233 265 292 304 358 406 
179 139 144 146 147 151 152 155 160 164 167 168 170 174 176 178 185 198 199 201 203 210 215 216 220 223 225 227 230 234 237 238 239 240 250 252 258 264 265 267 268 272 273 278 281 282 288 292 295 296 300 303 307 308 313 314 319 320 322 324 327 328 330 333 334 338 339 340 348 358 359 366 368 369 371 372 375 377 379 381 382 383 387 397 400 401 403 409 
263 1 140 141 146 157 161 167 169 170 175 183 194 212 220 221 232 245 271 280 286 303 304 306 317 323 324 333 334 351 360 364 371 374 394 405 
202 139 141 148 150 154 157 158 168 171 177 182 184 186 195 198 202 204 207 209 213 218 223 225 226 229 232 233 235 240 243 252 259 272 280 287 290 294 297 300 304 307 308 310 313 314 315 316 319 320 321 322 323 325 327 330 332 337 338 343 353 359 366 375 377 392 401 405 
198 139 141 142 145 147 148 151 156 157 160 161 162 167 168 169 170 171 173 174 176 177 182 183 184 185 187 188 189 192 196 197 199 200 203 211 214 215 216 218 219 220 222 225 233 234 238 240 242 243 244 246 247 257 259 260 262 267 271 275 280 281 282 283 286 288 291 295 296 300 303 309 314 318 320 321 322 323 324 331 340 344 345 346 357 360 366 367 370 373 374 375 376 379 380 381 382 383 384 385 388 390 392 393 395 400 402 403 406 407 410 411 413 
75 1 140 143 144 147 148 149 155 156 157 158 159 160 165 167 170 172 173 174 176 178 183 184 185 194 199 203 205 208 209 212 213 217 218 221 226 227 229 230 233 235 236 238 239 240 243 244 249 252 255 260 263 269 273 275 278 279 282 284 287 288 290 291 293 296 297 299 300 302 303 310 323 325 326 329 331 335 339 345 346 347 348 350 352 354 362 363 366 368 369 371 380 381 383 386 387 388 389 390 393 400 403 406 411 413 
256 139 148 149 153 155 160 164 166 167 168 171 191 194 197 204 207 210 217 235 238 242 243 245 251 252 258 265 270 276 284 285 289 304 306 307 314 332 337 338 339 341 345 347 352 362 374 394 398 404 410 413 
134 180 189 201 229 254 262 269 286 301 323 343 352 378 379 386 412 
157 1 141 142 147 151 153 156 158 159 160 162 163 167 169 170 172 174 177 182 185 187 190 192 193 194 195 196 197 202 205 208 215 219 220 225 229 233 234 238 240 241 242 243 248 252 255 257 258 260 261 262 264 265 268 269 275 277 281 283 285 287 290 291 297 301 302 311 316 317 319 320 325 331 336 337 345 352 353 356 361 362 363 366 368 369 370 374 376 383 386 387 389 390 391 392 396 400 401 407 408 411 
56 143 153 158 165 171 182 193 195 199 201 209 213 218 219 221 227 229 230 234 239 241 244 251 253 270 281 282 284 298 302 308 315 331 333 349 351 354 356 361 363 366 370 375 384 395 397 402 404 405 406 407 408 412 
54 207 210 291 353 401 
168 1 147 148 153 154 155 174 180 182 184 186 191 195 198 208 216 218 221 230 233 237 248 254 257 300 303 304 317 330 334 335 342 344 347 350 353 358 359 364 373 380 383 398 399 403 
271 140 148 149 152 154 163 165 167 172 174 177 181 183 185 186 188 190 191 192 193 201 202 206 207 209 211 212 213 214 219 224 235 237 238 240 244 245 251 256 257 258 259 260 261 263 269 270 271 273 277 278 283 285 287 288 290 291 294 297 301 303 305 308 311 317 318 319 323 324 325 326 329 331 333 334 336 337 339 342 344 347 352 354 359 361 363 367 368 371 373 374 378 381 382 385 387 395 399 400 407 408 412 413 414 
299 142 143 148 150 152 158 163 165 167 168 171 176 178 180 187 194 195 196 199 207 208 212 213 217 226 229 232 239 244 252 257 258 266 272 275 283 287 298 308 309 314 316 318 324 328 329 335 336 343 345 355 359 362 368 370 373 378 381 388 390 391 392 396 397 401 411 
273 1 151 171 178 186 187 189 190 192 199 200 201 204 213 217 230 233 240 242 243 255 257 258 264 265 271 278 287 289 293 298 323 328 333 338 347 358 366 387 388 389 390 404 
271 139 141 143 145 147 160 164 166 167 173 177 180 181 182 188 191 194 197 198 201 205 213 215 219 220 221 222 223 225 227 228 229 232 233 236 237 238 239 245 251 254 256 257 260 261 262 263 270 271 273 278 280 281 288 291 292 295 302 309 311 313 318 319 320 322 323 326 333 337 338 340 343 346 347 352 356 357 358 365 366 371 375 378 386 390 396 397 399 405 407 408 413 
60 1 141 148 149 154 159 167 169 170 171 174 180 183 186 192 194 197 208 209 211 217 220 225 228 229 232 234 241 242 243 244 250 255 262 264 267 268 276 277 279 287 295 308 314 315 318 322 339 340 341 342 347 348 350 351 355 357 377 379 380 385 387 389 398 400 405 406 412 
164 163 183 206 231 232 236 265 287 289 294 317 321 326 327 333 334 335 336 341 345 365 366 379 382 400 
166 140 143 150 165 170 171 173 174 177 178 179 180 182 183 187 191 192 195 196 198 199 202 203 206 207 213 215 216 217 218 221 223 236 242 244 245 246 249 251 254 255 258 260 261 276 279 284 286 288 293 295 306 312 313 314 315 322 327 329 331 332 338 339 345 354 356 358 359 361 364 365 369 370 371 372 373 377 380 384 389 390 391 393 395 399 401 403 406 408 410 413 
15 146 176 196 211 219 226 238 241 255 256 267 273 274 278 281 285 292 302 304 321 324 327 345 357 360 374 387 395 403 404 405 
41 141 150 151 152 153 154 159 160 161 180 181 184 192 200 201 205 214 215 224 227 229 231 233 236 254 255 267 280 282 288 289 293 294 298 307 311 317 318 322 324 328 329 331 332 333 340 345 359 360 361 363 365 369 385 389 395 401 411 
59 152 155 157 159 161 167 171 176 194 197 205 207 211 214 232 234 235 240 243 246 247 254 266 275 277 285 290 302 305 306 308 313 317 321 323 324 330 333 338 339 341 342 348 349 355 356 366 375 379 394 403 410 411 
27 1 141 143 146 148 152 153 154 156 162 171 173 181 182 192 194 208 209 211 218 221 225 236 238 244 250 253 256 258 259 263 264 267 269 272 276 277 278 279 281 282 288 291 294 299 300 304 306 307 313 325 326 327 328 332 339 340 341 348 350 361 366 367 371 373 374 377 378 398 399 400 407 410 413 
174 168 178 204 206 210 234 254 280 282 285 308 346 359 377 403 
227 142 148 153 155 159 160 161 163 164 165 169 172 174 176 180 185 187 202 203 209 213 219 226 228 230 234 238 239 240 245 255 259 262 265 269 272 279 284 285 286 288 289 291 295 298 302 303 307 313 314 318 324 328 329 334 335 336 339 342 343 346 350 351 357 359 362 366 367 391 392 398 399 402 404 405 413 
134 145 152 156 160 173 174 180 183 186 190 197 202 205 207 210 211 226 227 229 239 241 242 244 245 247 254 257 258 261 262 263 266 267 270 271 272 275 276 281 282 283 284 293 294 296 301 307 310 316 318 324 337 345 346 350 352 354 355 359 361 362 364 372 378 391 392 397 402 403 404 406 407 
272 145 146 151 152 155 160 162 164 170 191 201 214 216 228 237 239 245 248 253 254 256 257 260 272 279 280 282 285 288 293 294 299 301 305 307 310 311 312 314 318 319 321 322 329 332 337 338 348 358 364 369 372 377 379 384 394 398 401 405 406 407 413 
159 141 159 165 172 177 183 194 200 206 212 216 218 240 242 247 254 260 299 306 310 319 340 345 349 365 366 368 380 389 390 396 410 
33 140 141 143 145 146 147 150 151 157 158 161 164 165 169 170 172 175 176 183 186 189 190 191 196 197 208 209 213 215 218 219 220 227 228 230 231 234 237 240 243 249 258 263 264 266 268 270 271 275 279 283 284 291 292 293 299 303 305 307 308 313 315 316 318 329 330 331 341 356 358 362 364 369 372 374 375 382 389 396 401 406 407 408 412 
214 150 156 158 164 184 188 196 205 209 214 230 244 252 255 259 267 280 281 287 298 301 316 321 338 339 364 365 376 398 
55 140 144 147 152 154 160 163 164 181 190 195 197 199 200 205 211 213 215 221 224 232 240 250 253 254 261 265 268 272 273 275 279 280 292 300 309 317 321 325 338 348 349 351 356 357 360 364 384 397 402 403 404 406 
7 401 
140 140 144 148 150 151 158 161 166 171 174 176 182 186 187 192 195 198 201 202 204 206 207 209 210 216 218 223 224 225 226 227 232 233 234 238 248 253 255 257 258 261 262 263 264 265 267 268 269 277 278 282 283 284 289 306 311 312 313 314 318 320 324 325 328 332 334 339 342 347 355 358 361 363 367 371 373 375 382 384 388 392 394 397 402 407 408 409 
37 148 149 150 156 157 159 160 166 167 172 174 176 182 185 186 187 188 190 191 193 198 203 205 206 210 212 214 215 216 219 227 229 236 237 242 243 245 249 257 258 260 262 268 272 274 277 283 285 293 299 300 305 307 309 310 315 318 320 321 322 325 327 329 331 333 337 340 343 344 346 347 352 356 364 366 368 370 371 372 374 375 379 381 383 394 396 397 398 404 406 408 410 411 
142 1 150 151 152 153 155 160 165 166 174 175 182 183 186 190 191 192 193 196 197 199 200 204 205 206 212 213 214 215 224 225 227 229 237 243 244 247 249 252 253 256 258 260 269 274 275 279 280 281 283 284 291 297 298 301 302 308 309 311 315 321 323 334 339 340 346 347 349 350 355 359 360 364 368 370 371 372 376 379 381 393 396 405 
168 1 142 145 148 154 162 171 172 175 177 189 192 199 201 202 205 206 214 231 238 239 242 243 245 253 267 277 284 289 290 299 300 315 318 319 325 329 331 335 336 342 344 345 348 353 358 363 366 367 368 372 377 379 381 382 384 389 390 394 396 402 403 405 409 411 
234 139 140 144 149 151 152 157 161 162 165 167 168 171 172 182 184 187 188 189 190 195 198 199 201 212 213 215 216 217 221 228 232 237 240 248 251 254 261 263 267 270 271 276 280 282 285 286 289 291 297 298 303 307 308 311 314 316 317 318 319 320 323 324 327 331 335 336 341 344 345 346 347 350 353 359 360 361 366 374 375 376 378 380 381 387 391 393 396 397 398 400 401 402 404 409 411 
246 174 184 235 275 289 291 308 342 372 382 394 
57 143 144 145 148 149 155 158 162 165 172 174 180 183 184 185 186 188 191 196 202 205 206 212 216 220 222 223 226 231 233 236 237 239 240 241 247 251 259 262 266 267 271 272 275 277 280 281 283 285 287 289 291 294 295 296 301 302 303 304 305 307 309 310 311 312 316 318 323 324 329 332 333 335 339 340 344 352 358 362 363 373 374 375 376 379 384 389 395 402 403 404 410 412 413 
165 1 139 142 146 152 155 157 162 163 164 167 169 182 185 193 194 199 202 205 206 207 208 215 216 221 223 224 228 229 230 235 238 244 246 247 250 257 264 266 275 279 280 289 290 294 298 303 305 307 309 310 312 314 315 316 318 319 320 328 331 334 338 339 340 341 342 347 348 351 352 356 357 358 364 372 374 379 382 383 386 393 395 403 406 408 411 413 
300 146 148 173 178 179 194 195 198 210 222 228 238 242 243 245 249 252 258 261 267 275 285 302 305 308 322 324 337 345 347 348 356 367 369 374 399 404 409 
102 149 152 154 161 163 165 166 168 169 171 172 173 201 204 210 217 218 221 231 238 240 243 252 254 259 262 267 268 271 278 279 280 284 289 290 291 296 301 315 317 325 331 339 340 348 349 356 358 361 370 381 387 392 406 408 410 
145 142 144 146 148 152 153 154 158 159 181 183 191 198 199 200 211 216 217 221 228 233 236 239 250 253 254 258 260 264 268 271 273 282 285 286 294 297 300 303 311 316 317 318 325 331 335 336 340 342 343 351 355 362 363 367 368 370 373 377 378 379 381 390 393 400 405 407 410 411 413 414 
167 140 141 142 143 144 146 147 148 152 156 157 160 169 170 171 173 174 176 181 187 191 195 196 197 198 199 206 209 222 231 232 237 241 243 245 250 252 255 256 257 261 266 273 278 280 288 291 297 299 300 303 305 307 308 310 311 330 331 333 336 338 340 342 345 354 356 361 363 364 366 367 369 370 371 372 376 378 379 380 381 384 388 394 398 399 400 401 402 403 411 414 
225 140 144 145 146 147 148 149 153 156 159 165 166 169 170 173 180 187 188 189 193 201 202 203 204 208 210 216 217 218 223 224 225 226 232 234 236 240 245 249 251 254 257 262 267 270 271 279 280 281 292 296 298 303 308 311 314 317 325 326 330 339 343 348 357 359 366 367 368 369 370 371 373 374 377 378 383 387 392 394 395 397 398 401 403 406 409 412 
153 242 362 
192 141 142 147 150 153 160 162 166 169 172 176 177 178 181 182 183 185 186 187 189 190 192 205 206 209 212 214 218 219 222 224 225 227 230 233 234 238 239 240 244 249 254 256 258 259 260 262 263 265 266 269 272 277 281 282 285 286 289 297 303 307 313 314 317 324 327 330 334 337 341 342 345 348 351 352 354 355 362 363 367 371 373 376 378 379 381 385 387 394 397 399 401 404 405 406 407 
69 186 406 
97 139 141 143 145 146 147 150 152 153 165 166 168 173 174 176 180 182 192 194 198 199 201 202 217 220 221 224 234 239 242 246 247 249 264 265 266 270 272 280 281 282 284 285 291 293 294 295 299 302 303 306 307 309 313 314 319 320 321 325 328 330 335 337 340 347 348 350 351 356 359 360 368 373 376 379 385 390 393 395 397 398 400 402 403 406 407 
152 1 139 148 157 160 162 183 190 202 209 217 225 243 249 251 259 282 288 312 317 320 327 332 348 351 362 363 375 381 382 396 
170 1 149 152 153 154 156 161 163 166 172 173 175 176 178 184 185 189 198 199 200 208 209 222 227 234 239 246 247 249 257 260 267 269 275 276 279 285 292 304 306 308 309 311 324 332 333 344 348 352 356 373 376 378 379 386 388 389 391 392 399 405 408 413 
80 153 159 166 167 171 174 206 214 216 218 232 236 243 244 247 254 256 259 267 271 274 277 287 290 291 300 301 304 307 309 314 323 328 336 340 342 344 347 357 358 360 362 370 377 380 391 393 394 398 400 406 413 
182 163 172 173 186 198 209 224 232 238 246 283 284 288 307 321 325 331 337 364 371 388 408 
96 1 140 143 148 149 150 158 164 166 178 180 182 183 184 186 187 191 194 195 198 206 208 214 217 218 227 234 250 252 256 267 275 276 280 284 292 298 299 302 306 308 309 312 316 317 318 319 320 330 335 336 337 338 347 350 353 359 361 367 369 378 380 385 387 401 407 411 413 
250 1 144 148 152 154 155 156 159 160 166 167 168 169 171 181 185 189 191 194 195 196 198 203 206 208 214 215 216 218 219 223 231 232 233 235 237 238 239 241 243 253 255 257 260 262 268 271 272 274 277 280 282 291 292 293 294 295 297 298 299 303 304 306 307 309 310 311 313 323 327 328 330 332 335 336 338 339 342 347 348 353 356 360 364 365 370 376 377 378 379 381 383 388 393 400 401 403 413 
118 145 150 175 203 207 210 212 215 231 243 246 250 251 260 261 267 272 276 290 298 303 313 315 325 340 350 375 377 399 404 412 
197 147 158 159 170 175 177 180 185 191 192 197 203 207 209 232 239 243 251 254 265 285 303 307 315 321 327 334 341 347 349 363 365 366 368 373 381 389 397 401 403 406 408 
130 1 142 143 144 145 149 155 160 163 165 183 186 194 195 197 199 205 206 207 210 214 229 232 240 241 245 247 248 249 252 258 261 263 265 266 268 271 274 275 277 279 281 282 283 285 288 290 295 296 297 298 300 301 302 307 308 310 313 316 321 323 325 326 330 331 334 336 340 342 343 344 348 351 353 357 358 361 363 364 366 369 370 373 374 376 379 380 382 383 387 388 391 393 394 395 396 398 400 402 403 404 408 409 410 414 
83 1 139 145 147 152 161 165 166 167 168 169 171 172 174 181 182 183 184 186 189 190 192 195 199 201 205 206 208 214 215 218 222 223 224 225 227 228 230 233 235 242 243 248 250 251 253 254 256 258 263 265 266 268 271 279 281 286 288 293 296 298 301 302 310 313 314 315 316 317 322 325 327 330 331 332 336 339 340 341 342 345 346 348 349 354 363 368 369 376 379 383 390 393 394 396 400 401 408 409 413 
21 140 143 148 155 156 159 163 164 167 186 188 189 192 193 195 199 200 201 204 207 208 212 215 216 219 224 225 226 227 230 232 238 240 244 246 247 248 249 251 252 253 256 258 259 261 263 265 267 268 269 270 273 276 278 280 281 286 287 291 292 293 296 301 302 303 309 311 323 324 326 330 336 338 340 344 345 348 352 353 354 358 359 360 366 373 377 378 381 385 386 387 389 393 397 398 399 400 402 404 406 409 411 413 
293 145 150 152 157 162 163 164 165 166 170 174 178 183 185 187 189 190 193 194 199 200 201 204 208 209 215 216 218 223 226 231 232 233 234 235 237 243 250 256 266 267 270 271 273 282 293 295 296 301 308 313 314 317 319 323 326 331 334 340 343 344 347 349 351 352 353 354 361 364 369 371 377 378 379 386 387 389 392 393 402 406 408 410 411 412 
285 145 160 163 174 191 202 210 213 217 235 265 293 297 322 349 360 361 364 401 
292 1 142 143 145 146 147 155 157 163 170 171 172 176 177 181 183 184 185 188 192 193 194 195 201 203 205 214 215 216 219 220 221 224 225 226 230 231 232 234 235 237 238 242 243 245 247 249 254 258 259 268 270 274 277 278 281 289 290 292 295 296 297 302 303 304 306 307 308 309 310 312 314 318 319 320 330 332 338 339 343 345 346 350 351 354 356 357 359 360 362 364 370 372 373 374 375 376 388 389 394 399 400 401 406 407 408 411 
205 139 142 146 149 151 154 157 165 167 171 176 185 189 194 200 201 202 203 217 220 222 228 232 235 243 245 246 260 263 266 270 282 284 303 307 308 315 322 323 327 340 343 347 358 360 365 373 377 379 383 384 388 389 391 397 398 401 412 
287 1 140 144 147 150 152 155 156 158 160 164 167 170 171 174 179 180 181 183 186 192 197 199 200 204 206 208 213 214 218 227 229 239 241 242 243 253 254 264 265 266 269 270 271 272 273 274 279 286 287 293 300 302 306 307 309 316 321 322 324 326 327 328 337 347 351 356 360 368 373 375 376 378 382 383 394 396 401 404 405 407 414 
213 140 142 145 159 162 166 171 178 182 183 188 190 193 207 209 212 220 231 233 237 257 264 278 279 286 287 294 297 298 303 304 306 311 314 322 326 332 335 352 363 364 369 370 377 382 385 391 393 396 401 405 406 414 
40 146 150 162 171 179 181 186 194 202 204 212 218 220 221 222 234 239 240 247 269 277 296 311 322 324 330 335 338 345 352 369 376 385 386 
208 1 139 140 147 149 156 159 160 161 164 165 166 169 170 171 174 177 182 183 184 188 190 194 198 203 205 206 207 208 209 216 217 230 238 239 241 250 254 255 264 266 268 270 271 273 275 278 281 283 285 287 288 295 299 300 301 302 303 306 307 309 311 315 316 321 329 332 334 336 338 342 343 346 349 350 351 352 353 355 357 358 359 360 367 375 376 378 379 385 387 391 394 395 399 400 402 408 409 413 
178 140 144 146 149 156 172 174 175 176 188 195 196 207 208 209 210 211 215 217 218 222 231 244 247 252 259 260 265 266 274 275 276 277 280 287 288 289 294 300 302 304 305 308 309 311 312 314 317 323 324 327 328 330 332 348 350 351 358 375 376 386 394 398 400 402 404 407 408 409 411 412 
67 142 145 146 147 149 155 156 157 160 162 165 166 169 171 173 174 175 179 180 181 183 185 186 189 190 195 197 201 206 207 213 219 220 221 222 223 225 228 230 232 234 239 244 245 246 247 248 254 257 262 263 266 269 272 275 279 282 283 285 299 301 303 304 308 310 311 312 317 318 320 322 329 332 342 343 345 346 348 349 350 353 355 361 367 368 369 382 383 391 393 397 401 404 408 409 410 411 
151 144 147 151 161 166 167 169 172 173 175 180 186 187 190 195 198 200 205 209 216 220 221 222 224 225 227 228 233 237 241 247 251 254 264 265 270 274 280 284 287 289 292 294 296 301 303 307 308 315 320 321 323 326 337 340 349 350 353 369 377 386 389 390 394 397 406 407 410 
154 139 142 146 159 166 176 240 241 254 291 303 310 319 331 344 355 363 377 380 381 383 413 
49 149 150 153 158 159 163 177 180 182 184 185 190 191 196 201 206 212 218 219 230 231 243 254 259 260 269 270 271 280 290 301 303 320 322 324 330 331 358 360 361 365 368 375 382 385 398 407 408 410 414 
123 146 155 156 161 166 167 173 175 177 182 189 193 197 205 210 217 225 234 242 251 254 271 277 288 291 297 304 307 308 314 315 319 320 321 322 336 342 345 347 354 361 367 369 374 382 385 392 393 406 412 414 
266 1 140 149 150 152 153 158 163 166 167 173 175 176 181 187 188 192 195 197 199 200 206 207 209 210 211 212 218 220 222 224 226 229 243 244 249 252 254 259 262 268 269 270 276 277 279 280 283 284 292 293 294 296 301 302 303 306 307 312 313 314 315 317 319 320 321 322 325 328 330 339 340 342 345 350 351 354 358 362 365 367 374 380 381 389 392 394 395 397 398 399 404 407 413 
216 148 150 151 163 167 173 176 184 187 195 215 226 234 235 237 241 251 266 270 272 280 281 285 286 293 294 297 305 306 309 311 319 320 321 324 325 339 345 352 358 365 367 371 379 384 386 387 388 389 394 396 397 398 404 405 
49 170 173 176 193 227 232 242 248 258 274 316 360 
158 141 144 148 167 179 194 200 204 213 223 228 229 243 248 249 251 254 255 266 274 275 278 281 284 287 330 336 358 360 378 398 401 405 413 
5 1 141 144 150 157 160 173 194 206 208 212 214 220 232 236 246 248 256 257 258 272 282 284 289 301 309 311 313 321 343 348 355 362 379 381 390 396 409 413 
272 150 152 153 158 163 164 165 167 169 178 179 180 185 187 189 191 193 195 200 203 205 206 208 211 214 216 220 223 227 231 234 237 242 246 247 249 255 259 268 269 272 275 276 279 282 286 289 290 292 293 295 296 302 303 304 307 308 315 319 323 326 327 331 345 346 348 349 353 356 357 359 372 374 386 388 395 402 405 407 408 411 414 
227 141 184 212 220 227 272 354 405 
244 140 142 145 147 157 166 167 173 176 182 186 192 193 198 201 202 205 211 214 215 220 229 237 238 239 241 243 246 248 252 253 287 289 294 300 312 313 318 323 324 335 338 339 352 361 362 368 370 371 372 373 375 377 378 392 393 407 408 
119 141 142 147 148 149 151 157 159 162 165 166 170 176 180 183 196 198 205 207 215 216 218 221 222 225 227 231 243 246 247 249 252 253 255 258 261 268 270 273 275 277 280 282 284 287 290 291 295 296 304 305 306 307 308 309 316 317 318 320 326 339 342 343 348 352 358 359 374 380 389 393 404 410 411 
176 149 151 154 158 161 165 170 171 173 176 177 178 179 180 182 183 184 188 189 199 203 204 216 226 229 231 233 234 235 236 245 248 250 253 254 255 260 261 262 266 268 270 274 275 276 279 283 284 294 301 302 304 306 308 311 313 324 332 335 340 342 345 348 350 351 355 359 366 368 380 381 385 394 395 396 399 401 402 406 408 409 411 412 414 
133 1 140 141 150 152 157 166 167 172 182 185 190 191 195 208 213 216 217 220 228 229 230 232 250 254 261 264 268 279 294 301 309 311 319 328 333 342 343 346 347 357 359 369 372 390 394 398 401 409 
63 150 152 157 158 160 163 164 165 169 171 188 194 200 202 204 206 208 211 215 216 217 223 226 227 230 231 233 235 237 238 242 245 247 249 250 252 265 266 268 272 274 281 282 284 286 290 297 303 307 309 311 315 322 324 325 327 329 330 331 335 336 339 340 343 346 347 354 357 358 360 363 366 367 371 375 377 378 380 381 383 386 387 388 393 394 397 400 401 402 405 406 409 414 
37 149 153 157 160 166 182 207 213 223 229 230 240 246 248 252 271 278 283 284 290 295 318 326 328 349 359 363 366 369 390 412 
265 145 147 148 152 156 157 158 159 160 163 167 168 170 174 175 186 191 194 195 196 197 198 200 201 202 208 209 211 216 217 219 220 225 228 229 231 232 238 239 240 242 243 244 245 246 248 249 250 253 255 259 260 263 265 266 267 272 273 276 279 280 281 285 286 292 296 302 304 307 309 313 314 317 318 335 342 343 345 346 347 348 350 352 355 360 364 365 368 371 372 378 380 381 392 393 394 396 398 403 404 407 409 411 414 
209 139 146 148 149 151 156 163 164 168 174 185 187 200 201 203 206 207 210 212 213 225 229 231 237 238 239 242 251 271 272 273 274 275 276 279 281 284 294 296 300 302 304 305 310 323 324 329 336 337 340 349 353 355 363 364 367 376 382 383 385 387 393 395 402 
29 154 173 182 201 204 213 216 218 220 227 236 254 288 292 295 322 324 
5 146 148 154 157 158 160 164 172 176 179 180 184 195 198 200 207 209 210 214 215 221 223 226 242 246 249 255 258 276 280 284 285 289 297 313 320 322 323 325 327 328 330 348 352 354 355 358 368 369 370 382 383 387 390 395 396 398 400 403 404 407 411 
141 143 185 220 222 224 231 247 256 258 278 302 305 309 311 322 325 360 373 377 
136 1 152 154 169 175 181 185 187 189 196 200 201 204 214 215 216 220 223 226 232 235 239 240 246 248 253 255 256 258 259 266 271 272 275 279 282 284 287 292 293 294 298 305 321 325 329 331 332 334 338 344 347 348 351 357 362 363 368 369 371 382 383 384 392 395 396 401 404 407 
262 1 140 143 144 145 147 150 151 153 156 158 159 161 162 163 169 175 176 179 180 183 185 187 188 189 191 193 195 203 206 217 219 223 224 227 228 230 235 239 243 246 252 255 256 257 267 269 270 274 278 284 287 291 293 296 298 303 308 309 314 319 322 329 335 337 338 345 359 360 363 368 370 373 374 376 385 386 392 393 394 395 397 405 407 409 410 411 
8 140 145 153 157 158 159 175 184 191 194 195 210 211 213 215 218 223 227 232 233 250 251 256 259 265 275 288 289 290 296 297 305 319 322 327 330 331 332 344 350 355 370 385 387 
210 151 153 156 166 185 194 195 201 219 245 257 259 278 294 300 334 375 380 392 395 
245 144 145 157 166 167 171 174 176 179 180 192 193 201 212 219 220 225 234 256 260 264 267 268 289 291 297 302 307 322 332 336 344 352 354 359 365 369 371 373 383 395 404 409 410 
79 148 153 154 160 164 165 167 172 173 175 186 190 191 192 202 208 212 214 215 219 220 221 222 226 232 233 235 236 238 246 251 252 257 266 267 273 276 280 282 286 294 295 304 305 315 317 319 322 326 328 342 348 349 351 352 358 361 366 367 368 370 375 378 380 384 385 388 390 391 393 394 396 398 405 408 410 413 414 
71 1 140 142 146 157 163 165 170 171 174 175 180 186 188 193 196 199 202 210 222 225 234 235 238 242 248 250 254 263 264 266 268 269 274 275 277 278 279 282 284 285 288 290 293 297 299 301 304 307 314 319 321 322 327 329 332 333 345 349 352 354 361 362 376 377 381 384 386 396 398 400 407 411 
110 318 380 
217 140 142 143 149 152 160 161 164 167 168 172 174 175 178 179 183 184 188 189 193 195 198 200 201 210 212 213 214 218 223 228 233 234 235 243 245 246 250 258 260 263 267 269 270 272 273 274 275 286 287 289 290 291 292 293 294 302 303 314 317 318 320 322 323 324 328 329 331 334 335 336 337 340 341 342 346 351 352 358 359 362 364 366 378 379 380 381 382 387 389 391 393 395 396 397 400 402 404 407 411 412 
229 148 149 153 163 188 193 202 212 226 230 243 257 261 266 275 291 293 299 302 315 322 323 326 329 353 380 381 386 398 403 414 
123 314 
10 141 142 144 146 147 152 153 155 161 169 170 178 181 184 188 189 190 193 196 197 199 201 203 207 211 215 216 218 219 220 222 225 229 230 234 235 245 246 248 259 272 276 277 279 281 283 284 289 290 291 295 298 301 302 310 316 319 327 331 334 337 338 339 341 343 347 349 356 359 371 376 380 387 389 395 396 398 403 408 410 
292 140 146 149 154 159 160 162 174 175 176 188 190 191 192 194 196 198 199 203 208 209 210 213 223 228 229 233 239 241 248 252 261 264 266 270 274 276 281 284 285 286 290 295 297 305 311 314 321 324 328 330 333 334 335 339 345 348 350 353 358 359 362 365 369 370 375 376 382 385 393 396 400 403 404 406 
154 139 153 163 170 171 172 177 181 189 196 213 230 240 244 248 258 260 272 274 283 291 292 299 319 320 322 326 335 340 341 342 347 348 358 364 369 379 383 394 398 401 
141 170 175 186 187 192 195 213 223 224 228 254 269 272 287 302 305 314 319 326 358 362 367 379 399 408 
136 172 181 196 220 223 227 301 302 317 339 354 366 372 
117 140 142 146 147 151 152 153 157 161 162 163 168 170 173 178 181 182 183 186 187 189 191 194 195 204 205 209 217 218 222 227 229 230 232 234 236 237 238 240 242 244 245 252 255 256 258 260 262 263 266 267 269 271 274 278 279 281 283 284 287 289 291 292 303 309 310 312 313 318 320 329 332 333 334 336 341 347 353 355 358 360 370 372 374 376 379 380 387 389 395 396 397 401 403 405 406 407 408 410 411 412 413 
161 145 149 168 173 203 207 211 215 226 227 230 239 276 284 287 291 299 317 350 362 380 381 397 406 
239 142 143 144 145 149 154 155 157 160 161 164 165 167 171 172 173 174 176 177 182 185 186 195 203 206 209 215 216 218 219 223 226 229 230 235 236 237 243 245 258 261 265 268 271 274 278 283 284 285 290 294 295 296 297 301 305 306 307 309 317 319 325 328 329 331 335 336 340 342 343 353 355 364 371 372 375 377 378 379 382 385 387 390 391 392 407 409 410 413 
115 180 239 256 257 281 294 371 389 
39 140 166 168 177 190 191 200 204 214 216 219 221 223 233 234 242 245 247 248 252 253 260 261 265 274 275 276 279 280 302 309 315 326 328 329 330 333 343 345 347 350 353 354 355 358 363 377 378 383 394 398 414 
158 1 148 151 155 159 160 166 167 175 178 179 192 203 209 214 219 224 227 229 230 232 235 238 241 243 253 257 259 261 265 270 279 280 281 285 290 293 299 301 303 306 310 312 316 319 321 328 331 335 336 340 342 344 345 346 348 356 358 360 362 363 367 368 371 375 378 383 397 401 402 411 414 
161 143 148 153 161 164 189 208 209 224 264 276 278 282 285 286 299 311 333 340 345 346 365 380 381 387 
212 159 161 164 171 172 175 178 184 187 189 192 197 208 210 214 217 218 220 233 237 238 239 241 247 251 252 254 260 270 287 289 299 325 328 339 340 345 356 359 371 380 382 384 388 395 396 402 408 409 
250 145 249 252 268 280 289 324 340 344 355 
156 154 162 164 171 174 182 184 191 193 208 211 212 215 216 222 245 251 256 267 268 270 273 294 295 297 299 308 317 333 353 355 366 372 384 385 394 396 401 402 404 406 414 
217 143 144 152 153 155 161 165 169 170 181 186 211 212 214 215 228 233 240 241 251 257 267 275 277 278 279 289 292 310 315 316 317 336 339 359 361 380 382 390 394 402 410 
274 141 145 161 165 167 168 169 174 176 177 178 185 188 189 192 194 196 197 201 202 206 209 210 211 215 219 220 221 222 226 230 232 233 236 240 241 242 244 245 251 255 258 259 266 270 271 273 279 281 288 293 296 306 307 310 313 318 322 323 326 331 334 336 337 338 339 341 343 346 350 354 355 358 360 361 364 365 371 372 377 378 382 385 386 389 391 392 395 405 410 413 
84 140 146 156 158 159 164 165 175 176 180 181 185 194 202 208 209 211 213 223 226 233 235 246 254 264 274 281 283 291 301 303 304 307 309 311 313 317 318 320 325 329 340 349 350 357 359 361 362 376 380 387 393 397 402 407 410 
180 140 143 144 147 148 150 155 156 160 164 168 169 170 171 173 174 182 184 185 186 187 195 197 198 199 202 208 210 212 214 219 220 221 228 229 234 239 240 242 245 246 248 252 255 260 263 265 266 268 271 272 281 282 283 288 289 292 295 300 304 305 306 309 312 317 319 320 321 323 325 334 338 340 342 343 347 349 351 354 356 357 359 362 365 366 369 371 372 374 376 377 378 379 380 381 382 383 385 386 388 389 391 398 400 408 409 412 
113 157 159 162 164 168 173 177 185 199 208 212 234 237 242 244 260 271 278 279 285 300 302 304 321 323 335 345 381 382 384 391 410 
127 142 144 145 148 149 150 152 153 156 162 164 165 170 174 176 180 182 187 189 195 200 207 210 213 219 221 227 229 231 234 242 245 248 270 272 274 278 282 289 296 302 303 307 308 311 313 320 322 324 327 337 339 341 345 347 351 353 355 364 366 373 381 385 400 402 406 409 
258 1 142 143 147 156 166 177 180 181 189 200 204 205 209 214 219 222 234 235 240 241 243 247 253 255 257 262 266 267 271 274 275 276 278 279 281 288 296 297 298 301 307 310 312 313 320 330 334 336 341 342 347 348 350 351 353 362 366 369 370 371 375 380 396 403 404 405 408 410 411 
209 141 150 152 160 163 164 172 174 177 178 179 182 184 185 187 188 191 195 198 201 208 210 211 212 214 215 222 226 229 230 233 240 242 243 245 248 249 250 252 253 254 255 258 259 262 263 265 269 273 274 275 284 288 291 294 299 305 306 307 310 312 313 320 324 325 327 337 338 339 348 349 353 354 359 364 366 367 371 372 375 382 389 390 391 395 398 399 401 406 409 412 414 
156 139 142 144 147 159 161 162 164 170 178 180 182 185 186 187 188 189 191 196 198 199 200 202 203 204 208 209 211 212 213 214 216 217 218 220 222 225 226 228 229 232 233 234 239 242 244 245 246 249 251 253 257 259 263 267 268 269 270 271 272 276 278 280 281 288 290 298 299 309 314 316 317 318 319 321 323 328 331 335 336 340 342 343 344 347 348 350 353 358 365 367 373 375 376 378 381 383 384 392 393 396 402 406 
292 143 149 150 151 158 159 162 174 176 177 179 184 192 193 196 198 199 201 206 207 213 222 227 228 235 239 240 241 242 243 244 245 246 255 263 268 269 275 280 292 293 294 301 302 303 305 311 316 321 323 331 335 337 338 351 354 356 359 361 366 370 371 376 383 387 388 390 394 399 400 407 409 
267 140 145 147 152 158 163 164 166 168 171 172 176 180 185 192 214 216 218 225 227 234 235 238 249 252 254 258 263 266 267 269 278 279 284 287 290 294 297 299 301 303 304 314 315 327 335 337 347 348 354 357 358 359 364 365 366 367 369 371 372 374 376 377 381 383 386 389 390 393 397 399 407 411 412 
115 141 144 148 155 165 170 174 176 181 184 185 190 191 192 194 196 198 201 203 205 210 212 215 216 218 221 222 232 234 236 239 242 250 256 259 260 261 266 268 269 270 271 279 290 291 296 300 301 307 309 311 313 314 316 320 326 327 328 330 333 336 338 341 350 351 352 354 360 361 365 371 377 378 381 382 387 392 393 397 399 401 404 409 
169 140 141 151 159 161 170 173 179 180 194 195 199 201 202 210 211 217 218 219 232 240 244 247 258 265 274 284 293 297 301 306 307 309 311 312 316 324 326 330 335 336 340 353 358 366 368 376 380 383 387 394 399 411 
177 144 150 152 153 160 161 162 164 170 171 178 179 180 183 190 192 194 195 196 208 215 216 218 221 224 225 227 229 233 234 235 237 239 242 248 252 259 262 265 266 269 272 276 277 285 286 287 291 292 293 294 296 297 303 307 317 323 327 329 331 335 337 343 344 350 351 358 361 362 363 369 374 378 387 389 393 401 
257 139 144 147 149 150 151 152 158 169 170 171 173 176 183 187 193 196 204 207 208 209 212 214 229 232 233 238 243 244 245 249 251 253 254 260 264 266 271 272 273 280 282 283 285 287 289 296 297 298 301 303 309 310 313 315 321 323 324 326 330 333 338 341 344 349 359 361 364 365 368 371 373 375 378 379 381 382 383 385 388 389 392 393 394 395 396 402 408 410 412 413 414 
262 1 140 143 145 149 150 152 153 157 158 162 165 168 173 175 177 178 179 180 181 182 183 195 206 207 208 209 211 212 219 223 230 233 237 240 243 248 250 254 258 260 267 269 270 271 273 274 275 276 289 293 294 295 298 300 303 304 309 311 312 313 325 327 334 335 343 350 351 355 356 357 358 359 361 362 365 367 369 372 387 390 393 400 401 409 
209 1 141 144 145 147 148 150 155 163 164 167 168 172 173 174 176 177 178 180 182 187 191 196 199 205 215 218 220 223 233 235 236 239 242 243 244 246 250 251 253 263 266 271 272 273 278 279 280 284 286 295 304 305 306 307 308 312 314 315 317 319 324 327 328 330 331 333 340 343 347 349 352 355 357 359 363 368 369 371 372 373 376 378 383 384 391 393 395 396 399 403 404 406 408 412 
207 140 177 225 237 306 354 381 
297 188 248 258 302 
20 150 157 166 171 173 175 179 182 184 186 197 203 211 216 222 236 238 244 252 255 266 268 284 285 287 291 300 308 309 310 314 317 321 332 334 337 344 349 353 356 357 359 360 373 376 393 394 397 410 414 
35 142 164 167 177 197 212 213 217 239 247 254 255 262 263 274 295 296 297 298 305 319 326 331 334 342 347 353 356 357 361 364 369 371 380 389 395 397 399 400 404 406 
234 1 142 144 146 148 150 151 154 155 159 163 165 170 172 173 180 197 200 201 204 209 210 211 219 220 222 223 227 231 234 237 242 245 246 249 253 256 258 261 262 265 266 267 272 273 276 278 279 281 282 283 284 287 293 297 299 300 303 305 308 312 314 319 320 323 329 330 335 340 341 342 347 348 351 352 355 357 359 361 363 364 366 368 370 374 375 378 379 381 385 386 387 388 389 390 393 394 398 402 403 406 414 
3 139 140 144 145 150 153 157 161 164 167 173 176 178 179 181 185 186 187 190 191 193 200 202 203 204 208 210 220 221 222 225 226 228 229 231 232 233 234 235 236 238 239 244 245 247 248 249 253 255 258 263 266 275 276 279 282 283 285 288 292 296 297 298 300 305 306 310 311 312 321 324 326 327 335 336 337 341 345 350 351 352 354 356 357 365 366 372 374 378 381 384 386 387 388 389 396 397 401 404 406 407 409 412 
206 149 155 159 162 166 169 172 176 179 183 188 190 193 195 200 203 208 209 216 221 222 229 233 234 241 243 245 247 248 250 251 253 255 257 258 260 262 265 267 269 271 273 275 279 280 281 282 284 287 288 289 298 304 308 310 314 318 319 321 328 330 334 337 338 349 351 357 363 364 368 369 372 374 376 379 383 386 400 401 406 412 
115 144 145 147 149 150 152 154 155 157 159 168 177 181 192 194 196 202 211 212 213 216 218 222 223 224 229 239 244 246 263 266 268 270 274 277 280 282 285 291 293 317 323 325 326 330 332 335 339 343 346 349 353 365 367 368 369 370 377 385 388 401 404 407 414 
197 139 143 146 149 151 154 155 159 160 161 162 168 172 178 183 189 200 202 208 212 214 219 221 230 234 240 242 246 250 252 254 258 259 263 264 272 276 290 292 297 299 300 301 302 303 304 307 311 315 318 324 329 340 349 356 361 368 369 372 377 387 389 400 401 403 406 408 
209 141 144 146 147 150 151 163 166 167 171 172 177 180 184 189 194 198 199 203 204 205 209 214 222 228 233 234 235 236 238 240 242 243 246 248 256 260 261 268 269 276 278 279 280 282 288 299 300 301 302 308 311 312 314 315 316 324 326 327 330 335 339 340 346 347 352 354 356 358 359 361 362 366 368 371 373 377 382 390 391 392 393 398 399 403 404 
194 154 173 179 180 185 196 216 257 288 311 315 326 330 341 347 351 356 368 375 392 398 404 405 414 
259 140 143 152 182 183 188 194 198 212 223 236 240 241 256 260 271 282 288 291 294 296 302 303 304 305 329 332 349 356 384 393 401 
273 139 141 144 146 147 148 149 153 157 158 163 170 177 178 180 181 183 184 185 187 189 193 194 195 197 198 203 207 208 212 213 216 218 227 228 230 232 233 234 236 240 245 252 256 257 261 269 270 273 278 286 292 293 294 295 299 301 303 306 309 311 313 316 318 321 322 323 326 333 340 341 346 348 361 364 371 373 374 381 383 384 390 393 397 398 399 401 403 404 405 407 408 412 
188 1 139 143 150 152 158 160 164 165 172 177 178 186 187 188 189 192 194 195 198 200 201 202 203 206 207 214 216 220 225 227 228 231 232 233 235 236 240 242 244 248 249 254 255 256 258 260 261 262 265 268 271 276 277 278 280 289 293 295 298 301 303 305 306 309 310 314 315 316 317 319 320 321 324 325 328 329 330 334 337 340 341 344 345 346 354 356 357 359 362 367 369 372 373 378 381 382 385 386 387 388 390 391 392 393 398 399 400 402 403 404 409 412 
262 147 215 221 230 231 324 370 374 
32 141 151 185 201 203 211 232 247 252 272 278 303 329 356 357 411 
146 1 141 144 147 154 155 159 160 162 167 168 169 175 177 185 189 192 200 201 202 203 212 215 216 220 221 225 226 228 232 236 237 238 239 243 246 255 258 269 270 272 278 284 288 289 307 310 311 315 320 321 330 331 335 345 350 352 357 359 364 366 367 368 369 370 372 375 380 381 383 391 395 401 412 414 
94 168 182 189 209 260 269 296 388 402 411 
261 140 142 145 146 149 150 152 153 156 157 162 166 168 169 170 171 173 175 183 184 186 187 192 196 197 200 201 205 207 209 210 215 216 218 224 230 231 232 234 238 241 244 245 246 248 251 252 258 260 268 269 272 273 280 284 286 289 290 295 296 299 300 301 305 306 307 308 310 317 319 320 322 327 331 336 337 343 345 347 355 357 358 373 375 389 392 403 404 407 411 412 
95 1 143 148 160 161 165 172 173 184 185 188 189 195 202 209 220 224 231 233 236 238 241 243 244 245 248 254 255 260 263 265 277 278 293 298 304 308 310 311 312 313 314 317 326 330 335 350 352 354 355 356 358 359 362 366 367 370 376 379 382 383 384 388 392 408 
216 141 143 144 146 147 155 157 158 163 164 166 168 175 179 184 190 191 195 202 205 206 207 210 219 220 222 229 234 253 255 258 261 264 268 273 278 280 290 294 296 297 309 313 315 320 324 334 336 338 340 341 344 357 358 359 361 364 368 371 387 391 392 394 397 398 400 409 
213 151 160 177 188 189 207 221 224 251 257 264 279 296 300 303 306 344 360 371 380 387 395 402 
71 141 149 150 160 180 184 189 208 211 219 220 222 224 229 239 257 261 262 273 276 283 290 292 294 297 298 308 315 316 317 319 324 325 331 335 336 340 342 351 359 361 381 390 394 398 407 
85 1 141 159 166 168 176 187 201 207 208 213 215 237 241 248 267 273 287 299 331 339 352 361 365 389 391 393 
137 149 162 217 219 226 243 246 259 260 269 282 304 313 315 320 350 396 402 408 413 
32 141 152 168 173 187 191 198 204 237 275 325 330 359 370 371 382 390 
51 142 145 146 147 150 153 157 159 160 164 167 169 182 183 187 188 194 196 197 198 201 202 208 211 214 215 218 222 225 229 231 234 240 241 245 252 255 256 257 260 263 265 273 275 278 280 287 291 292 298 300 301 303 308 309 310 311 312 313 324 331 333 334 336 340 344 348 353 361 364 366 367 371 378 379 380 385 388 389 392 396 398 399 403 407 411 
35 145 150 154 158 159 160 169 171 187 189 191 194 196 202 203 206 207 211 217 224 232 233 240 256 257 261 286 287 297 309 316 319 321 322 324 325 340 346 347 349 350 352 357 363 364 365 369 372 388 391 397 402 407 408 412 
224 145 319 
103 139 140 141 146 149 154 157 158 164 170 174 175 182 184 186 193 195 196 201 203 204 211 213 214 217 218 220 231 233 237 238 239 240 241 243 244 249 250 252 254 256 258 261 262 264 269 274 279 280 287 288 289 291 296 297 299 301 303 306 314 315 316 317 320 321 326 332 333 337 338 344 348 350 351 354 355 356 361 363 364 369 371 373 374 375 376 385 386 391 395 411 
51 144 148 151 157 159 168 172 178 179 181 183 187 190 197 208 209 217 219 220 231 240 244 245 262 273 282 299 343 347 354 366 370 371 372 374 382 383 390 391 401 412 
233 141 151 161 166 179 184 190 248 252 265 280 295 300 317 321 343 351 352 356 376 391 399 
90 139 141 145 150 151 154 164 166 183 184 187 191 200 201 209 210 211 212 213 216 219 224 229 231 232 234 236 240 241 245 246 247 264 267 270 273 278 281 282 298 310 311 315 316 323 325 333 337 338 346 349 352 357 376 377 379 387 392 393 413 
108 139 141 150 155 158 162 163 172 173 174 175 177 179 183 187 213 215 219 221 239 247 254 261 262 266 267 269 272 274 277 278 280 286 292 297 298 311 312 321 324 326 328 337 341 342 344 347 355 357 360 362 374 379 380 393 402 404 407 
227 148 156 170 220 255 272 277 288 298 301 356 362 392 393 410 
1 145 158 169 209 291 341 342 351 389 
239 169 183 204 220 289 295 318 321 334 342 362 366 402 
61 139 140 142 143 145 146 148 151 161 168 171 173 181 183 192 194 202 212 213 214 217 224 225 229 242 244 251 252 255 256 273 281 288 289 291 306 307 309 319 323 326 329 332 338 341 357 359 360 368 369 371 377 391 401 403 406 411 
55 140 145 148 153 155 161 162 166 176 180 182 190 199 200 212 215 223 224 232 234 239 251 253 254 273 277 278 286 291 296 300 302 308 309 312 314 317 322 329 330 332 354 355 369 370 376 380 382 385 386 393 401 406 407 409 413 
77 141 144 146 150 153 155 156 157 163 165 166 168 169 174 180 181 182 187 188 195 196 198 205 210 218 219 220 221 222 223 225 226 227 230 233 234 236 237 241 244 246 247 262 264 267 273 274 277 283 287 288 290 292 301 303 304 306 311 313 316 317 319 322 324 326 328 345 349 351 358 361 365 366 367 373 375 383 388 390 397 398 401 402 403 409 410 412 
288 1 139 140 145 148 149 151 153 154 156 157 158 163 165 166 169 171 172 173 175 177 179 183 186 187 188 191 192 196 197 198 199 202 207 208 209 210 217 221 222 225 226 233 239 241 244 246 255 259 261 264 266 269 273 274 275 276 279 280 281 284 288 289 294 303 305 310 313 320 321 327 331 337 339 344 347 353 357 367 372 375 376 377 382 384 392 395 397 399 401 408 414 
3 140 141 143 146 160 167 172 174 176 177 180 182 187 190 199 203 205 206 223 236 237 244 255 256 257 259 260 261 268 273 275 278 282 283 288 290 300 301 304 310 313 319 320 322 324 326 328 332 342 347 348 365 373 376 378 386 398 404 
32 140 143 145 150 152 154 156 158 161 163 167 171 177 179 181 185 190 195 200 204 206 207 209 212 213 216 218 219 220 221 222 223 225 230 231 237 239 240 246 250 252 254 259 263 266 269 271 272 273 276 277 282 285 291 295 298 310 314 315 316 323 324 328 331 332 335 338 342 344 345 346 347 349 350 353 354 357 361 371 374 377 380 389 390 393 396 400 402 408 
249 147 167 192 196 201 203 206 218 247 275 276 283 286 312 324 325 332 338 362 372 389 
270 141 143 158 173 185 213 220 223 232 265 266 267 268 278 279 292 331 344 351 354 365 366 372 381 384 
161 141 143 146 148 150 156 161 163 164 171 173 174 175 178 181 182 183 186 187 193 195 197 203 207 208 209 211 214 217 218 219 220 225 232 234 235 236 237 242 244 248 250 251 256 258 259 260 261 264 270 272 274 276 277 281 284 287 291 292 293 296 300 304 305 306 309 310 311 321 322 325 326 329 330 332 333 334 339 344 353 356 357 358 364 365 366 367 374 375 377 380 387 390 391 393 394 397 398 399 401 402 403 404 406 407 408 409 411 412 413 
286 146 149 153 154 156 170 172 175 180 188 195 198 205 212 215 217 223 225 227 233 234 235 236 238 239 240 249 269 270 272 273 274 276 283 285 300 303 304 307 308 311 312 316 321 324 330 333 335 336 338 348 353 354 355 358 360 361 364 368 370 378 379 389 395 397 399 401 408 412 414 
109 142 148 179 257 353 361 
213 150 153 154 158 161 165 166 168 169 181 186 193 198 205 209 215 218 219 223 224 227 230 243 246 248 256 262 263 267 268 275 280 284 293 303 307 308 315 317 318 319 321 329 330 331 345 347 351 355 356 366 368 379 382 384 390 391 393 396 
211 139 145 156 157 159 162 168 170 184 188 192 200 202 203 208 211 212 221 224 228 233 236 247 251 257 258 265 268 274 280 285 288 291 293 294 301 306 313 330 331 347 355 365 370 374 379 381 384 388 395 397 403 404 
65 148 176 237 248 270 313 346 390 391 
183 140 143 145 149 151 152 153 161 165 168 169 170 173 176 187 191 194 195 199 203 205 206 216 219 224 225 226 231 235 242 243 244 246 247 250 251 252 253 256 264 265 266 269 272 275 276 279 282 283 284 286 287 289 291 299 306 308 317 318 320 322 323 324 332 334 337 339 341 343 345 352 359 363 367 369 374 375 377 384 389 390 391 392 393 397 398 401 405 408 411 412 
119 199 233 278 325 344 355 393 
177 145 154 160 176 191 197 214 242 249 256 257 268 281 311 335 351 352 360 364 365 381 383 389 406 409 412 
195 1 144 145 147 150 151 153 154 157 158 160 168 170 173 176 180 182 187 189 193 194 203 204 208 211 213 215 217 221 222 223 228 229 232 234 235 244 245 248 249 255 256 257 259 260 263 267 268 271 278 280 281 282 283 285 291 295 296 298 299 300 302 305 306 310 312 314 317 318 320 323 326 327 329 331 338 350 352 357 361 364 379 381 386 388 395 399 410 
46 1 146 168 173 187 194 213 256 260 275 276 283 293 299 300 324 327 330 332 347 350 359 360 362 366 368 370 372 373 394 401 407 
177 1 140 141 144 146 147 148 152 153 155 156 162 163 168 170 171 178 179 181 182 183 187 190 192 195 197 198 199 202 204 205 206 207 212 213 215 217 218 222 224 227 229 232 233 237 238 240 245 246 247 252 256 259 262 266 272 274 275 279 281 282 283 285 287 288 290 291 292 297 306 307 309 311 312 313 315 318 319 320 323 324 325 326 328 336 338 340 343 345 348 356 360 366 370 371 372 374 375 381 383 391 395 399 400 401 402 403 406 410 413 
16 149 156 158 159 172 178 188 191 198 204 217 221 227 229 272 281 288 292 330 334 337 344 361 364 369 373 378 386 
216 1 143 146 155 159 160 162 163 167 168 169 170 172 178 185 192 199 202 206 207 209 210 216 217 221 228 230 233 234 236 240 241 245 247 249 252 253 256 259 260 265 267 284 285 286 291 293 295 297 299 302 306 307 308 315 318 321 323 326 332 333 336 338 343 344 345 348 353 356 357 361 362 364 365 371 372 374 375 376 379 381 382 385 387 388 391 397 398 401 402 405 406 413 414 
245 140 180 194 201 210 217 225 341 367 396 402 405 
293 143 146 147 150 151 153 157 159 160 163 169 172 177 182 184 186 195 198 199 203 217 218 219 222 236 237 244 251 253 258 262 264 267 270 271 276 277 284 288 289 292 297 300 302 306 308 309 313 316 317 320 327 340 341 346 347 348 350 355 360 372 380 381 383 386 388 395 398 400 409 
80 141 142 145 151 155 156 157 166 175 176 178 181 182 188 193 198 199 209 212 233 234 237 241 250 252 256 263 272 273 277 280 281 287 293 294 304 307 311 315 316 317 322 336 340 346 350 356 359 368 376 385 389 394 397 398 408 409 410 411 412 414 
18 151 156 157 158 164 167 171 190 193 194 195 196 199 202 203 206 209 212 215 216 217 220 222 224 228 232 234 236 245 246 250 251 254 267 281 282 286 287 288 289 292 293 294 296 310 312 313 317 319 321 322 328 329 333 342 343 345 348 349 355 358 359 360 371 372 378 382 383 385 389 392 395 399 402 405 406 407 413 
207 144 177 181 182 184 187 189 197 199 204 207 212 219 220 223 224 227 231 238 244 247 251 255 256 262 267 278 283 285 292 301 309 312 313 320 325 329 330 332 342 346 350 359 368 373 382 386 391 411 
153 141 146 168 174 177 181 185 195 199 201 209 246 283 291 295 296 312 317 325 328 352 353 356 382 385 391 394 406 407 
234 139 141 144 145 146 147 148 150 151 152 153 156 157 161 174 175 179 180 182 184 189 192 193 195 206 211 212 216 218 220 222 224 228 232 233 235 236 243 251 252 253 256 257 261 265 269 270 271 273 276 278 280 282 283 284 285 286 287 295 296 298 300 301 304 305 307 316 320 324 325 328 329 334 338 346 347 348 349 352 354 357 360 363 364 366 367 368 371 374 375 378 379 380 381 384 385 400 403 406 410 413 414 
240 140 144 154 158 159 165 166 167 176 183 205 207 208 234 244 249 256 261 262 264 266 270 274 287 291 292 293 296 299 306 310 331 337 339 350 356 371 391 393 402 406 408 
126 141 151 152 160 162 165 167 168 170 174 181 185 186 189 192 198 199 204 206 209 210 213 220 222 224 225 226 227 228 233 237 238 240 244 248 249 252 253 258 259 260 261 268 269 270 281 283 286 288 291 294 296 299 301 303 305 307 308 326 329 331 332 333 334 337 338 343 347 348 349 355 360 364 366 370 374 377 382 387 390 392 393 400 403 405 406 410 
117 143 145 152 155 161 163 165 169 173 176 177 178 182 183 184 185 192 193 195 196 197 199 206 212 214 223 229 230 231 235 237 239 242 243 244 247 252 254 256 257 258 259 262 263 269 271 274 277 279 282 283 284 289 296 297 300 301 302 303 304 308 310 312 318 323 325 326 333 335 336 339 345 347 349 351 352 354 355 357 361 364 365 372 378 384 385 386 393 396 397 398 401 407 408 
36 139 142 150 151 160 165 166 173 177 184 185 186 187 188 193 194 196 198 199 200 207 214 216 217 225 235 238 239 244 246 250 251 255 260 261 262 264 265 268 275 278 280 289 291 293 300 302 304 311 314 315 317 318 321 323 327 330 332 334 339 341 343 345 350 351 358 360 363 366 368 370 372 373 375 376 385 392 393 394 398 399 402 406 410 413 
120 1 140 141 145 157 158 159 160 163 165 168 171 179 187 189 191 193 198 200 202 203 205 206 211 215 219 221 229 232 235 236 238 243 246 247 248 249 250 253 254 261 262 266 275 280 281 292 295 298 300 305 312 319 321 330 334 335 337 348 351 355 365 370 375 385 386 387 390 401 406 407 
184 142 173 177 180 182 185 186 189 190 196 206 219 226 229 238 239 242 243 244 254 256 268 283 286 313 320 326 327 330 333 335 336 337 339 342 355 361 369 375 376 379 382 383 388 391 397 403 
4 144 146 149 151 153 155 158 163 169 173 174 180 182 183 185 190 191 200 201 202 207 208 211 213 214 215 221 224 226 233 239 255 258 263 268 270 271 273 279 284 286 289 293 296 298 299 301 302 304 305 307 309 310 313 317 318 319 323 326 328 329 331 333 334 336 339 340 345 347 349 350 355 356 363 368 369 375 379 381 383 398 401 407 408 411 
190 245 139 285 155 216 265 30 90 206 57 155 116 132 170 115 257 144 243 104 256 253 43 187 197 182 187 7 282 245 115 37 39 106 14 115 113 211 176 33 59 100 136 93 54 23 94 233 47 172 146 112 82 147 101 163 16 157 248 258 67 247 35 170 217 215 28 272 135 122 119 276 139 88 117 4 75 223 283 22 102 158 172 156 52 229 65 194 29 202 19 199 135 256 78 193 269 79 194 83 175 80 104 31 146 222 260 76 188 87 212 29 131 118 133 204 153 137 38 174 134 291 196 8 268 86 171 100 176 253 41 220 237 157 44 175 16 91 25 214 149 110 233 91 71 154 285 76 253 288 34 61 2 125 14 236 204 8 205 234 174 218 142 199 276 257 120 9 150 87 28 46 12 74 53 90 105 235 87 289 289 133 205 146 10 39 167 33 20 140 135 99 270 133 129 46 70 212 32 227 196 273 155 236 37 29 222 98 127 298 65 187 38 106 36 47 101 114 82 61 150 136 258 244 203 98 279 196 118 174 217 66 290 216 275 121 95 257 140 61 52 205 286 170 111 200 100 228 110 38 299 27 47 106 5 92 100 23 281 81 11 264 26 163 261 48 84 182 126 183 108 24 101 48 175 226 221 171 70 61 106 69 190 141 217 284 89 167 135 263 249 245 217 95 152 40 265 174 140 175 162 54 86 51 34 161 47 168 197 84 191 95 156 239 255 266 213 104 117 272 176 243 232 14 227 9 74 275 154 155 93 60 204 137 183 88 25 107 283 185 298 183 158 44 87 275 87 266 294 139 136 207 133 190 174 63 189 179 286 134 176 165 223 103 271 8 115 275 15 126 40 28 185 148 264 169 3 107 168 82 251 231 132 101 2 98 80 96 183 46 258 236 107 241 156 296 95 212 290 66 182 175 123 36 124 154 119 273 159 199 265 296 183 92 
