278 417
192 194 209 215 243 262 364 413 
22 140 143 144 151 169 180 187 195 196 205 208 212 215 218 230 233 237 238 242 243 246 252 257 262 268 269 272 277 281 287 298 299 312 315 320 322 323 328 336 339 347 349 359 366 370 371 375 378 379 380 388 392 394 400 406 
77 142 155 158 160 164 166 178 182 183 186 189 200 201 202 208 224 227 228 238 243 261 264 279 280 286 292 297 298 306 326 327 328 338 342 345 346 351 357 358 364 366 367 369 386 395 397 402 403 409 410 412 
71 154 176 221 240 248 276 278 304 333 338 355 367 373 403 404 
140 141 142 146 147 148 150 152 157 161 163 164 172 173 181 188 189 190 198 200 206 207 208 209 211 214 221 229 231 232 235 238 240 243 245 246 247 255 256 257 258 265 267 269 271 276 279 281 283 285 296 297 299 300 304 306 308 310 311 313 314 316 324 328 333 337 340 342 344 345 348 356 357 358 361 363 365 369 370 372 379 389 390 401 403 405 407 411 413 415 
178 140 144 146 150 151 155 162 166 169 172 173 174 175 177 180 182 185 186 190 191 194 195 196 197 199 200 202 206 207 211 214 216 218 220 221 223 224 227 230 235 243 246 248 254 255 256 258 259 266 268 278 279 283 284 285 289 290 293 295 296 297 305 307 308 309 313 315 316 317 318 322 323 324 325 340 341 342 348 356 360 361 362 363 365 367 368 370 371 379 382 384 385 391 397 401 402 404 407 409 410 411 415 
255 140 159 170 223 232 254 277 306 313 382 392 
23 140 143 150 155 177 185 197 200 218 241 242 244 260 264 285 289 298 303 307 312 326 334 356 358 365 366 380 400 405 
217 1 145 154 155 161 176 178 187 191 199 200 213 237 258 266 271 273 279 289 298 299 305 317 321 322 326 329 334 359 368 369 379 395 415 
249 141 142 147 149 153 154 156 158 160 161 164 165 172 175 186 202 210 220 226 229 231 240 247 249 250 252 257 261 267 272 277 282 286 291 293 295 300 309 312 315 320 328 337 352 360 365 373 380 383 387 394 395 396 407 414 416 417 
220 140 141 142 143 145 153 155 161 165 168 173 178 184 185 186 189 192 194 195 196 197 198 203 205 207 212 213 219 220 222 228 232 233 234 235 237 238 239 240 241 242 243 250 251 255 256 261 265 268 276 279 281 282 285 286 291 293 295 299 302 308 312 314 318 322 327 334 338 342 350 353 355 356 357 358 360 361 363 368 372 374 379 386 393 397 398 399 406 408 414 415 417 
183 140 141 142 145 147 149 162 163 164 165 168 173 185 188 189 191 197 200 203 208 213 217 218 219 223 224 225 226 232 239 241 242 245 251 255 260 265 268 272 274 275 276 278 281 283 285 288 290 292 293 294 295 296 297 301 302 306 311 314 322 329 331 333 335 341 342 346 349 350 351 353 355 368 371 373 376 377 379 380 381 382 385 387 389 390 392 394 395 397 399 400 401 406 407 410 412 413 416 417 
138 140 141 146 148 160 163 168 172 173 175 176 200 207 211 224 228 230 231 237 245 246 247 253 256 259 264 267 270 281 286 289 293 295 307 317 324 325 328 335 336 338 341 342 350 353 356 366 368 389 402 406 407 411 
160 246 264 283 354 356 
11 142 143 145 151 153 157 158 160 162 164 167 170 171 175 177 179 181 184 186 190 196 206 208 217 221 223 224 226 231 233 236 237 241 242 247 250 254 262 267 268 269 270 271 272 273 277 280 286 288 296 302 305 310 318 321 324 327 332 340 346 348 351 354 355 357 360 362 364 365 367 368 373 376 380 387 388 389 393 395 396 397 399 400 403 411 
77 144 145 156 158 159 161 170 175 178 179 184 189 192 194 199 201 202 209 211 216 219 247 248 256 258 261 263 264 270 274 275 277 281 284 286 289 291 293 294 298 303 310 312 314 315 316 317 326 328 335 339 344 359 363 364 365 368 372 373 383 386 388 389 392 394 398 400 403 404 407 417 
87 1 141 145 150 153 157 160 161 163 166 168 169 170 177 181 187 188 191 193 195 196 197 201 204 206 207 208 209 212 213 216 228 232 236 237 241 242 243 244 245 247 248 251 252 255 257 267 268 276 279 285 289 290 291 294 295 298 300 301 310 312 313 314 316 320 323 324 325 328 331 333 336 337 338 340 343 347 348 354 355 357 358 359 360 361 362 363 364 367 370 372 376 379 380 383 384 386 388 393 395 396 401 408 414 
12 1 149 162 177 178 180 195 201 203 205 219 220 226 235 237 241 242 245 248 259 260 264 266 271 273 277 279 286 291 296 301 309 316 352 353 360 370 377 385 387 396 417 
235 1 140 141 142 145 146 150 151 158 160 163 164 167 170 177 178 183 186 188 189 190 191 193 197 198 201 202 203 205 208 216 218 220 221 224 230 231 232 233 236 237 241 243 251 255 256 258 261 264 266 269 270 274 276 278 280 284 285 289 290 291 293 295 298 301 305 306 307 309 311 312 313 314 315 316 317 319 320 321 322 326 331 333 334 336 339 344 351 352 356 358 363 364 366 368 373 378 380 381 389 390 398 402 403 413 
201 142 147 149 152 160 161 182 186 188 189 200 209 216 218 221 230 233 234 237 240 242 247 251 264 272 274 279 280 282 283 284 288 290 295 297 309 312 313 315 317 322 330 335 344 351 354 356 359 361 367 371 372 376 377 384 389 391 395 396 397 398 405 408 410 
176 141 154 161 170 171 181 185 196 199 202 221 230 250 258 269 274 276 280 291 293 299 304 306 318 323 325 329 343 351 352 358 361 362 367 370 377 383 384 388 391 393 394 405 414 
231 142 144 146 148 149 154 155 156 160 161 162 163 169 173 183 193 194 196 198 201 204 205 209 211 216 217 219 220 222 223 225 232 233 235 236 237 240 245 250 252 255 257 258 259 261 262 263 267 269 270 271 273 275 279 280 281 285 292 294 295 296 299 300 302 304 305 310 315 320 325 326 327 330 331 332 333 338 341 347 348 352 355 356 358 361 362 363 364 366 367 368 370 371 373 377 378 380 382 384 385 389 392 395 396 403 405 408 414 415 
249 1 146 170 175 187 192 202 204 207 208 214 215 221 222 246 249 253 260 267 274 282 286 288 290 299 311 316 317 319 320 323 328 329 334 337 359 361 366 367 375 376 379 380 385 394 407 410 
72 1 140 143 144 150 152 153 161 163 167 168 172 175 182 188 189 191 192 193 198 199 201 205 207 212 213 217 220 222 234 244 248 250 256 260 268 272 274 278 282 283 288 290 292 305 307 312 313 317 319 320 324 327 330 331 333 335 338 342 347 348 349 351 354 358 361 367 368 370 379 380 383 387 391 394 395 397 401 404 413 
297 140 142 143 147 149 152 157 158 159 173 180 191 193 194 195 196 197 201 208 212 214 215 219 221 227 234 236 237 242 249 253 254 263 266 267 269 276 277 282 287 293 298 300 302 305 306 320 321 327 332 333 345 348 350 353 363 364 365 378 380 384 393 397 398 399 405 408 410 413 415 417 
7 1 140 156 168 170 171 172 178 180 181 183 185 187 194 195 196 197 201 202 203 207 210 211 217 219 223 225 232 236 239 243 245 246 249 250 253 255 259 260 261 262 264 267 268 269 270 273 280 281 282 283 286 292 294 295 296 300 307 308 309 312 315 320 323 324 325 332 336 338 339 342 347 352 357 366 367 372 373 374 375 378 380 388 389 390 393 397 401 404 405 406 407 408 410 412 415 416 
281 140 144 150 162 164 172 178 179 182 183 192 199 233 244 246 247 249 265 266 270 275 276 283 294 299 306 307 311 316 318 329 344 345 357 360 374 377 380 382 383 392 403 415 416 
45 140 144 155 163 169 171 180 187 199 204 206 219 248 258 259 264 268 271 275 282 285 291 305 315 321 322 323 324 330 339 340 343 357 360 364 387 398 399 404 410 412 413 
296 140 142 143 146 154 161 162 174 181 191 202 209 211 224 226 236 246 249 257 262 263 274 279 285 288 294 298 305 306 336 337 360 377 378 385 388 393 401 407 411 
192 151 154 164 165 175 183 184 188 189 194 199 205 209 213 218 221 227 237 245 246 253 261 262 271 272 273 277 280 284 289 297 315 321 340 347 348 350 353 371 372 379 380 384 389 392 396 397 401 413 417 
153 184 207 223 230 231 243 253 272 274 280 303 306 311 312 327 366 393 409 417 
242 142 150 154 155 159 164 165 167 169 170 172 174 175 176 177 183 185 188 189 192 193 197 198 201 202 206 208 209 213 214 217 218 219 220 222 227 230 235 242 243 244 245 247 251 253 255 260 263 264 271 275 278 279 287 288 292 298 299 300 304 305 307 311 312 316 317 318 319 326 331 332 333 336 337 338 342 351 356 361 363 377 381 382 390 393 400 401 408 414 415 
137 158 179 184 233 257 267 293 334 352 
128 1 145 146 150 157 158 160 161 162 163 167 169 172 173 175 178 180 181 184 185 190 192 195 196 197 201 203 204 206 208 210 212 217 219 222 223 227 229 242 244 247 250 254 256 257 260 263 265 268 271 272 277 278 284 288 305 308 309 311 312 313 323 325 326 329 334 338 339 345 355 358 363 364 369 371 373 374 379 380 383 384 389 401 402 406 410 413 414 
68 140 145 148 150 153 156 157 165 174 177 180 185 189 190 191 198 200 201 205 207 208 209 213 214 218 223 226 227 229 235 239 241 252 261 263 266 268 271 277 282 286 287 289 294 295 296 300 305 318 319 322 325 326 327 336 337 338 339 343 344 345 356 359 363 364 367 369 371 374 378 379 383 384 395 397 403 404 407 408 413 415 417 
150 145 151 164 166 176 181 182 188 198 199 203 207 208 216 231 246 247 248 250 251 259 261 272 276 278 288 290 291 296 301 306 310 315 317 318 325 330 332 342 344 346 350 362 366 369 372 373 395 398 409 410 
15 140 141 142 143 146 147 150 153 154 162 171 173 174 176 177 184 196 197 198 201 202 203 205 206 207 209 211 220 225 226 230 232 233 238 240 243 253 258 260 262 263 265 266 267 270 272 275 276 279 281 289 294 295 301 302 303 304 305 306 310 312 318 319 320 321 323 325 328 329 334 336 338 340 344 345 351 353 363 365 366 369 370 375 377 379 380 381 382 383 384 385 390 394 395 399 401 403 405 406 408 410 411 413 
199 141 142 144 149 150 157 159 160 161 164 167 168 172 175 182 190 192 193 196 197 202 205 209 214 215 217 218 219 221 223 226 227 228 230 233 236 251 256 258 259 261 262 263 268 273 274 277 286 288 290 293 296 297 298 301 311 314 318 327 337 342 355 368 374 384 388 389 390 397 399 401 402 409 412 
117 142 143 148 152 157 166 169 181 183 184 198 205 213 219 229 239 241 253 260 264 278 279 283 291 296 301 310 314 316 317 319 321 327 331 341 345 346 349 352 358 368 371 375 376 380 386 391 393 400 401 
129 150 180 192 197 208 228 234 248 264 275 301 323 364 366 378 392 405 415 416 
300 1 150 151 157 167 169 175 176 177 180 185 186 187 188 189 191 192 193 195 197 200 203 205 208 209 210 212 218 219 221 222 226 229 230 235 238 239 241 242 246 256 262 264 271 274 276 280 281 283 285 289 291 294 296 297 300 304 308 312 313 314 317 320 321 322 323 324 325 330 332 336 338 339 341 343 345 346 348 350 360 361 362 363 367 369 371 372 376 379 406 409 
59 141 145 155 160 164 178 183 185 187 188 192 205 206 207 211 216 219 220 222 225 228 229 239 241 245 246 251 252 257 260 261 264 265 267 268 274 276 277 278 279 281 283 284 287 288 292 293 295 298 311 314 315 316 325 327 338 339 341 342 343 347 352 354 356 357 358 360 365 369 370 374 377 381 382 387 388 392 394 397 398 399 401 404 405 408 417 
199 1 140 144 145 147 151 152 156 165 169 171 172 173 179 180 183 192 193 194 195 196 199 200 207 214 219 220 222 223 229 230 235 239 244 246 247 249 253 259 264 265 268 269 270 271 283 287 289 292 302 303 306 309 317 318 320 326 329 331 336 337 348 350 354 359 361 365 373 375 376 378 379 386 388 391 392 393 394 395 397 399 401 405 408 411 415 417 
123 140 144 145 149 150 162 163 164 165 167 170 175 177 180 182 186 190 195 196 199 200 201 204 211 215 222 229 230 231 235 240 245 256 259 260 262 266 267 272 274 279 282 287 290 293 296 297 299 301 302 306 307 308 314 315 320 321 322 325 328 332 334 336 340 342 347 349 351 366 367 368 377 378 386 388 390 394 396 397 399 402 403 407 411 416 
79 152 160 163 178 223 225 250 276 288 289 312 321 331 363 365 367 374 387 
160 148 150 151 154 156 163 165 172 178 187 197 210 212 213 214 229 231 235 236 239 242 245 246 252 261 262 264 265 270 272 274 276 278 281 282 285 287 294 300 302 304 307 311 322 325 326 329 333 335 337 341 350 351 356 357 360 362 364 366 367 369 372 377 380 386 387 388 390 391 394 397 409 
163 179 193 246 296 299 339 395 403 413 
5 145 162 175 178 229 249 263 276 277 278 288 303 310 312 337 338 339 343 354 357 359 370 392 404 
158 147 167 175 233 245 246 258 281 293 296 317 318 325 398 404 
202 141 143 144 183 333 361 379 401 
10 140 149 150 151 155 156 157 158 159 163 165 166 167 168 170 173 176 177 178 181 182 189 191 194 197 198 202 210 214 215 218 221 228 231 232 235 236 237 239 248 249 250 252 255 260 262 265 272 273 276 278 279 285 288 289 291 293 295 296 297 298 300 303 305 307 309 310 311 313 317 320 323 324 326 327 331 332 336 338 340 343 344 351 353 354 357 359 360 361 366 367 369 370 374 375 385 391 396 397 398 401 407 409 413 414 
101 1 141 142 145 147 148 149 154 155 158 160 167 170 175 178 182 189 193 195 197 199 200 201 202 206 208 210 217 222 229 230 233 234 236 237 239 247 255 256 257 259 262 264 266 271 272 280 287 288 290 291 292 293 296 297 299 300 303 306 309 311 314 317 323 330 332 335 337 339 346 351 352 358 359 360 361 364 366 371 374 380 386 388 389 392 393 394 395 398 404 406 407 411 413 415 417 
9 140 146 147 149 154 155 156 158 162 164 165 167 170 171 172 174 176 177 179 180 186 190 191 192 193 197 198 203 205 207 211 215 229 232 233 234 239 240 245 248 250 252 255 256 259 260 262 265 266 270 271 275 280 281 286 298 300 301 304 306 312 313 317 321 322 324 325 326 329 331 334 336 340 344 348 349 352 354 355 357 360 361 364 365 367 368 372 375 377 381 384 388 391 393 399 400 401 403 404 406 409 411 412 414 415 
266 146 150 152 184 186 193 195 196 198 204 206 209 210 212 213 216 226 240 243 255 257 260 262 314 322 365 369 373 378 384 415 
204 141 144 145 146 147 148 149 150 151 154 159 161 165 176 177 179 183 186 187 195 197 198 199 200 204 206 207 209 213 214 216 219 220 223 227 230 231 232 235 236 237 240 241 247 249 254 255 258 259 262 264 265 267 270 273 277 280 286 289 291 294 297 299 300 301 304 306 307 308 309 317 319 325 327 328 330 335 337 339 341 342 346 354 359 360 361 364 369 372 375 382 384 385 387 388 391 393 401 403 406 409 410 413 414 417 
157 145 150 154 167 174 195 217 223 229 230 233 236 239 242 244 245 246 251 260 264 286 287 294 314 320 344 348 355 360 380 389 390 392 395 
228 140 151 153 170 178 179 204 211 213 225 232 233 237 241 249 252 254 261 264 267 271 272 275 278 280 284 286 289 297 298 308 309 323 324 325 326 327 330 331 332 339 340 348 355 358 360 368 371 377 378 384 389 406 410 
150 141 146 147 148 158 160 161 166 167 168 170 172 179 182 183 185 193 196 203 209 211 215 217 220 234 238 244 249 252 254 255 258 259 273 279 281 282 283 285 286 287 289 293 306 308 309 313 315 317 318 321 325 328 329 330 338 339 342 348 349 352 353 354 355 356 357 359 361 365 366 368 369 371 376 377 379 382 387 388 389 393 396 399 400 407 409 410 412 414 417 
52 1 140 145 152 157 172 175 179 181 186 193 199 200 205 209 216 224 238 240 249 251 256 259 261 262 271 274 275 287 289 291 296 301 307 309 315 323 325 334 337 338 344 351 356 359 364 365 381 389 390 392 397 405 407 412 413 
214 158 230 321 
37 147 153 168 170 175 182 185 186 197 199 200 202 206 207 214 218 232 241 242 244 249 268 270 285 288 292 302 316 320 322 323 331 333 334 357 371 379 384 394 397 400 402 403 411 413 415 
5 142 143 149 156 160 163 168 171 174 175 176 178 181 185 187 189 195 196 197 202 204 205 209 210 212 217 218 219 222 223 224 228 229 230 234 236 237 239 242 244 247 249 250 255 261 262 265 268 269 272 273 277 278 283 290 293 294 298 307 309 315 316 318 320 323 325 329 334 336 338 340 345 346 358 360 362 363 364 371 372 376 383 384 386 387 391 392 394 401 403 406 409 410 416 
278 143 145 156 161 162 166 170 174 178 182 186 194 196 197 199 207 216 219 220 222 224 225 226 229 238 245 248 251 252 255 256 269 276 278 280 285 288 291 297 300 305 312 319 326 329 332 340 341 345 349 350 351 354 361 366 368 371 373 375 380 381 382 383 391 397 399 406 408 
103 177 185 210 237 243 262 286 290 318 321 361 371 395 413 
23 149 158 163 214 296 297 298 305 349 353 368 375 392 
120 1 141 142 144 150 151 154 156 158 159 160 161 162 175 178 182 184 187 188 189 192 195 197 201 202 208 211 217 218 219 226 227 228 229 230 231 233 235 240 242 243 248 253 254 256 258 259 260 261 262 263 264 266 268 269 274 275 276 279 286 292 295 296 298 300 301 305 309 313 314 320 321 326 330 336 337 342 343 345 347 352 354 358 363 367 370 373 374 375 377 382 384 386 387 397 400 401 404 410 411 415 416 
222 147 148 160 167 169 170 172 174 175 180 181 182 185 188 193 194 195 196 200 207 212 213 218 224 225 231 235 241 246 250 251 254 256 257 263 264 272 273 279 282 286 288 289 297 308 311 313 325 330 331 335 336 340 342 350 352 356 358 364 366 368 369 374 380 383 386 394 395 397 405 407 408 410 411 417 
106 160 253 
232 141 145 146 149 154 162 163 164 165 168 170 180 182 185 188 190 191 197 198 206 208 211 213 217 219 220 221 222 230 233 234 239 240 243 246 249 250 251 252 254 258 261 264 266 271 272 273 277 279 281 285 290 292 298 301 303 305 306 307 308 312 313 315 316 317 320 321 324 329 331 333 338 340 343 350 352 353 355 356 357 365 367 371 372 375 376 377 382 386 388 389 392 395 396 398 406 409 411 417 
95 146 154 196 199 204 226 268 295 296 298 305 323 336 337 350 391 404 417 
257 141 143 146 149 151 154 155 160 166 169 170 174 179 180 182 184 185 187 189 190 193 201 216 218 220 228 230 232 235 236 239 243 246 248 255 265 267 268 270 271 279 286 288 291 300 305 307 314 315 319 324 326 327 329 332 333 334 337 338 346 347 350 351 352 354 355 359 362 363 365 374 382 386 388 389 393 396 399 406 411 412 
205 1 140 142 146 147 155 156 163 168 174 183 186 187 189 190 191 192 194 197 200 202 206 208 213 214 221 223 230 235 237 238 241 242 243 249 251 252 261 275 279 283 288 296 297 299 303 308 311 316 320 322 325 327 331 334 338 340 351 353 362 363 364 381 395 396 398 404 410 417 
161 140 147 175 192 200 208 213 216 223 237 248 270 292 297 300 304 308 312 318 336 346 347 350 370 381 387 409 
152 229 242 254 265 320 402 
144 142 144 145 153 163 165 170 171 177 180 183 184 185 186 188 190 206 208 210 212 213 214 216 218 227 235 238 241 248 249 256 262 272 273 274 275 278 279 280 285 289 303 316 320 322 323 326 327 334 335 336 339 341 350 351 353 355 356 359 360 361 362 365 369 370 373 374 381 382 383 387 389 400 402 403 404 406 408 409 
83 140 142 155 161 167 169 170 173 196 200 202 216 219 226 239 255 257 259 267 277 280 284 285 286 288 292 293 299 329 330 340 341 351 359 375 379 382 386 390 393 395 396 403 405 407 410 413 416 
119 141 142 143 144 145 146 148 150 152 157 159 163 165 169 177 186 187 193 196 200 204 205 208 210 211 219 227 232 233 238 239 250 254 257 258 261 262 263 265 268 270 278 290 291 295 296 297 303 305 309 311 314 315 319 323 327 328 333 338 341 344 346 348 349 357 358 366 367 373 374 375 376 383 385 403 405 412 
207 1 144 166 199 214 227 240 241 262 265 270 279 341 350 373 396 398 407 416 
249 140 143 148 149 157 161 163 164 165 166 168 170 175 196 203 205 206 213 214 219 245 248 252 253 255 257 258 260 261 266 269 276 279 281 290 296 297 300 302 306 316 318 325 327 333 336 337 339 346 361 365 366 369 374 380 388 389 408 411 412 413 415 
19 143 149 152 190 194 205 218 219 222 226 237 257 258 271 276 278 284 288 298 302 312 315 316 328 346 347 357 361 363 378 405 406 414 
54 145 147 149 150 151 160 161 164 189 191 192 193 197 198 199 201 202 203 208 217 219 223 226 233 234 235 246 249 262 263 264 265 266 270 278 287 288 290 294 301 303 310 312 314 316 318 321 324 333 334 337 341 342 343 347 358 359 360 361 363 364 366 369 371 374 375 383 399 406 407 408 415 417 
200 145 147 150 160 163 165 168 171 172 174 179 180 181 182 185 187 192 198 199 202 205 211 213 218 221 224 230 231 232 236 239 241 244 251 254 258 267 271 274 277 280 282 291 294 296 298 299 300 304 308 310 312 317 319 320 321 323 324 326 328 331 332 337 338 339 340 344 345 347 348 351 353 354 355 356 360 363 370 371 372 373 374 375 378 380 381 384 389 392 397 403 404 409 415 416 417 
104 140 142 145 157 167 170 171 173 178 179 187 191 192 193 195 198 208 210 214 219 221 223 224 227 235 236 238 241 242 245 246 250 254 256 257 261 262 264 272 275 276 279 281 288 289 297 299 302 306 309 311 312 319 322 323 325 331 332 333 343 347 348 349 350 356 362 363 364 370 373 374 376 378 379 387 389 395 396 400 404 407 408 412 
246 140 146 147 150 153 157 158 165 167 170 174 178 181 183 184 192 194 195 200 202 209 211 214 215 216 217 219 221 222 223 229 231 236 239 241 243 245 247 248 254 257 260 263 265 266 267 268 269 273 277 279 281 283 285 292 295 301 304 305 316 323 324 325 327 331 332 333 335 339 342 344 345 354 359 360 364 365 367 369 372 373 377 378 379 382 384 385 386 389 392 395 396 397 403 406 407 414 415 417 
215 146 156 161 163 168 171 182 186 191 202 205 206 209 210 225 226 230 245 250 257 263 264 265 268 283 284 287 301 310 311 313 332 345 346 347 349 350 362 365 367 373 382 385 390 391 392 407 413 415 
156 142 143 145 146 147 150 151 153 155 156 158 165 168 170 171 176 181 184 187 189 194 197 201 204 205 211 213 217 221 222 229 234 240 243 248 250 253 255 259 260 261 264 269 272 276 279 284 286 289 294 299 300 303 304 310 314 316 318 329 340 343 349 351 352 353 358 362 368 378 380 381 385 389 391 392 396 399 400 402 403 409 410 414 
100 146 149 150 153 161 169 175 177 184 185 186 187 193 199 203 208 235 238 243 247 249 255 256 257 259 263 265 267 283 285 286 292 296 297 300 301 304 308 309 311 312 316 317 321 325 329 330 334 342 346 347 353 362 364 368 371 374 376 379 380 382 384 388 389 394 397 405 407 413 414 417 
33 143 144 145 159 161 163 165 175 179 185 196 198 199 201 205 207 208 216 218 219 221 228 244 250 251 256 259 260 279 290 291 295 299 300 302 304 311 312 313 315 317 320 322 329 330 333 336 338 342 354 362 364 365 368 373 386 404 408 
168 141 147 165 172 173 179 190 192 197 203 207 212 221 227 230 232 237 243 244 248 257 266 270 272 299 308 319 323 334 336 340 341 346 352 355 356 359 360 362 364 366 370 378 383 386 388 389 390 392 393 395 401 412 413 415 416 
172 140 144 146 156 159 160 162 164 171 172 173 174 176 179 186 188 195 196 198 205 206 208 213 216 222 227 228 235 238 240 245 248 250 253 262 264 274 277 278 279 282 287 291 300 301 322 323 328 337 339 341 343 350 352 358 361 366 375 380 381 392 393 401 403 407 408 410 411 413 415 416 417 
13 174 190 211 239 249 270 294 296 311 315 334 340 350 383 395 
135 142 168 172 182 193 199 201 202 206 215 217 228 233 249 250 253 263 270 276 279 282 285 291 295 297 301 308 310 315 317 327 331 332 346 347 353 372 381 382 385 388 391 401 409 412 413 416 
135 1 140 144 145 146 149 150 151 153 159 174 176 177 180 186 190 195 200 201 202 203 204 205 207 210 213 215 219 223 227 228 230 234 235 236 237 239 242 243 245 246 247 248 250 251 254 256 262 266 267 268 269 272 275 276 279 280 281 283 286 292 297 298 299 305 309 312 314 317 319 321 324 331 333 334 335 336 337 339 342 344 347 348 351 354 356 363 367 368 373 382 384 386 389 395 396 398 399 401 402 406 409 412 417 
290 140 144 148 150 151 152 153 154 155 156 159 161 162 165 166 168 172 174 175 183 188 191 192 196 202 209 213 215 219 220 221 224 229 231 232 233 234 236 244 245 249 253 254 256 257 261 264 266 269 272 273 279 280 281 284 288 289 291 292 294 296 297 307 309 311 314 315 318 324 327 330 332 334 336 337 341 342 343 344 346 347 349 354 356 357 358 361 363 364 366 372 378 382 383 384 386 390 391 393 398 399 400 402 408 412 413 414 
192 144 156 157 158 168 178 183 184 189 190 192 206 215 217 234 243 248 249 251 253 254 260 272 280 288 291 299 304 308 309 313 324 328 351 354 358 359 385 392 396 399 402 406 408 409 415 
40 140 142 144 147 156 157 164 165 166 167 176 179 186 190 193 198 201 202 204 205 206 213 215 216 219 222 223 227 231 234 236 239 244 245 246 248 252 254 255 259 260 262 263 265 269 270 276 277 284 286 288 291 294 295 301 303 306 308 317 318 320 321 323 330 331 333 336 339 343 344 346 355 358 359 360 361 364 367 368 370 372 374 375 376 377 382 384 385 386 390 396 397 399 400 403 407 411 413 414 
280 1 141 143 147 152 153 156 164 166 179 187 188 195 202 208 215 217 218 219 234 235 252 255 258 269 274 278 283 285 290 292 295 310 312 318 327 329 330 333 334 336 337 342 356 359 362 368 381 382 384 385 386 390 392 397 398 400 403 407 413 416 417 
44 150 181 195 200 230 233 236 256 262 269 278 286 301 330 331 358 375 382 389 396 402 406 
250 172 193 207 234 258 279 316 328 342 350 352 354 361 363 385 387 396 402 408 
94 143 145 147 150 151 152 155 159 160 162 163 169 170 179 181 190 195 197 199 202 203 205 211 228 238 243 245 258 259 260 261 265 267 275 288 291 292 297 298 302 305 309 319 320 328 329 332 339 340 341 343 344 346 347 349 353 354 364 365 366 375 376 378 379 382 385 393 397 398 403 404 408 413 414 417 
10 145 146 148 163 166 170 172 175 179 185 186 198 201 202 204 210 211 215 220 222 225 227 230 231 235 237 241 242 249 251 252 253 254 261 264 270 274 280 282 284 294 300 306 307 310 320 321 326 330 331 335 339 340 342 343 344 345 346 348 350 351 352 357 369 371 372 377 379 381 386 387 390 393 396 403 407 408 411 412 417 
73 147 152 156 159 164 166 178 183 186 190 191 213 215 216 219 220 231 233 240 245 248 249 256 258 260 265 267 268 270 275 280 288 290 295 301 305 309 310 311 315 316 321 323 324 325 327 332 334 339 342 343 344 346 349 350 356 359 366 369 377 378 382 389 391 395 402 403 408 417 
63 159 160 161 177 181 194 206 236 238 259 266 267 274 277 293 312 335 353 367 376 404 417 
205 1 140 141 151 160 166 171 172 175 177 179 181 186 187 189 192 198 199 200 203 205 208 217 222 223 224 228 229 230 237 241 242 248 251 264 266 267 268 269 272 274 276 278 285 286 287 293 294 295 298 302 304 305 308 311 315 321 325 327 333 335 336 338 341 343 345 350 353 355 358 365 371 372 374 376 380 381 382 389 390 395 396 398 399 401 402 404 406 409 411 412 413 414 416 417 
247 142 143 144 148 155 157 160 161 163 170 171 172 173 175 178 180 181 182 184 188 192 196 199 202 204 206 213 215 221 222 226 229 235 248 251 252 253 254 258 267 268 269 278 279 282 285 286 291 299 300 302 303 305 308 309 311 312 315 317 319 323 325 327 328 336 339 341 345 346 351 355 361 362 364 367 372 373 375 378 379 383 389 392 393 394 396 397 400 407 415 
277 141 143 144 145 146 150 159 160 161 162 164 167 168 173 174 179 183 185 186 187 188 190 193 197 208 211 212 215 218 220 222 226 230 239 240 246 247 250 259 261 263 265 270 275 276 278 279 280 284 289 290 294 295 299 300 309 321 326 327 330 331 332 334 335 336 340 343 344 349 350 351 353 358 359 361 370 372 374 375 377 381 382 387 391 394 395 396 401 404 408 411 412 
112 263 344 356 399 
186 148 152 163 164 176 198 202 206 214 224 227 230 236 239 244 248 251 270 273 289 298 305 306 309 327 332 338 351 354 363 366 375 380 382 409 
54 140 154 161 169 180 182 183 185 198 207 216 226 229 245 265 266 268 277 295 304 305 323 324 327 333 355 359 362 371 373 384 393 394 404 406 407 
182 143 175 198 257 272 274 293 319 344 
21 1 148 153 155 159 160 161 163 165 170 173 180 188 200 205 216 223 235 236 238 250 256 265 270 283 284 287 303 307 309 335 340 365 367 372 376 377 390 393 402 403 
22 143 144 155 156 161 164 165 167 171 175 179 190 191 192 196 201 202 203 205 208 211 212 213 214 216 217 220 221 222 226 230 232 235 243 245 247 248 253 255 259 276 288 290 292 293 297 307 308 314 316 322 325 328 339 342 351 362 373 382 383 392 395 396 401 402 405 406 407 413 
11 149 173 175 177 192 193 200 202 204 221 225 226 227 234 276 277 289 290 292 299 301 310 354 370 
182 1 153 154 156 161 164 165 167 169 176 177 183 187 190 192 193 194 195 197 200 201 203 204 206 207 208 210 212 213 215 218 219 221 222 228 230 231 233 237 240 242 243 247 259 260 267 271 272 282 285 288 289 291 292 297 301 302 303 314 319 321 323 324 325 330 331 333 344 349 352 353 354 358 362 363 364 366 368 373 379 381 382 385 389 391 392 393 394 395 396 399 406 412 413 415 
142 145 146 156 161 168 170 174 176 182 186 189 191 198 201 207 208 209 210 212 215 226 246 249 252 254 263 264 265 268 269 284 285 291 293 303 304 310 311 312 314 316 319 321 324 331 334 338 341 342 348 350 353 361 368 377 382 386 394 402 417 
238 153 154 155 173 205 215 219 220 240 261 264 266 288 323 326 331 362 375 392 403 409 411 
76 201 
26 143 146 149 150 160 162 165 167 174 175 183 184 185 191 193 198 201 206 208 211 212 213 219 220 222 229 230 232 234 236 238 239 244 245 250 251 253 257 263 265 266 270 273 275 276 277 278 280 285 289 290 294 301 302 304 305 310 318 320 323 332 333 335 342 343 344 345 346 351 352 354 355 357 361 362 367 368 373 374 375 376 377 381 382 384 392 396 405 407 411 414 
114 143 145 146 152 155 157 165 181 182 184 195 198 200 201 208 215 222 223 226 227 229 230 233 238 239 240 248 249 263 267 271 273 276 279 282 288 292 296 301 322 325 331 334 340 344 346 348 350 352 359 361 365 372 374 379 380 383 384 388 394 409 410 411 413 416 417 
101 189 191 195 196 223 230 233 260 275 287 301 327 398 409 412 
129 223 234 263 273 320 338 370 
86 164 185 206 212 278 300 301 319 321 339 344 353 356 
49 142 151 152 154 155 157 158 166 172 175 177 179 185 186 194 201 206 210 215 218 226 229 240 243 250 262 264 268 270 275 276 278 285 290 292 295 303 308 313 314 318 319 322 329 337 340 342 351 356 362 365 370 372 379 382 384 389 390 397 399 409 414 
258 142 145 158 176 179 185 202 205 208 215 227 233 239 245 257 260 268 271 275 282 286 293 296 298 308 309 314 320 339 360 361 362 368 387 389 402 413 
5 1 140 143 145 147 149 150 152 155 156 157 159 160 168 171 172 176 177 179 180 181 184 186 191 193 194 196 200 203 206 207 210 217 219 224 225 226 227 228 230 231 232 238 239 244 246 247 248 249 258 259 263 264 267 273 274 283 286 289 295 297 299 305 309 311 313 315 316 317 318 322 329 332 333 336 337 339 340 341 343 345 348 349 350 351 352 354 359 360 362 363 365 366 370 373 379 383 388 392 393 399 402 404 405 406 409 410 413 414 415 
43 1 143 146 149 154 157 158 161 164 171 173 175 179 185 186 188 193 195 196 199 201 206 207 208 209 210 211 212 213 218 219 222 224 225 226 229 234 236 237 241 244 251 252 261 263 265 269 271 274 279 281 286 287 296 306 316 318 321 323 328 329 330 332 333 334 340 348 350 351 352 355 358 359 360 363 366 367 368 370 372 374 375 377 378 380 384 385 386 387 388 392 394 396 399 406 410 413 
270 178 206 228 320 328 395 397 
19 152 155 162 163 166 168 170 187 188 211 213 217 224 228 231 236 251 254 272 282 284 288 302 312 313 319 347 351 360 376 398 403 404 406 407 409 413 
110 140 141 142 148 156 158 163 176 180 181 182 196 198 204 210 212 220 223 228 229 230 238 257 268 270 277 283 286 293 299 303 305 310 313 315 330 332 337 340 342 347 358 370 376 381 390 393 405 414 
29 142 146 147 157 163 232 235 239 244 266 275 278 285 294 297 298 307 309 318 325 334 363 382 384 390 391 399 
256 145 148 156 157 161 162 165 171 173 188 205 214 217 218 219 223 224 231 232 234 244 251 257 262 267 271 272 277 288 295 314 315 316 318 319 321 322 325 326 333 348 350 353 362 369 370 371 376 387 392 395 400 404 406 407 409 411 
23 150 157 171 177 182 194 235 242 254 256 301 320 327 342 372 385 391 393 396 
169 140 141 143 146 150 152 155 160 161 163 164 170 176 178 182 186 187 189 191 194 195 200 201 203 205 206 210 213 215 216 219 221 223 224 226 231 233 235 241 245 246 247 250 253 254 255 261 262 266 268 270 272 273 275 277 279 281 286 287 291 292 293 297 302 305 307 309 310 311 313 318 327 329 333 335 336 337 340 342 344 347 348 354 361 366 369 370 374 377 384 385 389 393 396 397 408 409 411 412 414 415 416 
283 165 176 182 202 207 220 225 236 252 265 270 279 300 307 319 321 330 337 348 361 367 374 376 383 410 413 
108 140 143 144 148 151 153 160 165 167 169 175 176 179 181 183 185 188 189 191 193 194 195 199 200 202 208 210 211 214 228 229 232 235 242 247 250 253 255 256 260 261 265 266 267 269 271 272 273 274 275 276 282 287 291 296 298 300 305 306 307 312 314 316 322 325 328 330 335 343 351 356 360 362 363 365 370 372 375 377 381 386 388 397 403 404 407 409 412 413 414 
293 141 143 144 145 148 162 163 168 173 174 177 181 185 186 189 190 194 197 199 203 204 206 211 212 213 214 215 218 222 223 231 232 236 243 245 247 249 253 255 267 268 269 272 273 275 282 283 299 303 308 310 312 313 318 329 332 337 340 343 354 356 360 362 363 367 377 380 383 384 386 389 393 398 402 409 411 414 
87 143 146 147 150 151 153 158 165 177 178 184 186 191 192 196 197 198 205 206 207 211 212 213 214 216 219 226 231 237 238 247 251 253 261 264 266 268 270 274 275 276 278 281 286 291 293 297 298 301 302 303 306 308 312 313 315 319 321 324 328 332 338 341 342 343 346 347 351 352 353 355 357 358 360 361 362 363 364 365 368 374 375 379 381 388 390 399 404 405 407 415 417 
10 1 140 142 143 147 152 153 154 155 162 164 170 173 175 201 204 212 216 217 222 231 233 235 246 255 258 259 273 279 285 304 307 323 348 354 360 361 364 367 377 402 413 
243 166 171 179 191 200 214 221 226 256 273 279 282 287 296 309 319 322 328 350 360 362 372 374 376 378 379 382 386 388 400 404 408 
20 195 198 224 283 300 332 378 
288 141 143 145 146 149 150 153 159 160 164 166 167 170 171 172 173 175 176 180 181 187 189 192 193 195 196 200 201 204 207 210 224 232 233 238 239 241 244 249 252 259 261 262 263 266 268 272 273 276 277 280 283 291 293 300 301 303 304 305 308 309 310 311 312 314 315 318 319 325 329 330 340 341 345 347 348 351 352 353 357 360 361 366 368 369 371 372 377 381 382 385 386 388 390 392 393 394 396 398 400 403 404 408 409 410 411 412 413 415 416 
287 140 141 142 144 146 148 150 151 152 153 156 161 163 164 170 172 174 177 180 183 193 194 198 200 202 204 205 207 218 221 223 227 228 239 240 244 248 250 251 252 256 260 266 271 274 275 276 280 286 294 296 298 301 303 305 311 312 314 316 322 324 326 327 329 339 345 347 349 350 351 353 356 359 360 361 364 365 368 377 382 385 386 389 390 391 395 397 403 411 417 
41 142 147 155 158 159 175 182 195 203 212 229 235 239 244 253 257 259 278 280 282 283 284 297 303 310 329 339 340 344 346 356 366 377 378 381 383 404 409 
136 1 144 163 172 174 186 189 204 217 230 233 236 241 247 256 260 283 289 290 292 302 317 318 347 375 378 383 385 392 393 402 405 408 414 417 
71 1 140 141 149 152 153 157 159 163 169 185 186 188 197 199 207 228 234 251 254 266 268 270 272 300 304 307 313 314 317 324 326 327 332 333 340 343 348 358 375 376 378 383 389 393 396 404 409 410 414 
75 1 142 144 152 155 162 166 172 174 188 192 195 197 203 206 210 217 220 221 223 230 234 236 238 246 253 261 262 265 267 269 270 271 279 295 300 301 303 304 306 312 320 331 334 338 341 343 352 355 356 357 361 367 369 370 371 375 376 386 388 398 402 407 409 413 416 
227 1 141 142 145 146 150 154 158 159 160 167 169 170 176 179 183 184 189 199 200 202 203 205 207 211 212 215 219 220 229 233 235 236 239 247 248 249 250 267 268 269 271 274 279 280 282 283 289 293 294 297 301 304 306 310 318 320 330 333 336 345 351 355 357 358 363 376 380 383 387 389 392 395 397 399 403 404 411 414 
4 270 279 318 325 345 346 351 355 411 
150 140 141 143 144 149 150 154 158 167 168 170 171 172 173 175 177 183 185 189 191 194 195 198 201 204 207 208 209 213 219 221 226 229 235 236 242 243 244 246 249 251 252 254 255 257 259 260 263 264 265 269 271 272 273 274 276 277 278 279 285 289 294 295 296 297 301 307 309 311 313 319 320 321 322 325 327 328 329 331 332 335 336 337 339 341 343 345 346 347 350 351 353 357 358 359 362 363 366 375 376 377 379 380 383 389 391 393 400 402 403 409 410 412 414 416 
159 142 148 164 172 177 188 192 193 203 206 210 220 240 246 251 259 266 292 295 299 306 312 313 316 317 318 323 325 334 338 344 348 353 362 369 372 381 390 403 413 
82 148 161 180 192 210 218 223 231 232 243 248 256 262 278 280 293 316 331 332 351 357 358 362 376 385 391 392 394 396 412 414 
33 141 143 145 155 160 163 165 166 177 179 187 189 192 195 196 197 198 204 209 210 211 213 214 215 217 218 219 220 224 225 230 236 240 241 250 253 258 263 266 267 274 278 282 283 290 291 295 300 301 306 309 310 314 316 319 329 331 339 342 345 354 355 362 365 368 371 373 376 377 379 380 382 385 403 407 412 417 
86 1 141 142 143 149 150 152 154 155 163 164 168 169 170 171 172 173 174 175 179 180 184 189 190 193 194 196 198 202 204 206 210 212 213 215 223 227 228 230 237 238 241 242 243 247 254 262 264 267 273 276 280 281 283 287 288 290 300 302 303 305 309 311 316 317 323 324 325 326 329 330 331 332 339 343 346 347 349 350 351 356 360 363 366 367 368 369 373 376 378 380 381 384 386 391 392 395 398 400 404 407 411 412 413 416 
211 1 141 144 145 150 152 154 158 159 160 161 162 169 172 180 181 184 186 191 193 194 196 200 203 204 205 206 207 210 211 216 217 228 229 240 245 248 254 256 257 259 261 266 272 276 277 283 285 288 296 298 302 309 311 312 317 318 320 327 328 330 333 334 336 337 338 341 342 343 345 346 348 350 351 352 355 366 371 372 377 378 382 383 387 391 394 395 398 400 402 403 410 413 414 
251 140 142 148 149 150 154 156 157 159 160 162 163 164 166 167 169 170 171 178 180 183 188 194 195 196 197 198 199 200 204 207 213 214 215 223 224 226 227 234 236 238 241 242 248 251 252 253 255 259 260 262 265 268 270 271 272 274 277 284 286 291 297 300 302 305 312 315 317 318 319 324 325 328 329 338 339 340 341 343 347 350 353 355 357 359 360 361 362 363 364 368 370 374 375 377 384 385 387 388 389 392 401 405 409 410 411 412 415 
300 141 147 149 151 153 154 160 168 174 182 184 186 193 199 202 205 207 212 213 222 225 227 231 232 234 236 238 243 247 248 250 252 253 255 258 261 263 265 267 270 271 274 276 277 278 281 285 286 294 295 298 300 301 304 305 306 309 311 312 314 316 317 318 326 340 347 348 349 353 356 357 358 359 360 361 363 365 366 367 379 382 385 386 387 388 390 394 400 403 404 405 407 
176 144 145 148 153 159 164 165 170 171 176 179 182 186 196 199 206 208 219 227 228 230 240 242 246 249 263 267 268 271 273 275 284 285 287 288 290 291 292 296 299 306 308 311 315 316 343 358 365 372 373 374 377 380 382 385 386 387 399 401 405 409 410 411 413 415 
221 1 146 148 157 173 185 187 197 198 202 203 211 219 220 237 247 249 252 256 259 262 274 275 324 325 328 329 331 332 362 373 376 397 399 406 407 414 
58 149 153 170 175 181 185 214 244 261 264 266 267 280 282 287 295 297 298 304 319 324 329 349 393 395 399 400 401 409 415 
58 145 147 151 153 160 167 168 170 175 185 187 195 196 199 207 211 215 220 227 233 240 242 245 249 251 261 264 265 274 276 285 286 291 296 298 300 313 330 334 336 341 344 346 352 353 355 360 372 374 375 377 379 382 391 392 406 407 408 417 
300 142 146 190 191 194 199 200 226 229 231 240 242 259 295 297 300 313 319 331 337 348 350 361 369 371 381 394 407 
203 141 152 153 154 165 168 175 176 187 193 195 198 202 206 207 210 214 217 218 219 220 224 237 257 260 264 278 279 286 296 318 324 333 341 347 363 398 407 408 410 
85 141 142 146 149 152 153 164 167 170 171 172 173 174 177 183 184 190 195 206 207 209 212 215 218 219 222 224 226 229 232 233 235 236 239 244 245 246 247 249 250 254 257 259 262 263 266 268 271 273 275 278 279 280 281 282 287 295 304 306 310 311 312 314 319 324 327 330 332 334 336 337 341 352 354 356 357 360 364 365 368 372 373 376 380 385 387 388 389 392 393 394 397 404 405 406 408 409 412 413 416 417 
14 1 146 159 160 162 168 170 173 177 179 183 184 206 208 210 223 226 227 231 235 248 257 258 259 260 261 263 266 267 277 279 283 289 295 312 315 316 317 326 344 348 357 360 362 364 369 379 386 388 391 393 399 403 404 408 411 414 
241 1 140 141 143 148 149 151 156 157 168 177 187 189 190 195 202 204 213 217 219 220 222 226 232 244 247 248 256 258 262 264 266 267 272 273 274 276 278 279 283 285 288 293 298 311 313 314 316 322 324 328 336 337 344 349 350 357 366 368 383 385 396 400 403 404 409 414 415 417 
41 147 171 194 205 210 236 238 245 271 286 291 300 326 332 338 342 351 353 368 373 380 383 
231 1 141 148 156 157 159 164 176 177 183 191 195 199 201 212 213 216 220 221 225 226 227 228 235 239 245 248 249 251 252 256 258 260 261 262 263 265 267 272 277 278 279 281 284 285 286 287 289 290 291 293 294 295 297 299 302 305 306 309 310 312 317 322 329 333 338 340 342 343 352 355 356 358 359 362 368 376 378 382 383 384 387 389 390 391 392 394 395 399 415 416 
119 173 210 213 215 218 219 244 247 267 301 309 334 343 360 373 402 404 
81 1 141 144 145 149 150 152 154 155 162 163 164 168 169 175 176 178 181 182 189 191 192 200 201 202 209 210 211 215 222 224 225 229 234 236 242 246 248 249 252 255 257 258 262 264 265 266 268 269 278 279 280 285 287 292 293 294 298 304 311 316 321 322 323 327 331 332 338 342 343 344 347 348 353 355 361 362 363 364 367 374 378 379 382 387 396 403 404 409 410 412 
72 160 259 272 326 359 379 
245 194 195 199 220 238 245 258 260 290 294 300 302 303 306 313 327 331 335 363 368 371 378 401 414 
145 1 143 144 150 152 155 156 166 169 172 174 177 178 180 186 187 196 205 206 207 209 211 217 226 227 229 230 240 244 245 246 250 252 255 256 259 264 271 273 274 279 284 293 295 299 300 302 306 308 309 313 314 318 324 328 329 334 348 351 353 355 358 362 364 365 368 370 371 374 375 377 380 382 384 385 386 388 389 393 397 410 412 415 417 
35 153 154 155 156 157 161 164 176 179 182 183 185 189 190 196 198 201 202 206 209 211 212 213 215 217 222 225 232 238 245 246 247 250 251 254 255 268 271 272 273 275 279 284 285 287 294 299 305 311 312 315 322 329 331 332 333 334 338 341 344 347 350 353 362 363 364 371 372 375 377 379 383 398 399 403 405 406 408 411 
284 1 142 145 146 151 152 154 155 163 164 166 168 169 170 180 182 183 184 187 188 191 196 197 200 202 205 206 212 218 222 223 224 228 233 234 238 239 240 241 246 248 249 255 256 257 260 275 276 281 284 290 294 296 298 303 304 305 311 313 315 316 319 328 330 334 336 337 342 352 353 354 359 362 366 367 368 370 371 372 373 374 375 378 379 381 383 384 385 386 387 391 392 395 396 404 405 407 408 410 411 412 413 417 
166 140 142 143 145 154 161 164 166 173 175 176 181 182 184 185 188 189 194 199 200 202 204 210 213 216 221 223 226 227 233 234 235 237 239 241 242 243 245 247 251 253 268 271 277 279 280 281 282 283 285 295 296 300 303 308 309 310 315 321 324 325 327 330 331 334 338 340 341 343 344 346 347 349 352 355 356 357 360 368 369 377 378 381 385 386 387 390 393 395 409 410 416 
148 141 143 146 153 154 155 160 162 164 172 175 176 185 187 189 194 195 196 197 203 223 224 228 237 239 252 254 268 271 281 288 296 297 298 314 315 320 321 323 324 325 328 331 334 337 339 344 353 355 357 363 371 375 376 381 382 388 391 392 397 403 405 408 409 410 411 413 
80 1 140 143 145 148 150 155 156 158 159 160 161 162 171 175 176 178 179 181 184 185 191 194 196 199 201 202 206 212 218 230 232 233 234 240 243 244 245 246 259 261 262 263 267 269 277 282 283 284 286 291 292 294 297 303 305 312 313 321 322 323 324 326 327 328 330 341 342 343 344 345 348 352 356 357 363 367 373 375 378 382 392 393 400 403 409 410 
101 140 141 146 148 149 159 161 167 169 171 173 174 177 181 183 184 186 188 191 193 194 195 200 203 204 206 207 211 215 217 218 220 223 225 227 232 236 238 246 247 256 257 258 261 264 268 270 275 279 280 282 283 285 287 293 294 298 299 301 304 306 311 317 326 336 338 339 341 345 347 350 352 353 357 360 362 363 364 370 372 375 380 382 385 390 393 397 402 404 405 408 411 412 414 415 417 
279 142 143 146 148 149 150 152 153 155 156 160 162 164 166 168 174 189 193 194 199 207 208 210 211 219 235 236 237 239 240 243 250 253 258 261 262 265 266 270 285 288 290 292 298 304 306 310 311 312 315 317 321 322 323 326 328 332 333 337 342 343 349 356 358 359 369 380 382 383 388 392 393 399 402 408 414 
225 144 145 155 158 159 160 161 163 164 165 166 170 174 177 180 183 184 185 187 188 197 202 207 209 210 215 216 237 240 241 246 250 253 255 256 257 260 265 268 269 270 273 282 284 288 289 290 292 296 315 321 322 324 326 330 331 337 339 344 349 350 352 353 361 363 369 376 378 379 381 382 384 385 388 389 390 397 399 400 402 407 411 
157 1 144 145 149 156 157 158 161 164 169 177 181 182 183 184 185 192 193 196 201 206 217 218 220 224 229 231 244 249 250 256 257 260 265 268 270 272 275 279 288 289 295 300 302 308 309 318 326 329 335 337 340 341 344 347 349 350 353 354 358 362 366 367 369 378 380 384 387 394 406 412 414 
161 1 142 188 192 226 262 271 286 300 308 322 329 339 357 358 367 381 388 399 416 
83 140 143 144 145 148 151 155 157 158 160 166 167 172 194 195 200 203 209 210 219 226 236 244 250 258 259 260 265 267 269 276 279 283 294 295 298 299 301 302 311 325 328 329 332 336 337 342 361 362 364 365 368 370 371 373 374 378 381 383 389 393 397 398 402 405 417 
77 141 142 143 144 145 147 151 152 159 160 165 167 170 174 178 180 181 185 192 203 207 210 211 213 215 216 223 224 228 229 233 238 240 243 244 251 252 260 262 264 270 279 282 285 292 296 298 305 308 309 311 312 317 321 323 324 325 332 334 335 337 344 348 351 353 355 368 370 374 382 383 385 389 392 393 394 399 407 415 417 
182 150 151 157 167 168 181 192 207 214 228 248 251 253 254 258 264 269 271 272 282 294 314 317 326 330 334 345 352 357 361 372 375 387 392 396 397 406 411 
284 275 306 307 400 406 
47 141 142 144 147 149 152 153 155 156 161 164 165 170 174 176 178 184 188 195 196 198 200 201 212 214 215 216 221 222 223 226 234 238 241 244 245 246 247 249 250 251 259 260 267 271 272 273 286 295 296 299 301 305 307 319 327 329 330 331 332 333 335 339 340 341 345 348 350 351 353 354 356 357 361 370 382 383 386 387 392 394 395 397 400 404 408 411 412 415 
299 145 156 157 169 177 181 182 183 188 212 220 223 231 234 236 247 255 279 303 304 310 313 333 364 374 387 402 406 410 
189 1 141 148 152 156 157 161 164 167 170 171 175 176 178 183 185 192 194 195 197 198 201 204 207 209 210 211 212 215 217 218 219 221 223 226 229 232 233 235 239 240 247 248 254 255 256 259 262 265 266 270 271 274 282 284 289 299 303 306 309 310 311 312 316 317 319 325 327 330 331 332 335 337 345 352 356 357 358 363 370 376 378 384 391 392 396 397 399 400 408 412 
123 144 206 211 233 331 347 374 385 403 
134 181 270 404 
35 144 153 154 163 166 167 184 187 193 196 204 209 211 217 226 228 230 234 235 245 250 253 259 263 267 287 290 312 314 321 327 332 337 342 344 354 355 360 369 374 389 
179 146 149 154 157 159 160 171 172 175 182 189 191 192 196 202 204 215 221 222 223 236 239 253 256 260 262 263 266 272 279 281 284 287 291 292 294 295 301 309 317 319 320 324 332 338 339 343 347 351 357 361 366 374 375 387 392 393 398 401 402 405 406 417 
275 140 141 143 147 149 155 160 164 166 168 169 170 171 173 174 176 177 179 180 181 184 187 188 190 197 198 200 201 202 203 210 211 212 219 223 224 235 236 238 239 240 241 244 246 248 268 270 271 274 278 285 288 292 294 296 297 299 307 312 313 325 328 330 333 334 341 342 344 345 348 349 351 354 356 358 359 366 370 372 377 380 381 382 383 385 386 389 391 395 398 399 407 409 413 416 
175 141 169 172 180 186 188 189 190 191 198 201 205 208 216 223 228 232 233 235 245 250 259 276 281 291 298 305 311 317 334 337 339 342 348 376 379 391 402 413 
2 140 142 150 157 168 169 175 189 190 193 211 213 214 226 229 241 274 275 290 302 308 310 315 316 318 329 334 339 345 358 361 407 
143 141 142 143 145 147 152 156 157 163 165 169 170 171 175 177 178 183 188 193 196 197 198 201 202 203 204 205 207 208 211 213 215 218 219 224 225 228 229 231 234 236 237 239 241 244 248 251 255 260 261 263 265 267 269 270 290 292 296 297 299 312 318 321 323 328 332 333 338 341 345 346 353 355 359 366 370 372 374 375 376 380 382 385 387 389 390 393 396 397 400 401 403 407 412 416 
140 141 142 144 147 150 153 155 161 170 173 176 182 185 192 195 203 206 212 224 226 229 232 236 237 243 253 260 262 264 267 270 271 273 276 278 280 283 288 289 293 297 302 307 313 319 331 333 335 339 358 362 366 369 371 377 382 384 388 394 395 404 405 407 408 409 413 416 
293 140 143 155 158 161 164 165 167 171 172 195 198 208 221 227 228 234 243 244 251 263 264 268 269 273 274 279 281 284 294 303 304 310 315 319 324 325 339 346 349 353 362 364 375 397 399 413 
231 148 151 160 183 188 191 224 228 230 254 256 259 272 285 313 333 334 350 361 368 392 395 399 
244 143 144 145 149 150 152 154 157 158 161 162 163 167 168 172 175 177 179 180 182 183 184 185 186 191 192 196 199 200 211 214 215 218 219 220 221 222 225 226 227 229 232 233 235 237 241 244 252 254 260 261 262 268 271 273 274 277 280 281 282 288 297 298 300 301 304 306 315 321 322 324 331 334 337 339 340 341 343 345 349 353 357 359 369 374 377 378 383 386 387 388 390 393 394 395 396 399 400 401 407 414 416 417 
192 140 144 145 146 147 152 155 158 161 166 167 172 179 180 186 187 189 190 191 195 196 199 204 206 207 208 211 212 215 220 222 228 229 230 231 232 241 243 244 251 252 256 259 261 262 264 266 267 275 276 277 278 287 292 294 298 299 305 306 310 313 318 319 327 329 330 332 333 335 336 338 340 346 348 352 353 356 360 361 365 376 377 379 380 382 387 392 394 395 396 400 401 404 405 416 
148 143 144 154 160 168 173 184 187 191 192 196 201 213 216 217 225 241 244 252 261 262 271 273 276 281 282 286 302 307 313 315 320 321 322 324 327 344 345 346 349 356 364 366 369 371 376 379 391 393 400 411 415 416 417 
217 147 151 156 163 165 175 184 186 192 204 206 209 214 222 226 229 231 234 238 254 257 263 268 269 276 280 285 293 296 299 311 316 328 329 334 336 339 349 350 359 364 372 375 378 389 405 409 412 416 
85 147 229 258 272 307 331 375 
256 1 148 151 153 154 157 158 166 168 169 172 173 175 177 178 181 182 184 185 187 188 189 190 191 193 196 197 200 204 205 210 212 228 234 236 238 239 252 254 257 267 269 270 272 274 275 280 284 287 288 292 295 300 301 303 304 309 310 312 315 316 319 322 324 325 331 332 334 337 339 344 346 349 350 351 353 354 360 361 366 370 371 380 381 385 388 390 391 393 395 399 400 401 406 408 411 413 417 
162 155 157 160 167 174 177 189 191 211 217 218 230 278 285 298 327 352 354 357 365 375 378 389 392 396 403 404 405 
96 145 156 157 159 171 173 178 187 194 200 202 211 219 220 228 230 233 240 241 244 246 253 262 265 280 282 292 294 303 305 308 311 318 324 330 336 337 339 340 342 343 345 351 354 358 365 368 369 375 376 386 394 395 399 408 411 416 
91 1 140 142 143 146 149 152 153 154 162 165 168 175 177 178 179 180 184 188 195 196 203 209 211 217 219 220 225 231 233 243 250 253 255 256 257 260 262 270 272 274 277 280 281 288 289 292 297 298 303 306 311 312 317 318 323 324 338 344 346 349 350 352 353 364 367 368 375 377 379 381 382 383 384 385 388 394 396 405 408 412 414 416 
210 147 155 156 157 158 161 162 164 169 175 179 180 181 186 199 208 210 211 216 217 227 228 232 245 248 256 258 261 262 263 274 275 276 279 284 285 294 299 304 306 311 315 320 325 329 333 334 335 338 350 354 367 368 374 378 384 386 398 399 400 407 417 
192 1 142 145 147 150 151 160 168 170 175 176 179 181 187 188 190 196 200 205 214 221 223 232 237 239 240 242 251 257 261 262 263 265 266 281 284 287 293 294 299 302 308 309 310 315 324 331 333 337 349 350 362 368 371 380 381 383 384 393 395 397 399 401 403 404 407 410 417 
157 140 145 159 162 164 165 167 170 185 191 192 193 194 208 209 212 220 222 223 228 232 233 234 240 241 245 247 249 250 255 256 260 265 266 267 268 273 274 279 289 290 291 292 293 298 306 308 314 315 317 327 334 336 343 347 355 359 369 371 377 378 386 387 390 394 402 413 
68 145 150 151 153 154 156 158 163 166 175 180 182 183 190 197 200 201 202 206 211 214 216 222 227 230 236 237 239 241 242 245 259 261 268 269 270 271 273 274 275 280 287 289 290 303 305 306 310 312 318 323 324 325 333 342 353 361 363 365 366 367 378 382 384 388 390 391 393 395 400 402 405 415 416 
264 1 141 142 153 155 156 161 162 163 164 167 168 170 172 175 176 177 178 179 180 181 183 184 188 189 190 191 193 195 198 199 200 204 216 217 221 222 223 228 229 230 232 235 238 239 242 248 249 253 256 257 259 260 263 264 267 273 274 276 278 281 284 288 289 290 295 296 297 300 303 309 310 312 315 318 321 324 326 327 331 334 336 340 341 343 347 352 355 356 358 359 361 362 367 371 376 378 385 387 390 391 397 401 404 405 406 407 410 411 414 415 
146 140 146 151 155 162 164 176 179 191 194 211 223 227 232 235 237 240 246 248 252 255 258 260 261 263 268 270 278 279 280 283 293 296 298 303 304 307 325 328 330 333 335 337 342 343 347 350 351 352 354 356 361 362 364 366 367 368 369 370 372 373 374 377 378 380 381 383 388 389 391 394 396 399 401 404 411 414 416 
49 140 141 147 148 149 167 171 173 177 179 181 185 187 196 214 215 226 229 235 236 240 244 248 250 257 258 261 265 268 270 282 285 287 292 298 304 305 307 312 313 331 332 338 346 350 354 355 358 360 365 371 378 382 383 388 390 394 400 409 410 414 417 
20 140 143 165 166 197 202 203 209 212 219 265 271 273 278 280 288 297 307 316 320 351 355 385 388 399 402 412 416 
283 1 144 145 146 147 149 150 151 154 155 157 158 159 160 161 167 169 170 171 172 173 174 175 180 192 193 198 210 213 215 218 219 223 225 233 234 239 240 242 243 244 247 254 257 265 266 267 274 277 278 281 282 284 286 287 289 291 294 296 298 300 302 304 305 307 310 321 326 331 333 334 336 342 343 348 357 361 362 367 369 370 371 373 374 383 384 389 391 392 393 397 398 407 413 414 
74 1 147 152 155 157 159 160 161 164 169 175 176 185 188 202 219 221 224 225 232 233 238 246 248 250 251 252 263 264 286 290 292 299 300 302 303 308 312 313 316 318 322 324 330 332 335 336 338 339 348 349 351 362 365 366 370 372 373 375 383 385 393 394 403 406 412 413 416 
91 141 143 144 146 158 159 163 165 172 182 185 188 198 201 204 214 220 221 222 224 225 228 230 233 239 243 245 247 255 257 262 265 266 269 270 273 276 278 279 284 286 287 292 304 310 316 320 324 325 326 327 328 333 334 336 337 340 341 346 349 358 359 361 362 363 365 371 376 378 381 382 385 390 392 393 402 404 405 407 409 411 417 
39 148 150 152 155 157 158 166 167 171 174 176 179 186 188 189 190 194 195 196 199 202 204 206 209 210 212 213 214 216 218 222 223 227 228 230 231 232 233 234 235 239 242 248 249 250 255 256 259 260 261 264 271 274 275 287 288 289 293 294 295 296 297 298 311 313 318 319 327 328 330 338 339 340 344 346 347 348 352 353 357 360 365 366 368 373 378 379 385 397 398 409 410 411 413 414 415 
228 140 155 156 159 167 173 188 190 191 196 197 207 215 226 228 247 255 261 290 300 322 323 330 347 352 366 379 394 403 405 409 415 
55 144 146 152 156 164 167 170 177 178 179 185 189 196 198 205 209 218 225 236 239 247 248 250 252 261 262 265 267 289 299 304 305 306 313 315 322 323 324 326 335 336 337 340 357 361 362 375 377 387 401 403 406 408 
265 1 141 142 143 146 147 148 150 155 156 157 159 161 164 168 174 175 176 177 178 179 186 192 194 197 201 207 210 214 215 218 222 225 226 230 231 239 241 244 245 248 250 255 257 261 271 273 277 279 284 287 289 292 293 294 296 298 305 310 312 313 316 322 326 330 338 340 341 342 344 348 349 352 353 356 357 358 362 363 365 369 371 373 375 377 378 385 386 387 391 399 401 403 405 408 411 413 415 416 
283 1 140 145 150 159 161 163 165 168 178 189 193 195 197 213 215 216 219 221 225 230 235 236 244 250 253 254 256 257 265 269 270 278 282 290 295 297 306 312 313 326 330 332 333 338 342 345 346 349 350 359 362 368 371 383 396 399 405 406 407 411 413 
210 172 178 182 186 189 201 209 215 217 230 233 246 253 256 263 268 280 294 312 319 338 372 387 388 401 411 
51 140 144 151 155 159 161 170 172 177 181 184 186 194 201 208 212 213 218 222 223 224 229 230 235 238 242 251 258 260 261 264 265 267 271 272 274 276 277 282 285 287 288 292 296 298 299 304 305 308 314 316 323 325 331 334 337 338 345 346 364 366 370 374 377 380 382 383 386 387 391 398 400 408 412 415 
121 1 141 144 149 152 156 158 159 161 162 171 172 173 174 186 187 200 204 205 209 210 216 225 226 231 233 246 247 249 256 271 275 280 281 282 285 289 290 292 293 300 307 309 320 325 334 339 344 356 360 367 368 370 375 381 386 387 388 394 400 404 410 413 
271 1 141 142 143 144 150 157 165 167 170 173 174 179 181 182 183 185 190 191 192 193 198 203 206 210 213 214 216 217 219 220 222 223 224 225 230 232 233 235 236 238 242 243 247 256 262 265 273 274 276 278 279 280 282 283 285 288 290 291 295 298 299 301 303 305 308 310 314 316 317 320 321 322 329 330 333 334 336 342 350 353 355 356 362 363 367 368 370 372 373 375 376 391 394 397 408 410 414 415 
299 179 184 212 215 246 257 263 325 349 355 356 364 366 382 394 396 411 
8 145 148 153 159 160 162 165 167 169 174 177 178 182 183 185 192 193 203 211 214 218 222 223 225 226 228 229 230 236 240 241 242 246 247 248 255 261 265 272 275 280 281 292 293 297 298 300 306 308 309 313 318 323 327 329 332 334 340 341 344 346 348 350 357 364 367 369 370 376 379 389 393 397 401 402 405 408 411 412 
263 140 143 145 147 159 161 164 165 167 170 176 178 183 185 190 196 200 204 206 207 209 213 218 220 224 225 229 230 241 251 254 256 261 263 266 269 270 273 277 278 279 281 282 290 291 303 307 309 316 324 328 329 336 344 346 347 348 350 351 357 358 361 364 366 367 380 381 382 396 398 400 402 404 408 412 413 415 417 
142 1 151 157 159 174 176 179 180 188 190 191 198 202 211 230 242 248 261 271 274 278 281 287 288 293 298 302 308 310 320 321 325 327 330 339 342 345 352 358 363 368 381 401 406 
152 262 263 271 288 310 374 
37 179 201 206 219 325 344 374 400 
250 148 161 172 182 195 197 209 210 226 233 240 254 272 273 274 282 296 303 328 338 349 358 360 390 409 412 
207 141 148 155 156 161 196 199 203 210 216 231 236 238 244 251 259 262 278 304 307 310 325 328 333 336 347 360 363 365 375 384 406 408 410 
109 143 151 174 183 188 195 200 203 205 219 223 234 241 249 253 282 285 286 291 293 302 307 309 312 313 326 328 333 340 348 349 360 363 368 369 376 384 385 401 404 
60 143 145 153 154 156 160 161 167 174 175 189 193 196 198 203 219 222 224 227 231 234 236 237 239 241 249 250 254 260 271 278 283 284 291 294 297 308 309 310 311 324 335 339 341 342 348 349 353 354 357 358 381 382 388 391 393 408 409 414 
9 172 200 201 239 241 318 348 
250 1 140 145 150 151 157 159 165 178 187 196 200 204 205 213 215 226 229 231 232 233 237 238 239 242 245 246 248 256 257 268 272 285 291 296 302 307 308 313 314 319 320 321 324 325 328 332 334 337 341 346 348 360 361 368 372 373 377 379 382 383 384 397 401 404 407 414 
143 141 144 145 146 149 150 152 154 156 158 161 164 167 168 169 173 174 176 179 180 182 186 190 192 193 194 197 199 201 202 206 208 214 218 219 221 223 225 227 229 230 232 234 237 240 243 244 246 248 250 251 257 258 261 264 267 268 270 274 276 278 280 283 290 292 293 295 297 301 302 306 307 308 310 311 312 315 317 319 321 325 333 334 340 342 343 345 349 350 359 361 362 364 367 368 370 371 373 374 375 379 385 387 390 394 395 399 400 403 404 406 407 410 
253 1 151 161 172 176 182 183 184 186 192 197 201 207 212 221 256 257 261 271 276 302 334 337 342 353 358 384 385 390 394 398 399 406 
94 140 169 193 203 235 250 269 273 294 305 319 344 352 355 382 410 413 
136 140 143 145 147 152 154 155 159 162 165 166 167 173 174 178 179 182 183 190 191 194 199 200 204 206 208 213 215 218 219 230 240 242 247 256 262 265 266 268 271 273 275 276 279 285 289 300 302 303 304 310 312 313 316 317 320 324 326 327 328 330 333 336 339 340 342 343 344 345 348 353 362 363 368 369 372 375 377 379 380 382 383 384 388 394 395 396 398 403 407 410 416 
66 1 147 148 149 156 160 162 165 166 169 174 178 184 185 186 188 193 195 196 201 202 203 208 211 214 222 225 236 238 239 252 253 264 266 267 268 269 270 279 280 282 283 284 285 286 287 288 289 295 302 305 317 318 319 324 328 332 333 335 338 342 353 357 358 361 362 368 370 374 377 380 381 382 383 386 390 391 397 399 405 406 407 412 414 416 417 
200 142 146 150 153 161 163 164 173 184 188 191 206 215 219 223 224 227 232 236 243 248 252 263 269 272 281 282 285 288 289 291 294 300 304 313 317 318 331 332 336 337 339 341 348 351 354 358 367 380 385 388 389 392 402 403 410 
204 1 144 145 147 148 157 159 164 167 171 181 182 184 193 208 212 219 220 225 227 236 240 243 245 252 256 257 259 262 272 277 280 282 283 285 287 289 296 301 304 305 311 315 320 321 323 327 332 334 338 349 350 353 356 361 371 372 381 384 387 389 395 396 397 398 405 
269 142 143 147 157 163 168 173 186 190 194 195 197 201 208 216 220 221 237 240 246 255 264 265 276 297 304 306 310 315 319 327 336 342 343 360 361 374 385 393 396 401 407 412 
169 1 142 153 156 162 163 168 175 183 192 193 196 197 199 210 215 216 219 231 239 244 249 252 253 256 258 261 264 265 266 275 276 278 282 283 284 288 289 315 318 325 327 332 333 343 347 353 356 370 371 374 376 386 388 390 395 409 410 414 
10 157 160 173 193 199 204 210 211 212 231 247 261 262 264 266 293 309 311 312 315 322 362 364 365 367 375 376 382 386 389 395 407 414 417 
176 140 145 147 149 153 155 156 158 160 166 171 178 179 181 185 191 196 197 199 203 204 206 207 208 213 215 217 218 219 222 223 232 234 235 236 240 244 246 247 248 255 256 257 258 259 261 262 264 266 267 269 270 273 277 278 279 280 285 286 288 291 294 295 297 300 302 304 313 316 318 319 321 322 328 329 334 337 338 343 344 345 347 348 351 352 353 355 358 361 367 369 370 371 372 375 381 383 391 394 397 400 408 411 412 416 
265 145 154 159 162 163 171 172 173 175 178 181 182 185 187 189 192 200 208 215 222 224 241 243 245 247 250 254 258 259 268 272 280 282 285 301 305 315 316 318 319 323 324 333 342 352 374 375 377 381 385 388 394 396 397 400 401 404 406 409 417 
288 141 143 145 148 151 153 167 177 179 182 192 197 204 206 212 216 218 223 225 226 228 229 230 231 237 240 250 251 253 254 255 256 267 268 282 283 287 292 297 302 304 309 310 315 321 324 335 337 340 357 359 362 365 370 371 373 374 378 381 385 387 388 396 397 402 403 407 408 409 414 415 
162 141 143 147 148 149 152 162 171 173 175 177 190 194 204 206 207 212 215 217 223 226 227 237 242 251 253 255 256 257 266 267 270 274 276 283 289 291 294 297 305 306 307 308 310 313 316 317 322 325 333 337 338 339 348 350 351 353 361 367 375 378 381 388 390 393 400 403 408 416 417 
59 147 171 180 232 289 293 334 
26 140 143 146 163 171 173 174 176 177 186 190 194 199 204 215 216 217 221 223 224 226 228 229 230 235 240 241 243 251 257 259 262 264 270 274 275 278 280 282 288 303 304 313 320 323 327 330 331 332 333 347 349 350 351 353 363 368 369 371 376 387 392 400 403 407 408 
39 148 164 173 179 184 187 200 202 203 204 229 230 232 234 237 238 247 256 262 273 278 284 298 304 314 318 324 328 329 332 337 339 343 360 367 372 378 382 385 389 394 399 411 413 
39 142 155 157 189 217 218 225 227 232 233 238 240 242 253 259 261 263 278 290 316 322 327 346 355 356 358 385 387 409 412 
199 179 181 269 288 335 
184 144 145 151 163 166 173 176 177 179 188 189 197 204 209 217 229 230 233 237 246 247 252 258 261 274 285 293 297 310 323 324 327 329 331 341 346 349 353 356 369 372 377 378 385 395 411 414 
96 152 160 178 213 291 310 313 414 
115 143 147 148 155 156 157 158 166 167 168 174 183 188 190 192 194 201 204 206 207 208 209 210 214 215 219 223 227 228 232 239 248 251 259 263 272 277 279 280 281 285 289 292 295 296 302 303 304 308 312 313 314 317 320 322 327 334 335 338 346 348 349 355 360 362 367 368 369 375 376 380 381 383 385 388 395 396 402 405 408 411 412 413 414 
178 142 144 149 155 165 169 172 173 179 181 182 183 184 185 186 188 193 195 197 199 201 205 206 210 213 221 226 228 237 240 245 252 260 264 277 281 285 286 296 298 303 304 305 313 316 318 322 329 334 338 342 351 359 370 373 376 380 382 383 384 390 393 395 397 399 414 
234 141 150 156 158 161 180 184 189 201 202 206 219 231 234 235 237 238 239 245 249 251 257 258 270 275 278 281 310 313 322 330 332 335 341 358 365 369 382 398 406 
261 140 142 149 153 156 157 163 165 167 179 180 190 201 203 206 212 213 219 221 223 227 229 231 235 250 251 252 255 258 272 276 277 281 283 284 287 290 299 303 304 305 309 315 317 326 330 331 335 343 353 354 355 358 371 378 379 388 392 395 397 400 403 404 405 407 410 411 416 
208 150 162 177 182 206 213 234 255 260 293 321 326 331 354 365 407 
247 1 140 142 145 147 149 150 151 153 155 156 160 161 163 165 167 176 179 180 184 185 187 189 192 194 196 200 201 202 203 206 208 212 215 217 218 219 220 222 223 225 230 232 233 235 240 243 244 247 248 252 254 256 257 258 260 266 267 268 269 272 273 275 277 281 283 285 286 287 291 292 294 301 302 305 307 310 311 312 315 325 328 329 333 335 336 339 340 345 349 350 351 353 354 355 363 365 367 368 372 374 376 377 379 380 385 387 389 390 391 396 397 399 409 411 413 414 415 
46 140 142 144 146 152 153 155 161 168 169 174 177 178 179 181 183 184 185 186 187 189 194 196 199 202 203 207 212 213 214 216 220 230 236 238 240 244 246 247 252 257 258 259 267 269 270 271 272 276 278 280 285 286 287 292 295 300 302 305 309 312 318 325 330 346 347 348 350 351 353 354 360 362 364 369 371 373 376 378 382 386 388 395 398 410 412 414 416 
163 141 143 145 151 153 157 161 163 164 166 167 170 173 175 180 183 190 194 195 196 198 201 203 204 209 211 222 224 233 235 238 241 245 252 253 255 256 257 262 273 276 279 286 287 288 289 292 295 299 302 306 307 314 322 327 328 329 330 331 336 337 338 340 341 344 345 348 350 352 355 359 361 369 373 378 380 385 391 393 398 399 400 407 413 
294 143 145 149 151 153 154 163 164 165 166 169 172 173 174 177 178 180 183 189 194 195 197 199 202 203 209 210 215 220 221 223 228 229 233 237 239 241 242 246 247 249 258 260 268 273 275 276 283 286 287 289 291 292 298 301 304 306 307 311 322 323 332 334 338 345 346 350 352 356 358 359 369 372 384 389 391 392 394 395 396 400 406 410 411 414 
118 140 147 156 161 196 198 207 215 221 222 223 225 227 230 234 240 257 259 273 277 284 287 289 290 294 303 306 309 310 314 322 324 325 327 328 331 335 336 338 343 344 349 360 366 377 379 385 393 394 395 399 401 402 407 409 413 415 417 
258 173 196 202 210 212 238 240 262 321 372 385 414 
288 144 148 152 159 160 162 164 178 182 188 192 209 210 223 225 230 239 240 242 243 250 254 255 258 262 266 271 272 274 280 281 299 312 313 315 325 326 331 332 339 341 349 351 352 360 370 382 391 402 
205 143 170 177 183 184 186 187 197 212 214 219 234 249 251 255 302 317 325 335 357 362 365 378 380 390 395 406 
230 141 144 151 153 156 160 163 166 167 169 172 173 174 180 182 185 186 188 191 195 196 197 198 199 204 210 211 214 217 218 220 223 224 227 235 237 244 247 250 251 254 257 263 266 269 270 271 274 276 278 280 284 285 288 295 298 300 302 303 304 307 311 313 317 318 320 322 323 324 328 330 332 335 337 338 340 344 345 346 348 349 350 351 354 356 359 361 362 363 365 366 367 369 373 374 375 380 387 394 395 397 398 399 401 403 406 410 411 412 413 415 417 
210 140 143 146 147 149 151 152 155 172 189 190 191 196 198 200 205 207 216 222 233 238 242 250 251 252 254 256 260 262 270 275 279 282 284 285 288 292 297 299 302 303 312 319 325 330 336 340 344 359 362 368 370 375 378 383 384 389 393 395 397 405 407 408 417 
115 1 146 147 151 152 154 162 166 169 175 191 195 197 198 200 202 209 210 211 213 215 217 225 230 239 241 244 245 247 249 250 253 255 264 269 271 277 278 286 291 300 302 309 317 321 325 328 330 331 333 336 342 343 345 346 352 353 361 363 369 370 375 379 380 383 384 388 393 398 402 404 405 409 411 415 
121 187 149 61 170 97 124 35 243 229 295 106 42 212 1 187 264 227 197 99 294 139 98 144 101 58 188 191 104 49 86 250 139 50 30 8 294 147 242 34 5 40 38 142 163 120 286 260 135 39 270 60 153 290 74 117 207 5 108 243 43 110 28 270 176 295 168 57 182 67 28 234 7 235 99 105 230 281 277 229 63 231 171 8 161 215 216 288 146 223 38 113 292 187 202 143 145 159 139 155 63 84 117 114 132 274 243 263 103 147 296 134 250 186 236 235 288 181 145 260 255 119 156 273 168 242 287 25 294 65 73 296 267 283 42 53 80 18 175 197 158 220 215 190 158 156 210 175 220 117 140 272 195 219 287 214 278 120 181 250 7 292 62 232 42 191 79 126 254 115 53 175 105 172 270 222 12 215 236 208 128 2 148 244 99 187 262 132 110 233 25 272 146 3 79 244 9 281 65 202 242 78 217 279 147 12 6 129 239 25 36 125 288 127 245 180 216 147 42 235 202 148 220 143 72 273 82 119 226 69 101 92 21 54 105 17 196 31 254 29 159 215 265 123 70 102 77 134 277 127 291 47 183 144 66 78 288 141 128 151 37 37 65 14 54 59 36 30 152 226 57 199 145 42 9 58 133 147 17 109 134 173 267 144 249 25 263 16 164 119 33 108 17 203 109 16 141 225 128 45 202 161 202 241 290 291 226 300 10 184 80 43 162 195 136 166 200 256 17 172 295 43 241 266 129 109 39 169 286 248 251 196 95 254 87 5 48 43 257 11 212 146 260 83 258 188 164 100 229 250 45 146 290 234 73 181 187 77 56 158 179 74 282 116 253 140 253 99 254 299 86 227 73 274 280 191 158 245 192 228 245 271 18 107 1 69 181 121 61 69 187 204 251 36 15 193 124 70 128 297 196 240 38 274 274 244 272 235 222 28 45 251 12 114 225 14 47 
