280 420
85 153 156 157 160 168 174 183 184 194 206 223 233 243 249 256 260 266 276 292 298 310 319 322 343 355 359 362 367 372 373 380 381 388 390 405 410 411 412 417 
52 175 180 186 193 207 234 265 272 289 316 323 363 385 396 405 
9 152 172 178 179 210 225 229 300 307 334 337 357 361 365 369 388 406 415 420 
292 155 161 167 168 169 176 177 181 192 209 223 233 240 241 245 256 263 264 272 275 276 290 292 297 343 347 350 379 385 387 392 
49 149 153 157 168 172 173 175 179 180 187 190 193 196 203 204 205 209 212 213 214 220 224 225 226 231 237 238 240 243 248 255 260 263 264 268 270 271 273 274 275 277 280 283 285 287 288 290 291 293 297 298 299 305 306 309 310 314 322 325 328 332 335 336 337 339 340 341 348 352 356 357 361 363 365 368 370 376 377 384 385 386 388 389 390 393 395 396 397 401 402 404 405 411 413 416 418 
15 143 146 149 150 154 155 158 163 166 167 169 176 178 183 186 188 194 197 201 204 206 208 211 213 216 229 231 232 238 242 243 245 246 251 256 259 271 272 275 285 291 292 294 295 297 315 316 317 326 328 329 330 331 334 342 348 349 351 352 354 355 359 368 377 378 380 381 385 387 389 390 393 397 401 402 406 407 409 410 412 419 420 
201 1 152 153 156 161 169 176 177 180 186 189 190 200 216 275 284 285 289 301 321 326 336 341 349 351 364 366 374 375 381 385 391 392 396 398 418 
279 151 159 165 166 168 170 172 173 176 180 183 189 207 210 216 217 223 224 227 250 251 254 272 277 278 284 288 296 299 306 313 325 327 336 343 345 349 371 376 378 379 395 398 405 409 418 420 
39 160 164 268 328 418 
152 141 143 144 145 147 154 155 160 161 164 167 171 172 173 177 178 180 182 184 188 190 191 192 196 197 202 203 205 207 209 211 212 214 216 217 219 223 225 228 230 236 239 245 246 250 252 256 258 259 262 270 272 273 281 282 285 289 290 294 295 298 299 304 306 307 308 309 316 317 322 323 333 341 344 352 353 355 360 361 362 363 365 366 367 372 373 374 377 378 382 384 387 389 390 412 414 418 420 
33 164 177 187 199 214 217 219 230 231 234 239 244 246 256 268 274 294 302 309 310 317 334 336 338 343 356 361 375 376 384 390 391 400 405 
190 142 148 156 161 164 167 172 173 174 176 177 178 181 184 188 191 192 194 198 202 203 208 216 217 223 225 226 232 233 235 241 244 248 250 256 260 262 264 270 283 290 304 307 310 311 318 331 333 336 345 347 357 367 375 388 400 412 
153 142 158 162 169 174 177 185 187 190 193 194 200 217 221 225 231 242 246 264 269 270 271 272 275 276 280 285 287 289 292 317 327 330 334 344 346 349 356 364 367 371 373 375 377 381 382 388 396 397 399 402 406 407 412 415 419 420 
43 145 150 158 162 166 168 172 173 174 178 179 184 193 195 201 205 206 210 217 220 222 224 225 228 229 230 232 233 234 235 240 243 244 245 246 250 252 253 254 260 261 263 267 268 270 278 279 282 283 286 289 296 303 305 307 312 315 317 319 321 323 325 327 334 336 338 346 349 354 356 357 363 364 372 376 379 380 388 389 390 393 396 397 399 409 410 414 415 418 419 
235 146 147 161 168 170 181 184 185 186 196 199 205 214 222 226 230 232 233 237 239 242 244 248 250 252 256 257 265 267 270 279 288 297 298 306 308 317 323 326 333 334 346 347 357 365 366 377 381 382 384 390 396 399 404 413 415 417 419 
122 141 142 143 144 145 158 159 168 175 176 181 183 188 193 199 202 203 205 211 216 218 220 227 230 239 241 243 247 248 249 255 256 258 260 263 264 266 272 274 280 284 288 289 294 308 309 311 315 318 321 323 325 328 332 333 334 336 339 340 342 343 350 354 362 365 369 371 374 378 379 383 391 397 401 402 404 405 410 412 418 
79 148 161 163 175 190 193 194 195 200 206 209 225 226 227 232 247 250 255 256 271 276 283 286 291 295 297 298 309 317 327 338 340 350 351 353 355 363 365 370 372 373 384 405 407 410 414 416 
30 185 187 192 267 314 319 
181 1 142 143 148 149 150 151 155 159 166 167 169 173 174 177 183 184 185 193 196 198 203 205 206 208 212 213 214 220 221 222 223 224 226 227 228 230 231 235 245 246 247 248 249 250 251 255 259 264 265 267 274 276 283 284 285 287 291 293 294 297 299 309 311 312 317 320 321 322 323 325 330 331 332 333 338 340 341 343 346 347 348 349 351 354 357 361 362 363 364 365 366 367 368 370 373 374 377 380 382 383 392 398 399 402 407 408 410 411 412 413 415 417 418 420 
265 143 146 147 151 158 162 165 168 171 177 179 181 184 187 198 202 214 224 225 227 228 229 238 263 264 265 268 277 281 282 317 318 327 328 331 332 335 342 349 361 362 371 385 399 406 410 412 415 419 
177 1 141 146 147 148 149 151 159 160 163 167 168 169 170 171 172 174 179 182 183 184 185 192 193 194 197 199 202 204 207 211 216 217 218 219 223 228 230 231 232 244 245 246 249 250 253 256 257 261 264 265 268 271 276 277 279 281 285 287 289 295 296 299 301 306 307 314 315 319 320 322 325 326 327 328 336 337 338 339 340 341 342 344 345 346 348 349 357 358 361 363 368 372 374 376 378 379 381 382 383 385 386 387 391 392 395 400 401 402 403 411 412 413 
241 141 142 143 145 147 148 152 154 155 156 157 158 159 161 163 168 172 174 178 179 182 183 187 190 192 198 202 205 206 208 212 215 216 220 221 226 233 234 237 243 244 246 248 250 254 260 264 267 271 275 278 281 282 284 285 288 289 292 294 301 304 305 307 308 310 314 316 318 319 321 324 326 333 334 335 339 341 343 346 347 351 352 355 357 360 361 366 367 369 375 380 382 383 385 386 387 390 398 399 407 408 409 410 416 417 419 
29 1 141 143 146 148 151 152 153 164 169 172 173 174 178 182 188 189 192 194 195 196 198 205 207 209 212 213 214 217 219 220 221 223 225 231 234 235 237 238 245 248 250 251 252 253 255 256 257 264 266 268 274 276 277 280 286 288 294 299 302 304 305 307 308 310 313 314 316 320 328 333 335 336 337 339 341 342 343 346 350 351 352 353 354 357 358 360 363 365 370 380 381 382 386 387 390 392 394 396 397 405 409 414 416 417 
160 142 154 157 160 162 163 165 166 170 171 172 179 181 182 186 188 190 192 193 194 195 197 200 206 207 210 211 212 214 216 219 221 231 233 235 239 243 244 245 246 257 260 262 266 267 271 277 280 285 286 287 290 293 299 303 304 307 310 313 314 319 330 331 332 336 338 342 343 344 345 353 355 367 368 369 370 372 373 376 389 392 395 396 398 399 403 406 407 408 410 415 416 417 419 
203 1 145 146 154 155 159 160 161 163 164 165 167 168 172 182 184 186 190 198 201 211 214 215 217 218 219 223 234 238 240 242 243 245 247 249 252 253 256 261 263 264 269 273 275 277 278 280 282 286 289 290 294 295 297 299 309 315 318 319 325 331 334 336 340 342 343 346 355 357 361 363 370 371 376 380 382 387 388 390 393 394 396 398 402 403 411 415 
106 1 143 144 146 147 149 150 152 154 159 161 167 168 175 176 179 180 187 188 189 191 194 198 203 205 214 216 217 221 224 225 227 232 234 235 239 240 247 250 252 259 260 261 265 266 269 274 276 277 281 283 287 288 292 293 294 295 297 298 299 305 309 310 313 314 317 318 320 322 324 325 330 332 336 338 345 346 348 351 352 354 355 356 357 360 362 363 365 366 369 370 374 375 376 377 380 381 383 387 388 391 397 402 403 408 409 414 416 419 420 
146 141 143 144 146 155 157 162 163 167 168 169 177 178 179 180 182 185 189 191 195 201 203 208 209 218 222 223 228 229 231 245 253 257 259 263 264 267 269 274 284 287 290 300 304 306 309 312 316 317 321 324 325 331 337 341 343 345 346 347 349 353 355 359 361 362 369 373 380 382 383 385 386 393 401 403 405 408 414 417 
50 368 
77 141 143 145 146 151 155 158 163 167 172 174 175 182 183 185 191 194 198 199 202 211 221 223 225 230 232 239 246 254 256 260 261 262 267 271 277 285 291 297 299 302 306 309 315 316 317 321 326 329 336 343 359 362 364 365 366 368 369 371 372 375 376 377 379 381 383 384 386 389 392 410 
276 143 147 155 176 178 183 205 231 232 235 237 238 243 246 257 261 268 277 285 292 294 299 306 312 321 325 327 336 340 363 366 369 370 376 381 393 407 418 
61 142 145 150 159 189 211 223 225 228 247 272 273 314 317 335 345 358 364 377 388 401 
156 146 163 165 206 208 210 225 239 246 271 272 299 306 324 328 334 352 367 380 
194 142 145 151 157 159 163 168 171 176 189 191 192 200 202 205 206 208 213 215 216 225 227 229 233 234 240 245 250 255 257 263 266 267 268 270 271 276 277 280 283 284 287 295 298 304 305 309 325 327 334 342 345 358 372 374 379 382 395 397 403 404 414 418 420 
2 200 259 300 309 315 405 413 420 
240 142 145 147 148 151 152 154 155 157 158 163 164 166 167 168 169 170 171 172 177 178 179 181 182 187 190 191 193 200 201 202 203 204 211 212 213 215 220 223 225 229 231 233 235 237 238 242 243 248 254 255 256 258 260 264 273 282 283 285 290 298 299 301 303 306 310 312 317 323 330 333 337 338 346 348 352 354 359 361 362 364 365 368 375 376 379 383 390 392 398 399 400 405 406 409 410 411 413 415 416 418 
263 141 144 145 146 147 148 153 160 163 167 169 170 171 172 175 176 181 188 191 193 200 204 205 206 212 215 216 217 220 221 222 224 226 229 230 232 233 238 243 245 254 256 257 258 261 269 272 273 276 279 281 282 290 292 293 294 298 300 302 305 308 311 319 321 326 327 331 333 337 342 343 345 346 349 351 357 363 368 377 382 383 384 385 388 396 399 401 404 408 409 411 412 413 414 420 
202 176 181 218 232 257 271 301 304 325 343 346 373 395 420 
161 141 142 148 151 152 156 158 165 178 181 184 186 187 193 194 203 206 207 209 211 213 223 225 229 230 236 244 247 250 262 263 280 290 291 303 306 311 319 320 325 328 329 334 340 341 354 358 359 360 362 363 365 371 378 387 391 392 406 408 414 
266 147 149 151 154 157 159 166 169 174 177 180 186 187 189 190 194 198 199 204 220 230 233 234 241 244 245 247 248 252 255 260 262 270 277 278 279 281 288 299 313 315 318 319 323 329 332 341 343 344 347 348 352 355 359 360 361 363 365 367 373 380 382 384 388 391 401 402 403 405 406 407 409 411 412 420 
191 141 143 146 151 157 172 175 177 185 200 201 203 204 214 217 220 221 222 238 249 257 263 269 275 277 278 279 281 282 283 286 287 288 291 296 303 306 318 323 329 332 345 348 357 361 362 367 368 373 374 389 391 394 395 406 409 
19 264 330 
246 1 142 145 147 150 153 155 156 162 164 165 168 173 175 177 180 182 184 187 191 194 198 201 209 211 212 214 218 220 222 226 228 231 235 239 240 241 242 243 246 248 253 254 255 259 261 264 267 272 278 279 281 283 284 286 295 297 298 299 300 301 302 303 324 325 327 328 330 332 335 336 342 349 352 353 354 356 362 363 376 381 385 388 389 394 397 398 399 401 403 405 406 409 413 416 417 418 419 420 
206 1 142 146 147 149 152 153 157 159 161 162 165 166 167 179 180 183 184 187 188 193 195 198 201 203 204 207 208 210 216 218 224 227 228 230 233 236 243 247 254 258 262 263 268 270 274 275 276 277 278 279 284 286 291 292 293 298 300 306 309 311 315 321 322 325 327 329 330 337 339 345 347 348 349 352 353 354 356 357 358 360 362 364 365 366 367 371 373 374 380 381 384 385 387 392 396 397 398 402 404 407 408 414 416 417 418 419 420 
229 143 144 147 151 152 157 160 166 170 172 173 181 182 185 187 195 198 199 209 210 212 213 214 234 235 237 241 244 247 248 250 251 252 259 261 262 264 265 274 277 279 281 284 285 286 290 293 294 299 301 305 309 311 316 320 321 323 324 330 333 341 343 352 360 368 376 377 382 387 388 402 403 406 411 414 
223 170 171 184 193 224 225 230 293 323 340 385 415 
133 141 152 163 164 170 171 191 192 195 204 206 208 214 219 220 231 238 239 252 254 267 281 283 284 288 290 292 294 299 300 302 304 312 313 317 324 329 331 334 335 336 337 341 342 363 365 366 367 374 376 378 383 386 389 392 394 401 407 414 418 419 
123 1 143 157 158 160 165 168 175 177 178 181 182 187 188 189 193 196 199 201 207 208 231 232 243 248 257 259 260 269 271 273 277 285 287 290 292 298 303 319 320 325 331 334 340 342 343 347 350 352 356 361 362 366 367 370 376 377 378 379 380 390 395 399 405 407 410 411 412 419 420 
59 184 223 306 343 354 404 411 418 
283 142 145 148 149 153 156 157 159 161 162 164 165 166 168 170 174 175 176 182 184 187 190 195 197 201 203 205 206 209 211 212 214 221 233 235 241 242 243 244 246 248 252 259 260 267 270 277 279 281 288 295 297 298 299 301 302 303 308 312 314 322 332 334 335 339 340 342 346 348 350 351 357 358 361 366 369 373 375 380 383 384 387 390 391 392 404 406 407 409 411 416 418 419 
144 141 142 145 147 156 159 163 164 172 175 180 185 188 189 192 196 202 203 206 207 212 215 219 221 227 231 233 239 240 242 244 246 253 256 259 268 269 279 282 289 290 299 302 305 306 313 314 317 329 333 334 336 337 340 343 344 345 346 347 352 354 355 358 360 362 363 364 366 367 368 371 375 378 382 393 394 396 402 403 404 405 407 410 411 416 420 
267 142 145 147 151 152 154 155 160 163 165 167 169 170 171 172 175 177 178 181 182 188 189 191 194 195 197 201 202 203 205 209 212 213 215 218 219 226 228 230 234 237 241 242 244 247 249 252 257 258 263 264 265 269 270 271 272 274 275 277 278 279 280 281 282 283 285 289 297 298 299 300 303 306 308 310 313 321 324 325 326 328 331 336 337 338 341 342 343 346 348 353 356 364 368 369 373 375 380 381 383 388 396 398 399 401 404 407 413 415 417 419 
179 1 141 142 144 145 148 150 152 155 158 159 160 165 168 170 172 173 175 178 181 182 187 191 192 193 197 198 201 202 203 205 207 208 209 210 211 212 214 217 218 223 228 229 232 235 237 239 241 244 248 250 251 253 257 258 261 262 265 269 271 272 279 280 282 286 289 291 296 299 300 301 303 307 308 310 311 314 316 318 319 321 323 324 325 326 329 330 331 334 336 339 343 346 349 353 354 364 367 370 371 374 377 379 380 384 388 392 394 397 399 401 403 407 412 
81 145 150 152 153 154 155 157 159 160 165 166 168 175 180 181 182 184 191 197 200 210 211 213 214 220 224 226 231 232 234 235 236 240 242 243 250 251 253 254 260 261 262 266 269 270 271 274 278 279 283 284 285 291 294 295 296 298 299 300 301 307 309 312 313 326 340 341 343 344 349 352 363 364 365 367 368 370 372 376 377 382 385 388 389 391 393 395 396 398 399 400 405 406 413 418 
65 144 147 155 160 162 168 180 184 189 194 212 213 217 220 236 241 242 245 248 262 265 268 276 277 300 309 320 322 323 330 334 345 353 354 356 359 365 376 381 382 391 409 413 414 416 418 419 
275 156 157 171 173 174 178 195 198 199 210 213 217 219 221 222 225 233 234 248 254 260 264 265 271 291 292 296 304 305 313 320 322 325 327 332 334 336 339 340 341 343 354 356 357 367 369 370 379 381 383 388 401 402 412 413 414 420 
154 147 187 188 197 200 209 218 267 301 325 404 
81 144 147 153 155 159 160 163 165 168 170 175 177 184 189 193 196 198 200 202 203 207 211 212 213 230 232 237 238 242 245 246 252 253 257 258 261 262 263 264 265 266 280 283 284 286 287 309 310 313 314 322 323 325 330 333 334 337 340 343 346 350 352 364 368 372 373 375 379 380 382 386 388 391 395 396 400 401 404 406 407 408 409 410 413 416 417 
35 149 159 163 171 180 182 188 193 213 219 227 237 239 253 270 279 293 299 305 310 311 315 327 328 330 341 345 358 363 366 371 372 376 377 386 395 398 409 411 
227 234 268 288 329 399 406 
269 144 148 150 152 153 159 160 161 165 171 172 173 175 184 185 186 187 194 195 199 214 218 228 237 239 247 252 259 268 275 276 278 282 284 285 289 290 298 302 307 308 313 316 325 332 333 337 338 341 342 349 353 354 370 372 375 382 383 393 394 402 403 409 411 414 416 418 
186 175 182 245 252 255 277 280 296 326 360 369 406 408 
135 143 146 151 154 158 160 163 167 168 169 172 173 175 178 180 181 186 193 198 201 208 211 212 219 229 232 235 238 240 241 244 250 251 252 258 259 262 263 266 267 271 272 275 281 283 293 295 296 297 298 299 302 306 312 317 318 319 321 322 326 328 331 333 334 336 338 340 345 348 349 351 355 358 359 360 361 362 363 369 370 372 373 375 378 379 382 385 386 387 396 399 406 413 420 
164 155 193 245 321 343 380 405 412 
200 175 415 420 
75 142 145 146 148 150 162 163 168 170 174 179 180 182 183 187 188 189 190 194 202 203 206 209 211 214 215 218 220 221 228 229 233 234 238 239 245 247 251 254 256 258 261 272 284 289 303 310 313 314 316 318 324 325 331 332 336 349 352 356 357 364 373 378 379 384 386 387 389 390 400 405 406 408 413 416 
19 1 144 149 152 156 159 161 165 168 169 170 171 172 174 175 183 187 191 192 194 205 209 211 213 215 218 221 222 224 225 230 232 238 243 245 246 250 251 252 255 257 260 265 268 271 273 274 278 279 281 283 294 296 299 300 301 303 304 305 306 307 312 313 319 326 329 333 334 335 337 338 339 344 345 346 348 353 354 358 359 360 363 364 365 367 370 377 381 382 383 384 385 387 390 391 396 398 399 400 408 411 412 415 419 420 
205 142 152 154 155 161 166 171 176 180 181 187 194 198 205 212 216 218 222 227 228 229 231 234 238 250 251 252 253 255 256 257 259 262 267 269 270 271 276 280 283 285 286 293 297 298 306 307 310 313 314 317 318 319 325 333 337 340 346 347 359 364 367 371 372 374 384 389 391 394 398 399 406 409 415 
77 1 141 142 147 148 149 156 157 160 163 165 177 179 182 187 194 195 197 208 215 216 222 223 233 234 237 238 239 246 248 250 253 254 259 260 269 272 279 283 284 289 291 292 293 294 297 298 301 310 312 316 332 333 336 337 344 346 350 352 356 357 360 363 364 366 368 369 370 371 373 380 381 383 385 389 394 395 397 407 413 415 419 
121 1 142 145 146 151 155 159 160 168 173 175 176 178 179 181 187 188 190 192 196 198 203 209 212 215 216 223 224 225 226 228 235 241 243 249 259 260 263 264 269 270 271 272 273 277 281 282 285 294 295 297 298 299 301 304 306 308 314 316 323 327 329 331 332 335 337 338 345 347 349 354 355 356 357 359 360 363 372 373 376 377 378 382 387 388 392 398 401 404 405 408 410 411 417 
149 1 152 155 156 160 166 168 171 174 188 190 193 194 195 196 199 200 202 203 206 207 209 212 216 218 229 253 254 258 259 268 269 272 274 275 285 288 290 291 298 305 310 312 316 319 321 326 327 330 337 340 347 348 349 351 359 360 362 364 365 373 378 382 388 390 392 395 404 406 407 410 412 418 
296 144 146 157 159 161 162 164 165 171 172 174 179 180 184 193 194 196 206 207 208 209 214 220 221 228 230 233 234 236 239 243 245 251 253 255 256 259 263 265 267 269 271 276 278 279 281 282 283 284 285 290 298 308 311 316 317 320 321 322 323 332 333 336 338 340 341 342 346 349 351 354 358 359 362 364 372 373 374 383 385 386 387 389 390 392 397 400 401 404 406 409 411 413 414 
264 144 147 150 155 157 158 161 163 165 168 173 174 181 184 186 193 197 198 201 204 205 207 212 214 217 219 223 227 229 230 232 233 234 235 237 238 240 242 244 245 246 251 255 256 258 260 262 266 269 271 275 276 277 280 281 283 286 287 289 290 291 298 299 300 305 307 308 310 315 317 321 322 324 329 331 332 337 339 344 345 346 349 352 357 361 362 364 365 366 368 369 370 375 376 382 384 386 388 389 394 397 400 401 402 403 404 411 418 419 420 
266 152 153 156 157 161 165 169 170 171 172 173 174 175 178 182 183 189 190 193 195 199 204 207 211 214 218 221 226 227 231 234 236 237 240 244 245 247 250 263 264 265 266 268 275 279 281 284 285 286 290 292 296 302 303 304 309 310 316 319 322 324 327 329 330 331 333 334 335 336 344 348 352 353 354 355 358 360 364 365 368 370 374 379 382 383 384 387 399 400 404 411 420 
227 1 142 143 144 154 155 158 159 160 165 168 169 173 175 178 183 185 187 191 199 208 209 213 220 224 225 226 227 228 231 234 248 249 251 252 253 254 257 260 263 265 266 269 270 272 276 284 286 287 288 295 297 300 301 302 303 308 311 312 313 316 320 323 325 327 330 335 338 339 343 344 345 351 352 356 359 360 363 365 368 372 373 376 377 379 383 386 393 396 398 402 403 410 412 
174 1 141 142 143 148 149 151 154 155 160 162 168 170 172 177 180 181 182 188 190 191 199 201 202 204 206 207 209 210 215 220 221 224 229 230 231 232 236 240 243 245 246 251 252 260 261 262 263 264 266 267 272 275 276 277 281 282 284 287 289 290 292 293 296 298 300 303 305 306 309 316 322 324 331 339 342 343 346 348 350 351 354 355 356 357 358 359 363 365 369 370 371 372 375 376 377 378 379 380 383 384 386 394 397 399 401 403 405 406 407 408 409 417 418 420 
186 1 141 142 143 146 152 154 155 157 160 165 167 169 170 172 173 176 180 191 193 194 195 196 203 204 205 207 214 217 226 227 235 239 243 246 251 252 253 254 256 259 260 261 262 265 267 268 274 280 288 289 294 296 298 300 304 308 310 313 316 317 318 319 320 321 322 327 331 336 339 343 351 360 366 368 369 370 373 375 376 378 388 395 397 398 400 401 403 405 407 411 415 418 420 
31 146 149 152 154 158 159 164 167 170 174 176 178 179 182 183 188 189 195 198 199 206 207 208 213 217 218 220 224 225 226 227 229 230 231 240 248 250 252 253 265 275 276 280 284 287 290 292 294 295 302 304 312 317 318 320 328 332 333 334 343 344 349 350 356 357 359 361 362 365 370 375 376 378 379 382 383 384 391 393 394 395 397 399 402 406 407 411 415 417 419 
256 1 150 155 156 161 163 173 175 178 182 188 189 210 212 216 219 220 226 230 236 241 249 254 258 261 262 263 265 266 267 269 272 287 291 294 295 296 297 303 314 317 322 323 324 326 337 342 351 354 355 374 383 384 386 391 394 398 407 413 416 418 420 
256 147 151 155 162 163 166 172 182 186 188 189 190 194 196 197 205 206 214 215 225 228 229 232 239 240 243 244 246 247 249 251 259 261 264 267 270 274 276 280 283 285 287 293 297 304 305 307 312 315 316 319 325 327 329 334 335 340 341 349 355 356 364 366 367 368 370 371 372 374 391 397 399 404 407 411 415 420 
267 143 144 151 153 160 173 177 185 188 194 200 202 214 222 223 225 231 236 240 243 246 254 257 268 269 273 274 281 282 283 284 288 292 293 311 318 331 335 336 343 360 362 369 372 373 377 378 382 394 395 398 399 405 408 410 417 419 
229 144 145 148 149 150 151 153 155 157 171 182 185 191 202 224 245 249 253 256 259 260 269 274 287 294 305 320 321 331 332 337 349 355 361 369 383 384 385 386 389 391 397 398 404 407 414 415 416 418 
161 145 146 147 151 152 159 162 167 168 172 175 177 180 181 183 193 198 203 204 206 209 212 214 215 217 218 219 220 222 223 226 227 229 236 238 239 244 252 253 258 259 262 264 265 266 270 272 273 275 276 279 284 286 288 290 292 293 302 303 304 307 311 312 315 317 324 325 331 336 344 345 350 351 352 354 355 358 364 365 367 370 372 373 375 376 377 379 380 381 383 384 386 392 393 396 398 401 402 404 407 408 413 415 416 417 419 420 
245 142 145 147 148 154 155 162 163 174 179 180 185 189 190 192 193 194 198 201 206 209 212 214 216 222 223 226 227 229 231 235 243 244 246 251 252 257 263 266 267 271 275 278 283 285 286 295 297 299 300 301 302 306 313 314 315 318 319 320 326 327 335 337 338 340 346 347 349 350 352 357 367 368 370 372 375 380 382 387 388 394 395 397 404 408 410 418 
40 159 196 210 226 239 240 265 285 304 385 388 416 
222 150 152 155 158 159 162 169 174 177 182 186 189 197 199 208 213 216 220 221 228 234 237 240 242 245 246 247 253 254 258 259 261 265 269 275 276 287 291 293 298 299 312 314 315 318 323 335 349 351 354 355 356 360 361 365 366 369 375 377 382 385 386 388 389 391 392 401 406 407 415 419 420 
53 161 165 166 172 184 197 201 216 244 261 282 306 308 351 353 374 380 406 407 410 411 412 414 
205 1 142 147 148 151 153 154 160 163 164 167 168 172 173 174 176 179 193 194 195 199 201 202 203 210 211 213 214 217 219 220 223 225 227 233 235 238 239 246 250 254 260 261 262 264 272 277 279 286 289 294 296 298 299 301 304 306 307 323 333 340 345 346 348 350 352 357 358 359 362 363 366 369 370 376 385 388 389 393 394 400 401 406 414 415 
257 157 159 165 167 171 187 188 197 205 209 211 213 216 217 218 220 226 227 238 245 248 249 254 257 265 266 271 277 281 286 288 292 294 298 299 304 313 321 326 330 348 351 352 354 360 365 366 375 383 385 389 390 391 394 399 403 411 420 
99 1 141 146 153 156 157 162 165 168 171 175 176 180 182 185 189 194 199 202 211 213 224 227 232 239 245 249 251 253 255 256 262 265 271 272 278 279 281 282 287 299 301 303 305 313 318 320 321 330 339 341 342 355 356 361 363 374 377 380 382 387 394 395 397 398 399 406 410 411 418 
261 147 151 162 176 184 188 202 233 243 244 247 248 249 260 261 265 271 272 290 293 295 302 304 311 312 319 336 337 343 354 356 371 398 399 400 410 
179 1 141 143 145 146 148 149 151 152 155 156 157 162 163 164 169 170 171 173 177 179 180 181 184 185 188 191 193 195 196 198 201 205 206 209 210 214 216 224 225 229 234 238 241 242 247 253 261 265 266 267 268 269 271 272 274 275 281 287 289 291 293 297 315 316 318 320 324 328 329 330 335 337 338 340 342 352 353 354 356 361 364 366 374 375 377 378 389 397 398 402 403 404 405 406 410 414 416 417 418 419 420 
256 141 142 146 147 151 152 156 161 164 166 168 173 182 194 196 206 208 210 214 218 221 223 225 228 231 232 233 238 239 240 244 245 247 251 254 255 256 261 262 267 273 279 289 293 295 298 299 300 301 302 306 312 314 315 318 319 324 325 328 331 334 335 338 344 350 351 353 355 356 359 364 371 372 375 379 383 388 389 393 395 396 397 399 400 402 404 406 412 415 418 
255 150 155 168 174 183 190 191 198 218 221 242 247 249 259 261 266 276 277 291 293 296 297 298 305 315 316 319 326 345 346 362 377 379 387 399 400 402 407 408 
4 176 195 237 241 258 266 286 291 303 304 308 311 314 324 325 326 334 336 342 344 362 368 385 399 401 416 
64 1 142 149 162 169 172 177 187 188 189 192 196 201 214 219 221 226 227 245 246 249 254 255 256 266 267 271 276 277 278 280 298 306 307 316 323 328 347 354 355 358 362 364 372 375 381 383 393 399 411 412 415 420 
162 151 165 166 198 224 231 257 293 325 327 330 337 345 379 391 
170 142 143 148 152 154 157 158 159 160 163 165 167 177 178 181 182 184 189 192 195 200 201 202 204 207 208 215 217 220 222 224 227 229 230 233 234 235 236 239 240 242 245 246 249 251 258 260 264 272 277 278 281 282 283 284 285 291 292 293 294 298 307 308 313 314 316 319 320 321 322 323 330 337 340 341 346 355 358 360 364 365 368 369 373 375 382 383 386 392 395 398 400 408 416 418 
38 146 149 153 160 180 189 195 198 200 203 209 213 228 237 246 251 271 272 283 285 286 291 306 310 313 320 326 327 328 335 336 342 344 348 349 372 373 375 378 388 390 394 420 
257 1 147 159 160 167 171 173 174 176 177 183 185 188 192 196 207 208 209 214 215 217 218 219 226 231 232 237 239 242 243 248 251 258 259 261 263 275 282 283 287 288 290 301 302 306 309 318 320 323 325 329 333 349 350 351 352 354 360 362 363 364 366 369 377 383 384 391 392 397 399 405 414 
288 1 152 158 161 162 166 171 173 179 182 185 188 190 191 193 195 203 204 208 212 213 219 220 222 223 226 227 229 230 231 232 233 237 238 239 240 241 243 245 246 247 248 250 255 257 258 263 266 268 271 272 282 286 288 289 291 294 296 299 301 302 304 305 308 309 310 314 315 319 325 326 328 334 336 338 343 345 352 356 357 364 369 373 375 376 380 386 390 399 401 403 404 408 409 411 412 414 416 417 419 420 
254 142 146 150 151 158 165 167 168 170 173 175 180 181 182 184 187 189 194 197 202 205 206 213 219 224 225 229 232 239 240 246 247 250 251 253 255 256 257 258 261 262 265 272 273 281 282 285 287 288 291 293 294 297 311 312 314 317 321 322 325 330 333 338 341 352 353 358 361 362 367 369 373 375 386 389 393 398 400 401 404 405 414 419 
40 1 141 142 143 144 148 159 161 163 164 165 166 169 170 174 180 181 182 183 186 187 189 190 192 193 195 196 197 205 206 210 211 212 219 220 222 223 229 230 231 232 233 238 239 242 243 244 245 256 264 271 277 279 281 286 289 292 296 298 302 306 308 309 312 313 317 319 320 325 329 330 332 333 341 347 349 350 351 356 358 359 362 365 366 367 368 373 374 380 388 389 393 397 399 404 406 410 412 413 415 419 420 
187 142 143 147 148 152 154 169 172 180 208 217 220 244 290 298 317 334 380 416 
174 1 141 143 144 146 147 148 149 153 155 159 162 165 167 169 173 174 175 180 182 183 184 189 196 197 198 203 205 206 207 209 212 217 219 222 224 225 231 233 234 235 242 244 247 249 254 258 260 264 267 270 271 275 276 277 281 282 286 289 292 301 307 313 315 316 321 326 329 331 333 341 343 346 347 349 356 362 368 369 370 373 375 376 380 381 388 389 390 396 402 403 404 405 409 410 414 419 
110 142 145 146 149 152 155 156 157 158 159 165 169 170 173 177 179 180 181 182 184 188 192 195 196 197 198 205 212 213 217 218 219 220 222 223 224 225 230 235 238 242 256 258 261 262 266 267 273 280 282 283 285 288 289 293 295 297 302 304 305 307 309 313 314 316 317 319 322 327 328 329 331 333 334 336 339 341 344 346 347 354 355 357 359 363 370 383 388 389 390 391 392 394 396 398 400 405 406 407 409 413 
39 145 146 150 155 156 160 161 167 169 170 179 181 189 191 194 201 202 204 210 214 218 222 223 225 227 228 229 248 250 251 256 257 259 260 262 266 267 269 270 273 274 281 282 296 298 299 303 307 317 326 327 328 329 339 341 348 351 358 360 364 365 366 367 373 374 376 377 381 385 386 389 392 397 403 404 412 414 418 420 
66 141 143 150 154 155 156 160 163 165 167 171 174 183 192 203 205 206 209 210 214 220 226 227 229 239 240 241 243 244 248 249 253 254 258 260 261 265 267 269 274 275 277 281 284 285 297 300 304 305 307 310 312 313 314 316 319 320 321 323 325 326 327 329 330 335 337 340 341 342 348 349 350 351 356 357 359 366 368 372 373 375 377 379 380 381 383 387 391 392 393 395 396 398 399 401 402 409 412 415 418 419 
269 202 322 392 397 399 418 
150 141 145 149 151 153 156 158 161 164 168 170 178 183 190 195 196 198 202 205 206 207 208 210 213 214 217 219 220 221 225 227 230 231 233 234 236 238 241 242 244 252 253 254 257 259 263 265 266 267 270 271 274 279 280 282 285 286 288 291 294 295 297 298 299 300 301 306 307 308 312 318 320 321 322 324 325 328 329 331 332 334 339 341 343 346 347 348 349 351 352 357 359 364 366 373 374 376 377 378 381 383 385 386 387 389 394 395 398 403 407 409 417 
142 1 141 142 144 151 153 154 155 158 159 160 161 162 163 165 166 172 173 178 179 185 191 196 197 201 205 208 212 214 217 218 219 221 226 232 233 236 237 240 243 245 249 253 255 256 260 261 267 268 272 275 278 282 286 288 290 291 293 295 296 304 307 308 316 318 319 321 325 326 328 333 336 342 343 344 350 354 355 357 362 365 366 367 369 370 372 374 376 378 382 384 386 387 389 391 395 396 397 400 405 407 411 413 414 415 416 420 
99 143 147 155 158 166 175 177 181 183 187 191 192 206 213 216 218 219 221 224 225 228 234 235 238 239 245 248 251 252 254 255 262 264 266 269 279 285 292 295 296 298 301 303 308 314 321 326 327 328 331 338 340 348 349 352 356 370 372 375 379 387 390 391 395 397 399 403 404 408 409 410 413 418 
186 219 232 260 288 294 366 400 
257 147 149 151 156 157 159 160 163 167 168 173 176 179 180 184 190 194 196 199 201 206 208 215 221 222 223 225 226 227 228 229 231 233 236 238 243 244 245 246 247 250 252 261 265 268 270 271 274 276 277 281 282 285 286 287 288 289 293 298 299 300 305 306 310 317 321 324 333 336 340 343 348 356 364 388 401 402 413 414 418 419 420 
181 142 150 151 153 154 156 157 162 163 165 166 175 178 182 193 201 203 210 211 212 223 225 226 229 241 245 251 265 266 268 269 270 272 277 278 284 286 289 295 298 299 304 310 311 318 319 323 327 332 334 338 340 342 348 350 352 353 359 363 364 367 369 372 379 385 390 391 393 398 401 403 405 406 409 410 417 420 
82 153 159 177 182 183 185 196 226 230 231 234 236 261 272 305 307 308 322 324 326 341 353 361 369 382 383 392 393 397 400 420 
243 148 156 250 272 273 281 290 297 332 341 351 366 379 385 411 417 
221 150 154 167 170 180 184 193 204 216 232 248 265 266 292 295 307 325 330 339 340 343 348 357 375 388 389 391 395 416 
261 164 181 192 193 200 201 204 218 230 233 238 329 337 341 352 360 364 375 393 399 400 415 
84 153 176 183 197 216 223 229 237 254 256 274 283 291 293 316 318 319 322 325 329 335 340 348 376 393 
20 143 145 148 150 159 160 161 165 166 168 172 175 176 177 183 187 189 193 196 197 199 202 207 208 212 213 214 219 220 221 222 227 228 230 231 239 241 242 243 244 246 247 250 251 252 254 255 257 262 265 277 283 285 286 288 289 292 295 298 299 300 302 303 305 309 310 312 313 316 323 331 335 339 341 348 352 353 354 355 356 358 359 362 365 369 375 377 379 385 388 394 402 403 406 411 413 415 416 417 419 420 
29 144 145 149 153 154 157 160 162 165 168 171 174 175 180 183 184 186 192 193 205 206 211 212 217 219 222 223 224 226 229 230 235 237 239 241 248 249 251 264 268 269 270 277 282 286 287 289 292 293 297 304 308 309 310 311 313 315 316 317 318 320 323 325 331 333 334 336 345 350 352 354 358 360 365 367 369 372 375 383 386 388 392 397 400 404 406 411 419 
23 149 173 177 180 190 191 197 200 201 213 216 230 240 245 249 258 264 268 271 283 285 289 304 313 322 331 339 341 366 376 381 387 393 396 406 411 
32 1 142 144 146 147 157 158 159 163 170 171 182 183 185 186 187 194 202 208 211 212 213 215 216 220 224 232 233 240 245 246 247 248 250 251 256 268 272 273 274 275 280 281 285 287 290 291 292 293 296 298 302 304 307 308 311 312 313 315 316 317 319 320 323 329 331 332 333 334 335 339 344 347 348 349 351 353 354 355 368 372 376 377 379 380 381 394 400 403 407 408 412 413 
252 144 148 154 155 156 160 164 167 174 175 181 182 188 191 192 197 198 199 200 203 206 209 211 213 216 219 220 221 223 225 232 239 242 247 248 250 251 254 264 267 268 270 272 273 274 275 277 278 279 283 284 286 288 292 294 295 297 298 299 300 301 302 303 305 309 310 311 312 314 318 319 320 327 333 335 337 340 342 344 351 353 354 356 359 362 366 367 373 375 376 377 381 383 384 386 390 394 398 399 403 405 409 410 412 413 420 
108 397 
30 142 149 150 153 154 167 168 178 180 190 192 193 194 198 199 205 208 212 214 215 218 222 232 239 241 244 245 246 248 249 252 254 255 256 258 262 263 264 265 268 270 271 272 275 278 282 283 285 286 289 292 296 301 306 308 315 316 317 319 321 322 333 337 343 344 346 347 350 352 355 362 363 367 368 369 373 375 387 395 397 406 409 412 417 419 
89 142 146 147 152 153 163 165 166 177 184 185 187 189 193 196 198 201 203 209 211 217 220 227 228 230 232 234 243 247 251 252 253 256 257 261 262 266 273 278 284 287 293 294 296 298 301 303 308 310 314 317 322 323 327 328 329 330 334 335 337 338 341 342 344 348 352 353 356 357 358 363 364 367 375 376 383 384 387 393 394 400 405 406 407 408 411 412 413 416 418 419 
268 146 148 153 154 156 158 159 161 165 170 171 172 178 180 181 183 184 189 191 193 199 203 209 212 214 217 223 231 241 250 254 260 267 268 272 278 283 284 287 291 292 295 299 303 314 316 317 318 319 321 323 326 328 330 334 335 336 341 345 351 355 361 363 364 366 369 371 376 380 383 385 388 389 407 416 417 418 
1 147 154 159 161 165 176 178 182 184 195 197 217 225 242 246 257 258 266 282 294 296 307 313 315 327 328 333 338 339 341 362 373 389 390 392 394 401 404 408 414 417 
92 141 142 144 146 147 148 150 151 157 161 165 172 175 176 184 189 193 194 197 201 204 207 208 210 211 215 220 222 223 225 227 233 237 241 244 246 252 253 257 259 265 266 274 288 291 292 294 296 297 302 304 307 309 310 313 314 320 324 325 331 338 346 347 348 349 351 355 357 358 361 364 368 372 381 386 391 392 394 398 400 404 408 409 413 418 
245 1 157 158 161 162 163 169 170 191 196 197 199 205 206 209 210 215 223 228 229 236 242 251 252 257 268 269 270 275 278 279 284 286 287 290 296 301 310 312 317 319 335 349 354 355 396 403 409 416 
75 143 146 149 150 152 154 156 162 164 165 168 176 180 182 186 192 194 195 196 197 198 200 202 207 214 217 222 224 227 232 233 234 236 239 240 243 246 247 250 257 262 263 266 267 280 282 284 287 294 295 296 298 300 303 309 310 311 312 314 318 321 322 330 335 339 345 348 349 352 354 357 358 360 364 369 371 373 379 381 383 386 392 393 394 401 410 411 414 419 420 
101 147 149 154 163 166 172 182 196 197 219 220 222 224 225 226 234 236 240 257 277 287 288 293 308 309 312 313 318 322 332 334 343 344 349 351 365 373 377 381 392 405 
25 147 148 149 153 163 171 173 175 176 181 188 192 212 218 219 225 231 232 235 244 249 253 258 259 260 266 268 274 275 278 281 292 298 302 306 309 313 317 319 324 332 334 337 341 345 352 360 366 372 373 374 376 380 397 398 400 418 
128 216 291 
279 1 145 149 152 160 170 182 185 188 189 190 193 200 203 205 206 209 220 227 232 233 234 243 244 253 258 259 265 266 271 276 277 278 292 297 301 306 307 308 309 311 321 322 328 330 332 334 336 344 350 351 355 357 365 368 370 373 376 377 384 385 388 393 398 400 406 407 414 420 
53 143 170 172 175 179 183 186 191 192 195 213 214 221 223 224 225 232 233 237 245 246 247 253 255 256 259 262 263 268 272 277 287 289 290 292 294 296 302 309 312 313 319 321 322 325 336 346 349 352 356 367 375 381 382 385 388 401 403 405 406 408 417 
173 1 142 143 144 146 149 150 153 154 156 160 164 167 168 172 174 175 176 183 186 190 196 200 203 206 213 214 220 224 225 226 227 228 229 230 241 243 246 247 250 252 255 257 261 262 269 272 273 277 280 281 285 286 287 288 292 293 294 296 299 303 307 310 311 314 318 319 320 321 323 325 328 331 334 340 341 343 344 351 354 355 360 361 362 364 368 373 377 385 386 388 390 391 394 399 401 410 417 
107 146 150 161 169 170 179 181 183 185 201 203 207 225 228 243 245 246 249 251 258 262 264 268 282 286 290 291 301 302 304 307 313 316 321 331 343 348 349 355 368 372 376 387 394 398 401 405 408 413 
172 149 157 238 272 280 324 355 377 
141 141 143 149 163 164 167 175 178 183 186 191 192 210 213 215 217 223 262 272 275 281 288 291 295 319 323 327 330 332 335 360 363 375 386 389 399 403 408 413 
202 146 153 157 159 160 163 165 167 169 170 171 179 181 182 190 191 194 199 201 205 207 209 210 212 215 220 224 226 228 230 231 234 237 247 249 250 254 255 258 259 261 274 279 280 281 282 287 290 291 294 295 297 300 305 308 309 310 313 314 317 318 320 321 322 330 333 338 344 345 346 351 354 355 356 360 364 365 366 371 374 377 383 385 388 390 393 394 395 397 398 400 401 404 406 407 410 418 419 
126 158 180 187 215 247 283 336 339 412 
276 141 143 144 146 148 158 161 162 163 165 167 168 170 171 172 174 177 179 180 187 188 189 193 198 201 208 211 215 217 218 219 220 224 225 238 242 255 259 267 274 278 282 283 287 291 293 295 300 303 304 305 306 307 310 314 318 324 332 333 339 346 347 349 350 354 358 365 368 378 381 382 392 393 396 397 398 407 410 411 418 420 
190 141 145 149 152 154 156 158 160 161 162 167 169 171 174 175 177 182 183 184 186 189 190 192 194 195 196 197 199 202 207 209 213 215 222 223 224 227 228 230 232 233 234 235 236 238 239 242 243 244 247 248 249 250 251 254 255 258 259 262 265 266 267 282 284 285 287 288 294 299 302 305 313 315 317 318 321 324 325 326 328 330 333 337 339 352 353 356 359 360 363 365 368 369 372 377 378 381 382 383 384 385 387 390 393 395 400 401 412 414 415 417 420 
135 159 169 170 173 191 195 208 232 264 275 291 292 304 308 342 344 345 347 353 360 375 376 379 380 383 386 394 407 412 
12 143 158 161 162 164 165 172 174 178 179 184 186 187 189 190 192 199 209 213 214 219 223 224 225 228 229 230 231 235 244 247 258 264 276 277 278 285 286 291 303 308 316 319 320 321 328 333 334 335 340 346 347 348 351 352 357 363 364 371 372 384 390 391 399 401 403 407 412 414 416 418 
145 143 145 147 151 152 156 158 162 166 168 170 175 178 182 183 185 193 195 198 200 204 210 212 221 222 224 226 227 233 234 236 238 242 244 245 248 253 255 257 259 261 268 270 271 280 283 292 293 294 296 300 308 309 313 319 321 324 325 326 333 342 344 346 349 352 364 366 372 383 384 385 386 387 391 392 394 395 397 399 401 402 403 410 411 416 418 420 
59 148 157 164 176 187 273 289 292 346 347 361 399 
264 144 146 153 154 158 159 164 171 178 182 195 196 197 203 206 212 215 222 227 238 239 245 246 248 256 270 279 281 294 295 299 303 310 316 318 320 328 344 349 351 354 359 365 372 377 378 380 382 390 396 412 416 419 
242 1 142 147 150 151 161 162 164 166 167 168 169 178 181 183 187 189 191 192 199 201 202 206 217 225 227 230 231 238 239 242 243 245 248 251 252 260 262 265 269 270 278 279 292 295 301 302 306 311 316 317 318 324 325 327 329 330 340 353 361 364 371 372 373 374 376 377 393 400 401 402 403 405 408 409 412 413 419 420 
118 143 151 153 155 160 161 162 166 167 177 180 182 183 187 188 190 193 194 195 197 201 204 208 210 220 221 222 224 225 228 229 232 237 243 249 253 254 257 258 262 264 270 276 278 281 283 288 293 294 295 298 301 304 306 307 310 311 316 318 320 321 322 323 324 325 326 332 333 334 335 337 340 342 343 344 345 352 355 357 361 374 377 382 383 390 391 395 396 409 410 411 416 417 418 419 
224 147 148 151 152 155 171 172 173 176 179 180 181 184 186 187 189 192 193 195 198 202 209 214 219 224 229 230 234 238 241 242 248 254 257 258 264 266 267 268 273 276 278 284 286 291 292 294 295 299 302 304 307 308 311 312 313 314 316 317 318 320 321 322 330 332 335 337 338 342 344 346 349 351 353 363 370 371 373 376 378 380 381 385 392 396 397 400 405 406 407 414 417 418 
157 141 144 147 150 152 153 156 158 164 166 167 169 171 176 185 189 191 195 197 204 205 206 211 212 214 218 223 224 228 231 232 240 241 243 249 251 252 266 269 270 274 276 277 280 292 294 295 296 301 302 311 315 317 319 321 323 332 334 335 340 343 347 354 365 368 369 371 375 384 385 389 391 394 395 398 399 400 401 402 403 409 410 416 419 420 
300 141 145 149 153 155 161 170 171 173 174 180 182 184 194 195 196 201 206 209 212 213 221 224 226 229 230 231 232 235 238 240 243 250 254 260 263 265 270 277 287 290 295 304 307 308 309 311 314 317 318 319 322 324 329 332 334 343 344 350 352 354 355 356 361 364 366 368 371 373 379 388 396 403 404 406 408 412 414 
296 150 151 154 158 161 163 165 168 172 175 180 182 185 186 187 191 196 200 202 204 205 210 216 218 227 239 244 247 249 251 253 258 262 265 272 277 280 288 298 301 309 311 316 328 330 331 333 334 335 336 337 344 348 354 356 361 377 384 388 391 399 401 402 403 408 409 412 418 419 420 
41 1 146 147 148 150 156 166 171 174 179 180 181 184 188 189 190 195 196 198 202 204 207 209 212 213 215 217 218 221 222 224 226 228 230 231 234 239 240 244 247 249 250 251 256 259 260 262 264 269 270 272 273 274 275 276 280 283 286 288 289 292 294 299 300 304 305 311 314 315 319 320 324 325 328 329 330 331 332 339 342 346 351 354 356 357 358 363 365 367 373 374 376 382 385 391 392 393 394 395 396 400 402 405 409 410 416 417 418 420 
80 148 153 168 195 211 215 221 223 232 234 236 239 250 253 257 263 267 269 278 284 290 295 296 297 303 304 308 313 317 320 323 324 330 341 345 348 364 393 406 
66 141 143 146 147 153 157 162 164 169 170 177 179 181 187 188 189 191 194 195 196 197 202 207 210 211 216 217 218 222 224 225 226 234 236 239 240 243 244 251 252 254 255 256 257 258 263 265 267 268 270 271 272 273 275 276 277 279 282 287 288 292 294 296 297 298 306 310 314 316 320 322 325 331 332 333 337 341 344 352 354 358 362 364 365 383 385 387 388 389 390 392 393 399 404 408 412 414 415 
66 141 142 143 144 145 157 158 168 170 174 176 181 186 189 190 197 201 203 204 205 209 210 214 219 222 228 232 234 239 240 241 243 245 252 253 254 256 258 260 261 267 275 282 284 286 288 290 295 308 309 315 317 322 325 326 327 338 339 341 342 343 348 352 356 358 359 364 365 369 374 375 381 382 383 384 389 392 396 398 399 401 403 406 414 415 416 420 
80 144 145 152 157 160 166 171 172 173 177 187 189 191 196 198 200 205 213 214 217 218 220 225 226 232 239 242 243 246 252 255 264 265 271 272 282 286 292 300 302 304 307 312 313 319 321 324 329 332 334 337 338 343 346 359 362 364 367 379 383 387 388 393 400 402 403 410 411 416 417 
171 194 200 227 252 266 269 289 313 333 370 409 418 
6 143 145 149 150 152 153 156 160 161 164 165 166 167 168 169 170 173 174 175 177 179 183 185 189 191 192 193 194 195 198 201 203 207 208 209 213 215 224 225 227 231 238 244 246 247 248 249 254 255 258 259 264 268 270 271 272 277 278 279 283 287 290 293 298 299 301 303 307 320 324 325 331 334 339 340 342 344 345 346 348 349 350 351 352 357 360 364 368 370 375 376 377 378 379 380 382 387 389 391 394 398 399 401 405 406 417 419 420 
91 144 147 154 155 161 162 167 168 169 173 177 178 180 181 183 187 196 201 203 232 237 251 252 253 259 260 263 269 270 278 282 285 297 299 300 311 316 322 326 327 335 336 344 351 361 364 372 375 381 382 387 389 390 397 405 413 416 418 
192 1 149 154 158 160 161 164 165 169 170 171 175 183 185 191 197 200 201 204 208 209 211 212 213 214 218 226 227 229 230 235 240 244 245 249 254 255 257 261 262 264 273 276 278 280 284 290 291 296 297 298 299 305 313 315 318 323 339 342 348 351 353 355 356 357 360 361 363 367 369 373 378 384 385 387 388 392 394 395 398 400 401 402 404 405 408 409 412 414 
293 144 145 149 150 156 158 165 169 175 179 180 186 189 197 198 200 202 203 204 206 207 216 218 228 231 233 238 241 244 251 252 253 255 259 263 266 267 272 274 282 288 292 296 297 302 307 317 322 327 342 345 356 357 359 362 364 366 368 379 380 383 385 389 394 395 401 402 406 407 415 416 419 420 
22 166 185 199 205 207 221 237 252 274 275 290 301 315 323 330 338 343 364 375 382 405 414 416 420 
6 182 261 286 324 353 354 
25 145 160 161 164 167 203 208 216 220 221 222 224 237 254 259 269 271 274 285 288 289 307 321 332 354 356 360 365 368 372 375 379 384 404 
44 157 398 
5 1 141 142 147 155 158 160 161 166 173 175 179 183 184 185 186 187 189 191 195 196 197 199 200 203 204 205 206 210 213 214 218 220 224 232 233 236 242 243 244 245 246 247 248 251 257 261 266 267 269 272 275 283 285 291 297 300 302 303 305 306 308 316 317 322 323 324 327 329 331 333 341 345 346 348 349 350 352 353 360 363 364 365 369 370 377 381 384 386 389 394 395 400 406 407 410 413 416 418 
86 141 142 147 150 156 157 162 163 164 168 173 174 176 177 178 180 182 189 192 193 195 198 204 209 216 217 218 223 225 234 238 240 244 246 247 248 249 250 254 256 257 258 260 263 264 267 269 270 274 275 276 278 279 280 282 284 289 293 295 296 297 310 313 314 315 322 325 327 328 332 337 339 341 343 345 348 349 351 352 354 355 356 358 365 369 375 377 378 382 383 392 395 400 401 402 404 405 406 407 410 411 412 413 417 418 419 
70 147 149 152 156 159 160 162 164 165 168 169 170 172 175 176 180 181 185 190 191 192 197 198 200 204 205 206 207 208 209 210 211 213 216 220 229 230 232 234 235 237 239 242 243 244 245 247 248 252 256 257 258 262 264 268 269 270 271 273 274 275 284 287 289 292 293 294 295 296 301 303 305 306 308 310 312 314 318 320 321 326 331 332 334 335 338 339 345 354 356 358 359 362 363 367 370 371 373 374 375 376 384 385 388 389 395 397 398 399 400 410 411 413 415 
73 141 143 144 147 149 153 158 159 160 162 166 167 168 169 173 176 188 190 191 196 198 203 204 205 211 212 214 217 219 220 228 235 236 237 239 248 252 253 256 257 260 261 265 266 269 272 275 277 278 279 282 284 287 294 295 297 299 300 302 303 311 313 314 318 319 324 326 329 330 332 335 337 344 345 346 347 351 352 353 354 360 361 362 363 365 366 368 369 374 375 376 377 380 384 385 387 393 394 395 400 401 402 408 413 415 
8 236 246 247 249 275 294 303 343 360 382 383 
95 141 142 143 147 148 149 150 152 153 156 163 166 179 180 188 196 200 204 206 207 211 213 214 215 216 222 230 232 234 237 238 240 242 243 246 247 249 252 253 255 256 261 264 267 271 273 276 279 283 285 291 292 294 298 299 301 309 310 312 316 317 323 325 326 333 339 342 343 344 348 350 353 355 362 364 373 376 378 379 386 389 393 394 397 400 404 407 409 418 420 
158 145 146 153 154 170 171 195 202 210 253 259 264 268 272 277 307 311 317 332 337 342 345 361 368 375 378 383 385 417 
48 165 183 193 241 256 264 271 316 331 342 351 362 377 394 398 
153 163 186 192 194 250 268 297 310 342 347 393 416 
186 142 145 147 148 157 159 164 167 169 177 190 195 197 203 204 206 209 213 215 226 230 232 233 234 236 239 242 248 261 283 297 298 308 311 312 314 315 318 321 324 325 329 341 343 354 360 365 366 367 371 375 378 381 382 387 390 396 401 402 407 408 411 
67 148 158 160 175 189 193 201 202 326 361 380 
140 188 200 219 
189 144 146 147 157 159 161 167 168 169 170 171 178 179 185 191 194 195 198 206 215 222 232 233 241 248 250 251 253 254 256 257 263 271 274 279 286 287 292 296 301 305 316 319 322 325 326 329 333 348 349 351 356 357 360 361 371 372 377 378 382 387 392 407 409 412 419 420 
151 1 141 150 151 154 155 156 158 163 169 172 177 178 179 180 186 187 188 191 194 196 199 204 210 214 222 226 227 229 230 246 248 249 251 253 255 259 262 264 265 271 272 273 274 275 276 280 284 290 294 296 297 298 299 303 308 309 310 317 322 328 330 332 338 341 349 354 356 357 359 361 371 373 374 383 387 393 398 401 406 413 419 
123 149 157 163 178 182 193 199 202 214 219 239 240 249 256 264 281 282 286 293 303 308 318 324 357 372 373 378 382 388 390 413 419 
282 143 144 146 147 151 155 163 165 167 168 169 173 176 178 181 187 189 191 192 194 196 197 204 209 211 213 215 218 220 224 230 235 236 237 240 245 251 253 255 259 260 261 264 267 270 271 274 277 278 279 281 282 283 284 286 289 294 302 303 305 307 312 313 314 315 316 320 324 325 326 327 328 329 330 339 343 344 346 352 353 355 363 367 369 370 377 378 384 386 387 388 391 392 393 394 396 397 398 401 402 404 407 416 419 420 
26 142 144 148 161 201 207 241 258 262 279 286 293 302 335 350 357 368 369 398 
172 141 147 148 152 156 159 169 172 175 176 178 182 183 185 193 196 198 199 208 212 214 216 220 221 222 224 225 229 232 239 241 242 244 247 248 249 251 252 255 256 261 264 268 273 274 275 282 283 288 292 293 297 298 300 303 317 321 322 323 324 325 327 332 333 338 346 347 348 357 359 361 363 370 373 381 383 386 388 396 398 411 413 415 418 419 420 
253 144 146 148 159 163 168 169 174 179 180 188 190 193 197 204 205 221 225 233 239 240 246 256 263 266 269 280 292 294 300 309 318 320 326 332 337 339 348 362 363 368 374 378 379 387 389 404 406 410 414 420 
92 144 146 150 152 156 158 164 165 171 172 174 181 182 183 185 186 188 191 194 201 203 208 209 213 214 216 218 222 225 226 228 230 231 234 235 238 242 244 245 246 251 252 255 261 273 274 275 281 282 287 289 294 296 297 299 302 303 304 306 308 313 315 318 330 331 334 336 338 339 341 342 343 347 348 350 352 356 364 368 371 377 380 385 387 388 391 398 407 409 410 411 413 
183 141 143 152 155 159 168 169 172 177 184 191 193 196 203 204 205 206 210 215 219 228 229 230 235 236 241 247 249 251 255 261 263 266 267 268 270 278 281 282 284 289 308 313 324 327 329 335 342 347 352 365 366 368 372 378 384 386 389 390 396 397 404 410 415 420 
180 1 144 146 150 152 154 159 162 164 165 166 168 169 170 172 181 182 184 187 189 193 197 203 205 215 218 219 221 222 224 231 232 237 240 241 243 245 248 254 256 257 259 260 265 268 270 271 272 273 274 282 283 295 296 297 298 299 301 304 305 311 312 313 315 316 317 324 326 327 335 336 337 342 344 346 347 348 351 353 355 357 360 363 364 365 371 372 373 374 376 379 380 381 383 384 387 389 390 397 399 401 402 403 405 406 409 413 414 415 416 419 
187 143 149 154 162 164 173 174 178 194 206 208 223 235 255 258 265 268 269 270 280 293 308 311 317 325 326 338 351 370 377 383 390 407 415 420 
164 145 147 148 155 159 160 164 169 170 171 176 179 186 189 192 208 212 215 217 218 223 233 241 243 246 250 255 256 258 260 263 268 273 275 281 285 286 289 293 294 295 296 297 298 303 304 309 313 318 321 326 328 329 333 337 345 348 350 351 354 362 363 365 370 372 373 374 375 380 382 386 389 391 396 401 406 410 411 412 413 415 418 419 
189 143 146 152 153 162 165 167 170 173 177 190 192 199 202 205 208 217 220 226 235 237 245 251 256 260 264 270 271 278 282 291 292 295 304 312 315 316 318 321 351 353 357 364 382 383 389 400 409 415 417 
97 146 147 152 156 157 162 163 165 166 173 176 185 225 241 244 254 255 256 258 262 271 277 282 294 297 302 309 314 333 339 340 342 347 352 355 356 374 379 389 390 392 397 405 406 410 415 416 
55 159 162 165 169 178 182 183 188 190 191 194 195 208 219 221 225 229 236 241 247 253 264 265 267 277 279 285 287 289 290 291 295 309 310 320 321 329 331 334 339 342 343 344 345 354 355 370 373 375 383 387 389 396 397 398 400 401 403 416 419 420 
45 142 143 144 148 161 163 164 170 178 190 191 193 201 202 205 209 213 214 216 218 220 221 222 234 235 236 237 238 240 247 252 254 257 259 263 265 268 269 271 278 282 284 293 294 296 298 300 311 313 315 317 324 325 327 328 329 330 331 335 343 349 351 355 358 366 370 371 375 378 379 385 393 394 400 402 403 405 409 415 
237 158 161 162 172 185 195 199 221 225 235 242 244 251 257 261 268 292 293 308 314 335 343 387 392 398 401 407 415 416 417 
102 163 256 407 
192 141 142 144 146 148 149 150 151 152 153 156 158 160 165 166 168 169 171 173 174 176 177 191 192 196 200 201 206 207 208 209 211 212 213 214 224 226 233 235 238 239 241 243 248 249 251 253 264 267 270 273 275 276 278 283 284 286 287 289 290 292 293 295 297 298 300 303 313 316 321 323 326 328 331 332 335 338 340 346 350 354 355 357 364 367 368 370 371 373 374 375 378 379 380 385 387 390 395 400 401 406 408 409 417 420 
12 390 
268 174 229 340 347 360 393 411 
25 1 142 143 144 145 152 161 162 168 171 174 184 187 192 194 195 198 203 206 207 213 216 217 218 220 222 230 236 239 246 251 257 259 265 266 267 273 275 280 287 288 289 290 292 294 299 304 312 313 317 318 321 323 324 327 328 331 334 336 338 344 346 350 354 355 357 362 368 369 370 378 381 382 384 385 386 387 389 390 391 397 400 401 404 406 410 411 413 418 
145 1 143 145 149 150 153 154 157 158 163 168 171 176 177 178 179 183 184 185 189 195 198 199 201 203 205 206 207 208 209 210 212 213 216 219 224 229 230 232 233 234 242 243 244 245 248 253 256 258 260 262 263 270 271 273 274 276 282 284 290 291 292 294 296 299 300 301 307 309 312 313 318 323 326 327 331 333 334 335 336 337 339 340 341 345 346 347 351 352 361 362 370 371 379 384 387 390 391 392 393 397 399 401 402 404 406 412 413 418 419 
133 1 145 150 151 154 156 158 160 164 170 173 177 182 183 185 190 192 195 196 198 200 201 202 204 206 207 208 213 216 217 219 220 222 226 230 233 234 235 238 239 246 247 250 251 255 256 257 262 264 269 270 271 272 273 274 279 282 283 284 285 292 293 294 295 296 300 303 304 310 311 313 315 319 322 325 327 331 332 333 335 336 337 339 340 342 344 345 346 354 357 359 362 363 366 369 370 373 376 378 379 383 384 386 389 395 401 403 408 409 410 412 418 419 420 
235 143 153 156 161 164 169 173 177 179 180 184 187 203 212 213 224 227 239 244 248 263 273 279 284 288 297 300 303 306 320 337 340 342 344 346 348 351 354 366 375 377 394 411 412 
10 142 143 144 147 150 158 172 174 177 185 191 192 194 196 199 202 203 207 208 213 218 223 224 230 231 233 244 245 246 251 252 254 259 260 261 266 269 275 279 280 281 285 286 296 300 304 305 309 310 311 314 315 317 322 327 330 334 337 345 347 349 350 351 355 357 360 366 367 371 373 380 382 385 387 390 393 394 395 398 401 403 404 406 408 412 413 414 418 420 
228 1 142 144 156 158 160 162 163 169 171 172 180 181 183 185 187 189 192 193 194 196 197 207 215 232 234 236 237 239 241 242 244 251 254 258 260 261 263 265 269 271 277 279 280 285 288 290 291 292 296 298 300 302 306 307 308 309 314 315 317 323 326 329 330 332 333 334 338 340 341 343 345 355 358 360 361 363 365 372 373 376 378 379 380 382 388 389 400 402 403 405 408 410 411 414 416 419 
118 1 147 148 149 152 156 157 161 162 166 167 174 175 180 182 183 184 186 189 191 192 194 204 209 217 218 228 237 239 245 246 248 256 257 259 261 268 280 282 284 293 304 311 312 318 320 328 330 332 334 336 338 339 340 341 342 348 351 353 358 364 369 371 374 379 382 383 384 387 388 390 393 400 402 408 413 415 418 
218 147 151 161 169 183 188 199 215 216 221 229 233 237 242 243 245 257 271 276 279 296 307 309 317 322 326 327 334 342 346 348 353 358 360 361 364 369 381 395 400 404 406 415 
34 141 142 153 169 173 181 185 187 195 199 201 205 215 224 232 237 241 251 257 262 269 270 272 279 283 290 291 298 305 306 311 314 318 320 326 328 333 337 343 347 350 353 356 357 359 360 372 381 383 387 388 391 398 403 409 411 
69 141 142 144 147 148 149 159 161 162 167 170 171 173 174 177 179 180 181 182 184 188 189 190 192 195 196 197 198 202 207 216 217 218 219 223 228 232 234 237 241 245 247 248 256 257 259 263 264 265 267 269 271 273 280 284 288 289 291 296 300 301 304 305 309 310 311 316 317 323 328 334 336 341 348 352 354 357 359 360 361 371 372 373 375 377 378 380 381 383 391 392 395 397 402 406 412 415 416 417 419 
66 145 160 162 168 170 171 173 180 188 190 192 193 196 197 199 211 213 221 223 224 226 228 230 240 246 258 260 261 264 267 269 274 282 284 285 289 291 294 298 299 302 304 308 311 312 316 320 323 324 331 334 356 357 359 363 369 372 374 382 383 384 385 386 388 394 398 399 400 401 403 407 409 415 
30 141 142 148 153 156 163 180 185 186 187 192 193 194 201 206 210 216 219 222 223 226 228 230 242 244 245 250 254 256 265 272 274 276 281 285 286 290 291 292 297 298 300 302 303 304 305 308 312 315 320 325 326 333 335 337 338 340 341 344 345 346 347 349 354 371 372 376 379 381 384 385 387 388 392 393 394 396 400 407 408 416 417 419 
61 142 148 149 152 156 157 158 168 170 172 176 177 179 186 187 191 192 208 210 219 222 224 227 231 235 236 241 242 246 247 249 251 252 256 259 260 261 262 267 271 275 279 282 283 284 288 290 297 298 299 300 301 302 303 304 307 310 318 319 321 323 327 329 330 333 335 339 342 344 347 350 361 364 366 368 376 382 383 385 387 389 402 405 406 407 408 412 416 417 420 
245 1 141 146 150 151 153 154 155 156 163 168 174 178 181 182 186 197 198 199 203 206 209 212 222 225 234 240 241 244 249 252 253 256 257 263 264 272 279 280 282 296 301 303 304 312 313 317 318 321 323 330 342 348 353 356 362 364 365 366 367 369 370 373 376 377 384 385 388 389 391 393 396 397 398 399 402 406 409 412 413 417 
185 199 276 315 319 325 327 
91 141 142 144 145 146 147 150 153 155 160 161 164 168 171 175 177 178 181 182 184 187 190 193 194 199 204 207 208 215 217 218 219 220 229 233 237 238 240 241 243 247 249 251 252 253 256 257 260 262 263 264 268 269 270 273 274 279 284 285 291 293 294 296 300 303 304 308 310 312 315 321 328 329 333 336 338 339 341 342 350 351 352 353 359 365 366 373 377 378 379 381 384 387 389 390 391 395 397 401 402 403 407 408 411 417 420 
53 142 143 145 151 155 156 157 158 159 161 163 165 176 179 180 185 186 187 188 189 190 194 197 200 202 206 207 208 211 212 213 215 219 222 223 225 227 229 230 231 232 233 238 239 242 246 249 254 257 260 263 264 271 272 273 274 280 281 282 283 287 288 290 296 297 299 301 306 309 312 313 314 316 318 320 323 326 330 331 332 337 338 340 345 349 351 353 355 358 359 364 368 371 372 373 374 378 383 384 389 394 396 402 404 415 416 417 
264 162 165 166 168 179 182 184 185 191 197 201 202 206 213 222 223 224 230 247 249 253 254 257 261 272 273 275 276 282 283 288 290 291 304 305 306 308 310 322 328 331 332 333 334 337 342 343 345 349 351 360 365 367 371 374 377 381 385 388 393 399 402 405 411 416 
281 149 154 168 203 204 212 213 220 227 234 237 238 256 262 267 279 281 293 318 328 330 332 350 351 370 372 383 398 402 403 405 408 419 
251 143 144 148 149 150 151 152 153 156 158 160 161 164 171 174 175 180 185 191 192 195 197 203 206 220 224 226 227 228 229 234 235 236 237 239 240 247 251 252 259 264 265 269 271 276 289 293 296 299 310 313 317 319 320 321 324 326 329 330 337 344 345 350 351 355 358 360 362 363 366 367 369 370 373 374 376 378 379 380 381 382 383 388 394 398 400 403 407 411 412 415 418 
241 1 141 143 144 147 148 150 152 154 157 158 159 161 163 165 168 178 180 183 186 189 195 201 205 206 208 210 212 215 223 224 227 229 230 233 234 235 236 239 255 257 260 265 266 267 269 271 275 277 284 286 289 290 291 292 294 296 298 300 301 303 306 307 311 312 316 317 320 321 322 327 329 330 331 332 337 338 341 345 347 348 351 353 355 357 359 360 361 364 365 369 372 374 375 376 377 380 381 383 384 388 389 390 391 396 403 405 407 408 415 
122 145 152 157 167 168 183 184 194 203 204 214 230 231 232 236 237 241 252 253 261 272 274 280 297 314 316 323 326 331 332 334 335 342 345 347 349 352 359 362 368 377 384 393 395 399 405 420 
117 142 144 161 174 194 209 211 223 226 252 255 278 301 336 339 347 350 353 357 363 381 401 408 
42 149 152 156 157 166 188 189 246 250 268 288 297 305 320 325 329 338 340 367 368 378 381 389 394 397 420 
286 143 166 177 185 201 204 220 256 297 318 327 334 355 368 382 
84 155 163 167 198 242 250 251 276 289 306 333 335 349 353 357 362 366 384 388 395 397 399 402 419 
268 1 157 158 164 170 172 174 176 182 191 193 196 200 201 209 210 216 225 226 230 231 232 236 241 250 258 263 264 267 268 279 285 291 300 306 309 310 313 321 331 350 352 358 360 368 370 373 374 382 385 393 395 398 400 414 419 420 
227 1 142 147 150 153 157 159 160 162 166 170 173 179 180 183 185 186 187 189 191 195 197 199 201 203 204 207 213 217 220 222 225 226 228 229 233 236 239 245 251 254 256 258 260 261 267 268 270 272 278 280 283 284 286 287 289 293 294 295 296 297 299 301 305 306 308 309 310 313 316 321 323 325 326 330 333 334 335 338 345 346 348 349 354 357 359 361 366 368 374 375 378 379 381 387 388 391 392 394 395 401 402 403 404 405 406 407 409 414 415 416 418 420 
70 1 145 149 156 158 160 170 174 176 177 178 179 181 185 195 197 208 210 225 232 235 237 240 241 245 247 248 254 255 259 264 273 275 278 280 281 285 290 301 303 307 321 323 327 331 333 337 350 358 365 369 371 373 374 376 382 388 392 393 394 402 407 
290 1 146 148 149 150 153 156 157 160 161 162 166 167 168 169 172 173 176 178 180 184 190 191 195 196 198 200 203 204 209 216 217 218 221 223 224 225 227 228 234 238 240 243 246 248 249 251 252 255 257 260 264 265 266 269 270 274 276 277 280 281 283 284 286 290 294 296 299 306 307 309 311 312 314 315 316 320 321 322 323 324 328 331 334 340 341 342 347 349 350 360 362 363 366 369 370 373 374 375 382 390 393 395 400 401 403 404 405 407 411 413 419 
270 148 150 156 157 159 160 161 163 165 167 168 177 178 179 180 181 182 185 188 189 192 193 204 205 207 209 210 213 216 219 222 223 224 228 230 231 233 237 238 241 243 245 246 247 250 252 254 258 260 264 265 266 270 273 276 279 282 284 287 293 294 297 300 305 310 312 314 315 316 317 318 320 321 323 328 329 330 331 332 334 336 338 341 351 352 354 359 360 363 369 379 382 385 386 389 393 399 400 409 410 411 412 417 418 420 
59 142 144 146 147 148 157 161 162 165 168 173 174 176 178 181 186 187 188 189 193 200 203 204 205 208 209 214 215 218 219 221 223 227 230 234 238 242 245 247 249 253 254 256 257 262 265 267 269 270 273 277 278 279 280 284 286 287 291 292 293 294 297 298 300 302 305 308 310 313 323 324 331 332 344 346 358 360 363 365 372 377 379 380 382 385 386 387 389 390 396 400 402 404 406 410 411 413 414 417 420 
228 152 157 160 166 171 173 177 187 188 194 215 220 225 231 244 249 254 273 286 293 316 323 330 334 337 339 340 343 344 363 367 370 371 374 385 389 394 408 
256 149 165 170 171 182 183 185 194 197 199 204 206 207 215 217 220 221 228 239 241 243 247 249 253 259 263 264 266 268 273 276 277 278 281 290 291 292 295 302 305 308 309 312 314 318 320 321 332 344 349 357 360 361 362 367 378 380 381 382 385 386 393 397 399 400 402 405 407 410 420 
114 1 147 152 158 160 163 167 172 174 182 183 188 189 191 192 194 197 200 206 216 220 221 224 225 227 234 242 246 247 263 269 270 271 272 281 291 292 293 294 298 302 303 304 310 320 321 322 323 330 331 334 335 336 337 338 339 345 349 352 357 369 371 382 384 391 394 401 403 404 407 409 410 411 415 416 420 
167 142 146 147 151 156 159 167 168 171 175 176 180 188 192 194 199 202 218 223 229 235 236 254 261 267 283 284 286 292 304 312 316 317 318 319 327 328 334 335 338 343 352 358 359 361 378 383 386 395 400 403 413 414 416 
275 149 193 205 220 230 232 235 254 274 283 293 299 312 326 340 382 383 396 399 400 415 
44 141 144 145 152 161 163 164 165 166 167 171 174 175 176 179 182 183 187 188 198 213 215 220 221 238 246 252 261 266 271 272 275 276 277 286 287 288 290 303 304 312 315 317 318 320 322 327 333 338 345 348 352 353 356 362 367 371 372 378 383 386 388 390 402 403 414 
58 141 142 144 149 151 154 158 159 160 165 169 170 172 175 178 180 184 188 190 191 193 194 197 198 199 200 201 202 212 214 219 220 226 229 237 238 241 242 243 244 245 248 250 257 263 265 266 267 279 283 288 293 296 297 301 302 303 305 307 308 310 312 315 316 321 324 325 326 330 331 332 339 347 349 350 351 355 360 366 367 368 369 373 378 382 389 394 397 400 401 403 404 406 407 413 414 416 418 419 420 
57 142 158 161 164 172 177 186 188 191 198 205 211 214 215 220 222 226 228 231 233 234 246 253 254 262 283 294 297 300 304 308 318 335 337 340 342 353 360 367 369 387 388 390 395 415 419 
57 1 154 155 157 160 167 168 169 170 175 176 177 179 181 182 184 187 190 193 198 203 204 210 213 216 222 227 231 232 234 237 238 242 243 251 257 260 264 272 278 279 282 284 289 292 293 296 297 298 300 305 307 308 309 312 315 317 320 321 323 335 345 348 349 361 365 370 374 376 379 380 383 390 394 398 403 404 407 409 413 415 417 419 
33 142 145 147 161 171 172 179 182 185 186 187 190 192 204 214 227 230 236 245 247 251 252 258 268 272 274 277 287 290 292 300 312 318 319 322 329 330 332 336 339 345 355 359 369 373 375 380 387 390 404 414 416 417 418 
138 143 144 145 147 149 150 166 168 171 174 176 180 181 184 185 195 198 202 203 206 211 212 218 224 227 228 229 231 235 242 243 245 247 248 251 253 256 259 260 261 263 267 268 270 274 277 278 284 289 291 296 302 305 309 310 311 312 314 323 324 326 337 340 342 350 351 356 358 367 374 380 381 390 393 399 401 404 408 409 414 418 420 
62 1 141 142 148 151 156 157 158 159 161 163 170 172 174 180 181 182 186 189 195 198 201 202 203 204 207 208 214 215 217 219 222 229 232 239 242 243 247 248 255 256 259 260 265 267 268 269 274 279 282 283 284 285 288 289 302 304 306 310 312 314 317 318 332 334 337 344 354 356 360 371 388 389 390 392 393 406 407 409 411 413 414 415 417 420 
268 1 142 188 241 286 289 
61 141 143 151 152 154 159 163 165 167 168 173 174 176 177 181 182 183 187 190 191 192 197 198 201 203 204 213 219 220 221 223 224 227 228 230 232 233 234 238 239 241 242 246 248 250 255 257 259 264 265 266 269 270 272 273 277 279 281 282 284 288 296 297 301 302 306 309 311 312 314 318 320 321 324 325 331 332 336 337 342 349 353 354 356 357 365 367 369 371 382 383 385 386 393 394 396 404 406 409 410 416 419 
134 152 159 164 165 166 167 173 177 178 182 190 192 193 194 196 197 201 206 208 222 230 232 233 238 241 242 244 255 267 268 269 271 275 280 285 291 293 295 299 310 314 315 321 323 325 327 328 331 332 333 335 340 345 346 352 356 357 358 359 362 363 366 367 368 386 387 391 396 397 403 407 412 415 417 
213 147 150 151 152 156 161 165 171 172 173 174 179 182 185 188 190 192 193 202 210 213 214 216 220 225 226 227 229 231 232 235 238 239 241 246 259 266 267 277 279 285 287 291 298 299 301 306 311 312 313 315 321 332 334 336 337 342 353 357 359 364 367 373 375 377 380 381 384 387 388 395 396 400 401 402 407 410 413 415 
35 142 145 154 155 156 160 162 163 168 172 180 198 206 209 211 213 216 217 218 224 227 228 229 230 232 237 238 246 253 254 257 260 262 264 270 272 274 283 285 286 289 294 295 296 298 301 304 312 314 319 328 335 342 345 346 351 358 361 376 383 384 390 391 392 396 399 405 406 411 412 420 
72 141 148 149 151 153 159 165 171 175 180 186 187 189 190 195 196 197 198 199 201 205 206 213 214 216 219 220 221 222 226 227 230 237 239 244 246 248 251 252 254 263 264 270 271 274 283 287 288 290 294 296 297 298 299 301 311 314 315 318 321 323 324 326 328 334 340 342 348 351 355 359 364 365 370 371 373 378 379 380 385 394 404 409 411 413 415 419 420 
281 141 144 157 162 165 171 172 180 181 183 187 192 195 228 232 245 246 249 256 270 274 275 281 286 288 313 318 320 326 329 335 355 358 375 380 385 400 405 409 411 415 419 
237 146 148 162 164 171 172 176 180 182 183 186 187 193 196 202 203 212 213 221 222 235 237 239 240 244 259 263 268 274 282 286 290 292 301 310 315 318 319 333 336 337 342 349 351 352 356 360 364 365 368 372 374 378 381 383 385 390 392 393 395 403 416 
181 143 151 165 183 185 191 192 193 212 213 219 220 226 244 253 259 260 276 282 285 286 309 313 316 319 330 341 349 366 376 379 404 411 414 416 
5 149 153 162 170 185 186 193 200 204 205 207 211 214 219 220 230 238 244 254 277 278 293 309 312 320 323 329 367 368 377 379 380 394 395 402 404 405 411 
42 170 175 189 284 287 318 403 412 
75 141 144 146 148 150 151 153 159 160 162 167 168 170 178 179 180 182 183 184 185 188 190 196 200 204 205 207 210 213 216 218 219 222 226 228 229 231 232 238 240 242 245 249 250 252 253 254 257 259 261 264 273 274 275 279 286 287 290 300 303 308 311 314 320 324 332 335 336 339 340 345 348 354 358 360 364 366 367 375 376 378 379 380 381 382 383 384 385 386 389 393 394 396 400 404 409 411 414 
194 147 154 155 160 165 168 180 182 188 195 196 198 203 204 219 220 233 241 245 247 271 272 283 292 299 305 309 311 320 326 327 334 336 338 344 349 351 356 357 358 359 367 372 374 379 382 385 394 398 399 400 401 407 410 413 414 415 416 418 
175 155 167 168 169 173 176 185 191 210 219 224 230 235 252 254 255 261 263 264 266 273 276 300 309 312 319 327 339 343 349 363 366 368 369 380 387 388 393 397 410 418 
221 148 150 156 161 162 163 166 167 169 171 172 173 177 181 182 188 189 190 192 193 196 202 207 209 216 220 221 224 225 226 227 229 231 232 238 242 244 249 264 266 272 283 284 286 291 293 299 301 305 308 311 313 314 317 324 325 327 328 329 330 332 333 334 337 341 343 346 348 349 350 354 359 360 362 366 367 371 375 379 384 385 386 387 391 393 394 400 403 405 408 417 418 
179 144 145 146 150 153 158 160 162 164 165 168 169 170 173 174 176 177 178 180 183 186 188 194 196 203 205 207 209 211 212 213 214 218 219 222 225 226 227 231 233 234 237 245 246 252 253 259 263 264 266 272 275 276 277 279 281 282 284 285 289 290 294 296 297 298 304 307 308 309 311 316 321 328 330 332 344 347 349 359 366 371 372 375 381 383 385 386 387 395 396 397 398 401 403 409 411 415 417 419 
186 145 160 183 184 186 192 210 217 222 228 264 269 272 281 287 298 315 325 330 339 352 354 359 368 372 376 382 386 390 394 409 
272 143 163 166 170 177 179 181 184 189 191 196 197 210 211 214 216 227 230 250 256 271 282 284 288 290 291 297 298 300 312 316 337 338 339 340 352 357 359 374 378 398 401 403 404 411 418 
240 1 152 155 156 158 160 161 163 166 173 177 180 189 197 210 212 213 216 226 229 230 234 237 239 243 244 254 272 275 276 278 279 280 286 303 306 314 316 321 324 327 334 339 351 357 359 364 369 385 386 394 415 419 420 
156 146 149 156 159 161 163 164 167 171 177 178 191 194 195 198 201 203 206 208 210 215 218 219 220 227 228 233 234 241 245 247 248 255 256 258 263 264 274 275 281 286 289 291 299 300 304 308 310 311 312 314 339 345 351 352 356 360 365 367 370 375 401 407 409 411 420 
157 1 152 157 163 167 169 170 182 186 195 201 203 205 211 217 226 231 233 234 235 239 245 249 256 258 260 265 267 272 275 281 285 293 294 298 304 306 307 310 311 315 316 317 321 329 336 346 347 350 351 364 366 370 372 374 388 389 396 400 401 411 
265 141 142 146 156 157 161 162 163 172 175 179 180 181 183 186 188 191 193 205 206 209 211 214 216 224 228 231 233 234 237 239 242 243 244 245 248 249 252 253 255 257 260 263 264 268 269 271 272 273 277 280 281 282 292 301 303 304 306 310 313 316 318 319 320 327 328 330 332 335 345 348 349 353 360 362 364 368 375 379 381 383 385 387 396 398 405 409 412 414 419 
60 144 146 148 155 173 174 181 191 193 197 204 209 214 220 224 234 237 245 246 249 251 252 253 260 263 266 273 279 282 283 291 298 302 309 315 326 330 336 345 347 348 354 370 371 384 388 391 400 402 409 415 419 
238 143 148 155 157 161 162 163 166 167 173 175 178 184 186 188 189 192 220 225 228 229 230 235 237 243 245 249 255 268 278 283 284 287 290 291 294 296 297 313 316 317 318 322 323 324 326 331 336 339 341 344 345 362 386 390 394 397 401 413 418 
11 141 142 144 146 152 153 154 156 164 166 168 170 172 175 177 179 180 183 185 188 189 190 191 192 193 195 198 199 201 202 205 206 208 210 211 212 213 217 219 221 222 224 226 229 231 232 233 234 238 239 241 255 257 258 260 262 264 266 272 273 274 285 287 290 291 292 293 295 298 300 302 306 307 310 316 318 322 323 324 332 335 338 341 344 345 348 354 355 356 360 363 369 372 375 377 378 380 383 387 389 390 391 394 396 399 400 401 403 408 410 413 415 417 
130 146 148 161 172 180 183 192 216 217 227 233 238 257 272 280 284 293 296 301 302 311 326 327 337 344 348 354 360 373 374 379 396 399 407 
92 147 149 151 155 170 172 176 178 180 183 188 189 190 191 192 197 206 207 212 213 217 219 222 223 230 231 236 238 243 246 248 255 256 267 268 271 273 275 277 285 287 291 292 295 298 302 309 310 312 314 315 316 325 333 337 339 341 343 344 352 355 357 358 361 367 368 373 375 383 394 395 399 400 401 406 408 410 413 419 
227 141 147 148 155 157 166 168 170 177 179 188 190 196 197 198 204 210 212 217 219 220 221 223 224 229 231 233 235 236 237 240 243 244 245 247 249 255 257 258 259 262 267 273 275 277 280 282 284 285 286 295 298 299 301 314 326 328 335 337 338 341 347 349 350 354 355 361 362 365 369 372 373 377 381 382 383 389 396 397 398 400 401 404 405 409 411 414 415 416 417 419 
183 145 152 153 159 163 171 174 181 182 184 185 186 187 191 192 196 205 209 211 212 213 221 222 223 226 227 228 229 231 240 245 247 251 255 258 259 261 262 264 268 269 274 282 298 299 302 303 307 308 311 312 313 314 315 316 321 324 325 328 329 333 341 344 350 352 353 354 355 356 360 362 369 370 372 373 388 389 390 391 405 407 408 409 412 420 
16 148 162 164 165 173 177 178 180 181 183 186 187 201 205 208 218 220 228 231 233 234 235 240 242 247 249 253 255 256 268 270 271 279 280 287 288 295 300 313 323 324 327 333 334 335 340 348 350 364 366 371 379 385 388 391 393 397 409 
69 1 142 144 152 155 156 160 161 163 167 168 169 170 176 177 181 182 187 188 189 190 191 192 193 195 200 201 202 206 219 220 223 226 227 228 231 233 243 249 252 253 260 262 264 269 270 271 277 281 283 292 293 294 297 299 301 302 305 307 308 310 312 314 326 328 329 333 334 342 347 350 354 357 358 359 363 365 368 370 375 377 380 384 385 387 394 397 399 401 402 403 404 411 413 414 415 
212 161 167 175 188 191 193 211 222 230 239 257 258 261 280 288 306 312 338 392 
106 141 143 154 156 159 161 166 167 172 185 193 195 197 202 203 205 207 210 211 213 214 217 223 226 232 234 237 240 241 251 258 270 272 285 288 290 293 300 303 306 307 309 312 323 324 325 328 333 342 346 350 354 361 365 367 374 375 387 388 391 394 395 399 405 408 411 415 
204 48 171 79 72 72 51 178 22 199 293 87 4 79 78 155 164 25 283 15 76 176 181 144 133 76 106 162 171 85 256 226 275 274 199 211 23 166 109 49 109 54 113 224 214 80 275 44 146 246 254 141 128 137 300 167 218 49 54 101 244 89 218 271 142 79 255 297 141 256 264 174 154 107 293 117 10 81 113 104 187 109 270 210 232 141 255 209 226 9 214 172 228 251 134 199 109 38 138 254 111 30 76 205 29 129 34 45 293 236 125 42 63 225 202 271 171 32 36 15 224 126 298 300 38 34 71 184 188 228 11 268 84 86 124 103 112 300 36 225 291 257 193 255 19 2 18 107 205 82 13 129 182 223 97 277 60 57 220 15 42 220 114 60 189 283 1 251 208 231 140 241 155 214 59 1 96 81 217 75 258 97 102 41 155 179 113 283 233 104 273 62 199 72 141 129 121 113 172 237 55 270 202 92 123 234 253 72 68 20 279 52 7 20 288 258 235 282 42 183 250 245 244 81 3 262 17 82 205 122 218 280 177 110 192 229 293 247 8 63 222 124 227 193 128 134 160 63 136 146 269 260 211 41 238 263 263 37 13 293 125 213 90 262 129 158 166 254 54 165 33 208 226 102 291 48 27 122 45 274 54 257 285 101 196 142 186 2 118 289 7 82 5 155 266 203 37 290 4 118 289 89 83 210 72 133 247 277 146 210 135 190 13 172 202 180 228 269 21 51 123 167 211 109 59 283 190 104 279 115 281 185 246 190 19 140 206 155 18 217 200 24 171 199 38 237 15 241 131 37 153 287 46 26 218 56 149 290 192 160 20 195 206 242 190 56 105 167 40 78 91 86 101 159 273 54 162 205 189 257 184 33 107 156 207 234 300 115 213 137 255 137 134 169 41 114 121 291 76 293 14 221 219 204 271 278 80 133 288 86 12 218 193 196 4 30 91 281 264 82 
