282 423
27 149 150 151 154 159 160 161 163 164 168 169 170 174 176 177 188 190 191 192 193 198 201 211 214 216 217 218 229 230 236 238 239 240 241 243 244 245 246 248 249 252 253 256 262 271 274 275 278 280 282 284 285 290 291 294 299 301 302 306 308 312 319 322 323 325 326 331 333 335 339 340 343 344 346 351 354 357 361 363 365 366 374 376 377 385 388 389 392 393 396 399 402 404 405 406 407 416 418 423 
292 1 146 154 155 158 161 162 168 175 182 183 184 186 187 189 191 192 193 195 197 201 205 208 209 213 217 224 229 231 238 239 244 245 246 247 248 250 253 254 257 260 261 262 263 264 271 274 277 278 279 285 288 289 290 301 302 304 308 314 315 317 320 321 328 330 334 335 336 343 344 350 360 363 366 373 375 379 380 381 384 385 386 388 390 392 394 396 399 400 402 403 419 420 421 
75 143 144 168 170 171 182 188 189 195 203 206 234 242 254 274 275 276 277 278 284 286 305 318 336 341 345 350 369 378 379 381 385 393 
26 144 149 153 163 170 171 172 183 190 191 196 198 211 214 215 222 235 253 255 259 268 269 270 277 280 289 293 296 303 318 322 324 325 326 341 351 352 357 360 363 374 378 380 381 382 384 388 393 395 396 408 415 420 
189 142 147 150 159 162 163 170 207 209 213 214 227 246 250 257 265 268 280 283 285 294 298 311 312 314 319 320 325 332 335 342 344 348 350 356 365 370 371 376 379 392 401 419 422 
154 1 146 150 157 172 176 183 185 195 208 219 225 228 235 241 244 246 248 253 258 271 279 280 289 292 293 295 299 306 311 315 321 325 329 331 335 337 339 341 345 346 349 350 356 361 366 369 370 372 375 377 382 383 385 387 388 391 394 402 404 408 409 411 420 421 422 
217 143 145 146 152 153 157 164 165 167 171 173 176 177 181 183 185 186 191 194 198 199 203 206 207 208 214 218 219 224 225 226 232 234 244 251 252 253 254 256 261 267 268 277 278 281 282 285 286 288 292 295 297 298 299 300 307 308 309 315 316 317 328 329 332 336 337 338 341 344 345 349 354 359 360 363 365 366 374 376 377 379 381 382 383 387 392 393 394 402 404 408 409 410 414 415 416 417 419 423 
120 152 162 166 169 175 181 202 204 205 213 230 233 237 248 250 255 267 268 269 271 272 275 276 299 308 310 320 324 325 354 358 368 381 383 391 396 406 412 415 416 
259 144 147 149 153 154 155 159 161 163 167 168 169 170 172 178 180 181 182 192 194 202 203 204 209 211 214 215 217 218 220 223 224 226 227 231 234 236 242 248 249 251 259 263 266 268 269 276 278 283 292 294 297 300 301 308 314 317 318 321 324 326 327 334 336 337 342 344 345 350 353 355 357 358 359 360 362 370 372 374 377 383 384 387 389 392 394 397 399 402 405 406 408 410 414 417 418 420 422 423 
183 149 159 165 166 171 172 175 180 182 195 197 208 215 216 218 222 225 239 240 256 262 263 279 281 294 299 307 314 317 332 338 339 342 344 362 388 394 400 406 410 413 415 
96 144 151 156 165 169 175 176 180 183 200 207 216 221 236 242 244 254 283 290 299 313 326 340 343 362 372 378 388 390 396 402 403 408 414 
64 142 146 147 150 154 156 157 160 162 168 176 178 188 190 196 200 206 212 214 216 220 229 237 241 249 251 256 259 262 264 266 268 269 272 274 275 291 294 300 307 312 336 342 351 359 369 372 375 379 384 387 391 393 403 404 407 412 413 423 
128 154 168 169 176 197 198 206 212 213 214 220 225 236 267 276 295 297 302 338 340 344 346 357 360 391 396 402 410 415 416 
60 143 145 147 148 150 156 165 166 167 174 175 177 179 180 191 198 202 206 209 210 218 221 225 228 229 233 234 241 251 256 259 263 266 269 270 273 277 283 288 296 300 303 306 309 316 324 325 328 349 354 355 357 361 368 372 374 382 384 397 398 402 408 415 416 418 421 
164 149 155 156 159 161 163 164 165 167 172 174 175 178 182 187 189 196 200 205 208 211 212 217 221 230 235 245 246 248 249 250 252 254 255 256 266 267 270 271 274 279 293 294 297 302 306 307 309 310 317 324 326 328 331 337 343 346 347 355 357 358 360 367 371 380 381 389 391 393 396 400 405 408 418 423 
161 171 180 183 185 193 213 230 237 242 251 258 282 293 306 325 362 373 375 382 396 
201 1 142 144 154 155 158 164 168 179 182 183 191 205 213 218 223 227 231 245 246 251 259 266 282 286 294 302 309 310 312 313 317 320 322 324 331 332 333 336 339 341 346 349 351 359 362 367 371 372 376 380 382 383 386 392 394 396 405 407 409 410 421 
190 144 151 153 155 156 160 161 175 176 182 186 189 191 193 196 197 200 202 204 206 208 209 210 212 214 217 220 221 225 230 231 232 237 247 251 252 253 256 258 262 263 269 271 273 275 280 281 282 283 285 288 292 293 297 300 301 304 306 308 310 314 315 318 324 326 328 330 331 333 340 343 347 352 353 358 368 369 370 380 383 386 392 394 398 407 411 412 415 416 417 419 421 422 
208 158 160 168 171 174 178 179 180 185 187 189 192 194 199 201 204 209 210 212 221 223 224 227 230 231 232 245 247 253 255 259 264 265 266 274 277 278 279 297 299 309 318 320 326 327 328 333 334 335 336 338 341 342 343 347 348 350 351 352 353 355 358 359 362 366 367 373 374 384 389 393 394 396 397 400 404 412 413 422 423 
256 274 284 
177 142 144 145 147 153 154 155 161 162 170 172 173 179 181 182 184 185 188 189 191 195 200 202 203 206 211 213 214 215 216 218 221 223 224 226 227 228 234 241 242 244 246 253 254 257 261 263 265 276 277 278 279 283 284 287 290 293 303 305 307 310 311 312 319 321 324 329 335 340 341 348 353 355 358 361 364 367 378 383 386 387 393 395 399 402 403 404 405 406 411 414 416 418 421 423 
213 142 146 147 148 150 153 155 159 160 161 166 172 173 175 178 180 181 188 190 192 196 203 204 216 218 220 223 225 228 229 232 233 237 238 239 242 245 247 252 258 261 262 263 265 266 271 272 275 278 281 282 283 284 292 296 301 304 306 309 310 311 312 314 316 317 318 319 323 324 328 333 334 337 339 341 343 344 348 349 350 352 353 358 365 366 367 377 378 382 385 388 392 393 397 400 401 402 404 407 410 417 419 422 
203 1 145 146 147 148 154 164 166 173 174 176 177 180 184 188 201 207 209 214 216 218 222 227 228 229 233 235 242 246 255 257 258 266 274 275 276 277 284 285 290 292 298 304 332 333 337 341 347 348 361 380 381 382 385 387 395 409 416 
116 153 155 156 172 173 174 176 181 185 193 197 207 212 216 226 234 236 240 246 247 256 263 267 268 271 275 279 284 295 298 303 307 312 313 317 321 326 337 338 343 345 365 372 381 384 385 395 402 410 411 414 419 
161 142 144 155 165 187 291 306 398 
287 148 149 171 179 182 192 226 251 270 302 321 328 334 343 
13 1 148 149 150 152 153 154 155 160 161 163 165 166 168 169 171 172 175 176 177 191 192 193 203 209 213 216 217 219 220 224 225 226 227 228 232 234 238 240 245 246 249 254 256 261 263 264 271 272 275 281 282 285 287 293 298 300 304 311 312 313 314 315 318 320 322 324 328 329 331 333 341 342 343 349 350 356 358 359 360 361 363 369 370 371 375 378 379 383 389 393 406 408 412 414 416 419 421 
111 146 152 153 154 155 163 165 167 170 171 172 174 175 178 179 181 187 189 194 197 199 202 207 208 213 221 222 225 228 230 233 235 236 237 241 247 253 255 276 279 286 290 293 294 298 300 303 307 311 314 318 320 322 323 324 325 329 330 335 343 350 353 365 368 373 375 376 377 379 383 385 386 391 401 404 408 422 
35 147 152 153 154 161 165 169 171 176 197 215 244 250 253 254 258 266 275 285 297 312 315 319 328 331 332 351 352 355 365 367 370 384 386 394 413 418 421 
29 143 144 148 149 150 154 155 160 161 168 170 173 182 186 189 191 192 193 198 203 204 209 210 214 222 223 227 229 230 232 242 243 249 251 253 257 264 269 271 279 282 283 289 291 300 309 311 314 315 316 318 322 324 331 337 347 348 353 355 361 364 365 367 369 370 371 373 375 376 378 379 384 385 386 390 391 393 401 406 410 417 421 
85 1 148 150 151 154 162 164 167 171 172 173 177 180 181 185 188 190 191 195 196 201 207 208 211 212 213 216 220 223 226 228 234 235 237 243 245 251 257 258 264 266 282 283 284 285 290 291 294 300 304 306 307 311 314 315 316 320 323 327 333 334 336 337 341 348 349 353 354 359 360 361 362 367 378 379 380 381 385 388 391 392 393 395 397 406 408 410 414 417 
50 1 150 152 185 188 190 193 204 206 215 225 241 242 247 249 268 274 290 294 306 309 313 318 319 324 326 328 339 359 360 373 383 394 410 419 423 
280 142 149 150 156 160 166 167 169 173 175 180 182 185 186 189 190 192 196 197 198 208 214 215 218 221 224 227 233 234 237 238 239 241 242 244 248 249 250 253 254 255 257 263 264 266 268 270 271 274 276 279 282 283 285 287 290 291 292 300 305 306 308 311 321 332 334 337 345 348 351 353 354 358 361 365 369 370 372 375 376 381 382 384 387 390 391 395 398 402 403 404 405 407 411 412 413 416 419 420 422 
196 150 156 164 173 183 185 219 235 257 266 272 282 325 357 392 394 398 
22 142 147 149 150 154 162 164 171 174 175 176 177 178 179 193 198 201 205 206 208 211 216 218 235 236 243 246 255 256 257 258 259 260 262 264 267 270 272 277 279 288 292 298 303 315 319 326 352 358 359 365 369 370 371 382 392 394 398 401 405 409 410 423 
283 152 160 161 173 177 198 199 200 201 202 205 208 217 227 229 235 245 256 263 266 271 272 274 280 281 285 292 299 300 309 314 315 317 326 331 341 344 345 358 367 370 372 374 375 376 383 388 389 391 393 397 398 411 
60 156 158 159 164 165 166 171 177 179 180 183 184 186 190 191 205 207 210 227 230 234 236 241 242 243 248 254 259 260 266 268 275 277 279 281 283 284 285 287 288 290 299 308 310 311 330 334 340 347 354 355 359 362 369 375 376 377 385 386 388 389 390 394 397 402 407 413 419 
252 143 145 147 148 151 152 156 158 161 162 164 168 169 172 173 174 175 177 178 180 183 186 191 196 198 200 201 203 206 210 211 212 213 214 215 216 218 220 222 223 230 232 233 234 237 239 241 243 244 249 250 253 255 258 259 260 265 266 269 270 271 273 276 277 280 281 285 288 290 291 292 294 296 302 304 305 306 307 309 316 319 324 325 326 329 341 343 351 355 356 357 359 369 374 376 377 379 382 388 392 394 398 402 406 412 414 422 
56 145 147 150 151 155 156 159 160 167 178 182 184 192 193 196 199 203 206 208 210 215 216 219 220 222 223 228 232 233 237 240 242 244 249 250 251 253 257 263 265 266 267 269 270 272 275 281 284 285 287 291 292 295 297 298 299 302 303 306 307 308 317 323 326 329 336 337 338 340 342 343 346 348 355 356 360 362 365 371 374 375 378 379 383 387 388 393 402 407 411 413 422 
148 144 153 166 172 176 218 219 229 236 240 242 253 254 259 261 263 268 269 271 275 289 291 294 301 319 357 387 388 397 400 405 406 413 
78 142 146 151 171 186 190 191 196 198 200 201 205 206 217 218 232 242 270 273 279 280 286 287 292 293 295 300 303 305 312 313 315 330 334 342 347 352 359 371 387 389 391 396 397 402 405 407 411 414 418 
36 143 147 148 150 151 153 155 158 159 162 165 166 167 170 177 180 182 183 184 185 186 189 193 195 197 202 204 206 208 209 211 213 220 224 233 236 237 238 239 241 243 244 245 248 254 255 256 258 263 264 267 278 285 289 292 298 299 300 301 303 306 309 310 315 320 329 330 331 333 334 335 342 343 344 345 348 349 354 361 362 364 366 370 371 372 374 376 378 383 384 386 389 391 393 398 402 403 404 407 412 416 419 423 
139 144 145 152 153 155 156 157 162 163 166 171 174 177 178 180 181 184 188 189 196 197 200 201 202 207 209 212 219 223 226 228 231 232 241 243 246 247 254 259 261 266 270 272 274 283 284 286 289 291 293 302 304 306 313 317 321 324 327 329 331 338 345 349 352 355 356 359 360 368 370 376 378 380 388 389 391 392 396 397 405 408 411 413 415 416 420 423 
115 142 144 148 150 151 152 154 162 164 171 173 174 177 182 183 185 187 189 193 195 202 204 211 214 215 216 225 231 232 235 236 240 244 247 248 251 252 255 260 261 264 267 268 282 284 292 294 295 306 307 315 316 331 332 334 342 343 346 347 352 357 358 360 362 363 368 370 371 375 379 381 384 385 392 394 398 411 412 416 421 422 
18 144 146 148 149 151 152 156 159 161 163 164 165 167 173 175 182 184 189 192 197 205 209 211 212 214 216 217 228 232 238 249 254 262 263 276 278 282 285 290 292 293 307 311 312 313 314 318 321 327 328 329 330 331 340 344 346 347 353 355 357 369 371 373 377 382 383 385 387 390 392 402 403 409 413 414 416 418 
175 145 150 155 160 162 171 175 206 210 212 213 214 217 219 228 234 236 240 248 255 264 269 270 275 290 292 305 307 308 319 321 322 324 326 345 351 361 389 392 393 399 412 415 423 
268 145 160 245 259 277 325 364 404 
237 1 142 146 148 150 154 155 156 160 169 176 177 178 180 182 185 187 190 196 199 202 205 216 218 219 221 222 226 229 231 232 234 239 240 241 245 246 248 249 254 255 257 258 259 263 266 268 271 281 283 284 286 287 289 291 296 298 301 310 313 321 322 323 327 331 338 339 340 342 343 344 348 349 350 352 355 356 362 363 366 368 371 372 377 389 392 396 397 398 402 405 407 408 410 414 416 418 419 423 
188 154 171 182 187 190 195 212 222 224 225 233 246 249 250 256 261 264 269 277 286 288 295 296 310 322 328 330 331 344 349 350 355 356 357 383 385 387 389 391 395 415 418 420 422 
73 144 145 153 154 159 160 168 169 176 177 179 183 188 192 193 197 202 203 209 210 214 222 230 234 235 238 239 246 253 263 266 267 269 273 275 280 281 283 285 286 288 292 297 305 307 312 314 315 318 330 331 333 336 337 338 346 351 354 356 358 360 367 377 380 383 384 402 403 408 412 420 421 423 
107 174 190 251 282 291 294 295 325 329 354 418 
192 143 144 146 149 153 156 162 169 174 178 179 180 184 185 186 188 194 195 205 209 214 216 218 219 221 228 231 239 253 255 260 263 268 271 274 277 278 279 282 284 286 298 307 309 312 313 316 326 335 338 340 343 344 347 352 355 358 360 373 377 383 384 386 390 415 420 
283 143 144 147 156 160 161 168 169 170 173 174 175 178 181 183 191 193 196 199 202 203 205 207 211 213 214 215 222 224 225 226 228 231 232 233 242 244 245 250 251 255 261 273 276 278 282 286 289 292 293 297 298 300 301 302 305 307 309 310 314 315 316 317 319 321 323 331 338 342 343 346 348 350 357 358 359 360 361 363 364 366 373 382 383 388 389 391 392 393 396 397 398 399 402 408 410 411 413 415 417 418 421 
26 143 144 146 149 150 151 152 153 155 167 174 175 186 188 189 194 196 206 207 208 210 218 224 227 231 233 235 242 248 254 257 259 269 276 277 280 283 286 288 289 290 301 304 305 309 313 323 326 327 328 338 342 344 350 353 354 355 357 364 365 370 377 379 381 401 402 405 409 411 412 421 423 
39 1 155 156 162 175 184 188 198 205 211 218 219 220 222 223 224 235 240 245 247 250 251 259 263 264 267 278 281 288 291 295 298 312 313 319 324 325 328 338 341 349 355 370 374 376 378 379 389 390 391 392 396 397 400 404 409 410 411 413 421 
238 146 147 152 155 163 169 172 174 201 210 211 216 219 224 228 230 235 246 247 255 256 258 276 278 283 293 307 309 312 318 327 335 336 338 343 363 375 376 377 381 382 388 416 422 
204 143 159 173 174 180 185 198 209 211 212 216 217 218 219 228 229 236 250 256 262 269 274 279 281 283 288 290 300 303 310 311 319 356 362 364 366 369 392 406 411 414 417 418 419 
248 146 149 164 206 242 247 255 261 263 295 304 365 369 410 
276 148 149 150 154 163 174 182 213 219 278 308 323 324 403 
97 142 146 154 160 164 165 166 168 171 174 175 181 182 183 184 189 191 194 197 201 206 207 208 210 211 217 219 221 225 226 227 228 229 232 235 238 239 242 243 248 249 251 253 256 258 260 263 264 265 269 270 271 273 275 276 278 282 283 284 289 292 294 295 296 297 300 303 304 308 309 310 316 321 327 334 337 338 339 342 346 349 355 362 363 366 367 368 369 374 378 380 381 385 387 389 390 392 396 399 403 404 405 406 407 409 411 413 414 418 423 
266 142 160 193 219 226 244 253 258 277 281 284 288 322 330 339 389 
240 142 143 144 151 152 153 154 159 166 169 177 180 182 186 187 189 192 195 197 199 203 206 208 210 212 213 214 215 217 219 220 224 225 229 234 237 242 244 245 246 247 249 261 263 265 270 273 274 277 278 284 285 288 293 296 297 299 301 304 305 308 309 310 314 315 319 321 322 326 328 330 332 333 334 337 342 346 348 351 353 356 358 366 367 374 375 379 382 384 385 393 397 398 400 402 404 406 411 412 418 419 423 
6 154 160 175 192 194 195 196 200 201 203 211 215 225 228 242 250 256 260 264 265 266 268 271 272 273 288 293 299 306 307 317 323 325 334 335 340 346 351 355 359 363 370 373 374 377 385 399 418 
170 151 162 163 181 208 217 227 238 241 258 271 283 294 300 314 315 321 329 334 350 374 379 383 385 388 403 
104 143 145 146 151 155 161 163 164 165 173 175 176 181 183 185 186 187 188 191 192 193 197 202 204 205 207 209 210 211 217 220 222 225 226 229 235 236 237 238 244 246 250 251 253 254 256 257 260 263 267 273 275 276 281 283 284 286 287 294 296 307 308 315 316 317 323 325 329 330 331 339 342 346 347 348 349 350 352 353 359 361 363 365 368 370 371 374 377 380 384 385 390 391 392 393 394 398 399 400 401 402 415 417 418 423 
39 1 142 143 145 150 152 155 158 159 160 162 164 171 183 184 185 187 194 195 200 201 202 203 204 205 207 209 211 216 220 225 227 229 230 231 235 237 240 244 246 248 249 251 252 254 258 261 264 265 266 268 272 273 276 279 280 282 285 289 293 296 302 311 318 319 320 321 322 327 329 331 335 339 340 341 344 348 357 358 360 363 365 367 369 371 374 377 378 380 382 396 402 403 407 416 419 421 
276 177 182 184 192 194 234 242 246 296 297 307 316 384 417 
32 142 143 145 151 153 161 162 164 170 174 175 176 178 179 183 184 185 186 189 191 195 196 199 202 205 214 216 218 220 221 223 226 229 233 242 244 246 248 249 250 252 253 254 255 256 257 259 263 276 278 281 282 287 295 296 300 301 302 305 306 312 313 314 316 323 324 338 339 341 342 343 347 348 349 350 352 353 355 356 357 361 363 369 371 372 376 377 378 379 381 382 385 386 387 388 393 394 396 400 404 405 411 416 419 421 
57 1 147 149 152 163 164 174 176 181 183 184 189 190 191 193 195 196 198 199 200 209 211 215 216 219 220 224 227 231 232 236 237 240 248 251 257 260 262 264 265 276 278 279 280 287 290 296 304 310 314 315 319 320 322 326 331 333 338 339 340 345 346 348 349 350 352 355 358 361 363 372 373 375 379 387 390 392 396 405 406 409 412 415 419 421 422 
155 1 144 146 147 148 149 161 163 167 169 176 182 188 189 190 193 199 200 202 204 208 216 219 221 223 225 226 228 233 236 239 248 249 252 259 267 268 274 276 279 280 285 286 287 290 291 294 295 300 302 303 304 308 310 312 319 321 323 325 327 335 337 341 343 346 347 350 354 361 363 364 365 366 371 373 376 379 382 385 391 392 393 396 400 402 405 413 414 415 416 417 420 
62 1 143 144 149 150 153 163 172 173 174 184 191 193 201 208 210 211 215 234 239 260 264 268 270 280 283 284 290 295 298 299 305 310 312 314 315 319 339 343 345 346 356 360 369 372 375 380 381 384 386 397 410 421 423 
123 229 236 259 414 
205 145 146 158 161 162 184 197 200 203 221 223 237 239 245 250 264 280 288 289 292 300 302 312 329 342 343 358 361 370 375 390 397 405 407 419 422 
19 143 148 150 151 154 159 167 171 175 180 182 184 188 190 194 195 200 203 208 212 215 220 228 231 234 237 238 244 249 257 258 259 262 265 270 272 281 286 289 290 291 294 295 296 301 309 310 312 315 317 321 327 328 335 345 356 359 372 373 374 377 382 388 392 397 405 406 417 420 422 423 
32 194 235 291 315 334 359 
258 151 154 162 168 170 172 173 175 186 189 199 200 202 207 218 226 228 230 232 235 242 243 246 247 249 250 251 252 254 258 261 262 264 265 266 268 269 270 275 277 288 289 290 291 294 295 296 298 299 300 311 316 325 327 333 337 339 340 347 349 357 361 364 366 367 371 372 373 379 381 382 390 394 395 397 407 411 421 
19 142 146 149 152 155 158 160 161 162 173 174 180 187 188 190 192 197 201 204 209 211 212 214 216 217 218 219 222 224 225 235 236 241 242 243 245 246 247 248 251 255 259 260 262 263 266 268 276 278 279 280 285 288 295 296 297 300 307 310 316 317 323 324 332 333 338 339 340 342 344 348 352 353 356 357 364 365 370 372 379 380 383 384 385 387 394 395 396 400 404 408 414 420 421 423 
291 143 144 146 147 148 150 153 154 161 167 169 171 172 175 176 180 186 192 196 200 202 205 217 220 222 225 228 230 233 236 237 240 243 256 259 261 265 274 278 280 287 289 290 293 297 301 306 308 309 310 317 320 321 322 324 325 333 336 338 340 341 343 345 346 348 350 357 359 360 362 366 370 375 376 378 380 381 382 386 387 389 391 393 394 395 401 402 405 407 408 414 415 420 
94 159 161 166 174 175 179 201 209 214 225 239 252 253 257 268 281 286 291 298 300 305 324 326 350 356 363 373 376 378 383 385 386 398 400 402 407 408 411 412 414 422 
54 154 164 166 172 174 178 179 180 190 197 201 205 208 210 220 229 230 234 238 239 241 243 251 272 275 281 282 283 285 290 306 314 320 338 340 345 352 354 355 359 362 365 378 382 386 388 391 393 395 417 418 419 
173 179 184 200 230 277 339 397 401 
158 157 160 167 193 194 204 206 210 218 222 233 235 239 243 250 253 263 264 268 277 278 282 291 293 295 296 297 299 301 303 306 318 329 340 345 348 350 374 377 379 381 396 399 404 407 411 412 415 416 420 422 
116 145 153 159 161 164 168 171 180 181 186 193 204 207 208 217 224 231 233 240 256 262 265 266 267 269 272 276 281 292 296 298 302 309 323 325 327 331 336 337 338 343 347 351 359 364 375 378 379 384 385 389 397 398 402 408 409 420 422 423 
25 143 145 146 147 149 156 160 162 163 167 170 173 174 176 179 180 185 186 188 189 192 195 205 209 210 213 217 218 219 225 228 232 234 241 244 245 248 249 251 256 257 259 262 263 264 265 266 273 276 282 285 286 290 291 292 296 299 306 308 321 322 329 330 333 336 338 341 342 345 346 347 350 352 360 362 365 366 369 375 376 381 382 387 389 390 392 395 396 397 398 399 400 405 406 407 411 414 415 419 
29 142 146 147 150 151 157 165 168 173 177 181 184 192 193 194 195 196 201 204 206 208 210 213 215 223 225 229 234 236 239 240 242 243 244 245 248 250 252 254 258 261 262 265 266 267 270 272 275 278 280 283 284 286 287 294 297 298 300 304 305 306 307 308 309 311 315 322 325 326 328 331 332 335 336 345 346 348 351 357 365 371 372 374 378 383 384 385 386 393 394 395 400 409 410 
80 142 171 178 183 194 206 236 243 256 260 271 275 279 284 318 325 333 337 339 366 377 382 405 409 410 414 416 
267 143 144 145 151 153 155 156 158 159 160 161 164 169 171 172 176 178 180 181 183 191 193 199 202 203 207 210 212 216 217 218 221 222 224 226 227 229 230 234 235 237 239 240 241 244 245 246 248 252 254 256 257 258 259 261 263 264 265 268 269 270 274 275 277 281 286 288 289 291 295 299 305 307 309 311 312 313 317 320 321 325 332 333 335 337 342 343 354 355 356 361 362 365 371 372 374 375 377 378 380 382 383 384 390 391 403 405 407 409 411 416 417 418 422 423 
149 144 145 146 147 154 155 159 174 175 177 182 186 194 199 214 227 228 231 238 249 253 259 264 269 270 273 274 280 297 303 306 307 308 311 318 322 323 326 337 341 345 347 349 356 359 360 363 364 365 371 372 376 382 391 394 404 411 415 419 
275 146 161 198 225 255 281 284 328 330 334 351 354 374 381 382 386 390 410 413 414 
130 142 145 155 159 163 173 177 178 179 182 184 185 189 190 193 195 196 198 206 207 210 211 213 215 218 224 232 235 238 242 246 260 273 275 288 299 306 310 316 318 319 335 336 340 347 350 373 374 376 383 398 404 405 406 410 414 420 
200 215 218 246 350 370 419 
242 147 157 158 166 167 168 178 186 187 193 206 209 222 243 255 258 264 272 281 284 286 287 292 295 296 297 311 315 318 339 349 370 386 397 398 399 415 416 
201 145 149 150 156 160 166 167 175 177 179 180 181 186 189 194 198 207 208 209 211 215 223 234 241 245 252 253 266 268 273 274 275 276 278 286 297 300 301 303 305 307 310 311 313 326 331 337 338 342 344 345 348 349 355 358 359 362 365 366 367 369 372 374 375 376 377 381 385 387 388 390 395 399 402 408 410 418 419 
89 142 144 150 158 161 173 178 181 187 188 192 198 203 207 210 215 218 222 224 226 232 234 236 237 240 248 253 257 263 268 276 284 285 291 294 300 301 302 303 331 332 333 334 338 347 352 353 355 356 367 378 386 388 393 397 404 407 410 
106 154 163 184 204 211 249 263 348 356 359 370 400 420 
240 1 150 152 153 166 169 170 172 173 180 185 186 192 193 194 204 205 207 218 227 233 234 239 240 246 253 255 258 263 268 272 283 285 290 294 301 306 310 311 315 316 319 327 330 338 339 342 349 368 372 383 391 393 394 396 399 400 403 408 409 412 415 417 420 
66 1 142 144 145 150 151 154 155 164 167 168 172 174 178 180 185 186 192 193 197 198 204 206 207 209 210 211 214 215 216 217 223 228 232 233 242 249 250 253 258 260 264 265 266 270 275 276 277 280 281 284 287 289 295 297 303 305 311 312 313 314 315 321 332 334 335 336 339 349 350 351 363 364 366 371 372 374 376 377 378 380 381 383 385 389 398 403 406 407 409 410 412 415 416 420 421 423 
277 1 143 145 150 151 152 167 172 174 179 181 183 195 205 209 217 221 224 226 229 232 237 244 250 251 252 258 260 271 272 276 279 280 282 285 286 295 307 308 309 310 313 320 323 324 325 333 341 346 347 348 353 360 361 363 365 366 370 373 375 379 386 388 393 402 407 409 410 418 421 423 
239 146 150 151 152 154 161 165 168 175 177 178 179 181 189 191 198 200 209 210 211 212 216 219 220 224 231 237 238 239 240 241 242 250 254 256 257 258 260 270 271 290 292 295 296 311 313 316 322 324 325 327 330 331 336 346 347 354 364 377 378 380 382 390 393 405 406 413 416 419 
271 146 147 154 156 169 174 175 177 178 180 202 207 214 216 217 219 220 226 227 236 237 238 241 251 254 256 261 264 274 276 280 285 286 296 299 311 325 330 332 340 341 347 348 353 354 356 361 363 371 375 376 377 384 392 393 397 398 400 404 410 414 415 417 419 420 
66 142 152 153 186 205 207 213 216 220 243 277 284 289 291 300 311 312 315 324 327 346 393 415 
67 1 142 143 145 147 153 154 155 156 157 168 169 172 174 177 179 180 181 184 190 191 196 197 198 200 201 206 207 213 218 221 227 228 232 233 234 242 244 246 249 251 252 253 255 262 274 281 287 290 293 303 305 311 313 319 327 334 339 345 347 353 359 361 362 368 377 379 380 381 392 395 398 402 409 418 420 421 422 423 
75 145 155 163 164 167 173 175 183 188 192 197 198 205 222 240 242 243 244 247 251 255 266 270 272 280 282 284 286 290 297 298 300 314 315 323 324 331 332 334 335 337 339 349 358 377 392 396 397 398 408 411 417 418 419 421 422 
299 149 157 169 177 238 273 277 285 298 300 346 367 372 375 
218 147 148 154 155 156 161 172 185 187 189 191 196 199 209 210 221 223 231 233 234 235 239 241 248 252 257 260 266 278 279 281 293 296 305 326 327 329 334 335 345 353 357 365 379 392 395 398 403 408 411 414 420 422 
205 145 148 149 150 152 153 158 159 160 162 170 171 175 176 178 180 181 182 183 185 187 188 189 191 204 205 206 207 209 213 214 217 218 220 222 223 225 227 229 231 236 243 244 245 247 252 254 261 262 273 278 279 282 288 290 293 296 297 301 303 305 306 307 310 312 313 314 315 317 318 329 347 350 354 355 356 357 358 359 360 361 363 365 366 370 371 381 383 384 386 391 392 399 400 404 405 407 414 415 417 419 
270 142 146 150 152 153 155 160 162 169 171 173 175 178 179 184 186 188 194 195 197 198 202 203 205 206 213 215 220 221 222 225 228 231 233 234 235 236 242 245 248 249 250 251 252 253 259 269 271 272 276 277 283 284 290 291 292 296 300 301 303 304 305 306 308 310 312 316 318 327 328 330 333 334 340 343 346 348 357 361 362 363 365 368 369 372 375 378 382 387 390 395 396 397 399 403 404 406 407 408 414 419 420 422 
178 161 164 166 187 197 207 208 216 218 225 230 239 241 249 266 270 274 277 278 295 306 319 322 344 349 358 372 389 394 401 421 
224 145 147 149 151 167 171 176 178 187 192 194 228 231 241 252 255 268 273 274 279 280 281 289 290 295 301 328 339 345 352 357 365 367 369 370 376 388 390 392 403 404 406 409 413 423 
116 145 146 153 160 171 178 179 180 181 182 187 189 190 198 215 217 218 223 225 230 232 233 240 243 246 250 253 266 267 269 271 272 273 278 281 290 292 293 298 300 303 304 317 322 325 332 333 337 342 343 348 349 353 354 356 364 372 377 386 388 397 398 409 411 413 419 
286 1 147 154 155 157 158 161 167 174 176 177 178 180 187 194 197 199 202 204 205 209 210 211 216 217 218 219 221 222 224 225 226 230 232 235 236 238 243 244 245 252 254 255 259 260 265 274 281 283 284 291 294 295 298 299 304 309 315 316 317 318 322 325 328 330 331 334 335 336 337 338 339 345 347 348 349 350 351 352 354 355 357 369 371 372 374 381 384 385 386 389 390 392 395 396 397 398 400 403 404 406 412 416 420 423 
259 144 154 167 170 174 178 185 188 202 219 223 230 264 266 286 290 293 302 309 319 323 337 343 346 349 352 355 359 368 377 381 393 395 404 406 418 422 
191 163 309 329 336 338 401 
239 150 152 156 158 161 184 205 206 210 214 218 219 241 253 260 262 264 272 273 285 309 318 321 335 362 369 370 373 377 382 387 392 403 407 419 
108 231 235 242 259 
187 1 143 144 154 155 156 157 159 160 173 174 177 179 187 189 191 197 198 201 205 208 217 224 226 227 229 231 232 236 249 251 254 257 259 263 265 266 274 293 302 305 307 309 310 312 315 319 325 329 331 336 337 339 341 342 349 351 357 365 369 371 374 380 381 384 385 392 400 401 403 409 410 416 422 423 
194 245 300 
27 1 147 157 171 180 181 189 192 193 200 203 205 209 210 219 225 229 230 231 235 236 244 254 273 281 284 288 300 308 309 310 316 323 327 339 341 342 353 356 372 373 374 382 387 389 390 392 397 399 400 404 414 415 
43 142 143 147 149 156 158 160 161 163 165 166 170 173 174 179 180 183 184 188 189 190 191 193 199 201 202 203 206 207 208 213 214 215 218 220 227 229 232 234 242 243 246 249 254 262 263 265 266 268 272 279 281 282 287 296 297 301 303 304 308 313 316 321 327 329 331 334 336 338 342 347 353 355 357 367 368 369 371 373 375 377 378 379 383 388 389 399 402 406 415 417 419 420 423 
87 144 154 159 160 166 170 172 179 190 194 212 215 221 226 236 245 250 252 254 256 259 261 263 264 266 271 276 293 298 306 308 313 318 323 328 350 365 367 402 407 410 411 416 417 419 422 423 
38 143 149 152 157 159 164 166 167 170 171 175 176 181 183 185 186 190 194 198 199 200 202 203 207 211 213 217 218 219 220 221 225 226 231 232 234 237 241 243 245 248 249 254 256 257 259 261 263 264 266 269 272 273 275 280 286 287 288 290 293 294 298 301 302 318 322 324 326 328 335 336 338 340 341 342 343 344 347 355 356 362 370 372 376 378 381 383 385 391 392 395 401 404 407 409 410 411 412 417 419 421 
279 1 142 149 156 161 162 166 168 171 173 176 179 180 188 191 193 195 202 210 217 219 224 225 226 227 228 230 237 238 239 241 242 249 252 254 256 258 260 262 267 268 269 272 274 275 277 278 279 285 289 295 299 300 301 304 308 309 310 311 312 316 318 319 320 322 324 333 334 335 337 342 343 346 349 351 357 359 360 362 363 364 365 372 374 375 381 384 387 388 389 392 393 397 399 400 401 405 406 413 419 420 421 423 
183 142 146 147 149 153 155 156 158 159 164 170 172 175 179 180 185 188 189 192 193 196 200 207 211 212 214 216 221 223 224 228 230 232 234 235 245 246 248 250 255 256 260 268 269 273 278 280 283 287 288 289 291 292 293 297 298 302 304 305 306 312 313 314 318 323 324 325 326 331 335 338 340 342 344 347 353 354 356 357 358 359 370 371 372 378 379 382 383 389 393 397 398 399 400 402 404 408 409 412 415 419 421 422 423 
300 1 142 147 148 157 158 163 164 165 169 171 175 176 181 185 190 197 200 210 214 217 220 222 226 230 232 235 241 250 256 258 262 265 270 273 277 279 281 282 301 305 321 331 346 347 364 373 377 382 384 385 389 391 401 402 403 407 413 414 418 420 422 
116 146 152 170 171 173 178 182 187 188 192 193 197 201 210 211 213 215 217 221 231 232 241 242 244 245 247 250 255 259 263 266 271 276 289 295 309 311 320 331 333 335 341 367 371 384 409 419 423 
122 148 149 150 158 170 177 178 179 181 182 192 207 210 212 219 221 224 225 227 233 242 254 259 269 277 302 312 318 328 329 334 335 339 352 356 358 375 376 385 389 391 393 403 416 419 
132 1 142 147 148 149 150 152 153 156 157 159 161 163 164 169 176 177 182 183 185 186 194 196 206 211 215 216 227 235 236 239 240 243 251 252 253 254 257 263 264 269 271 277 278 286 288 289 290 295 296 299 300 303 307 309 311 315 316 320 324 337 341 345 351 352 353 354 358 359 364 365 368 369 370 371 372 373 374 384 394 395 397 398 411 414 418 420 422 423 
43 157 192 226 228 290 300 319 407 423 
268 142 143 146 150 152 155 160 161 163 166 171 173 183 188 193 194 195 196 198 205 209 215 225 235 238 245 246 247 254 258 262 266 272 275 278 281 288 295 296 298 300 314 315 316 322 324 335 340 343 345 347 350 355 368 373 376 384 386 396 400 405 411 413 416 418 419 420 
134 143 158 171 182 204 205 211 220 233 242 251 258 262 268 273 276 281 285 298 304 319 320 323 327 337 372 378 388 402 422 
246 170 173 183 187 191 244 245 261 276 278 290 291 304 316 323 328 341 358 366 377 385 387 388 391 392 397 420 
268 168 171 174 176 194 197 206 219 220 226 229 231 235 248 284 285 299 305 309 311 313 321 329 332 333 348 351 358 373 375 381 388 396 399 404 412 
264 167 171 175 184 191 193 212 215 228 252 273 280 303 305 306 329 334 342 345 348 360 364 383 392 399 400 
80 1 151 153 164 166 167 170 175 186 190 205 207 212 221 222 239 243 258 259 261 266 273 279 282 284 289 293 294 295 300 306 312 315 322 337 348 350 352 359 378 392 400 403 404 407 418 
262 144 149 150 151 170 175 184 188 195 208 209 212 229 230 231 244 249 253 254 269 291 292 302 320 321 336 343 347 367 376 384 387 390 393 400 405 406 413 418 
58 1 143 144 154 155 158 160 165 180 183 185 186 187 199 206 208 215 222 223 225 227 234 235 237 239 240 241 242 243 245 246 253 260 262 265 272 275 276 277 282 285 286 287 296 297 301 305 306 308 309 312 313 321 325 331 332 333 339 342 344 352 353 354 359 360 363 366 368 370 376 378 390 393 395 396 403 408 409 411 413 
162 151 152 161 162 163 169 176 184 189 190 192 197 198 207 224 226 227 228 229 231 237 244 254 256 259 260 265 271 274 292 310 322 323 326 337 349 350 357 377 387 394 398 399 405 409 414 
130 145 146 150 153 154 157 164 165 169 171 172 177 178 180 183 184 185 186 187 188 195 209 210 211 216 217 220 241 249 256 262 266 267 274 277 280 282 288 289 292 294 297 299 306 307 312 315 319 321 327 335 341 342 350 351 357 360 364 365 368 370 371 378 379 395 396 403 405 408 410 412 416 417 423 
48 142 143 151 156 159 165 167 178 180 181 183 191 194 207 211 213 217 230 237 243 252 254 258 260 264 267 284 286 290 299 303 304 309 317 320 322 323 324 328 334 338 339 340 342 343 348 350 353 355 358 362 364 371 378 383 394 395 396 398 401 403 411 
66 265 279 353 388 413 
180 1 146 148 157 158 171 175 177 187 191 197 206 208 210 215 217 218 221 238 240 241 248 258 259 260 264 267 268 278 282 286 287 290 294 298 299 306 307 310 311 316 318 320 331 341 345 348 353 357 358 361 362 365 367 369 377 385 386 387 390 394 396 398 399 401 406 412 413 419 422 
21 1 145 151 152 153 155 156 158 160 161 162 164 165 166 168 169 170 177 180 181 182 187 189 194 196 202 205 206 208 210 213 216 221 223 226 227 233 236 242 245 248 250 254 256 258 269 270 272 274 277 278 285 286 287 292 293 295 296 299 300 302 303 307 309 311 316 317 319 320 322 325 326 330 333 341 344 347 350 351 352 354 355 356 358 365 370 372 373 374 385 388 391 392 396 398 401 408 411 412 414 419 421 423 
260 1 144 148 149 160 162 172 185 186 193 198 202 208 209 210 217 222 227 242 252 256 262 270 273 280 281 284 286 291 294 295 302 306 309 313 316 317 320 323 335 337 338 351 352 359 360 364 368 372 375 378 379 388 392 393 395 408 416 
178 142 147 148 149 150 155 157 158 160 161 163 167 171 174 175 183 186 189 191 192 199 205 215 216 222 224 227 230 235 237 238 243 246 247 250 252 255 256 258 259 262 263 267 271 276 277 281 284 289 292 297 302 304 309 315 316 317 323 329 330 334 336 338 339 340 344 345 346 354 355 356 357 367 376 377 382 384 387 391 392 397 398 400 402 404 405 408 410 411 413 415 417 423 
237 160 266 285 343 415 
16 142 143 144 146 150 152 155 158 161 162 166 167 169 174 177 180 182 184 187 193 196 198 209 214 218 221 228 229 230 232 233 234 246 249 250 253 255 257 258 259 265 266 268 272 274 275 276 282 285 286 288 292 294 300 302 303 304 311 313 315 316 317 318 323 324 332 333 335 337 338 341 343 346 347 350 353 355 364 365 366 367 368 372 376 382 384 385 386 399 401 404 408 410 412 413 414 417 419 420 422 
92 142 145 150 210 217 218 219 223 224 226 233 234 238 244 248 252 257 264 266 279 286 289 296 302 307 311 312 319 327 329 332 335 336 345 346 362 366 373 376 389 390 395 401 404 407 411 418 419 
101 1 142 145 146 150 151 154 157 161 163 167 168 177 178 179 180 183 188 189 192 196 199 202 206 207 210 211 213 214 216 220 222 224 226 229 230 231 232 234 237 238 240 244 247 248 250 251 252 255 257 258 259 260 263 267 268 273 278 279 280 286 287 292 298 303 304 307 312 314 316 325 333 334 337 338 339 341 344 346 347 349 353 354 356 361 363 364 365 372 373 377 380 382 389 391 395 397 401 402 405 407 408 411 412 413 416 423 
135 142 144 145 147 149 150 163 164 180 182 184 192 201 202 204 209 215 218 225 226 230 233 235 237 241 244 250 258 259 263 270 291 294 295 300 305 308 309 312 317 318 321 322 338 346 348 351 355 356 360 366 368 372 378 380 385 393 397 401 404 408 413 418 
228 144 146 152 154 155 165 166 170 173 174 175 184 189 191 196 197 200 202 204 206 208 211 213 215 218 226 227 232 236 239 241 245 248 249 255 256 258 261 267 268 270 271 273 276 277 281 282 286 287 293 297 301 304 305 308 309 310 312 313 314 316 318 319 322 324 325 327 329 332 334 335 340 341 343 344 345 346 350 354 356 357 359 362 366 369 374 375 376 382 383 387 390 391 393 394 396 398 400 407 408 410 414 416 417 418 419 423 
259 142 143 146 148 153 154 157 158 159 162 166 171 173 175 180 183 184 185 186 187 188 193 194 195 199 204 214 216 217 219 220 223 224 230 234 236 238 241 242 243 251 254 256 257 260 262 263 264 265 271 272 275 276 281 286 288 290 293 300 301 303 307 309 314 316 319 324 325 327 329 337 338 342 343 345 347 350 354 355 358 365 371 372 373 378 380 382 387 388 389 392 394 396 397 403 404 408 409 414 417 418 419 
204 162 241 247 259 262 276 280 299 317 347 368 394 398 419 421 
292 142 145 151 152 161 164 166 173 175 176 178 179 186 187 189 190 193 195 200 205 210 211 212 214 215 216 219 222 225 226 229 231 232 233 234 238 242 249 252 255 260 265 266 270 274 275 276 279 284 291 293 294 296 297 300 301 306 309 311 314 318 319 320 321 332 339 340 347 350 354 356 358 359 361 363 368 372 378 383 393 400 402 405 407 411 412 414 415 416 418 419 420 423 
15 146 147 155 162 165 166 170 171 172 173 186 189 201 202 203 210 211 214 215 217 220 226 229 238 243 245 246 249 251 252 253 255 256 262 265 267 270 272 273 280 281 284 286 307 313 317 318 322 324 326 329 334 337 338 341 342 343 344 346 347 352 370 372 378 382 390 393 394 395 397 398 405 408 410 420 
248 145 148 155 157 166 176 181 191 199 202 207 212 216 223 226 228 229 236 241 242 251 259 262 267 269 271 289 294 305 306 308 309 315 316 319 330 336 338 343 347 349 359 366 367 372 377 380 381 385 404 407 408 410 413 415 
229 144 146 149 152 155 156 157 168 170 174 176 177 180 181 189 190 191 192 194 195 199 200 201 203 204 205 208 209 212 213 218 221 223 224 225 230 232 233 234 238 239 241 242 247 252 253 255 260 264 267 269 270 273 274 275 277 281 282 283 285 289 290 293 294 299 300 301 302 303 305 306 308 309 317 318 319 328 329 330 331 332 333 334 338 339 340 341 344 348 352 354 357 359 361 363 367 368 375 376 377 378 379 380 381 386 387 388 394 395 396 399 400 401 403 406 421 423 
103 148 172 228 233 239 247 294 301 366 391 418 
144 162 187 191 228 230 249 278 304 308 346 362 400 
130 159 168 204 206 211 237 251 255 258 264 267 268 270 284 293 310 311 318 331 334 339 340 357 390 402 405 407 410 412 420 
113 1 142 144 147 150 151 155 157 158 162 163 167 186 187 189 190 195 203 205 207 209 210 211 215 217 221 222 224 226 236 237 244 246 251 252 255 257 259 261 265 267 268 269 270 272 275 277 281 284 285 286 289 291 292 294 298 299 300 301 303 305 309 310 311 312 313 315 316 319 322 323 324 325 330 334 336 340 342 344 345 346 347 348 349 352 355 357 359 363 366 367 368 369 370 371 378 379 381 384 385 387 390 393 399 404 410 411 413 415 418 419 420 421 423 
96 155 160 368 383 395 
272 1 142 148 152 160 161 162 165 169 178 185 186 187 192 198 201 206 208 210 218 222 227 230 237 238 241 250 261 265 266 269 271 277 278 286 290 294 297 299 303 305 307 309 314 315 316 317 319 326 327 336 340 347 352 354 355 358 370 377 378 385 391 393 395 413 420 
49 148 152 157 159 163 166 168 170 171 172 174 182 189 191 192 194 196 199 202 223 228 236 238 239 242 245 262 267 269 270 276 278 284 295 296 298 303 306 307 313 314 318 323 335 338 350 359 361 364 365 367 368 369 371 372 373 376 382 385 389 392 394 395 400 402 411 412 413 419 
220 144 147 155 156 157 158 159 160 161 163 164 165 166 169 170 174 178 179 183 185 194 198 199 206 210 211 212 214 225 226 230 232 235 236 237 238 239 241 242 245 248 249 251 252 254 255 256 258 259 260 261 266 270 274 275 288 290 292 296 299 302 306 308 310 312 317 322 324 326 327 328 330 332 334 335 336 337 341 344 347 348 349 351 355 356 357 362 363 366 368 369 371 372 373 388 389 390 391 392 394 395 401 402 407 408 409 410 412 413 414 417 418 422 
118 1 142 149 152 155 157 158 166 169 170 183 186 190 191 192 193 196 197 200 204 208 212 217 218 220 230 234 238 242 244 247 248 258 260 262 263 265 266 278 279 286 289 290 291 294 301 304 306 307 309 314 321 324 328 331 334 336 339 340 341 345 350 355 364 365 367 368 375 381 383 384 388 394 398 401 403 412 416 417 
106 143 152 190 200 214 226 241 262 263 275 295 298 302 303 343 344 355 373 386 397 403 421 
73 151 160 162 163 166 168 169 171 175 180 187 189 190 193 198 201 202 203 208 209 211 217 219 220 223 224 225 229 230 244 249 255 259 270 271 273 284 285 294 298 316 318 325 333 347 348 351 352 357 366 384 389 402 405 406 411 412 413 420 423 
246 143 147 152 155 157 161 166 167 169 171 172 180 181 184 185 188 191 197 201 207 208 211 213 214 217 218 223 224 232 233 235 237 238 239 240 242 243 246 252 254 258 259 260 261 263 268 271 274 282 283 291 294 297 298 300 302 304 314 317 319 320 321 322 325 327 328 329 335 338 341 344 345 346 349 351 359 360 361 362 365 366 367 370 371 372 375 376 377 380 381 385 386 387 388 397 398 404 405 408 418 419 421 423 
240 149 154 161 171 176 178 185 188 190 193 201 202 203 229 233 235 242 249 252 256 261 262 275 278 287 290 295 307 313 324 330 334 338 343 344 351 352 353 357 366 370 381 386 387 389 403 406 418 421 
62 147 152 153 154 162 164 175 184 194 200 203 210 211 212 234 238 243 247 262 274 275 286 288 293 301 303 318 330 338 341 342 345 346 347 351 352 355 357 394 395 399 409 
230 151 152 153 154 155 159 160 162 169 176 178 182 185 186 192 195 196 199 201 202 204 206 209 215 216 217 219 221 222 223 227 228 229 230 233 236 237 239 241 243 245 248 250 255 260 261 264 265 266 268 270 272 273 274 276 278 279 282 293 294 295 297 303 304 305 306 309 311 314 319 323 328 329 332 335 336 339 340 343 348 351 353 354 356 361 362 363 367 368 369 376 397 399 400 401 404 406 409 410 412 414 422 
244 143 144 148 156 158 159 160 172 197 198 206 217 219 220 225 235 237 244 245 247 249 256 269 273 284 286 287 294 300 303 307 309 310 316 317 320 322 327 330 335 338 344 349 354 361 371 372 376 377 381 384 387 388 396 397 401 414 415 423 
109 150 151 153 166 196 221 248 250 283 325 351 364 368 374 387 396 412 416 419 
193 142 144 145 147 150 151 152 153 158 160 161 164 169 171 173 175 179 182 183 184 186 190 191 194 195 198 202 203 204 205 206 207 209 210 216 218 222 223 229 230 237 238 239 241 246 248 250 256 258 259 262 266 268 277 278 284 285 287 288 289 290 294 300 301 302 303 307 312 313 314 315 317 318 320 331 332 334 339 340 346 347 349 350 351 352 354 355 359 361 365 366 371 378 381 382 385 386 387 389 398 399 401 402 405 407 408 411 412 415 416 419 421 423 
207 1 143 149 154 158 160 167 176 179 182 184 185 190 194 206 207 212 218 220 221 225 228 229 233 234 238 239 243 248 251 253 255 257 263 266 272 273 274 278 283 284 287 291 292 294 297 298 299 301 305 308 312 320 322 323 328 335 340 341 345 346 351 355 356 357 359 361 364 366 368 372 376 384 388 390 391 392 395 403 410 412 416 420 
85 144 147 151 152 153 156 157 167 174 178 193 194 201 204 215 216 221 223 227 228 229 232 235 236 242 245 251 261 262 264 275 278 280 281 285 287 290 293 294 297 299 312 316 321 330 336 348 358 376 377 379 382 386 397 404 410 411 412 416 
207 143 191 196 232 267 270 288 380 397 407 
286 144 145 146 153 154 155 156 158 159 164 166 176 177 182 183 187 188 189 192 193 196 197 198 202 204 205 206 207 215 216 221 223 226 233 236 238 239 246 249 252 256 259 264 266 269 270 273 275 276 278 283 285 288 291 292 293 297 298 302 308 311 313 315 316 317 318 323 326 331 334 337 338 340 341 342 345 346 347 348 349 355 356 357 359 360 362 365 366 370 372 373 376 379 383 384 387 388 392 393 394 395 403 404 405 406 407 409 414 416 417 
139 1 149 150 152 155 156 157 158 160 165 166 167 172 181 183 187 193 194 195 197 200 203 207 211 212 217 225 229 231 232 233 234 235 237 241 243 244 245 247 250 258 261 262 264 266 267 270 273 275 279 283 293 295 298 301 303 311 313 317 319 323 336 339 340 341 344 346 349 353 354 360 363 368 371 376 385 386 387 389 391 394 399 400 404 408 413 414 417 418 419 420 422 
95 143 146 147 148 150 158 160 164 168 170 177 178 179 181 185 188 193 194 197 200 203 209 212 219 222 223 225 231 232 233 235 236 240 244 248 253 254 259 261 269 273 276 283 286 287 292 293 295 300 309 310 315 318 319 320 321 329 338 340 344 347 348 351 357 361 362 367 368 369 377 379 382 383 390 391 394 397 399 400 402 407 410 411 412 413 415 416 417 418 
289 149 192 195 209 215 216 219 220 226 243 247 253 262 270 281 284 295 314 317 320 331 361 362 382 391 393 400 414 
272 143 156 162 165 167 169 175 176 177 179 182 187 189 191 193 194 205 208 211 217 219 221 226 227 237 239 244 245 249 252 259 260 265 272 275 276 279 283 289 291 296 305 309 310 312 315 323 324 325 328 330 331 335 344 345 354 357 362 367 369 375 376 378 382 389 394 397 398 400 406 409 413 414 417 420 421 
299 145 146 148 150 151 159 161 164 168 169 172 175 177 182 193 196 203 205 207 209 210 214 216 227 233 235 240 253 261 264 266 268 270 277 278 284 286 287 291 292 295 301 302 312 315 317 318 320 322 324 325 326 330 333 346 355 359 367 375 378 379 380 381 388 389 392 393 398 402 409 417 418 419 420 422 423 
265 143 145 146 155 158 159 168 171 173 176 181 182 185 186 188 189 190 191 193 198 199 200 201 202 204 205 207 208 210 213 220 221 225 226 227 229 230 234 243 246 247 248 249 250 252 254 259 266 268 270 271 274 283 286 287 289 291 292 295 297 301 303 307 309 310 312 313 320 324 330 333 334 339 340 341 342 343 345 347 348 352 358 362 366 371 372 375 376 379 380 385 386 387 389 390 392 393 400 402 403 409 410 413 417 419 421 423 
56 230 255 262 273 335 343 358 380 392 
100 163 164 189 192 196 207 247 264 265 287 289 301 322 327 330 337 338 358 367 368 374 379 393 394 406 420 421 
261 1 149 151 152 155 156 160 171 173 174 176 179 182 186 187 188 189 190 195 197 198 199 205 207 210 211 219 226 228 230 235 238 240 243 246 249 250 254 256 261 262 263 265 269 271 274 276 277 285 286 291 294 295 296 302 305 324 327 328 329 330 333 335 337 341 342 343 344 350 351 354 356 358 359 364 368 370 372 373 381 386 387 388 389 394 398 401 402 407 409 413 417 422 
84 146 157 158 160 162 163 165 167 169 172 174 179 188 192 193 194 195 198 200 202 206 212 213 214 215 218 222 225 226 233 235 237 238 241 242 244 248 254 256 257 258 259 265 268 270 271 277 278 279 281 285 291 300 306 311 321 332 333 337 338 345 346 347 350 351 355 357 360 361 371 372 375 380 385 386 387 390 392 393 395 399 402 404 407 410 416 417 
218 142 143 145 146 149 151 154 160 165 175 176 178 185 186 193 194 195 196 201 204 210 213 215 218 224 228 232 234 237 239 246 248 255 258 262 265 266 268 269 270 271 278 282 289 290 293 295 297 301 305 309 310 314 316 317 318 320 324 331 336 338 341 347 349 351 352 356 360 371 374 375 378 384 387 390 391 393 395 401 402 407 408 409 413 
277 147 149 156 160 162 182 201 213 229 236 252 256 259 269 273 287 315 318 346 351 360 363 370 376 378 406 407 421 
232 1 148 152 153 155 159 161 163 167 169 170 171 172 174 176 177 179 180 182 183 188 192 193 194 202 203 204 211 214 215 220 221 223 224 226 229 230 231 237 240 244 250 252 254 255 257 260 261 265 266 267 268 270 273 276 277 279 284 287 288 299 301 304 305 309 311 313 314 315 317 318 321 324 326 328 330 331 333 337 341 342 347 354 361 368 373 375 378 380 383 385 392 397 399 400 402 403 407 413 414 417 423 
121 146 147 149 150 157 158 161 162 163 165 166 169 170 171 173 178 181 182 186 188 189 192 194 197 201 203 207 214 215 216 221 222 223 226 229 232 236 237 238 239 242 250 253 256 257 262 264 269 272 288 290 298 304 306 307 309 310 312 313 314 316 317 319 327 330 332 334 336 338 339 343 344 347 348 351 353 357 359 367 371 374 378 380 381 384 385 386 387 390 392 393 396 397 400 401 404 405 408 412 413 414 415 416 420 
126 153 156 158 159 167 171 173 178 181 182 183 186 189 192 202 206 211 218 220 222 225 230 231 232 238 240 242 243 251 255 261 271 276 279 281 282 284 288 291 293 296 298 300 304 308 317 318 325 327 328 329 330 333 339 342 345 348 350 355 357 376 378 382 385 389 391 394 400 407 409 412 416 419 423 
225 1 146 151 156 163 168 170 178 180 182 183 184 189 196 198 201 207 208 211 213 217 224 231 232 239 241 242 243 244 249 252 255 257 259 262 265 271 272 273 275 281 282 286 288 295 296 297 301 308 311 312 316 317 320 321 334 336 337 338 345 349 352 353 354 356 357 358 359 360 362 363 365 367 368 371 373 374 376 377 379 381 396 397 399 409 414 415 423 
212 143 144 147 149 157 159 168 171 176 179 182 187 198 199 202 206 210 211 216 217 219 223 224 226 240 242 243 249 258 259 262 263 269 271 272 281 285 289 297 298 299 302 307 309 310 313 315 316 319 320 321 323 324 329 331 334 336 345 346 350 352 362 365 366 367 372 373 376 379 383 388 394 396 397 398 400 407 419 422 
111 161 190 219 
222 146 158 167 175 186 187 191 193 198 203 205 208 216 222 225 226 252 261 291 297 310 315 316 327 328 335 340 352 359 382 383 385 386 387 388 391 393 397 400 422 423 
110 147 150 151 155 158 168 169 171 174 176 183 190 197 198 204 206 211 213 215 219 220 222 227 229 230 236 256 262 268 279 281 282 290 299 301 307 309 310 311 314 321 323 325 339 344 351 352 358 359 361 367 379 384 385 389 390 391 410 415 417 419 
291 143 144 151 153 154 158 161 167 169 171 172 179 180 181 185 187 190 191 193 194 196 197 198 202 207 212 215 216 219 220 222 227 229 230 234 236 238 240 242 244 245 246 251 256 257 262 263 264 266 269 274 275 276 279 281 283 286 287 289 291 293 294 295 297 299 304 309 310 314 316 318 322 324 325 326 327 328 330 331 333 336 337 339 340 342 348 357 360 361 372 374 377 379 381 382 383 386 388 389 397 398 399 400 405 408 411 414 416 419 421 422 
19 1 142 143 146 151 155 160 161 169 171 172 176 179 180 182 183 185 186 190 193 198 200 209 212 215 217 219 222 225 228 234 244 255 258 259 262 266 267 268 269 271 273 275 276 283 287 290 291 293 295 299 300 301 313 314 315 326 327 331 333 336 348 350 353 354 355 357 358 360 368 370 378 388 399 400 402 403 404 413 414 415 418 
235 148 176 177 180 181 182 198 201 208 213 218 220 223 225 226 228 229 237 241 249 256 257 281 290 294 296 309 318 323 333 342 350 353 357 369 375 376 378 388 395 398 405 406 407 410 421 
296 142 147 148 150 156 164 165 166 169 174 177 181 185 191 192 195 196 199 201 202 208 210 213 214 215 219 220 230 234 238 239 242 243 245 253 257 258 260 268 281 283 285 287 290 291 292 293 298 299 301 303 305 311 313 315 316 325 327 332 335 339 340 342 353 354 355 358 359 361 363 365 367 372 373 380 382 383 392 395 396 397 402 403 405 409 410 411 413 414 416 
71 1 143 144 146 149 151 155 157 158 161 168 169 170 172 174 175 179 184 186 189 190 192 195 197 199 202 203 204 205 206 211 212 213 215 216 220 222 229 240 241 242 244 245 247 251 260 262 264 265 270 271 272 273 274 276 278 282 285 288 289 290 291 295 296 297 300 304 305 308 309 310 311 314 317 318 319 320 321 325 330 334 335 338 339 349 351 354 358 362 368 369 370 375 384 385 389 390 397 403 404 406 409 411 413 418 421 422 423 
219 142 146 148 149 151 153 157 160 161 164 167 170 173 175 178 179 180 183 185 190 194 196 199 200 201 203 209 213 214 217 218 223 226 227 229 231 233 234 236 237 238 241 242 246 248 251 253 255 257 258 259 260 261 262 265 269 270 276 283 284 285 287 289 290 291 298 305 308 311 314 318 319 320 322 323 325 327 328 330 331 332 333 337 340 347 348 352 358 359 362 364 366 367 368 374 375 376 377 380 381 389 392 394 397 401 403 407 409 411 412 414 416 421 
43 148 150 151 152 153 156 160 166 167 171 176 182 183 184 185 188 189 195 200 203 205 208 211 212 213 214 217 218 219 220 221 228 229 231 232 233 235 239 244 249 252 257 259 267 268 272 274 275 278 279 281 282 288 289 290 291 297 298 299 307 308 309 310 311 313 326 327 330 335 341 343 355 360 364 365 367 368 369 371 374 375 376 378 379 383 386 391 402 405 406 414 417 419 420 421 423 
2 147 149 150 151 152 153 158 159 160 163 165 167 170 172 181 182 183 193 194 198 200 202 203 205 210 215 216 220 227 233 239 242 245 247 249 251 255 256 261 267 277 278 279 281 282 284 285 289 292 293 294 295 300 301 304 307 308 311 315 325 326 328 329 334 335 337 338 339 340 341 343 344 345 346 350 353 354 356 357 359 362 367 368 370 381 382 384 386 389 390 391 394 397 398 399 401 404 411 413 416 
246 155 162 163 172 174 180 181 185 187 189 195 198 200 205 207 212 216 227 231 235 242 249 250 253 258 261 265 269 271 272 275 276 293 300 302 305 312 319 321 325 326 330 336 339 346 352 354 362 363 364 367 375 380 385 388 395 398 400 401 403 410 419 421 
11 143 149 165 174 179 201 209 212 229 246 262 293 301 310 321 333 354 356 360 362 374 375 384 385 414 420 
42 142 145 151 161 180 184 186 191 192 200 204 212 213 214 216 217 222 223 224 225 227 231 242 255 276 279 329 330 336 349 352 365 367 368 398 404 406 417 419 420 
93 142 145 146 148 149 150 156 158 159 160 162 166 167 170 171 173 175 177 180 183 184 185 189 193 198 199 200 202 204 205 208 211 212 213 221 225 226 230 231 236 238 240 242 249 260 261 262 265 266 270 273 276 282 285 286 288 290 291 292 295 296 297 302 303 304 308 310 316 318 320 322 323 324 326 327 328 330 333 335 336 344 346 353 355 356 358 359 360 365 368 369 371 372 376 377 378 382 387 390 391 397 398 399 401 402 404 405 408 409 411 413 416 417 422 
94 1 142 144 146 147 150 154 160 162 163 166 169 172 174 175 178 186 190 191 193 195 196 199 200 201 202 207 210 212 215 216 218 219 222 227 230 235 237 239 240 247 249 250 256 260 265 266 267 271 276 278 279 281 286 288 292 294 295 296 297 300 302 303 306 307 310 313 314 315 319 320 321 323 325 326 329 333 336 337 338 339 341 342 349 354 357 364 367 368 375 376 377 379 380 381 382 383 384 390 394 396 400 401 403 404 407 410 411 413 414 417 419 421 422 423 
158 150 151 153 159 169 172 191 193 196 209 214 220 226 232 262 265 271 278 284 291 300 304 311 324 328 349 354 357 361 368 375 379 386 394 408 411 419 
57 142 146 148 149 150 152 153 158 160 162 164 165 166 169 171 172 174 180 182 188 189 192 194 209 213 217 218 222 226 227 233 235 236 242 244 245 246 250 256 259 268 269 273 274 275 276 279 280 281 291 300 308 311 317 319 320 322 331 334 336 342 344 345 348 349 355 362 363 374 375 378 380 381 382 384 386 391 393 404 406 410 416 420 
27 147 153 156 157 158 161 166 167 177 181 186 189 192 201 202 204 212 216 219 225 226 229 231 232 241 244 254 258 261 265 267 269 279 285 288 293 295 300 302 307 314 315 317 320 323 324 325 327 334 340 341 351 366 367 376 384 389 392 393 394 400 402 404 408 416 418 423 
26 144 149 151 156 164 165 166 167 168 170 186 189 191 193 197 207 209 210 212 213 214 217 218 219 228 233 234 235 236 250 253 256 264 270 275 280 285 287 296 297 298 301 303 304 309 310 316 324 325 329 331 336 342 347 351 359 364 370 374 375 376 387 389 390 392 393 396 399 407 412 420 423 
114 149 153 155 202 207 210 225 228 234 265 290 311 337 358 366 371 383 393 413 
73 1 142 143 147 157 163 165 169 171 175 176 177 180 181 182 183 188 190 199 202 206 208 209 212 213 223 225 226 227 228 235 236 239 241 244 247 251 252 253 254 256 258 261 262 264 266 267 268 271 279 280 283 284 285 287 288 294 295 297 303 304 305 309 315 316 318 320 321 324 325 326 328 334 335 336 338 341 342 343 344 345 353 355 357 363 364 368 369 370 372 378 379 380 381 382 383 387 399 400 404 408 409 413 414 418 420 
171 152 153 158 165 176 178 191 195 206 208 212 213 216 221 224 227 234 239 240 244 246 247 268 274 282 298 299 307 320 322 339 347 348 366 368 385 402 
134 1 142 150 151 155 157 160 164 166 168 174 175 180 181 183 184 187 191 194 196 197 198 203 205 208 216 217 218 226 229 231 235 236 237 241 246 247 250 256 258 259 260 268 270 275 280 281 283 285 287 289 292 293 294 296 297 301 303 308 314 316 318 319 320 322 325 327 332 333 337 338 345 349 354 355 358 359 360 361 362 365 370 374 375 377 382 384 387 389 392 393 397 399 403 404 406 420 422 423 
149 142 147 150 154 159 163 164 166 167 169 174 176 178 182 191 194 199 209 211 212 213 214 219 227 228 231 240 242 244 254 259 266 277 279 282 288 289 300 302 308 310 319 321 330 338 339 340 349 353 354 358 359 362 365 367 368 377 379 382 384 385 389 397 401 409 410 412 417 418 
250 145 146 148 151 155 161 165 170 178 183 186 189 191 192 194 195 197 201 202 204 205 216 224 231 234 237 238 250 255 262 263 265 267 270 271 280 287 290 294 298 303 309 327 330 335 342 344 353 357 359 363 370 375 377 387 388 391 399 400 404 407 410 415 416 417 418 
100 142 149 152 158 163 164 172 174 184 185 193 196 197 203 206 216 222 225 232 247 249 250 257 263 275 284 295 307 309 312 313 315 318 322 325 330 336 339 340 343 347 353 361 362 367 369 376 396 400 405 412 415 420 
194 150 157 161 164 167 168 169 174 177 180 181 183 185 186 194 197 198 199 202 203 220 223 224 228 230 239 241 242 250 253 261 274 276 284 285 288 293 294 302 304 311 312 315 316 321 325 333 335 336 337 342 347 352 365 368 369 370 376 378 379 381 382 384 388 398 404 417 420 
18 1 167 173 209 233 244 267 282 304 315 321 332 336 337 377 386 406 
261 275 300 340 413 
67 152 166 174 177 179 189 190 193 196 200 207 218 224 227 233 236 239 244 251 254 263 266 268 269 270 274 277 278 285 289 293 295 296 299 315 316 326 330 333 335 336 346 348 359 362 369 371 376 399 423 
84 1 143 145 148 151 154 158 162 165 166 173 175 176 177 179 181 185 188 212 213 216 220 222 225 235 246 250 251 256 257 261 267 271 278 279 280 286 289 301 304 307 310 311 312 314 318 319 323 324 331 335 338 339 345 346 352 355 358 361 362 367 369 372 383 391 393 394 396 397 400 406 415 418 419 420 
243 142 148 149 152 162 168 175 181 185 195 196 197 204 207 208 213 242 243 248 250 260 262 266 268 271 272 276 284 287 292 293 294 298 304 312 314 316 317 328 329 330 334 344 353 355 363 365 367 372 383 389 393 396 401 415 
15 143 144 147 151 154 156 164 171 175 181 185 187 188 191 194 199 200 211 214 220 222 227 228 230 231 233 237 238 239 240 243 244 245 248 251 252 256 267 274 275 276 280 281 282 286 292 299 300 306 308 314 315 318 319 321 323 324 325 326 328 333 334 335 344 347 351 353 354 355 358 359 362 366 369 371 374 376 384 385 387 388 389 391 396 399 401 402 405 410 414 415 418 419 
151 142 143 159 161 165 167 170 173 175 178 183 185 187 190 195 199 208 225 229 235 242 247 267 272 273 277 290 293 299 300 301 304 305 307 315 316 321 325 326 329 331 339 342 345 353 360 371 373 379 392 395 405 413 415 
68 142 145 146 148 150 152 154 156 157 158 159 164 165 172 177 179 183 190 195 196 202 208 210 213 214 216 218 224 225 228 235 241 243 244 247 248 249 251 253 254 257 259 262 263 266 269 273 274 278 281 282 284 287 289 290 292 293 303 305 311 313 314 320 321 325 326 328 332 336 337 339 341 342 343 344 345 347 351 352 354 356 359 361 362 366 368 369 370 374 376 377 379 381 383 389 391 392 393 397 406 411 412 414 416 420 423 
203 1 143 152 160 161 164 165 168 169 176 179 182 183 184 185 187 189 197 201 202 206 210 212 220 225 229 230 233 234 235 236 237 238 239 241 242 243 245 248 251 252 254 258 261 265 267 273 282 283 287 290 294 295 301 302 304 306 309 312 313 316 320 321 323 324 328 329 331 333 337 339 340 344 347 348 351 353 354 356 358 360 361 362 364 369 370 373 377 382 386 389 390 393 396 398 400 401 404 412 415 419 
138 146 148 151 153 154 156 158 168 169 170 171 174 175 180 182 187 200 204 207 210 218 221 222 223 225 226 232 234 235 236 237 238 239 243 247 248 251 255 259 265 266 272 274 280 293 297 301 304 307 314 318 322 323 329 331 345 350 352 355 359 361 364 370 371 373 382 383 384 385 386 387 394 396 398 404 407 408 412 413 414 417 418 
26 151 154 156 157 164 168 172 174 175 176 178 186 189 195 197 198 205 209 210 213 214 224 225 228 229 230 233 237 239 240 245 248 249 251 254 269 278 280 282 283 287 296 299 300 301 306 307 308 310 311 312 315 320 324 327 328 332 333 334 340 343 345 348 351 353 357 358 359 360 363 364 373 378 381 383 387 390 394 396 402 403 408 413 416 420 
190 145 146 148 151 161 165 167 184 207 216 217 218 223 228 229 232 237 248 253 254 260 263 265 269 272 280 282 302 307 321 323 325 328 329 337 338 347 349 361 364 366 367 382 385 386 391 402 
175 1 142 143 144 149 150 152 154 155 156 163 164 166 167 179 182 183 184 187 188 189 193 197 202 204 206 212 216 218 222 224 227 233 238 240 242 244 254 255 266 278 279 280 284 292 296 299 302 304 307 308 311 314 319 320 322 327 332 337 340 343 354 355 356 357 362 373 377 378 384 386 389 393 398 410 411 422 423 
108 142 148 162 170 171 173 178 203 204 207 220 230 243 246 251 280 281 295 296 313 317 324 334 338 341 346 350 360 363 378 383 391 406 422 
242 145 146 154 156 157 159 167 168 169 173 174 175 177 179 180 182 183 188 189 191 199 206 208 209 212 213 218 219 220 225 226 227 234 237 238 240 243 244 247 248 255 259 266 267 268 271 274 278 280 281 287 290 291 293 294 295 296 297 307 310 315 316 323 324 325 328 334 335 336 337 338 341 342 344 345 347 353 360 367 369 370 372 378 381 383 384 385 386 390 391 395 397 405 406 410 411 412 413 421 422 
86 1 145 146 148 152 156 160 161 162 164 165 173 174 177 182 183 184 187 188 190 191 192 197 201 206 208 213 228 229 233 241 245 247 249 254 257 262 268 269 271 275 277 278 281 283 284 295 297 299 301 308 312 313 316 318 319 328 338 339 341 342 346 349 352 354 355 359 373 374 377 379 380 382 388 390 392 398 405 406 412 416 418 423 
124 142 148 154 156 158 160 162 164 167 169 171 174 176 179 180 183 186 191 194 198 200 201 204 206 213 219 222 226 227 234 238 243 246 247 248 251 252 253 257 258 259 263 268 272 275 277 280 282 285 288 289 291 292 298 306 308 309 310 313 315 320 327 330 336 338 339 340 341 343 348 351 352 356 357 358 360 363 366 378 381 382 383 385 390 391 392 396 397 399 405 407 408 415 416 
57 143 144 145 156 157 162 171 172 181 183 187 188 190 195 204 207 212 218 220 230 232 236 237 247 249 252 259 262 270 274 275 283 287 291 297 301 302 310 315 325 328 332 334 335 357 363 367 376 383 390 391 396 399 408 
143 150 152 157 166 171 173 176 179 198 202 206 207 220 226 228 231 234 243 246 254 255 258 261 263 265 271 272 277 282 284 294 296 297 305 313 314 315 320 321 324 331 332 333 335 336 340 344 348 349 357 358 365 369 382 383 388 393 394 397 404 409 413 
30 144 146 147 148 153 164 166 167 171 173 175 176 177 185 186 189 190 193 203 205 207 208 210 211 212 214 216 226 232 233 234 236 240 242 243 244 252 253 254 257 258 259 262 264 265 268 269 274 277 279 280 281 282 286 288 291 297 298 299 300 301 304 308 311 312 315 320 322 323 326 327 331 334 335 337 338 339 344 347 348 352 359 361 363 368 369 371 372 376 377 379 380 384 387 389 390 391 393 398 404 406 407 410 411 412 414 415 416 417 422 
282 145 151 154 156 162 165 168 171 176 183 184 186 187 190 197 203 219 220 228 234 246 248 249 251 254 259 261 269 278 286 287 297 299 300 302 303 304 320 329 331 335 337 342 344 349 357 363 365 372 374 377 381 383 385 389 393 394 396 404 407 414 418 
183 147 169 173 181 196 203 208 221 255 266 273 290 293 302 338 366 376 379 380 382 405 415 
239 143 149 168 180 184 185 188 193 203 214 219 220 227 237 238 240 248 254 261 263 264 265 276 281 288 293 298 300 305 308 312 320 321 324 328 334 335 336 339 343 346 347 349 356 357 358 361 371 372 376 377 380 382 385 389 390 396 400 402 405 407 412 413 416 422 423 
233 143 144 149 156 168 173 174 175 181 183 185 186 190 192 196 201 205 207 208 210 215 216 217 218 222 224 225 226 227 231 232 236 238 239 241 243 252 253 258 259 260 262 266 272 273 274 276 277 280 289 292 293 296 299 300 306 309 312 320 321 322 324 326 327 329 333 338 339 342 346 350 351 352 356 357 361 366 368 375 376 380 381 383 384 387 392 398 402 403 409 412 419 422 
241 148 161 171 173 184 189 193 194 198 203 204 210 211 213 216 222 232 234 235 236 243 244 249 253 254 255 261 264 271 272 280 291 292 293 312 318 320 322 326 335 336 346 349 355 356 358 360 361 363 367 369 377 382 383 394 400 402 406 418 
265 146 147 153 159 161 166 168 180 183 186 187 193 201 210 212 216 219 222 223 226 228 231 236 239 245 250 252 254 261 269 270 275 280 287 288 293 294 297 305 309 313 316 324 327 328 329 330 332 336 340 343 344 347 351 352 354 355 357 361 367 368 371 375 378 380 383 391 400 404 405 409 412 416 417 
54 142 145 149 150 151 155 158 159 160 163 164 170 171 180 181 182 194 199 201 203 211 214 224 226 228 231 233 238 240 249 253 254 259 262 274 276 279 282 286 293 294 295 299 308 317 323 324 325 331 335 336 345 347 348 349 355 364 366 368 372 374 378 381 383 384 388 389 393 394 395 396 398 399 404 406 407 409 413 414 423 
102 143 146 152 155 156 159 162 169 178 181 183 184 186 190 193 200 214 216 223 224 225 228 229 235 236 239 243 247 266 268 270 274 277 282 284 285 286 291 293 296 302 308 318 326 327 329 332 335 338 340 342 350 357 359 361 366 369 370 374 377 380 381 389 390 393 396 400 406 407 415 
188 153 157 159 168 170 174 175 177 184 187 188 193 196 197 202 215 216 217 221 222 224 231 232 238 240 244 261 263 264 268 271 297 312 313 320 322 326 330 342 375 377 378 386 387 388 389 390 392 393 394 397 407 408 418 419 
172 145 158 173 177 181 193 196 202 230 232 239 243 252 257 258 281 283 284 293 297 313 314 324 332 341 344 350 351 352 362 366 371 377 378 381 389 398 403 404 407 409 410 414 416 421 
181 142 144 150 152 155 156 163 164 165 168 169 176 178 200 202 204 222 226 230 236 239 242 260 267 285 286 288 307 314 316 317 323 328 331 334 336 341 343 369 370 374 379 383 395 403 406 407 408 422 423 
89 1 144 145 151 155 170 171 176 177 183 184 186 189 195 198 207 210 212 214 220 223 226 230 235 238 240 245 246 247 248 254 255 258 259 261 263 264 266 267 277 280 283 284 286 289 294 299 301 308 310 313 314 320 323 325 329 330 332 335 337 340 341 343 349 352 353 364 367 368 371 379 382 385 389 390 392 395 396 399 401 402 405 410 420 421 423 
157 149 154 173 180 184 195 200 218 225 242 258 292 296 312 315 321 323 332 335 344 348 363 372 382 383 406 408 409 
218 149 151 154 155 163 166 167 169 175 179 183 185 187 188 196 199 204 210 213 218 235 236 238 246 249 258 266 268 272 274 276 277 281 284 285 289 294 295 297 299 305 309 313 316 321 325 329 333 334 346 347 350 352 356 358 364 365 367 368 373 374 378 381 382 386 387 394 404 409 418 419 423 
239 144 155 157 159 163 170 179 182 187 189 195 213 230 231 252 272 290 304 307 334 336 355 359 387 
100 1 145 146 148 150 151 153 155 156 157 158 162 163 168 170 175 178 179 181 185 187 188 190 192 196 201 207 208 209 211 213 217 218 221 223 224 225 226 227 229 230 234 235 236 242 244 245 246 247 249 252 255 256 259 262 268 271 272 276 285 286 291 295 297 301 305 312 314 315 317 318 320 322 323 326 329 332 333 334 339 344 345 349 351 353 354 357 359 361 365 366 368 371 372 373 374 378 381 382 389 390 393 395 397 399 400 405 407 408 410 423 
44 143 144 155 156 158 163 164 193 211 218 224 232 241 249 256 258 262 266 279 280 281 283 294 300 303 308 315 332 333 336 337 344 345 352 354 356 359 372 383 384 385 387 388 394 401 405 406 407 408 
235 157 163 165 168 182 192 195 199 201 203 204 207 227 233 234 236 246 253 256 257 265 279 291 296 310 313 317 321 322 325 326 328 335 344 353 365 367 402 409 414 419 
255 142 144 145 149 151 153 156 158 160 161 164 165 170 172 181 182 183 185 188 189 190 191 196 197 198 205 206 207 208 211 212 214 216 217 218 220 223 224 225 226 230 231 233 236 245 247 249 255 260 264 275 278 280 281 287 288 289 292 293 296 300 303 305 307 308 311 314 317 319 322 324 327 328 329 330 332 335 336 341 344 345 347 349 352 357 359 360 368 369 371 374 385 389 392 396 399 405 407 408 409 412 415 416 417 420 
44 144 148 151 152 158 163 167 174 175 176 178 181 187 200 207 216 222 223 225 234 240 243 245 255 257 258 261 265 268 271 282 283 286 288 289 291 293 295 296 299 300 303 306 329 330 334 337 344 350 353 354 357 362 368 372 376 387 394 406 411 415 417 418 421 422 423 
285 145 146 148 150 152 153 154 160 167 168 169 176 182 184 185 186 189 200 212 216 218 225 228 238 247 251 258 260 267 270 273 277 287 289 294 297 299 302 306 308 312 313 314 327 342 348 351 355 361 363 372 376 378 385 392 393 400 407 416 418 420 423 
252 142 145 146 155 156 162 163 164 166 167 168 170 191 192 195 199 205 209 216 222 223 224 225 229 235 237 238 239 244 252 254 257 262 263 267 268 270 284 286 287 288 289 292 295 298 300 301 313 315 316 317 320 326 328 332 343 348 351 353 355 365 375 384 397 403 406 409 410 411 419 420 423 
53 144 147 175 182 202 210 213 237 241 244 245 254 259 264 275 277 286 290 299 311 319 323 327 330 333 335 338 341 342 372 384 410 411 422 
13 318 355 
36 150 153 160 169 177 179 180 182 189 192 194 203 205 209 211 215 222 225 229 231 242 250 251 252 253 254 262 280 308 311 312 316 317 323 329 330 335 345 353 355 356 357 359 365 388 392 396 404 409 414 418 
167 144 147 148 152 153 157 163 166 167 169 171 172 173 174 175 183 188 190 198 199 206 207 208 211 213 221 224 226 227 230 234 237 238 239 242 244 245 248 253 255 257 258 259 261 262 264 267 268 270 271 273 274 276 278 280 281 284 291 293 299 303 305 306 307 308 309 311 313 314 315 317 321 322 328 334 336 337 340 347 348 349 350 356 359 361 362 364 367 368 369 371 372 376 377 381 383 384 387 391 396 397 403 404 408 411 412 415 421 
261 167 180 199 206 236 259 261 271 273 276 278 281 291 295 306 307 353 378 391 418 
210 145 150 154 155 158 159 162 166 169 171 176 182 184 191 193 195 199 202 203 206 209 210 212 215 216 217 219 223 229 231 236 239 241 250 251 253 259 264 272 274 275 276 279 291 296 297 299 313 317 321 322 327 331 332 333 336 337 345 355 364 371 372 378 393 394 395 398 402 406 410 418 422 
205 146 148 153 154 157 163 166 167 169 171 172 179 180 181 186 188 193 195 197 206 217 226 232 240 254 259 265 268 277 279 281 283 285 289 292 294 296 297 300 303 305 308 309 310 312 313 314 319 322 326 328 333 335 349 362 369 371 376 379 382 386 388 391 398 399 400 405 406 412 416 423 
152 142 145 148 150 153 159 162 169 177 178 179 184 188 202 203 210 212 218 221 237 239 240 244 245 249 251 256 259 262 264 275 278 284 285 290 291 295 300 302 305 314 317 319 320 321 322 323 324 325 327 328 330 333 340 341 342 350 367 368 371 376 389 398 409 414 415 416 417 418 420 
105 149 154 161 171 173 203 217 219 223 226 228 231 232 236 239 240 245 251 252 258 262 263 266 271 272 276 281 282 284 285 289 292 293 294 301 303 304 311 313 317 319 320 321 326 332 334 337 342 344 346 351 356 358 365 368 372 377 378 379 380 382 386 393 395 397 401 403 408 414 415 418 419 423 
165 1 142 143 158 170 171 172 174 184 188 189 192 197 201 202 204 208 209 211 214 215 222 227 228 229 232 234 244 247 248 249 250 252 256 260 261 263 270 281 282 287 289 303 304 307 311 315 317 328 329 330 332 333 339 351 364 367 369 370 372 375 381 382 385 393 396 397 399 400 401 402 405 411 413 422 423 
248 230 264 284 
17 146 147 150 154 155 162 173 187 188 192 196 201 203 204 208 210 220 221 226 227 228 230 238 240 243 260 261 265 276 278 282 286 299 303 305 312 322 332 333 334 337 342 343 344 346 356 358 381 382 384 386 391 398 403 407 411 414 415 416 420 
69 154 160 176 177 199 200 222 243 265 275 287 299 305 308 310 311 332 340 342 352 354 355 370 372 373 379 385 396 398 404 
244 142 144 146 151 152 154 155 159 162 165 166 167 168 172 175 176 178 180 182 184 185 187 189 194 199 200 202 204 206 209 213 214 222 223 224 228 231 237 239 240 241 242 244 249 252 255 257 260 261 262 263 264 267 272 277 278 279 283 285 287 289 291 292 295 298 302 305 313 314 315 318 320 323 324 326 328 333 338 342 344 346 351 354 356 359 360 362 368 370 371 375 379 380 381 387 390 391 397 398 410 416 423 
54 142 143 146 149 151 152 153 155 158 161 168 169 173 176 177 179 180 185 187 188 191 196 199 201 203 205 207 209 210 211 213 215 217 218 221 222 223 226 234 235 237 239 244 245 251 252 253 259 262 263 266 267 268 271 272 276 277 284 286 290 292 295 296 297 298 300 304 307 309 310 312 313 315 319 321 322 328 331 335 336 337 340 344 345 351 354 355 358 360 361 362 364 375 378 379 380 383 387 391 394 395 402 407 410 411 413 416 417 418 421 423 
169 143 152 153 159 163 169 171 175 184 185 189 194 196 198 200 202 205 207 209 213 217 219 220 229 231 232 235 246 247 251 252 258 261 262 264 269 281 284 288 290 291 293 295 299 303 304 307 317 321 322 323 329 330 332 334 335 337 338 340 341 342 344 346 348 349 360 365 366 370 374 381 382 383 384 390 391 393 396 398 400 401 406 407 410 411 416 421 
106 1 143 156 163 165 170 175 179 181 183 185 186 191 192 193 196 199 208 213 220 221 222 228 230 235 236 240 242 245 249 251 255 264 265 266 267 269 275 278 280 286 289 290 291 292 295 298 300 313 316 321 326 327 329 330 332 333 339 342 344 353 358 362 363 364 366 369 371 374 378 380 387 389 390 391 401 403 406 407 408 409 419 420 
177 118 130 87 12 222 259 163 102 91 256 18 156 188 296 128 24 5 300 212 293 90 235 252 70 144 114 273 263 167 156 114 58 283 83 287 19 239 39 51 216 175 44 211 169 250 254 15 63 17 25 164 116 272 156 131 77 164 178 114 29 180 88 164 237 223 43 15 59 218 232 143 210 35 260 11 284 62 107 37 79 33 241 57 49 110 61 78 265 172 16 9 112 85 190 274 232 106 289 133 207 39 300 61 44 46 181 111 91 223 20 273 114 16 265 87 122 9 216 111 296 65 174 248 188 117 298 158 94 1 226 191 194 222 200 125 158 35 235 62 260 262 297 104 38 218 72 166 158 146 54 227 127 240 299 53 152 210 278 187 15 255 267 206 284 185 192 178 175 234 207 107 148 56 174 16 40 102 203 172 276 61 221 113 189 119 76 238 26 263 54 58 86 284 58 204 277 272 191 93 133 124 236 211 23 271 117 241 246 238 7 72 39 54 266 180 206 121 24 220 239 274 296 255 129 115 18 137 1 46 55 191 124 97 181 78 266 167 76 167 153 127 232 211 198 54 267 209 153 288 56 133 268 107 264 119 106 139 290 198 286 137 51 193 242 4 24 73 201 259 98 176 51 10 213 15 7 164 298 24 83 192 38 283 210 78 183 273 197 73 121 147 174 169 63 117 278 78 191 206 141 98 219 247 115 231 277 296 247 238 141 225 185 96 277 274 114 284 202 83 67 47 187 197 173 254 196 165 240 290 193 102 271 131 167 175 225 159 122 147 251 162 206 107 176 160 66 159 81 173 178 213 9 255 212 25 182 159 236 271 124 286 90 264 45 204 193 142 221 172 71 50 248 49 57 127 84 151 232 243 214 2 18 225 185 79 273 109 44 65 173 215 174 41 284 95 285 94 19 298 217 100 11 95 184 88 260 25 95 107 282 261 77 184 293 142 246 117 233 86 156 140 136 
