284 426
158 146 147 148 150 160 176 178 184 186 188 196 201 203 204 214 215 218 224 226 233 240 247 248 251 265 266 273 275 281 285 286 290 294 299 303 306 307 309 311 317 320 325 328 330 331 340 349 350 353 357 359 360 362 365 379 384 394 395 407 408 409 413 415 421 422 
50 174 190 236 238 299 315 337 
131 145 173 182 187 190 202 213 220 236 254 255 266 269 277 284 290 304 319 341 347 352 370 371 376 380 395 410 422 426 
202 143 145 147 154 162 164 166 169 171 176 184 187 191 194 200 205 208 211 215 217 219 220 224 225 229 234 238 240 243 245 249 250 266 278 280 287 289 296 299 309 310 313 316 319 321 323 324 333 340 347 348 355 356 361 365 366 373 397 401 403 408 414 
5 149 151 160 175 178 195 198 201 211 225 226 227 246 257 259 265 269 274 283 288 290 297 299 303 309 317 318 325 337 340 345 355 363 364 366 390 395 397 403 407 
51 155 156 159 171 185 198 209 222 223 224 226 229 233 234 235 239 245 256 259 267 298 303 309 310 318 322 332 336 361 367 372 378 382 389 392 406 407 420 422 
48 144 159 166 167 168 169 189 191 197 204 209 211 213 216 230 235 248 257 263 265 266 277 283 289 304 307 331 335 339 369 372 381 382 388 414 
205 144 148 169 179 184 196 211 215 220 246 271 297 301 304 319 328 357 359 367 375 400 
15 150 173 175 176 177 178 183 202 203 204 237 242 245 263 275 287 296 304 320 335 338 340 351 359 372 377 378 385 387 391 399 403 405 406 412 416 419 420 
44 156 157 173 178 179 186 190 196 200 201 226 229 231 235 243 246 249 251 272 278 288 290 298 314 315 323 328 329 332 336 337 347 348 352 354 366 368 378 385 396 399 402 403 410 417 
32 143 144 145 148 151 154 155 159 160 162 166 174 181 183 191 192 195 198 199 205 208 212 213 214 218 219 224 239 240 244 245 248 249 250 253 255 258 262 264 266 270 277 291 297 302 309 313 314 316 318 319 326 330 332 339 341 344 349 350 358 360 363 365 369 370 371 373 383 385 387 389 393 394 396 403 412 413 417 419 422 425 
227 143 148 149 158 165 166 170 172 188 193 196 199 204 207 229 242 258 268 291 292 298 331 337 342 356 361 362 363 375 376 384 396 399 402 406 417 418 420 423 
42 158 160 167 172 180 182 184 193 200 209 228 249 250 259 265 281 288 297 301 320 322 342 346 356 363 364 365 369 393 414 
208 1 145 156 190 198 207 210 219 226 232 243 245 259 260 269 277 278 279 291 297 314 334 337 339 340 341 343 345 348 353 356 360 365 367 372 376 389 393 395 398 399 414 
119 144 145 150 151 154 155 166 168 169 171 172 175 176 177 179 181 183 185 188 189 193 195 198 199 200 204 208 211 214 218 220 221 225 226 234 235 236 239 240 241 245 247 249 250 251 257 258 267 274 275 277 278 282 283 285 287 291 295 296 298 299 301 303 307 312 315 316 318 320 322 325 326 328 332 335 336 339 344 345 347 348 350 360 365 368 371 372 373 375 378 381 384 385 389 392 393 397 401 404 405 410 411 417 418 420 421 422 425 426 
126 166 179 208 226 227 229 243 259 295 307 326 331 336 350 358 361 368 404 406 411 
256 1 144 155 156 157 158 160 163 164 166 168 171 172 175 178 179 188 189 190 200 201 208 209 213 216 218 220 223 226 227 228 230 232 233 236 238 239 240 243 244 245 248 254 260 264 265 267 270 272 275 277 284 285 296 297 301 303 306 307 310 317 319 322 325 326 329 332 333 347 348 356 357 362 364 365 366 374 375 376 391 394 395 399 402 403 404 412 413 415 416 420 422 
15 1 144 146 148 150 154 155 156 159 163 167 175 176 187 191 194 195 199 200 201 202 203 205 206 208 213 226 227 230 231 232 234 235 236 237 238 244 250 251 254 257 258 262 265 266 267 272 273 278 281 289 291 292 298 303 309 312 313 319 321 324 325 327 329 332 339 342 344 349 354 357 358 361 363 364 366 368 369 370 374 380 385 397 402 406 413 416 420 422 425 
68 1 145 147 150 162 166 172 173 174 181 182 186 189 192 203 205 209 210 211 212 214 215 217 219 221 223 225 229 230 237 239 242 244 246 249 251 252 254 255 256 260 267 269 270 271 273 277 278 283 286 290 293 297 301 303 305 309 311 313 314 315 319 320 322 325 326 327 331 334 335 336 337 338 339 342 343 348 349 351 353 354 358 363 364 366 370 372 373 377 378 380 390 392 395 397 401 403 405 407 408 415 416 418 419 423 426 
290 1 149 150 163 165 169 170 178 181 187 192 201 202 214 220 224 226 228 235 237 240 243 248 250 254 259 273 274 285 287 289 296 307 327 344 360 361 364 370 373 374 385 389 399 407 413 
286 1 148 154 156 157 164 170 172 178 179 181 182 192 193 195 197 203 204 207 212 214 216 219 220 222 224 230 234 239 241 245 247 250 251 253 254 256 257 259 263 264 267 273 276 278 279 281 286 291 292 295 297 298 300 304 306 308 309 310 312 315 321 323 324 326 328 332 333 336 339 343 346 347 349 350 351 353 361 363 370 375 381 383 391 392 395 400 401 405 411 421 426 
47 145 149 151 152 160 166 173 178 179 186 187 188 195 202 203 204 206 210 214 226 227 232 243 247 253 254 258 259 260 261 268 282 286 292 297 299 300 316 320 323 331 336 338 341 343 344 346 350 351 353 357 358 359 361 363 365 366 367 368 369 370 373 375 376 382 383 388 391 399 406 408 411 419 422 423 425 
137 154 155 172 174 191 194 195 197 199 201 203 204 208 214 219 223 224 226 229 235 239 241 251 259 283 284 292 293 298 299 301 307 313 320 328 334 340 341 346 349 353 359 363 365 367 370 374 376 385 395 401 402 404 405 407 426 
196 1 143 145 149 151 152 155 157 164 170 171 172 174 175 180 184 185 186 187 188 191 193 197 198 201 205 208 212 213 215 217 219 222 224 227 229 233 236 237 240 241 243 245 248 252 254 260 261 262 264 275 277 278 280 284 288 290 292 293 296 300 301 302 307 310 312 317 321 322 324 337 338 341 342 346 350 351 352 357 359 366 367 368 369 370 373 376 377 378 380 383 386 389 391 392 393 395 399 400 405 409 411 412 413 416 417 418 422 426 
82 154 155 157 158 167 173 183 189 196 202 203 204 207 213 216 219 222 223 224 229 230 231 233 236 238 242 246 250 253 261 268 271 276 279 282 286 290 295 296 301 303 306 319 320 327 328 329 347 348 357 361 364 372 378 379 387 395 397 400 404 412 413 415 426 
73 1 147 152 155 156 159 160 165 169 170 174 176 177 178 187 200 210 218 222 223 224 227 235 236 242 247 251 253 255 256 259 264 267 271 279 292 301 303 311 315 319 321 323 328 330 331 335 341 343 351 357 358 359 364 369 380 381 384 385 386 387 388 390 395 402 404 413 418 423 
29 145 151 157 158 161 170 172 173 175 177 178 182 183 185 196 198 200 212 215 221 226 228 232 236 239 242 243 244 245 247 253 254 255 257 260 263 264 284 295 303 305 320 323 340 343 344 349 350 351 357 363 373 382 385 391 401 404 407 408 415 417 418 419 421 423 424 425 
220 145 146 148 153 168 169 177 180 184 191 194 199 200 202 203 204 207 208 209 212 216 218 219 222 223 224 225 232 239 240 245 246 251 253 267 270 290 292 297 300 301 304 307 312 313 316 323 325 335 338 346 355 356 365 369 370 379 382 383 390 399 402 403 407 410 411 420 
160 147 148 150 155 158 159 166 172 174 178 181 192 195 196 200 201 202 203 206 210 216 217 218 230 232 238 239 240 242 243 244 245 246 248 252 254 258 267 271 273 278 279 283 284 285 288 291 293 294 297 305 310 315 318 319 320 322 328 329 331 333 335 355 361 372 377 391 398 399 403 405 409 414 420 421 
218 1 145 147 152 153 157 160 161 163 175 180 181 182 184 186 188 194 197 199 205 210 212 214 217 221 225 226 232 234 235 238 241 245 248 249 253 258 262 264 272 277 279 282 289 294 297 298 303 305 308 310 312 319 320 327 331 332 348 353 358 359 360 365 368 369 376 384 385 386 392 397 401 402 408 418 419 422 426 
170 144 163 169 171 172 178 181 182 183 184 185 187 188 189 191 197 199 201 209 216 217 223 224 235 239 252 261 267 270 277 281 292 296 300 308 310 312 315 323 336 344 352 355 357 358 375 387 388 391 394 407 413 419 420 425 
176 144 145 146 148 151 153 157 158 161 162 163 166 167 172 176 180 183 188 190 191 194 204 209 216 220 221 223 226 228 229 230 231 237 244 245 252 255 256 257 260 261 263 267 271 273 277 279 286 287 293 299 301 306 311 316 317 318 321 323 324 329 341 351 357 362 363 369 371 382 385 394 396 400 403 406 412 422 425 
80 146 152 153 160 164 175 179 199 203 204 205 208 211 215 223 229 244 262 265 268 278 280 286 287 289 298 326 328 332 340 359 373 374 377 386 392 403 407 421 
288 151 152 153 155 157 158 170 171 172 176 178 182 192 207 214 220 232 238 240 252 261 266 286 296 313 319 324 333 337 341 357 359 360 362 364 366 369 373 375 380 387 410 411 412 419 422 
255 144 150 154 159 170 176 177 180 184 189 194 195 213 214 220 223 242 244 254 261 264 265 270 273 275 281 284 286 288 289 304 305 306 308 310 311 312 323 330 333 334 336 337 341 342 353 360 361 365 366 371 372 373 380 387 393 397 406 409 410 413 414 415 417 418 420 
64 146 147 148 150 155 156 159 160 161 162 167 176 179 182 186 192 195 197 198 201 203 204 205 206 209 211 213 215 216 219 223 224 226 228 231 232 246 249 254 255 257 258 266 267 269 270 273 274 278 279 282 285 288 290 293 297 298 301 304 305 306 309 310 317 320 322 323 331 332 339 341 342 344 346 355 358 363 364 366 368 372 373 377 378 379 380 381 385 386 387 395 396 397 399 403 410 416 419 423 424 
110 1 145 153 157 158 161 165 169 173 185 188 189 190 199 200 202 203 207 211 212 215 216 218 221 228 234 236 238 239 243 248 250 252 254 256 257 262 263 269 272 275 277 280 281 286 291 293 300 302 311 315 318 319 324 325 328 330 333 337 343 344 349 353 359 361 375 382 385 390 395 401 414 421 423 
30 152 188 219 310 
224 1 144 145 146 152 154 156 158 160 163 165 177 178 180 182 186 192 195 198 203 204 208 211 215 224 225 226 231 236 247 249 256 257 259 262 265 270 276 280 282 283 284 291 294 295 297 298 306 309 312 316 319 321 322 324 327 332 337 338 342 344 345 359 361 363 365 370 371 373 374 382 383 384 387 389 390 392 394 395 398 401 402 404 410 411 412 415 417 420 424 
261 352 360 
18 1 147 148 149 150 153 156 162 164 168 174 176 181 185 196 200 201 202 203 205 207 213 214 215 216 218 220 221 222 236 238 252 255 256 259 264 278 279 283 284 285 287 288 290 299 302 305 322 327 335 338 339 344 354 360 363 364 367 377 379 380 381 385 393 395 398 401 404 408 409 417 418 421 
288 1 155 156 173 187 193 219 226 229 239 246 279 299 300 302 312 323 327 335 360 362 420 
187 157 159 166 171 174 178 180 185 196 204 225 227 259 263 267 283 318 329 354 373 376 391 396 401 405 414 
270 152 153 155 163 167 180 183 184 185 186 188 201 202 204 209 211 215 226 231 232 234 239 241 245 248 249 251 261 263 265 274 275 278 291 295 296 306 309 311 317 320 322 323 324 329 332 340 344 345 351 354 355 380 381 384 390 391 395 402 407 410 413 415 417 420 425 426 
272 1 146 150 152 153 154 159 160 161 164 165 166 170 171 176 180 181 182 186 199 203 210 212 214 216 217 219 222 226 228 230 231 232 233 245 248 251 254 258 260 261 262 263 267 268 272 274 275 279 280 285 288 289 293 296 298 302 303 306 307 309 310 312 313 315 324 327 329 334 336 339 340 344 351 352 353 355 356 358 361 364 370 371 373 375 377 380 384 391 393 395 399 402 408 409 413 418 421 424 
95 154 156 163 165 172 191 195 198 239 246 252 254 258 286 290 299 300 322 323 324 334 361 379 389 392 402 418 422 
131 143 148 149 157 163 191 197 199 203 213 224 228 236 237 242 244 245 246 249 256 258 268 269 282 285 289 294 297 299 309 311 314 319 320 332 337 341 345 351 359 362 364 370 371 375 385 386 393 406 409 411 417 
122 147 149 150 151 157 172 173 175 179 184 189 192 193 196 197 202 204 207 217 223 224 225 231 233 234 239 240 242 244 253 255 257 260 262 264 268 270 277 278 280 289 291 292 295 300 304 311 316 320 322 329 335 337 338 343 344 346 350 352 360 367 372 373 376 378 382 389 390 391 397 398 399 400 401 402 404 405 407 420 
60 144 147 153 156 165 168 170 171 172 174 176 178 180 205 206 207 210 215 216 220 221 224 227 230 232 234 246 248 250 251 257 273 275 284 285 286 290 291 294 299 302 305 312 314 315 318 323 327 330 333 336 339 348 356 359 360 362 367 368 370 377 382 386 387 390 396 398 402 405 407 410 411 412 413 414 415 417 419 
270 151 152 154 155 157 159 165 168 169 170 175 176 177 189 192 194 201 210 217 218 219 230 231 234 241 242 243 246 251 254 255 257 260 263 266 270 272 273 277 280 281 285 295 296 297 300 307 309 313 317 323 324 328 333 339 340 341 345 347 348 351 352 357 360 361 362 364 369 370 375 380 382 385 388 392 401 406 408 410 414 416 417 421 425 
184 145 146 147 153 157 159 163 164 169 170 173 175 176 179 183 186 189 190 192 196 197 201 202 203 205 206 209 211 213 215 216 217 225 226 228 229 230 231 235 236 240 242 250 251 254 256 259 263 265 268 270 271 272 273 274 277 278 279 281 282 284 285 286 292 296 298 300 304 306 309 311 312 313 318 320 321 322 326 327 328 331 333 338 340 342 343 351 353 360 362 363 368 369 370 371 373 377 379 381 382 384 385 392 393 394 396 397 399 400 407 411 417 418 419 
190 153 157 166 169 170 189 191 196 208 211 212 217 225 229 233 238 241 248 257 266 276 277 278 279 285 301 309 310 319 322 323 330 346 347 368 370 385 394 395 403 406 407 421 
205 153 163 185 192 198 204 206 218 219 222 227 237 252 255 261 267 271 274 292 298 300 304 312 321 322 324 328 329 331 334 337 340 354 357 360 362 364 367 386 400 403 408 
207 145 150 157 165 167 172 179 181 190 191 193 203 213 218 250 254 266 311 345 349 388 391 403 404 410 
219 1 145 148 167 172 177 178 181 184 188 189 194 204 206 219 221 229 244 247 258 261 266 272 285 292 294 295 302 304 305 308 311 312 313 314 316 317 319 321 334 347 353 356 359 363 368 372 373 388 391 397 401 404 406 417 420 
197 166 178 187 207 209 266 270 301 334 350 388 398 
73 144 146 148 153 159 161 162 163 166 174 175 177 178 179 186 189 190 191 195 196 197 199 203 206 207 218 220 224 227 228 229 232 237 239 241 243 247 249 251 254 258 259 269 270 271 273 274 278 279 280 281 286 289 291 295 298 301 302 303 306 309 311 317 318 319 321 322 325 326 328 329 332 333 334 339 341 343 345 346 348 350 351 352 356 357 359 361 364 366 369 370 371 373 374 378 379 380 381 382 385 386 388 392 395 396 400 402 412 415 418 420 421 422 425 
73 153 164 169 172 181 182 186 206 213 215 232 234 237 239 247 254 257 269 282 292 296 299 301 306 309 313 319 321 327 332 335 338 341 344 355 359 362 364 375 380 382 383 387 388 390 393 410 415 
135 152 154 156 161 167 168 175 177 179 180 187 188 189 193 199 201 202 205 209 212 213 221 223 225 229 230 235 237 239 243 244 248 249 251 255 258 259 260 265 268 269 272 273 276 277 278 279 280 283 286 287 288 289 293 296 297 301 305 306 308 319 326 327 332 336 338 341 342 347 352 356 357 359 363 364 369 370 381 385 386 390 393 400 401 403 406 407 409 410 420 422 424 426 
211 145 175 176 181 195 197 200 211 221 222 230 232 234 255 262 265 268 277 279 284 287 291 295 300 308 316 340 350 357 370 371 372 384 394 395 398 401 
173 154 162 170 184 235 343 370 
43 145 146 148 150 153 156 157 159 169 170 171 176 181 185 187 189 190 192 195 198 203 204 206 207 209 210 212 215 217 222 223 227 234 235 239 241 242 244 247 255 260 261 262 267 272 274 276 279 280 284 289 292 294 295 296 301 310 311 313 314 315 318 320 321 322 323 324 329 333 340 344 346 348 349 350 353 355 357 359 360 364 365 372 374 376 377 379 380 384 385 388 390 394 395 396 398 400 402 403 405 407 408 410 411 412 419 420 426 
264 143 145 151 153 158 165 175 177 179 183 186 209 213 217 220 224 225 229 268 269 276 280 282 290 299 301 310 315 318 342 348 362 363 369 379 393 394 395 403 407 425 
45 155 156 158 163 169 176 181 182 190 208 227 236 238 239 250 252 255 275 280 287 306 311 315 328 353 357 366 369 388 393 406 407 412 413 420 423 
218 1 148 149 150 151 153 154 156 157 163 165 174 175 177 182 183 184 186 188 194 199 204 205 209 212 214 215 216 217 218 223 227 228 231 233 234 237 243 244 248 249 256 259 265 266 273 277 280 284 291 294 296 298 304 309 311 314 316 318 321 322 323 324 326 331 334 335 338 339 344 345 346 355 358 365 366 368 369 375 376 378 381 390 392 394 398 406 409 413 415 417 419 421 425 
204 160 161 203 214 223 230 234 238 250 265 274 283 293 295 302 304 306 310 313 338 342 378 381 413 426 
223 1 143 146 147 151 155 156 157 166 178 179 188 191 195 197 209 213 215 216 218 226 228 235 236 239 240 245 248 249 250 251 253 256 257 258 263 264 269 271 272 278 279 284 287 288 289 290 294 297 298 302 307 309 314 316 319 321 324 332 334 335 339 340 341 347 349 350 353 354 355 363 367 368 369 371 374 375 378 381 384 386 389 398 402 403 404 408 410 412 423 
96 145 147 150 152 156 165 167 174 177 179 183 186 188 196 198 201 202 205 206 209 211 214 215 218 224 227 234 236 239 240 243 244 248 249 253 256 258 263 264 270 271 272 274 275 283 285 287 288 289 291 295 298 300 306 308 310 311 312 314 318 320 321 323 325 326 328 331 333 334 335 338 339 340 341 342 351 354 356 359 366 374 377 379 380 382 386 389 392 393 394 399 401 402 406 411 413 416 417 418 423 
252 144 150 165 169 174 180 185 193 206 213 215 218 219 220 261 269 271 279 286 288 297 298 302 309 311 314 325 332 345 368 375 378 383 395 397 398 413 414 415 419 
76 149 150 160 167 171 173 174 177 178 179 182 184 187 188 200 201 204 214 215 216 218 219 222 225 226 228 230 231 234 236 237 241 246 249 250 256 265 270 281 282 283 293 294 296 302 311 312 316 317 319 322 327 342 343 353 354 355 356 359 364 365 380 381 387 388 391 393 394 400 405 417 418 419 420 422 426 
230 153 155 157 163 166 168 176 188 191 193 194 209 214 215 220 223 226 230 231 233 238 239 242 244 245 257 258 267 280 290 300 301 309 315 319 327 330 334 335 343 345 346 348 361 372 374 385 388 390 391 398 401 405 409 415 421 423 
159 1 145 146 149 150 153 156 159 160 166 168 169 174 175 176 181 184 187 189 195 200 202 209 213 214 224 226 228 231 232 233 234 237 245 246 249 250 251 254 259 264 267 271 273 278 280 284 289 291 295 298 300 301 302 303 305 306 307 308 311 315 316 318 321 323 325 330 331 335 340 342 346 347 348 350 351 352 356 357 358 362 365 366 371 375 376 379 385 390 391 393 396 399 400 401 405 406 412 415 419 426 
215 144 155 156 157 159 160 161 163 164 165 166 167 168 169 172 173 174 175 181 183 191 193 195 204 213 215 226 230 231 233 236 239 240 242 243 245 246 248 258 264 270 271 274 276 277 278 280 281 284 285 286 289 292 293 294 297 298 305 306 311 312 313 318 319 320 322 324 333 338 339 340 345 349 352 353 359 363 366 378 380 388 397 398 399 400 402 404 405 406 413 415 416 417 418 420 421 422 423 
227 147 148 149 151 154 155 156 158 162 171 181 184 187 194 199 200 202 204 205 207 209 210 211 212 214 216 217 218 224 232 236 238 239 242 243 244 248 249 257 259 264 265 267 271 274 277 279 280 286 287 293 302 304 308 309 313 314 319 327 328 333 336 340 349 350 351 354 356 359 360 365 366 372 373 374 376 380 384 386 387 391 396 397 409 411 412 421 422 
192 143 152 155 158 165 169 172 173 189 195 216 224 242 266 269 272 274 293 302 308 309 313 316 323 335 358 359 366 399 413 418 422 425 
136 161 171 174 181 192 193 195 244 248 288 309 326 332 348 350 371 406 415 
265 143 146 149 164 174 179 180 182 187 190 201 203 211 213 214 217 223 227 228 229 235 240 255 259 266 267 273 278 280 283 284 287 295 319 321 324 327 335 336 343 344 350 356 364 368 378 383 390 391 396 397 399 411 412 415 416 417 420 
238 1 144 145 148 156 157 159 163 166 170 172 173 175 176 177 178 179 184 188 193 196 198 200 201 210 215 217 219 223 235 243 244 248 250 253 254 258 259 262 264 267 276 278 279 282 287 289 292 296 297 299 304 305 306 320 329 330 341 344 345 346 347 349 354 356 360 362 363 375 376 377 378 385 392 393 395 396 397 398 403 410 411 415 416 419 420 422 
199 168 177 196 335 352 389 
22 146 147 150 152 163 164 165 171 174 175 176 180 185 186 188 189 191 192 194 195 197 199 200 206 208 209 214 215 220 223 224 229 230 234 236 239 257 258 259 260 263 264 265 266 269 272 274 277 278 282 283 289 290 292 294 296 297 306 308 310 312 318 320 322 323 324 330 331 332 333 334 335 339 341 350 351 358 360 361 363 365 366 368 369 371 373 375 381 385 386 388 395 400 412 414 415 
153 145 148 152 153 157 158 162 165 166 168 170 173 174 179 180 184 190 191 198 202 204 207 209 211 212 213 214 218 219 221 222 223 224 226 230 231 233 237 238 239 241 243 244 246 247 250 251 257 258 261 264 266 268 270 274 276 280 282 283 284 285 288 289 290 292 293 294 296 298 305 306 307 309 311 312 313 319 326 328 331 332 334 339 340 343 350 353 355 359 362 364 372 374 378 379 380 383 387 388 389 391 395 399 400 406 408 413 422 423 
174 145 153 155 159 168 173 185 188 189 190 191 199 207 213 220 229 234 250 266 273 277 279 288 289 292 295 297 303 308 314 316 320 331 355 359 364 365 371 374 375 376 379 388 398 404 409 413 
176 1 144 150 153 156 163 167 173 178 189 191 194 195 196 200 203 206 209 221 223 225 230 238 239 248 251 252 254 255 257 261 262 264 271 277 279 281 287 289 293 294 297 298 305 306 311 315 319 327 331 335 339 341 344 346 349 353 355 356 360 363 367 369 375 377 384 385 389 393 394 395 401 406 407 411 414 424 
127 154 155 206 207 212 214 245 248 249 255 271 284 286 288 295 303 305 308 332 337 346 349 352 358 369 370 371 372 373 374 378 379 391 402 423 
264 1 159 165 200 228 243 250 252 256 257 258 265 270 274 284 293 295 302 316 324 336 363 367 373 378 379 384 397 417 421 424 
56 1 143 146 147 150 151 154 157 160 162 163 164 168 169 171 174 184 195 196 199 209 214 217 229 230 235 239 242 258 260 264 265 266 275 277 282 284 288 297 298 305 312 314 318 320 322 323 327 328 332 335 340 342 349 350 353 357 372 380 382 385 386 389 391 404 408 415 417 418 422 423 
50 147 148 162 170 173 182 184 188 192 193 201 208 214 219 226 229 235 247 254 257 271 280 293 296 298 312 322 326 328 332 344 349 356 362 372 380 385 389 392 405 406 407 411 413 421 422 424 426 
112 147 151 167 173 177 178 180 189 195 200 205 215 216 217 218 221 222 231 232 233 242 247 249 257 261 264 267 269 275 277 281 285 286 289 290 293 317 319 325 336 338 351 356 359 365 370 371 373 377 378 387 388 389 391 392 396 400 409 412 415 416 417 419 425 
296 1 145 146 149 150 151 155 156 157 158 160 165 166 167 169 170 174 175 176 178 184 185 187 190 195 202 204 210 211 215 218 227 234 235 237 238 240 245 248 250 251 253 254 257 264 265 268 269 270 272 277 280 281 282 288 291 293 294 297 300 303 304 305 309 311 314 315 317 318 321 322 326 327 328 330 339 344 345 348 350 351 354 356 359 360 361 364 365 367 371 372 374 378 380 382 383 384 387 390 391 396 397 401 403 404 406 407 422 424 425 
286 155 184 225 237 252 254 262 266 272 302 310 331 338 385 393 396 418 
92 158 243 244 263 340 355 
59 145 152 159 163 164 169 171 176 183 186 187 196 200 201 203 206 212 218 219 222 224 226 234 260 261 262 267 269 275 277 281 284 285 286 287 289 301 303 312 313 316 325 333 342 344 347 349 352 355 359 360 362 365 372 376 378 380 381 384 389 390 393 397 406 407 413 416 419 422 425 
242 143 144 148 151 152 153 157 162 163 167 173 176 177 178 183 185 186 188 191 193 196 199 202 204 208 210 212 214 215 220 223 225 226 229 231 233 235 236 239 241 245 246 248 256 258 260 261 263 264 265 266 269 270 271 275 279 280 283 284 285 286 290 292 299 303 306 309 310 312 313 319 322 329 332 333 335 337 338 339 341 342 347 350 354 355 356 363 366 367 368 369 370 372 374 376 380 384 385 390 398 401 402 403 408 415 416 422 424 425 
14 150 155 156 173 183 187 196 197 199 203 213 216 223 240 242 251 255 268 287 288 303 305 313 314 327 330 339 345 357 364 367 376 381 387 395 402 404 406 412 414 415 419 
294 145 147 154 167 199 210 211 217 225 227 228 264 273 279 303 304 318 342 349 371 381 382 
226 147 149 155 157 158 161 166 167 168 174 182 187 193 197 200 203 204 206 207 213 219 226 235 237 238 239 241 244 246 248 250 251 252 255 256 263 265 273 274 281 282 286 296 297 302 304 307 309 310 319 323 330 332 335 337 342 347 350 354 358 361 367 384 386 388 396 399 401 403 406 408 409 410 411 415 418 419 
148 148 150 156 158 164 168 173 181 187 190 193 209 213 221 224 232 257 260 267 283 296 299 304 307 309 324 330 335 340 353 361 362 365 402 406 410 412 414 415 416 418 
79 1 143 144 145 147 150 151 156 164 170 171 174 176 178 179 184 185 189 194 201 214 215 216 218 219 220 223 226 236 243 246 247 249 253 261 262 263 270 271 278 279 280 283 284 287 289 295 297 304 306 308 310 313 314 316 318 320 322 326 329 330 337 338 342 347 348 351 353 356 357 360 367 387 388 389 391 394 404 409 416 419 422 424 
100 148 151 152 156 158 159 169 174 181 200 205 208 213 214 217 225 263 265 272 276 279 281 283 290 304 307 312 314 317 329 333 335 342 347 350 351 356 366 367 370 392 412 417 421 424 
82 143 148 149 151 153 158 160 164 180 188 189 192 193 195 196 200 202 205 209 210 216 225 228 242 244 260 273 276 280 290 294 295 296 300 309 320 324 326 329 333 334 335 337 344 350 357 361 362 368 371 376 377 388 395 399 401 403 406 
16 147 149 150 170 171 174 176 188 193 196 208 213 280 283 293 305 311 312 321 322 335 349 398 416 417 421 424 425 
241 143 147 148 149 153 155 157 158 161 162 163 166 167 171 174 179 181 182 186 189 197 201 204 206 210 214 215 217 218 221 222 223 230 232 234 236 237 241 244 249 250 252 256 259 261 268 271 273 274 275 281 283 285 286 287 290 291 292 293 294 297 298 299 300 301 309 315 316 317 318 323 328 330 331 334 337 339 340 341 347 354 357 358 360 361 364 366 368 383 386 390 393 398 401 402 403 407 415 417 421 423 426 
44 1 151 160 165 170 180 182 194 221 237 239 256 259 264 265 275 277 287 294 328 341 348 350 361 376 386 392 395 405 423 
26 176 189 245 329 341 404 
8 144 148 149 150 153 155 156 157 160 162 168 171 174 178 180 185 190 191 192 193 199 213 214 215 218 221 222 224 232 234 241 248 254 265 268 269 271 276 279 286 290 297 300 308 309 316 317 320 324 327 332 333 334 350 352 354 358 363 364 370 371 372 373 374 375 381 383 389 393 400 406 416 417 
183 157 160 163 169 182 183 185 198 224 237 253 257 260 272 279 281 291 338 364 383 387 411 
274 144 160 166 173 177 186 194 195 202 203 219 242 260 266 267 272 278 279 281 289 290 296 340 353 366 399 409 418 424 
185 143 145 147 149 155 157 158 159 164 166 167 173 180 181 184 189 194 196 200 205 207 216 223 227 228 230 231 232 236 240 241 244 246 250 252 258 259 263 264 269 272 274 277 279 282 284 285 286 287 300 302 303 312 313 321 322 323 328 335 337 338 340 345 346 348 351 356 363 366 367 372 373 375 378 381 382 383 385 386 387 389 397 400 402 407 412 414 417 418 419 420 424 425 426 
199 149 152 154 155 157 161 171 183 185 186 189 190 193 197 204 217 218 220 228 230 231 232 237 240 247 248 253 254 257 263 264 268 269 275 282 283 284 286 289 293 302 304 313 319 322 323 327 336 342 343 345 350 352 358 368 382 384 387 393 400 417 
7 144 145 150 151 154 156 162 165 166 168 169 171 175 179 180 182 184 185 191 193 196 198 200 201 203 206 207 211 217 218 219 220 221 223 225 227 230 233 237 238 240 246 249 250 251 253 255 265 266 267 268 270 271 273 277 278 282 283 284 288 290 295 297 304 305 306 308 309 310 312 313 319 325 327 329 331 335 338 340 342 343 346 351 359 361 362 365 367 373 377 379 381 385 388 391 394 398 399 402 404 406 408 413 417 422 423 426 
139 143 144 147 149 150 151 154 155 158 159 162 175 178 179 181 185 186 187 188 189 190 199 202 209 211 215 216 224 225 227 228 233 236 237 238 242 243 250 257 262 267 286 293 294 303 312 313 315 317 319 321 324 329 335 337 339 341 342 343 349 350 352 355 359 361 363 369 372 382 384 388 390 408 411 416 423 424 426 
125 151 154 161 163 167 168 199 234 235 313 336 369 393 419 
27 184 188 218 219 222 242 252 266 274 276 282 304 309 329 337 341 342 371 391 
269 1 146 160 161 162 163 164 168 176 178 179 190 198 210 220 229 243 245 249 250 251 252 256 257 266 268 270 280 281 285 289 292 301 302 303 320 325 326 327 337 351 364 381 388 393 401 405 411 413 420 423 424 
19 146 148 150 157 158 165 167 168 170 183 187 192 200 201 202 205 206 207 211 213 220 222 225 226 227 229 231 232 239 243 257 258 263 264 286 293 295 296 298 301 302 308 310 312 314 315 324 337 338 342 348 351 365 366 369 376 377 380 381 382 388 404 412 419 424 
297 1 144 146 150 155 157 162 170 174 177 178 185 186 189 190 191 195 196 200 203 205 207 208 213 214 215 217 223 226 227 229 232 233 234 236 237 238 243 246 248 256 257 261 262 263 267 268 274 275 276 281 287 288 290 293 294 296 302 305 306 309 311 312 316 320 321 324 326 327 329 330 331 332 339 340 341 349 351 361 364 367 369 372 383 385 394 404 407 410 412 415 416 425 
260 146 147 148 152 153 154 156 159 162 166 168 171 174 176 179 180 183 191 196 199 203 204 208 212 213 218 220 221 223 224 225 228 229 230 232 233 234 235 240 245 247 255 257 259 260 265 274 275 277 279 281 282 284 285 288 289 290 292 293 294 295 296 299 304 306 313 314 318 320 321 325 326 327 328 329 331 332 333 334 335 337 338 341 342 346 347 350 352 358 362 364 365 366 369 374 375 376 378 381 383 388 397 400 402 410 414 415 418 421 422 423 424 426 
103 144 148 149 153 161 168 171 173 175 176 179 180 181 186 190 204 205 207 209 216 221 222 223 225 227 233 239 240 245 246 248 251 253 258 259 265 267 271 275 278 281 286 288 291 294 297 302 303 305 306 311 312 317 325 328 331 336 340 341 342 343 347 348 349 353 354 355 358 361 367 372 374 389 390 392 396 398 401 402 405 406 410 412 413 415 416 417 419 
298 149 165 180 182 184 189 192 193 197 199 204 208 211 212 216 221 222 223 228 234 235 238 254 265 267 276 282 290 292 296 313 314 315 321 325 326 327 332 335 338 342 351 352 353 354 355 376 377 379 383 385 390 392 393 406 410 411 418 420 422 423 
84 148 155 157 166 167 168 171 199 230 253 260 321 346 349 364 383 
188 146 148 151 159 163 167 171 173 174 181 182 183 191 196 197 199 202 205 206 207 213 216 218 225 226 233 237 240 249 260 261 267 268 269 271 279 280 281 283 292 301 303 304 307 312 314 315 330 336 337 340 341 349 351 353 360 368 369 373 374 380 384 386 388 390 392 393 402 406 409 411 413 416 421 423 424 426 
21 143 146 148 149 150 153 156 157 159 160 162 166 171 172 177 178 181 182 183 189 199 202 203 207 212 213 215 221 230 231 234 242 243 245 246 250 251 252 266 270 275 278 280 281 286 294 296 298 302 307 309 310 312 313 317 319 320 321 324 327 329 330 334 336 343 345 346 349 350 352 354 357 360 365 369 370 385 386 393 394 401 404 408 412 415 418 422 423 424 426 
165 1 144 146 147 148 149 150 152 153 164 165 171 172 182 186 187 193 195 197 200 202 205 215 216 222 226 229 230 235 237 239 240 242 245 246 248 249 266 268 269 270 273 274 277 285 290 295 297 298 299 300 304 305 308 315 319 325 333 336 337 338 340 353 356 363 381 385 387 401 409 413 416 
296 152 172 201 211 237 244 257 269 270 272 278 280 283 288 295 301 306 314 323 331 341 345 363 364 387 394 398 422 
100 1 148 159 162 167 170 172 174 193 201 205 207 209 211 212 216 220 227 234 237 241 242 248 249 250 259 262 266 268 274 277 279 283 285 293 295 296 300 310 312 314 318 323 325 333 334 337 340 345 357 362 363 364 372 378 379 382 384 385 393 396 397 398 405 408 416 420 423 424 425 
232 172 178 185 194 202 211 231 234 239 248 258 262 280 298 299 332 344 352 354 355 364 376 391 394 398 412 414 421 423 426 
179 148 150 151 152 154 155 159 161 164 175 178 180 185 186 187 188 194 197 200 201 207 211 217 220 223 224 227 235 238 240 242 247 258 263 266 271 273 279 280 282 289 292 293 297 303 307 311 313 314 318 319 322 326 332 334 342 348 365 374 376 377 378 388 391 392 393 399 400 406 413 416 420 425 426 
222 144 145 154 155 161 162 164 166 167 171 175 178 183 185 196 200 201 202 206 207 210 211 213 217 219 221 224 236 240 242 245 247 248 251 256 258 261 262 263 264 266 272 274 278 281 284 285 286 290 292 297 298 299 300 306 311 314 316 319 320 322 327 331 332 334 335 341 344 349 356 359 362 364 366 368 370 371 372 373 378 380 383 387 389 390 394 395 396 397 399 400 403 405 408 411 416 421 
267 145 155 193 224 251 253 257 258 261 271 289 292 312 332 334 340 341 344 354 368 380 387 397 
57 144 151 154 155 156 157 158 164 168 191 196 197 199 202 204 209 211 212 217 225 232 234 242 259 260 265 272 275 276 278 280 281 284 291 293 294 296 298 299 300 302 303 306 311 312 313 314 320 325 327 329 338 343 345 346 350 355 357 361 363 364 369 373 374 375 377 379 381 382 384 390 392 394 404 405 410 412 416 418 419 420 422 425 426 
226 149 160 163 165 166 167 175 198 200 205 206 212 216 218 226 230 232 233 234 237 239 252 253 254 255 259 260 262 264 272 277 290 302 313 315 320 324 328 329 331 339 340 341 343 345 356 363 364 365 366 371 372 387 388 392 411 425 426 
108 153 161 175 176 184 189 191 193 195 196 204 217 224 233 234 239 241 249 259 260 261 262 263 264 272 281 284 290 297 298 304 308 314 326 330 335 337 338 341 343 344 347 350 351 352 353 356 360 361 368 380 383 392 393 395 398 402 411 414 418 419 424 
4 1 145 151 157 159 161 163 164 166 169 171 173 183 192 200 208 219 224 225 227 230 232 238 247 252 256 259 261 262 266 270 286 287 304 317 319 320 321 328 336 339 342 344 347 348 369 372 378 395 401 412 414 418 
55 167 174 187 198 214 236 243 249 254 256 258 265 266 291 300 303 324 326 334 336 352 360 368 375 382 385 390 395 414 
62 143 148 152 154 167 168 185 192 203 211 213 214 225 232 233 236 243 244 249 252 253 259 260 268 269 270 275 279 284 290 293 300 301 305 306 308 315 316 319 320 324 327 330 335 343 344 349 351 352 362 366 367 369 370 372 379 381 388 391 396 397 400 402 404 411 412 417 418 423 424 
290 161 166 170 174 186 190 195 203 205 210 228 233 234 236 238 242 253 254 255 260 263 283 298 310 314 316 317 325 328 333 339 346 359 360 366 368 381 384 392 393 395 402 406 410 412 417 418 423 
83 153 160 168 210 231 238 246 256 285 290 296 306 358 368 377 382 
59 145 147 148 153 154 156 161 162 163 164 169 176 180 182 183 184 186 195 197 198 204 207 208 209 210 212 213 214 217 221 223 226 232 233 234 237 238 241 249 252 253 256 260 262 263 264 266 267 272 275 278 279 280 281 282 287 289 291 292 294 295 296 297 300 308 309 310 313 314 317 325 326 327 328 330 333 336 337 339 340 343 344 345 346 348 350 353 354 358 360 361 363 366 372 375 378 380 383 386 387 391 392 393 395 404 405 406 411 412 413 418 422 423 
201 156 165 166 168 321 330 347 359 384 416 
102 151 157 158 163 172 185 187 192 197 199 200 201 208 218 254 257 260 272 280 285 287 323 336 356 369 370 373 375 377 379 393 402 416 
246 144 146 147 153 156 157 160 163 173 177 183 184 190 192 193 194 200 201 204 205 212 220 223 224 227 229 230 235 238 239 243 251 261 264 266 268 275 276 277 280 287 288 289 290 291 292 293 294 301 302 304 305 310 311 312 318 322 325 329 331 337 346 348 350 355 360 361 371 372 374 376 377 380 383 385 388 389 397 398 402 405 406 407 412 414 415 426 
275 1 143 156 161 162 176 180 182 183 185 187 192 193 194 200 202 204 217 220 222 225 227 228 230 236 240 248 257 259 260 264 266 274 275 277 278 290 291 293 295 297 300 307 309 310 315 316 321 324 329 335 340 351 357 358 359 364 366 367 372 382 385 398 399 400 405 410 417 
201 1 145 149 150 155 156 160 161 164 166 167 168 176 185 189 190 195 207 216 240 241 242 245 252 259 260 261 262 263 270 284 286 291 295 298 321 322 331 334 339 341 342 343 345 346 347 348 357 358 359 380 382 385 388 389 393 397 407 
271 145 147 149 157 160 163 175 180 182 185 194 197 207 216 228 234 236 241 257 260 263 268 273 275 285 289 291 299 318 322 328 331 342 344 345 354 355 362 363 367 373 380 381 382 390 393 394 402 411 414 417 423 426 
110 144 147 163 166 170 183 184 193 200 209 214 218 220 222 226 228 231 249 260 278 286 292 294 297 299 300 303 304 307 313 317 318 322 326 333 341 342 343 346 349 354 356 359 360 363 374 376 377 387 392 399 409 413 414 417 424 
188 155 158 169 173 185 186 209 232 242 257 266 297 340 359 379 386 394 398 406 413 421 
59 146 147 148 149 158 163 164 166 168 169 174 179 185 189 199 202 205 210 211 214 215 217 222 225 226 231 239 247 251 256 258 266 269 271 276 278 286 288 289 291 292 293 299 303 309 312 313 317 319 325 329 330 331 332 342 346 350 351 352 358 359 362 367 369 371 373 377 378 379 380 388 399 406 407 409 412 415 423 424 
300 144 146 149 151 153 157 170 171 173 175 180 181 183 186 187 188 190 191 198 200 201 202 208 209 211 214 217 218 219 223 224 228 229 231 233 234 235 236 241 242 243 244 247 248 249 250 251 256 257 263 264 266 268 272 274 280 281 283 284 291 294 295 297 300 302 306 309 311 312 313 316 322 323 327 328 333 334 336 339 342 343 344 349 350 354 357 360 362 364 370 379 382 384 385 387 388 390 393 394 396 402 403 405 411 414 415 416 420 422 423 424 
188 146 153 154 156 159 162 165 167 171 175 182 183 186 190 191 194 195 197 199 202 210 212 214 217 222 224 227 230 231 232 235 238 239 240 241 243 245 246 247 250 251 252 253 254 256 259 264 265 269 270 272 276 277 280 281 284 286 289 293 295 296 297 298 301 302 303 305 306 312 313 320 321 322 326 328 332 333 343 345 346 348 349 350 352 356 358 359 367 368 369 373 375 376 378 380 381 385 386 388 390 392 397 400 404 405 406 408 411 414 416 417 419 420 421 422 425 426 
20 162 164 165 169 170 171 180 185 188 199 204 206 219 223 224 240 244 262 264 267 276 278 299 305 308 309 312 313 318 320 321 325 328 332 335 337 344 346 354 355 358 364 365 368 369 370 378 383 385 400 401 405 411 
177 147 148 161 168 178 180 193 194 196 202 206 210 214 219 227 232 233 236 241 244 249 266 267 268 271 272 287 291 294 296 301 305 317 320 322 324 334 346 358 364 369 377 380 388 390 394 401 410 422 424 
299 143 144 146 152 160 161 165 167 168 171 174 180 184 189 192 193 197 198 199 202 203 205 206 207 208 213 221 222 224 229 236 240 241 248 251 258 259 261 264 266 269 278 280 284 285 287 290 293 294 295 297 299 305 308 311 313 314 316 319 320 323 324 325 327 333 338 340 341 344 345 346 348 349 350 352 355 358 361 362 366 368 371 373 381 384 390 393 397 398 401 402 407 408 412 414 417 419 423 426 
242 143 159 161 178 182 189 197 199 204 214 218 219 226 236 238 247 255 257 258 259 264 274 276 277 281 282 284 288 291 299 304 311 315 318 328 330 332 336 337 339 341 343 375 389 390 398 399 414 424 425 
79 160 171 172 180 207 224 243 246 247 251 257 259 278 286 291 302 306 325 343 345 347 351 372 373 381 385 388 389 404 406 415 416 418 425 426 
150 147 149 150 155 161 173 181 183 189 193 195 196 207 210 217 218 220 224 234 240 246 252 254 257 259 263 265 269 271 272 276 278 285 290 300 308 311 313 317 321 327 328 339 342 362 365 368 370 371 373 374 377 385 386 390 393 396 399 400 417 426 
287 153 156 157 168 174 181 191 198 200 204 210 211 223 225 230 248 253 254 255 261 265 279 281 285 290 291 300 310 320 324 326 329 338 339 344 345 347 349 353 366 383 385 386 387 396 397 411 412 
31 1 147 152 153 154 155 157 161 166 168 170 172 174 176 179 181 182 189 191 195 198 201 202 203 204 205 208 209 215 216 218 222 227 228 229 231 232 234 235 237 239 249 250 254 256 258 264 268 269 273 276 277 282 284 288 292 295 304 308 315 321 322 323 327 328 329 333 336 337 343 344 346 348 349 350 356 358 359 361 363 367 374 375 377 383 386 389 390 397 398 402 403 404 407 410 412 415 417 424 425 426 
150 144 147 149 152 156 158 161 163 165 167 169 170 173 175 177 181 183 186 188 190 192 193 195 197 200 208 209 226 229 235 236 243 245 248 249 250 256 258 260 261 263 264 266 267 268 269 270 275 277 288 291 292 294 295 296 297 302 304 307 309 315 323 324 326 328 329 330 331 332 334 336 337 342 343 345 347 350 352 353 355 359 360 363 366 370 374 376 380 381 382 384 385 386 389 390 391 392 394 399 400 401 404 405 409 411 412 419 421 422 
152 148 150 154 156 158 161 164 175 180 188 199 204 209 212 218 219 223 234 239 243 248 252 259 264 265 270 272 273 274 281 282 290 295 308 318 319 322 326 332 342 349 355 357 360 365 367 375 378 380 381 382 385 393 401 413 416 418 419 
275 171 198 210 223 226 232 245 246 251 253 257 261 287 288 317 322 339 382 395 397 406 412 413 416 
267 143 145 146 149 150 154 156 158 159 160 161 163 165 167 171 174 177 182 183 184 185 186 187 189 190 193 194 196 198 203 204 205 207 208 211 213 216 217 218 222 223 224 226 227 228 229 230 234 239 240 241 243 253 259 260 261 268 269 272 274 282 283 288 290 292 294 299 303 315 316 317 322 324 329 331 334 335 336 339 341 346 349 350 352 354 355 358 359 367 368 369 374 377 381 388 397 406 407 408 409 412 416 417 422 425 426 
94 145 156 192 195 198 207 213 215 218 243 247 250 259 261 263 269 278 287 290 291 304 319 323 363 364 366 377 384 424 
217 1 168 173 191 197 215 220 225 236 237 239 256 258 271 274 280 285 292 310 315 323 327 331 335 336 340 342 343 353 354 359 361 375 378 380 394 396 398 399 403 408 412 417 
145 143 146 147 149 151 154 157 161 165 166 170 174 175 177 182 184 189 197 200 201 202 203 208 212 215 216 217 228 230 234 236 237 238 239 245 246 248 252 254 256 259 260 263 266 268 270 271 274 275 286 290 291 297 298 301 302 304 307 308 310 311 315 316 319 323 326 327 334 340 351 357 362 370 372 373 374 376 384 389 390 401 402 409 411 415 418 419 421 422 425 
75 1 143 148 149 150 152 153 156 164 166 171 172 173 174 177 179 184 188 196 200 203 204 208 209 218 221 222 225 227 229 231 232 233 237 238 243 244 245 257 259 268 269 272 286 288 290 313 315 316 318 321 322 325 328 329 332 339 342 346 347 350 372 378 381 383 386 391 394 395 396 397 398 400 403 405 407 409 412 416 421 424 
230 1 143 146 149 158 160 166 172 173 181 187 191 192 195 203 211 212 221 246 255 257 287 288 290 291 293 301 307 308 317 319 320 324 326 329 332 338 352 372 378 384 385 389 394 395 397 399 402 404 407 413 415 
292 144 145 157 166 173 174 176 190 196 214 226 227 242 248 261 270 276 292 303 306 316 329 346 347 360 386 402 404 413 416 417 421 426 
188 1 144 151 152 154 156 161 165 167 168 169 170 176 183 185 189 190 196 203 212 215 217 225 228 231 235 237 239 241 253 255 257 258 260 270 271 292 294 296 303 304 305 310 314 315 317 321 322 324 325 328 329 331 333 335 344 356 358 366 367 369 371 372 384 388 392 393 396 400 405 409 410 414 421 422 423 425 426 
26 1 143 145 146 148 152 153 161 170 171 172 173 175 178 184 189 190 191 192 195 201 207 208 210 213 214 215 216 221 228 231 234 238 239 242 245 246 248 249 250 255 263 269 270 272 273 274 276 277 278 279 283 285 286 289 293 294 298 301 302 305 311 314 315 328 331 333 334 340 343 344 345 347 349 350 352 359 360 361 367 371 372 373 375 377 378 379 380 381 384 386 388 389 395 397 404 408 414 416 421 423 426 
236 145 187 192 193 206 228 230 249 253 255 260 278 279 288 300 311 313 322 351 356 357 361 366 377 382 386 394 401 403 416 
213 1 144 153 166 168 175 176 179 183 193 195 197 203 226 227 228 237 241 242 246 248 253 263 265 270 272 276 280 281 283 285 292 295 305 313 315 317 319 327 332 334 336 339 340 345 347 351 359 363 367 377 378 385 389 399 403 407 421 423 425 426 
52 149 160 170 200 205 212 219 225 235 249 268 293 297 319 340 348 362 370 371 379 382 411 414 417 
68 152 154 159 185 194 202 203 206 210 222 223 226 261 288 316 331 333 338 371 373 389 404 422 
120 143 144 145 153 154 156 157 159 162 166 167 171 172 176 190 191 195 204 210 215 216 217 219 223 228 230 233 234 235 238 243 249 256 257 274 277 281 284 285 288 294 295 297 306 312 314 316 324 330 333 334 341 344 358 359 360 361 372 379 382 386 387 397 400 405 407 408 409 412 419 424 
178 1 149 150 151 153 155 164 170 176 180 187 188 194 205 207 212 213 218 229 230 242 245 252 257 258 264 275 276 282 290 292 295 301 306 315 321 327 343 344 349 362 363 364 366 369 373 380 384 385 392 393 400 405 411 412 417 424 
169 1 145 149 158 163 170 178 180 187 188 189 192 195 197 200 202 207 222 225 234 246 249 251 256 257 260 272 275 277 285 299 307 310 318 321 333 340 349 353 356 357 359 367 374 376 379 386 389 404 408 414 
232 152 170 191 193 209 241 242 307 308 330 333 383 387 404 407 417 
272 143 147 148 154 156 158 159 164 165 172 173 176 177 181 182 183 188 189 192 193 196 201 206 213 214 215 216 219 220 222 226 229 231 234 236 237 241 243 245 246 248 249 251 252 253 256 262 264 268 269 272 273 276 283 284 290 291 293 294 298 299 305 310 312 313 314 319 320 325 326 336 337 338 339 340 347 348 349 352 353 357 358 364 366 368 369 372 373 375 377 379 382 384 385 388 396 406 408 412 419 420 424 425 426 
4 220 363 
232 143 155 165 172 179 191 192 193 195 197 199 203 212 214 224 226 242 243 253 263 268 272 278 280 289 290 291 295 310 314 319 321 322 327 334 344 345 355 357 362 364 381 382 394 395 398 402 403 405 407 413 417 420 
179 149 150 155 158 159 164 165 167 168 171 176 181 182 183 184 190 193 194 196 202 203 205 206 208 210 211 215 217 223 225 226 228 229 231 235 242 247 250 251 255 257 263 264 272 274 276 279 285 287 290 291 292 294 295 300 302 307 310 311 316 318 325 326 327 329 333 336 337 346 347 348 350 353 357 358 359 361 365 367 368 372 373 377 380 381 384 387 392 397 403 412 413 415 417 422 
12 147 149 150 156 158 161 166 174 182 195 199 201 202 203 207 208 209 214 215 217 221 222 225 227 229 231 235 237 239 247 250 252 255 260 262 264 268 269 273 280 287 293 297 299 306 316 317 318 323 324 330 336 339 340 341 343 344 348 350 354 355 357 362 369 370 373 375 377 379 388 391 397 400 405 415 418 420 426 
17 1 143 148 149 156 157 162 163 164 165 168 172 178 183 186 192 193 198 200 201 206 208 209 213 214 220 221 222 223 224 232 233 235 236 239 240 241 242 246 250 251 254 259 260 261 262 263 265 266 269 270 272 274 278 279 283 284 288 293 297 299 303 313 316 317 324 325 326 333 334 335 349 351 353 354 355 359 360 361 365 366 378 381 382 384 385 386 388 390 395 397 404 405 414 418 419 424 426 
35 143 147 151 152 154 159 161 163 167 171 172 173 176 177 178 182 191 192 194 196 197 199 201 203 211 213 214 215 216 223 225 227 230 231 237 242 247 255 261 269 270 277 278 279 282 283 285 298 308 311 313 316 325 331 341 344 349 350 354 357 359 364 367 370 375 379 380 382 383 385 388 389 391 396 397 402 404 414 418 422 
229 144 152 155 157 164 165 167 177 178 179 186 193 194 196 205 211 214 220 224 235 241 247 255 265 270 271 276 279 285 288 291 292 310 324 327 329 330 333 342 344 346 348 355 364 366 367 369 373 382 383 409 422 
220 145 152 158 160 162 163 169 175 178 179 180 182 188 192 196 199 205 207 214 222 227 230 232 233 236 238 241 242 252 255 266 269 273 275 279 285 287 292 293 296 299 310 323 325 328 330 331 332 337 338 340 341 351 352 358 367 373 376 384 388 392 393 404 406 410 411 415 419 
124 160 193 194 196 208 219 243 246 258 260 272 280 284 347 349 368 373 381 399 
253 1 148 152 153 163 167 170 171 177 191 202 205 208 210 212 213 214 217 220 223 245 246 257 263 265 270 278 282 286 288 289 290 298 300 308 313 314 315 335 344 348 355 357 363 367 377 386 388 394 395 397 398 401 406 412 414 418 422 424 
262 143 151 154 155 160 171 173 179 185 187 192 195 201 208 209 210 215 217 221 233 239 240 248 255 257 258 264 265 267 270 275 278 280 281 284 285 286 288 291 292 293 294 297 300 305 307 313 319 323 325 327 330 332 333 335 337 341 344 345 354 356 362 372 378 387 390 391 392 394 397 398 401 402 403 404 405 406 407 408 410 412 416 424 
131 143 146 148 151 152 153 161 162 163 172 173 177 182 188 195 201 202 209 219 222 227 230 235 241 246 247 249 264 265 272 278 279 281 289 291 296 301 307 315 316 317 318 320 323 328 333 339 340 353 355 358 365 372 374 393 401 404 410 411 412 413 
15 145 155 164 166 167 171 177 182 183 184 186 187 191 193 195 198 200 203 206 207 208 219 223 226 229 234 236 237 240 243 246 262 264 265 271 276 277 278 283 284 286 289 291 292 293 298 299 306 307 309 311 313 324 327 332 334 335 339 341 342 344 346 347 348 351 355 356 359 365 366 382 385 389 391 392 393 396 397 400 409 411 414 416 424 425 426 
178 1 144 147 148 149 151 152 153 156 159 160 161 169 170 173 175 178 181 183 189 190 191 192 194 195 196 200 202 206 209 210 215 217 219 221 223 224 225 227 234 235 237 238 240 244 245 248 250 252 254 264 265 267 278 279 281 284 297 299 301 303 305 310 313 319 323 324 325 327 337 341 345 348 349 350 352 354 355 356 359 360 361 362 363 364 366 368 371 374 387 388 389 390 395 396 397 399 407 414 420 421 424 425 426 
93 1 148 160 162 163 167 185 187 192 207 210 212 215 221 224 229 230 232 233 243 245 246 251 256 257 264 268 270 271 272 273 274 278 279 281 282 283 285 287 291 295 299 300 302 306 307 309 331 332 335 336 344 346 349 358 363 368 369 375 377 379 386 393 400 402 403 405 411 414 423 425 
98 143 150 165 179 181 191 198 208 214 229 232 233 236 237 243 247 255 290 304 316 319 321 326 343 346 353 361 362 364 373 378 384 386 390 406 421 
258 143 147 149 152 164 165 166 167 173 174 176 177 181 183 184 185 187 192 195 198 209 210 218 219 220 227 229 232 233 235 236 239 242 245 247 248 249 251 252 255 260 263 267 268 269 270 272 273 275 276 280 284 286 292 293 295 298 299 305 307 311 315 317 325 329 338 343 345 347 349 353 356 359 360 362 371 373 379 381 382 385 389 391 394 395 404 405 408 412 413 416 418 419 420 424 
298 145 150 153 154 162 178 180 184 191 196 200 205 209 223 233 237 242 245 261 267 268 274 276 281 287 291 292 298 300 301 312 317 323 325 326 332 336 342 356 357 358 365 367 373 376 377 393 398 411 413 420 421 422 423 
28 147 158 160 166 168 169 170 172 175 176 182 183 185 189 195 197 200 207 208 210 212 218 222 223 224 226 227 232 235 241 243 244 246 248 252 258 259 262 267 280 284 285 287 292 297 299 301 302 303 305 309 313 315 317 323 326 331 332 333 334 335 338 340 341 349 355 357 358 362 369 372 374 375 380 382 383 384 386 387 388 390 394 395 406 413 415 422 424 425 
227 147 152 162 170 171 181 183 186 197 199 201 202 203 208 211 212 213 217 220 226 230 237 240 243 246 254 257 265 268 277 280 284 285 298 299 307 308 325 335 340 341 344 346 347 349 353 357 363 370 374 379 390 397 401 402 405 410 411 419 
268 163 175 180 185 189 190 245 246 255 285 314 347 426 
193 146 152 160 164 166 170 171 172 174 179 183 187 189 191 200 204 205 208 209 217 220 226 234 237 239 251 253 257 264 270 279 288 296 297 302 303 304 306 309 315 316 317 319 323 324 329 331 333 334 335 337 338 340 346 347 348 352 363 368 374 379 395 397 401 408 421 
223 143 144 145 148 153 157 160 164 165 169 178 180 181 185 189 191 193 195 198 199 202 208 210 219 225 226 228 236 237 239 241 242 243 245 248 254 257 265 271 275 278 279 286 288 290 294 297 300 303 306 309 316 317 320 321 325 327 329 331 333 334 337 340 341 345 351 355 358 363 367 371 372 376 383 387 388 389 391 393 397 401 404 406 417 424 
171 143 145 147 151 156 158 159 161 162 167 175 180 189 192 194 201 204 205 206 210 211 215 220 221 223 224 229 230 241 246 247 248 250 251 252 256 266 271 273 274 284 293 304 310 315 317 323 326 330 335 339 340 344 353 354 357 361 362 363 364 367 368 370 371 373 374 378 380 383 386 387 388 401 403 405 414 415 418 420 
83 1 148 149 150 153 155 156 157 160 161 162 164 168 171 174 176 177 179 182 191 193 198 202 205 206 208 210 225 227 228 231 234 235 237 238 239 240 242 246 247 251 254 257 258 263 268 271 272 274 275 276 277 282 284 286 290 291 292 295 300 306 307 308 309 310 312 313 317 323 324 327 328 329 333 339 341 345 348 349 352 353 354 357 361 362 364 365 370 372 377 383 388 389 390 395 399 400 405 406 407 422 424 425 
246 1 144 152 153 165 167 181 182 183 185 202 207 212 218 232 233 234 236 242 248 253 258 260 264 268 285 287 290 294 295 296 301 312 317 319 326 333 338 339 342 344 345 347 352 353 354 365 366 380 397 398 400 401 405 406 416 420 424 426 
268 1 143 145 147 148 153 154 159 168 173 177 178 184 188 190 197 201 203 208 215 216 218 221 223 224 239 240 250 254 260 262 267 270 271 272 274 283 285 287 294 299 301 302 303 305 310 312 317 321 323 324 331 332 333 339 340 344 345 355 357 358 361 362 363 365 368 370 371 372 373 374 379 383 386 393 398 404 407 410 411 413 414 419 420 422 
157 150 153 154 163 164 167 170 181 191 201 203 207 209 211 214 218 227 243 251 252 265 269 270 274 275 280 285 290 295 299 301 304 305 314 323 332 333 334 341 346 352 362 363 375 377 390 399 405 407 410 416 418 420 426 
31 1 143 147 149 151 154 156 170 173 178 180 182 186 187 189 192 197 198 199 200 203 206 208 209 210 211 213 214 216 220 224 228 232 236 237 239 241 244 250 256 264 266 269 273 275 277 282 284 285 286 289 293 294 302 310 312 313 314 317 323 324 325 331 332 334 343 347 349 350 351 352 353 355 356 357 360 361 362 375 378 379 380 386 388 390 394 396 399 400 406 407 408 409 412 415 417 418 419 422 
115 154 163 164 167 171 174 180 184 189 210 219 229 247 251 252 257 263 282 287 290 301 305 333 334 335 349 364 369 381 384 392 404 405 406 421 422 424 
24 1 147 148 151 154 155 156 158 165 166 168 170 172 174 176 184 191 199 200 205 206 211 215 218 221 222 232 235 236 237 238 242 244 249 253 259 263 264 265 271 274 278 279 281 283 292 299 304 308 309 310 316 318 326 337 339 341 347 349 354 355 360 362 366 371 377 380 387 395 407 412 417 420 421 422 424 425 
134 148 153 157 169 184 186 188 190 216 229 254 255 270 277 291 292 296 297 303 307 308 315 316 325 327 328 339 350 355 368 369 384 388 392 398 399 404 406 417 425 
105 148 150 154 158 163 165 166 170 186 190 213 223 230 242 243 250 261 265 268 278 281 285 286 295 296 298 299 300 305 306 314 326 329 331 334 338 341 354 356 365 366 385 389 395 396 398 407 412 416 417 422 426 
120 143 144 146 147 151 152 154 156 157 166 170 172 173 177 178 183 184 186 190 195 196 197 199 206 211 212 214 215 217 220 221 222 224 226 229 230 231 234 239 240 242 243 244 247 248 255 256 261 274 277 278 279 280 281 285 286 288 289 290 301 306 307 308 311 312 313 315 317 320 323 324 325 327 331 334 335 336 338 339 340 342 344 346 350 357 360 366 367 368 369 370 371 372 377 383 388 390 391 392 394 395 396 398 401 405 406 414 416 418 421 422 426 
30 154 155 182 183 244 303 371 424 
292 1 168 244 283 301 320 338 350 356 380 398 413 426 
132 158 175 186 199 206 251 268 269 295 315 323 324 331 334 336 341 349 355 356 359 366 371 376 377 378 407 412 
8 148 151 156 157 164 174 175 185 186 187 197 198 200 208 209 211 213 215 216 222 223 226 227 230 238 239 240 243 246 249 255 257 258 262 263 265 270 273 277 281 282 283 284 285 287 288 290 294 297 299 302 304 308 312 313 315 317 319 320 325 326 328 329 330 335 337 340 342 346 347 348 349 350 351 352 353 355 357 358 359 360 362 364 365 366 367 369 371 372 373 376 380 381 387 389 391 395 397 405 406 407 409 410 416 420 422 423 425 
201 143 147 151 152 153 154 156 157 160 161 165 166 176 179 180 183 187 190 192 197 199 200 203 205 211 218 230 231 235 237 238 239 243 247 248 249 257 259 265 269 274 280 287 292 294 296 297 298 307 308 309 312 321 332 335 337 345 348 349 352 354 355 363 364 366 375 378 380 382 385 386 387 391 394 396 398 403 404 405 411 412 414 415 417 418 
16 143 146 164 185 188 189 190 207 214 218 230 232 234 236 244 253 254 266 278 286 288 290 311 314 318 326 330 340 347 356 362 364 368 372 373 376 380 397 398 424 
97 144 148 149 150 151 154 161 163 168 170 171 172 174 178 179 184 185 187 190 194 198 201 203 204 205 207 208 214 220 224 232 234 235 242 247 250 252 257 259 261 262 264 270 273 282 285 295 297 298 304 305 308 312 314 316 318 319 321 331 333 334 335 336 337 338 341 351 354 355 361 362 365 369 370 376 377 382 383 392 395 398 399 400 401 402 404 411 412 414 415 416 421 422 423 424 
56 150 152 154 157 158 161 162 164 170 175 176 180 182 185 186 187 189 190 193 195 199 200 207 210 211 212 216 219 221 226 230 234 236 237 239 240 251 259 260 266 271 274 282 299 308 311 322 324 326 327 328 329 330 334 336 343 349 361 366 368 372 381 389 391 394 396 397 398 400 401 407 408 409 410 411 412 423 424 
151 143 144 150 151 152 153 156 157 158 163 164 170 173 179 180 187 205 210 211 215 219 224 226 228 231 235 241 243 244 245 248 252 256 263 267 269 270 271 274 276 277 281 289 294 299 301 310 313 314 318 319 321 322 323 334 336 337 344 345 347 348 351 356 357 358 361 363 364 368 376 378 380 381 384 387 388 390 395 405 408 409 412 415 416 417 422 424 425 
285 146 151 154 155 159 160 166 167 170 172 173 174 175 176 177 185 187 189 193 195 196 202 205 208 210 213 215 220 222 224 226 227 230 234 235 237 238 241 248 259 261 265 266 270 271 272 273 278 280 281 282 283 284 291 293 297 305 306 308 309 311 323 326 327 329 331 333 334 335 336 347 353 355 357 358 359 363 365 368 374 375 377 380 381 383 384 385 386 388 389 393 395 401 405 407 412 418 420 422 423 
288 144 146 147 148 154 163 172 173 174 175 180 183 187 194 196 197 202 203 204 205 207 209 211 216 222 228 231 240 241 242 248 258 259 263 268 270 271 278 279 284 288 289 292 298 303 306 311 326 334 340 341 349 350 353 362 370 373 378 380 386 390 391 393 395 397 401 402 406 411 414 416 420 423 425 
219 144 145 155 160 177 188 192 226 245 266 277 286 292 301 304 306 314 317 318 325 330 341 345 346 371 376 380 381 410 423 
51 207 235 243 282 338 351 385 402 406 425 
58 144 151 156 160 166 171 174 179 184 185 186 192 193 194 195 199 200 201 204 206 207 215 218 221 223 227 233 251 254 256 260 269 271 281 282 284 285 292 293 297 298 300 301 304 305 316 322 327 330 331 332 336 337 340 342 343 350 352 354 355 356 359 365 366 372 379 380 383 385 395 398 403 408 409 410 411 412 413 414 418 420 421 
149 160 165 178 207 242 254 271 274 275 278 280 283 288 296 351 358 360 362 371 375 389 390 394 399 402 404 405 421 
21 143 147 148 149 155 166 168 169 171 172 175 179 180 187 194 195 196 199 200 201 208 212 215 219 222 223 225 232 238 240 242 244 249 253 254 255 260 263 264 265 273 275 278 282 285 287 289 297 298 299 307 308 310 313 315 316 318 320 322 325 327 329 330 331 332 335 336 337 338 341 342 347 349 353 358 362 364 368 369 374 379 381 390 391 393 394 398 399 400 404 407 409 411 412 413 414 417 421 423 425 426 
182 147 148 155 162 164 166 167 169 173 178 180 186 193 195 198 201 203 205 206 207 209 213 217 226 227 231 235 242 245 249 250 252 253 255 256 260 262 263 264 266 271 274 279 281 286 290 292 293 296 300 302 304 307 311 312 314 317 324 325 326 329 336 337 338 339 340 342 345 346 352 353 355 362 367 368 372 381 382 385 386 389 396 398 399 400 401 403 405 407 413 414 420 
140 1 143 147 149 152 153 155 157 169 170 173 174 176 178 181 185 187 189 197 199 207 211 212 213 215 218 219 221 223 224 227 232 233 237 246 248 253 254 265 269 276 279 281 283 284 285 290 294 301 303 306 315 325 327 331 333 337 344 345 346 347 349 352 359 360 361 364 365 370 371 373 378 380 383 387 388 392 398 401 402 405 406 409 410 411 413 414 415 418 
31 1 146 149 150 155 157 160 164 168 170 173 176 180 183 186 189 192 193 194 195 201 209 214 215 216 218 223 226 231 233 234 238 239 242 243 245 246 247 248 249 253 254 257 258 260 261 274 275 283 285 286 291 293 298 300 302 303 305 309 312 318 323 328 331 337 340 341 342 344 345 346 351 352 354 358 363 365 366 370 380 385 396 398 399 401 409 410 411 414 415 416 420 425 
239 144 145 148 151 154 155 156 159 161 162 164 167 168 170 171 172 174 175 182 185 188 190 191 193 197 201 205 207 208 210 211 216 217 218 219 223 224 225 228 231 235 236 238 239 241 242 246 248 253 259 261 265 266 268 271 272 275 278 280 286 290 292 293 295 296 300 302 303 304 307 314 316 323 327 328 332 344 345 346 347 352 355 357 359 362 363 369 371 373 374 378 379 382 383 388 390 391 392 394 400 402 411 415 417 426 
254 1 143 149 150 151 152 156 157 158 166 167 169 170 172 173 178 184 188 191 192 198 201 204 211 216 233 240 241 242 243 244 246 247 252 253 255 257 258 277 280 281 284 285 294 296 299 300 301 302 305 307 308 311 313 320 324 327 329 330 331 332 336 338 343 351 352 353 355 364 367 372 378 383 385 387 390 392 393 394 396 398 399 400 403 407 408 409 410 413 414 415 422 424 425 
267 146 153 154 192 199 202 217 251 269 272 287 312 327 329 341 343 348 368 410 
123 144 146 153 158 161 166 169 186 202 207 208 210 219 222 233 267 270 274 277 278 294 316 323 330 331 332 334 338 348 349 350 351 354 356 368 382 383 389 390 399 408 417 423 
228 143 144 149 153 159 160 161 164 165 166 167 168 169 173 177 180 182 185 188 189 195 200 201 204 208 213 214 216 217 219 223 224 229 236 239 243 246 247 253 261 263 265 270 271 272 273 279 281 283 287 290 292 295 298 302 304 309 310 311 312 315 318 319 323 325 326 329 333 336 337 338 342 343 348 349 356 357 360 362 363 367 368 371 372 373 378 379 380 381 383 384 386 387 390 397 400 405 410 411 416 422 423 425 
106 281 
64 143 148 149 153 161 164 165 168 170 179 180 193 200 201 210 212 215 226 231 239 247 260 262 265 270 272 281 286 293 300 312 324 330 336 349 356 362 384 385 389 390 393 394 409 416 
98 144 147 150 151 152 154 159 163 164 165 166 167 170 171 173 175 177 185 186 187 190 192 201 203 205 207 212 219 220 221 224 225 226 227 229 232 233 234 235 236 238 239 240 242 244 249 250 251 252 255 256 257 258 260 261 262 264 265 266 268 269 271 277 278 281 283 292 295 296 300 301 304 309 315 316 320 323 327 334 341 342 345 348 352 353 361 362 363 364 366 368 375 380 381 382 384 385 393 396 399 403 404 406 408 409 412 413 415 421 422 425 
148 155 157 162 167 168 169 174 178 181 183 188 190 197 208 209 221 222 223 225 231 233 234 241 249 251 254 255 258 261 272 275 280 282 284 288 291 307 309 311 317 320 322 325 329 332 336 340 351 354 361 363 364 369 370 381 382 384 386 397 402 407 410 412 424 
161 162 165 171 191 206 211 216 220 234 268 272 277 286 294 301 306 315 342 346 364 378 391 393 
239 143 155 157 158 159 161 162 165 166 167 168 169 171 172 173 175 178 180 186 188 190 191 200 206 211 217 223 224 227 229 233 236 239 245 248 249 251 253 255 256 258 263 269 278 281 282 284 285 288 290 294 295 308 310 314 315 335 338 339 340 343 344 347 348 349 352 353 354 356 362 363 365 366 377 382 384 391 393 394 401 402 403 415 416 417 421 425 
103 146 148 149 150 151 152 155 158 162 166 169 173 176 183 184 187 194 200 203 208 217 218 224 236 243 246 257 269 282 287 289 291 300 313 317 320 325 326 332 338 340 342 345 351 353 365 370 372 382 388 391 396 403 404 410 411 412 414 416 417 421 425 426 
201 145 155 157 161 162 168 170 176 180 196 198 202 204 211 216 222 230 235 238 244 245 248 254 270 273 278 284 291 292 293 295 299 301 302 311 324 325 326 329 332 334 339 344 348 350 351 352 353 358 365 370 372 373 375 379 380 385 386 387 390 391 392 400 402 414 415 416 418 419 425 
272 221 233 292 316 324 379 
125 165 190 198 226 235 273 332 360 387 
4 157 176 206 274 276 295 308 317 340 368 377 390 405 
243 147 150 153 156 157 160 161 162 166 177 181 195 197 198 199 201 203 209 210 212 219 229 231 234 242 244 247 248 249 256 260 280 293 301 302 310 342 343 358 362 368 378 385 387 388 391 392 393 394 406 407 411 414 418 421 424 425 
191 143 151 155 157 160 162 167 170 172 184 192 196 198 199 202 203 211 212 217 222 227 228 236 240 242 247 248 249 252 256 265 267 271 279 282 283 284 289 294 296 297 304 307 308 314 317 319 321 322 326 332 336 341 346 348 349 350 352 353 355 359 361 362 363 369 372 373 374 383 384 388 389 392 395 397 408 409 418 421 422 426 
14 143 145 147 150 151 153 157 158 159 160 163 164 167 172 178 179 181 185 191 193 195 199 200 202 207 210 212 216 217 219 220 226 227 230 232 241 242 244 245 246 247 249 254 256 257 259 260 266 274 277 280 282 286 287 288 289 291 292 294 297 298 304 305 306 307 310 311 314 315 316 317 319 320 321 323 325 329 333 336 339 340 343 345 360 365 366 369 370 374 376 377 378 379 384 385 386 387 391 392 401 405 410 412 415 420 421 423 
53 150 175 204 230 241 244 245 257 269 271 278 284 297 309 347 355 368 369 373 397 405 
45 184 215 224 234 259 285 290 299 319 324 332 337 340 341 347 371 407 418 
189 1 146 148 153 154 155 158 162 164 166 169 170 171 172 173 177 180 184 191 192 193 195 196 197 198 199 201 202 204 206 211 212 216 219 221 222 223 227 229 231 234 235 236 237 238 239 240 241 242 246 248 255 261 262 264 267 278 279 282 283 286 287 289 296 301 302 305 307 309 311 312 317 319 322 324 326 329 335 336 342 343 347 348 351 353 355 356 358 359 361 370 371 372 374 376 383 384 387 389 391 392 394 397 398 399 400 406 407 410 411 414 420 422 
125 148 164 166 173 185 188 194 197 198 201 210 215 217 225 226 227 231 234 236 238 242 244 252 261 268 273 282 284 285 286 287 292 294 295 301 305 309 318 329 332 337 342 356 357 358 365 368 370 379 384 394 402 403 404 405 406 407 408 418 423 
34 144 150 160 167 171 179 183 184 186 190 200 201 202 204 218 223 229 230 232 234 240 242 247 250 251 252 253 255 260 264 269 272 273 275 292 297 301 305 309 320 325 327 328 333 335 341 343 353 358 360 364 368 374 380 384 385 395 396 398 399 401 402 412 
260 154 161 162 179 196 199 202 211 213 217 218 223 224 235 241 243 249 250 252 257 266 269 292 304 315 320 338 340 343 344 346 354 362 365 367 377 388 389 390 393 401 408 409 414 416 420 423 
102 143 145 151 156 158 160 162 163 167 169 170 172 175 177 183 184 186 187 190 191 194 196 197 201 202 214 215 219 220 224 231 245 253 254 257 259 260 265 266 269 271 272 276 277 278 279 280 281 284 286 293 297 305 311 314 318 320 325 327 329 337 342 345 346 350 354 358 368 381 384 385 391 392 393 394 395 406 407 413 421 422 425 
294 152 154 162 192 211 218 252 262 284 297 309 321 343 360 
136 146 152 157 160 162 169 171 173 177 178 180 182 185 188 190 191 193 196 198 207 208 214 215 217 221 224 226 227 229 232 233 235 239 249 250 255 257 260 262 265 269 274 276 278 279 281 282 284 285 287 289 290 291 292 293 300 307 311 314 315 317 320 323 324 326 328 330 331 332 333 336 338 341 342 344 349 351 354 355 356 359 361 365 366 367 369 379 380 381 382 383 387 389 390 394 397 399 400 403 404 407 408 409 411 413 416 418 425 426 
28 143 147 150 153 154 156 157 158 159 162 167 179 183 186 197 198 202 209 212 222 224 231 232 235 240 248 258 280 283 285 294 296 298 299 309 312 317 321 328 329 343 345 355 360 364 371 373 374 381 385 388 390 392 396 398 399 401 406 408 410 411 413 422 
92 145 156 160 167 174 177 192 200 212 236 238 239 240 241 246 248 251 253 257 259 260 264 265 266 272 273 279 287 288 292 295 301 305 318 323 325 326 331 334 335 336 339 343 349 351 352 354 359 361 364 365 368 369 372 380 382 383 387 400 404 410 411 413 414 420 424 426 
105 143 146 147 150 157 160 165 166 170 172 174 175 177 178 182 185 186 190 191 193 205 206 207 211 213 215 217 226 229 235 240 243 246 247 263 268 276 280 283 284 309 319 329 338 346 347 352 353 356 359 367 370 374 380 390 407 410 414 419 423 426 
15 1 144 147 153 154 156 157 165 169 175 177 178 181 183 190 192 193 195 196 200 204 209 210 211 213 215 216 217 218 222 224 226 231 233 234 235 236 243 246 257 260 263 264 268 269 271 272 279 290 291 292 294 295 297 300 301 308 311 317 318 324 329 330 333 334 337 341 345 351 352 355 357 360 370 371 374 377 387 389 394 395 406 408 410 411 412 413 414 417 418 
279 1 147 159 162 174 183 191 192 197 210 213 217 218 227 234 235 239 246 269 273 280 288 289 296 305 318 321 322 323 331 334 350 367 374 381 385 386 396 399 413 
182 143 146 149 150 151 153 161 164 166 171 176 180 181 182 184 187 190 191 192 196 198 199 200 205 215 216 219 221 222 223 226 231 232 233 234 238 239 240 242 243 245 251 256 257 261 264 266 268 270 274 279 286 287 290 297 298 300 302 306 309 310 314 315 316 317 318 325 326 331 336 341 346 347 348 349 350 357 363 366 368 370 374 377 379 380 383 384 385 387 388 389 390 393 401 403 404 405 406 407 409 413 414 417 419 422 425 426 
48 146 149 150 152 154 157 159 168 170 173 179 180 186 187 188 189 193 196 198 199 200 205 208 212 214 215 219 225 226 227 229 230 232 233 237 238 239 244 246 250 252 253 254 255 258 267 268 270 271 272 273 276 277 280 281 282 284 287 288 291 292 294 295 296 304 310 311 312 313 314 315 317 318 319 337 345 349 352 353 357 360 364 367 369 372 374 376 380 384 385 389 393 395 397 398 401 403 404 406 417 
196 143 146 150 154 157 170 172 176 180 181 184 185 186 189 192 193 195 197 198 208 210 212 213 223 228 231 235 236 239 244 246 248 249 253 259 262 268 270 271 272 274 278 280 285 288 289 294 299 301 302 303 308 311 315 319 324 331 336 339 343 345 351 353 354 357 358 359 363 364 366 369 371 374 376 378 379 380 381 394 396 397 401 402 410 411 418 422 424 425 
24 143 154 166 175 178 183 193 195 199 200 202 211 214 215 219 225 226 227 228 232 235 237 239 240 245 265 266 268 271 275 280 283 285 286 289 291 293 294 296 303 306 307 313 324 325 329 335 341 344 348 350 351 353 354 359 367 372 375 376 377 378 382 384 386 388 390 396 404 410 413 414 415 419 420 423 424 426 
217 144 150 154 156 157 169 171 172 185 186 189 191 193 195 207 215 222 232 233 234 235 236 252 253 257 265 268 284 288 294 303 305 307 309 311 313 318 321 332 342 343 348 351 352 354 356 360 380 381 389 391 404 406 
82 143 153 155 157 158 159 160 161 162 165 167 169 173 175 177 179 183 189 190 194 195 200 205 212 213 214 215 216 217 218 219 220 222 225 226 230 234 235 242 245 247 254 257 263 267 268 269 277 281 284 286 287 290 291 293 294 295 296 307 309 310 311 312 313 315 337 340 341 348 355 357 361 365 366 367 373 375 379 383 386 388 390 399 403 406 411 413 414 416 419 420 
227 144 149 154 168 171 172 176 179 180 181 183 184 186 206 207 211 220 221 226 229 230 236 238 245 246 255 262 266 269 270 273 275 279 282 288 291 296 300 302 303 306 312 313 320 323 325 330 337 344 346 347 349 353 360 362 363 366 378 379 390 393 396 398 403 405 426 
200 143 145 152 159 161 170 176 177 216 231 256 257 259 272 276 290 291 293 298 307 312 317 324 332 333 335 342 349 350 353 359 362 367 370 385 386 400 402 409 416 421 
248 143 163 175 178 191 196 202 205 221 235 241 254 264 269 283 286 291 298 300 320 343 347 354 356 363 365 368 375 384 394 397 408 409 410 
192 143 144 149 157 158 159 164 167 175 178 179 181 182 184 188 193 194 196 197 199 201 208 217 221 227 239 241 250 251 252 255 258 261 266 267 279 284 286 289 292 294 296 298 299 311 313 314 324 329 337 339 342 345 347 350 351 352 358 359 365 366 368 371 373 375 383 387 391 394 396 401 403 410 418 
107 146 148 149 167 169 186 224 256 260 282 299 307 325 339 363 375 393 403 416 419 423 
284 152 157 183 191 192 204 205 206 222 225 228 234 242 250 256 275 276 278 282 287 290 336 338 339 341 352 354 360 364 365 366 367 368 369 373 387 389 390 393 395 398 401 402 403 412 413 418 419 422 
71 1 146 152 154 181 187 199 220 222 227 235 247 250 272 274 275 279 296 297 302 305 307 313 321 325 326 327 333 342 351 352 369 374 386 387 393 394 401 402 409 414 
60 143 144 147 155 160 162 168 176 179 180 182 186 189 190 193 197 200 207 208 210 213 214 215 217 220 224 227 230 231 232 234 241 243 244 246 247 249 250 251 252 253 257 265 266 269 272 273 275 276 284 288 289 290 291 298 299 301 305 307 308 312 319 320 322 326 331 333 335 338 339 341 346 348 353 356 357 358 359 368 369 370 374 375 385 388 390 391 392 399 403 407 409 414 418 420 422 
46 146 149 150 156 185 195 199 225 241 248 250 259 264 279 284 286 293 323 329 334 337 341 357 371 379 388 390 404 407 410 414 415 426 
43 143 146 156 158 160 162 171 179 182 184 189 197 198 200 202 213 216 224 225 226 232 242 249 250 252 254 261 265 273 279 295 298 299 300 316 325 330 333 347 355 356 357 366 377 378 394 396 398 399 400 401 416 
196 145 149 154 157 166 168 170 177 178 180 183 185 187 188 189 209 211 218 224 228 233 237 241 247 252 266 297 309 313 338 340 342 350 356 360 371 373 375 387 389 391 392 393 398 401 412 413 417 419 421 
259 143 150 177 180 181 182 183 195 196 197 221 227 246 255 281 294 323 330 335 341 350 351 368 379 383 390 392 398 413 416 419 
236 1 143 144 147 149 152 155 158 159 163 165 172 176 185 187 191 196 200 201 206 207 213 214 221 223 224 231 232 235 239 243 248 251 254 255 258 266 272 274 275 276 281 285 286 287 292 294 304 308 312 313 314 316 319 320 321 322 327 340 341 344 350 353 354 356 361 364 367 370 372 374 376 377 384 388 390 395 399 401 402 403 406 407 412 416 421 422 423 424 426 
254 149 156 159 160 165 166 169 170 179 185 188 213 239 260 280 297 299 300 302 305 306 315 326 329 331 359 361 367 377 392 399 407 411 413 
281 194 256 85 185 297 24 167 127 125 78 102 133 288 257 47 65 105 253 194 130 162 261 197 109 165 48 241 174 51 76 199 220 62 121 207 229 22 223 214 50 272 12 188 281 132 78 57 236 94 213 60 90 69 52 102 131 67 43 18 64 208 199 183 194 221 228 77 110 201 61 35 124 36 248 202 69 25 179 16 224 19 241 81 280 157 238 63 73 170 32 178 103 65 137 232 67 116 83 71 292 198 12 47 131 134 132 6 135 218 72 174 130 54 83 174 64 251 259 253 67 258 226 197 209 292 16 133 90 44 29 74 255 276 129 63 194 272 80 194 122 235 48 119 292 174 10 178 255 138 36 68 95 138 216 258 175 272 29 39 278 159 300 293 227 99 6 82 268 290 31 15 35 190 181 175 191 130 12 87 52 53 108 87 208 299 136 85 134 281 64 65 170 293 190 167 7 24 57 83 55 203 119 35 53 5 108 147 147 112 54 233 70 112 172 137 224 217 194 66 90 174 156 119 155 80 27 38 213 56 126 169 22 283 2 202 127 38 204 125 253 233 56 280 277 137 178 32 296 249 11 30 297 153 177 266 101 42 116 155 11 249 12 189 221 245 279 276 13 129 148 79 296 196 61 84 142 98 26 86 110 266 149 180 225 39 199 5 295 241 201 108 7 53 111 206 185 167 87 205 86 268 68 35 205 248 49 54 177 227 293 264 200 267 8 150 29 76 187 262 71 252 145 210 39 279 88 131 260 242 200 73 143 129 148 110 196 39 247 164 63 292 268 285 177 138 213 233 121 277 3 175 102 63 47 184 299 257 5 171 68 14 19 284 124 273 298 66 105 133 224 285 138 59 140 271 44 244 189 190 212 197 115 28 262 285 227 59 201 209 226 134 230 33 1 162 200 162 79 259 135 125 283 52 8 185 225 9 256 93 115 217 206 182 174 26 252 200 190 298 269 153 239 299 60 272 
