286 429
129 148 156 161 165 166 167 169 176 178 179 182 184 185 186 188 192 198 199 201 205 208 220 221 226 229 231 233 235 238 239 242 250 252 253 254 256 258 267 268 271 275 277 278 286 289 290 291 294 295 300 301 302 308 313 314 315 316 321 322 326 328 332 334 337 338 345 346 348 349 350 353 354 355 356 357 360 361 362 365 366 367 373 374 375 380 381 384 386 389 391 396 400 403 404 405 409 412 413 414 415 419 420 427 429 
133 144 160 161 164 167 181 183 189 192 193 199 202 209 215 226 229 246 253 259 261 264 265 270 272 276 278 280 282 289 301 305 309 319 323 324 333 339 341 342 348 352 354 361 363 381 390 395 398 399 401 408 412 419 425 
225 151 154 155 157 161 165 173 174 175 177 188 194 196 197 200 203 208 210 214 218 223 224 229 230 233 234 237 239 240 241 245 247 248 249 250 255 261 265 273 276 282 288 292 295 297 298 306 313 315 319 326 329 335 338 347 356 357 363 368 372 377 378 379 380 381 382 385 389 391 392 395 397 413 417 418 422 427 
285 145 153 160 163 175 176 178 186 227 232 234 244 253 258 261 269 273 290 295 302 311 322 325 328 339 346 348 363 366 383 389 391 392 395 397 400 409 
294 1 144 147 148 151 152 153 154 157 159 160 165 167 169 170 175 177 179 180 181 182 184 185 187 188 189 193 195 198 201 203 208 209 210 212 215 218 222 223 226 227 230 231 233 237 242 246 253 254 261 262 267 269 274 276 284 287 289 296 297 300 305 317 318 322 324 329 332 334 335 347 358 362 366 367 370 371 372 375 380 382 386 389 392 400 402 404 408 409 413 419 420 423 424 
224 149 152 156 163 182 184 187 193 194 211 212 223 229 259 265 267 287 303 311 318 335 339 344 358 362 372 374 378 389 397 398 411 
272 144 149 174 182 186 202 210 217 235 261 263 290 328 334 336 344 360 401 427 
206 144 148 149 150 153 155 156 157 168 171 174 175 176 178 180 184 186 188 193 196 204 207 209 216 220 222 224 230 231 236 240 241 242 253 257 258 262 268 271 273 274 275 279 281 282 283 285 287 290 292 298 304 305 306 311 318 323 324 331 332 333 334 338 342 343 344 345 346 348 350 351 352 355 357 360 361 366 367 374 377 381 383 388 389 392 393 395 399 401 404 411 414 415 419 422 423 425 426 
121 147 164 172 193 236 248 260 265 283 287 298 323 329 330 356 376 386 426 
214 1 148 160 161 165 178 185 187 189 191 193 200 202 213 222 236 241 256 267 274 278 286 287 288 296 299 324 325 334 336 344 360 365 367 371 376 383 384 387 408 429 
269 146 149 151 157 161 165 167 168 170 171 173 175 182 183 184 188 197 199 201 203 207 220 222 228 230 231 242 256 258 262 265 266 271 272 278 284 285 286 289 291 294 298 306 308 309 319 324 327 332 338 346 349 359 372 373 375 376 382 389 390 398 402 403 407 408 409 413 420 422 423 
161 1 145 160 161 166 167 169 171 173 174 175 176 177 180 182 185 189 196 197 201 202 203 205 207 209 210 211 214 217 219 220 222 225 226 237 245 246 248 250 262 264 266 269 270 273 277 279 281 283 284 288 293 294 295 296 300 301 303 304 311 313 318 323 324 326 331 334 338 339 341 342 343 344 347 348 351 358 365 368 371 373 375 377 383 384 385 386 388 392 394 396 398 403 407 410 415 416 419 422 423 424 428 
9 192 213 243 247 256 263 304 310 333 344 345 429 
19 1 151 156 162 166 169 171 178 190 193 197 202 203 218 220 232 233 250 273 293 296 303 313 314 316 359 365 368 382 384 386 390 397 398 411 422 429 
66 144 147 153 162 164 168 175 178 183 188 191 192 194 196 197 202 209 211 212 223 233 241 242 244 249 251 253 256 257 266 267 269 271 283 289 299 300 307 309 316 317 318 319 321 344 346 349 353 355 356 363 369 371 373 374 376 386 387 388 394 419 421 
21 1 147 148 152 163 164 172 175 184 187 191 192 195 196 197 203 209 212 216 217 219 224 225 226 230 231 234 236 238 240 241 243 246 253 255 256 259 274 278 280 283 287 288 290 292 298 299 302 303 304 306 308 309 310 312 315 325 326 329 331 335 338 339 344 350 351 361 363 367 368 369 373 382 383 391 392 393 398 405 413 414 417 419 421 427 428 
46 148 149 151 154 158 162 165 166 170 172 179 183 185 192 195 201 205 206 207 209 218 220 221 224 232 235 241 243 246 248 253 258 265 269 281 282 287 294 296 299 303 313 316 322 323 324 326 329 332 335 338 339 350 351 355 357 358 360 364 374 376 378 384 390 396 399 402 404 419 420 424 427 
12 153 157 170 174 189 198 199 214 215 231 251 253 258 262 277 279 280 285 293 296 298 317 319 328 339 353 357 360 364 365 394 395 398 423 424 
90 1 144 146 149 151 152 153 160 167 177 179 183 185 186 188 195 201 212 218 221 222 227 228 245 252 255 263 281 288 292 293 297 299 301 304 305 308 309 310 311 314 329 331 339 344 348 349 353 368 371 373 380 382 383 387 389 390 401 403 409 414 416 417 418 419 423 424 
233 161 166 175 180 205 215 224 231 245 249 253 258 263 264 266 268 271 275 276 279 283 285 287 288 289 297 307 311 313 316 328 330 331 334 338 341 346 348 353 355 362 366 370 374 390 394 395 397 398 404 407 419 420 429 
64 145 151 154 156 165 166 171 172 178 184 186 190 191 195 196 197 198 199 200 205 206 209 214 218 220 223 228 229 236 239 242 243 253 255 261 263 267 268 273 274 275 277 290 295 297 302 304 306 307 311 312 313 326 327 340 343 345 346 348 351 355 357 368 371 373 375 376 377 382 386 388 391 392 393 400 401 407 408 409 410 411 413 415 425 426 428 429 
173 1 144 149 164 165 170 177 185 188 192 193 197 199 203 205 208 212 217 221 222 225 227 231 239 241 242 244 247 249 254 257 258 261 262 267 268 269 275 280 281 285 288 291 295 300 304 307 312 315 316 320 321 326 331 333 339 344 346 350 351 352 356 362 369 373 374 398 404 405 408 410 417 419 420 428 
102 147 148 157 160 165 174 175 179 184 185 193 194 197 202 205 214 217 218 220 224 232 236 238 239 240 243 244 254 259 301 304 311 314 318 321 325 333 349 368 369 371 374 378 390 405 407 411 412 416 418 423 
170 148 150 151 152 153 156 157 161 163 165 167 170 172 176 181 182 185 192 194 196 204 207 209 218 223 227 229 230 239 241 245 246 250 256 258 261 262 264 268 271 272 276 280 285 287 290 291 294 295 297 299 301 305 308 320 326 329 336 349 355 356 366 367 368 370 372 381 386 388 392 400 403 404 405 412 413 414 418 
65 144 155 175 178 184 187 193 199 202 205 212 222 224 236 238 244 245 252 267 275 276 279 295 324 330 343 345 347 348 349 356 358 360 361 364 375 380 382 390 394 396 401 403 408 418 419 426 427 429 
26 149 167 170 182 190 207 211 233 237 247 251 252 255 269 286 287 301 308 310 317 318 327 332 333 335 347 351 355 358 361 364 366 367 371 373 385 387 391 402 416 419 426 
162 1 151 158 163 169 172 173 190 204 205 206 216 222 223 234 235 242 243 245 255 256 258 259 267 271 276 281 285 286 289 290 292 293 295 308 310 316 317 330 331 334 340 343 345 348 349 352 353 357 372 378 383 385 386 388 394 396 400 403 405 408 410 411 418 420 422 
4 145 150 153 154 155 159 161 162 164 166 169 170 175 176 178 182 192 193 201 204 205 208 209 217 218 220 223 230 237 241 242 243 245 250 252 253 254 257 258 259 262 264 265 266 271 272 276 278 279 281 284 288 291 294 296 299 300 301 302 306 309 311 318 319 326 327 329 336 339 344 345 348 351 356 358 360 364 368 373 374 376 383 385 386 389 393 394 397 399 401 403 405 409 411 414 415 416 418 426 429 
16 1 147 158 164 168 169 170 172 174 181 184 186 192 194 202 204 206 207 208 210 212 221 223 226 232 236 253 254 255 272 278 281 289 294 300 318 319 320 328 329 330 333 336 344 346 351 361 363 367 370 374 376 385 386 396 397 401 406 409 410 412 415 420 422 423 426 
266 146 147 148 153 155 157 158 159 162 166 167 173 179 182 183 187 192 196 197 199 200 201 208 209 212 220 223 224 226 233 247 248 251 256 261 265 272 273 274 275 281 282 289 290 298 304 313 315 316 318 323 325 327 328 331 344 345 350 355 360 366 371 373 376 377 378 386 388 390 396 405 406 408 409 412 413 414 417 424 
99 144 147 155 161 165 171 172 174 182 183 184 188 193 196 198 206 207 208 209 210 213 214 216 219 221 223 225 230 233 241 242 245 248 252 274 278 281 289 306 308 309 331 334 335 338 339 342 346 349 350 351 352 358 377 381 387 392 394 419 427 
252 144 147 156 166 174 177 178 182 184 189 190 201 212 214 215 226 227 241 242 245 248 249 253 275 276 280 281 284 295 297 303 309 312 335 339 346 350 382 383 384 390 391 392 395 404 407 409 412 
111 293 
244 1 144 147 153 159 164 165 167 174 175 176 187 193 200 201 207 208 215 217 220 228 231 235 243 247 249 251 259 260 261 262 265 268 270 272 277 280 292 293 295 299 301 303 307 309 310 311 314 317 318 322 325 326 332 333 334 343 344 345 349 351 352 354 356 360 367 372 373 374 376 381 385 394 395 396 397 400 401 402 404 406 407 412 413 414 419 420 421 426 428 
38 150 154 159 163 165 193 196 204 206 238 246 283 286 290 301 329 335 337 378 399 404 409 428 429 
70 153 154 161 163 164 176 178 182 189 193 201 202 206 207 210 217 218 224 254 257 261 277 278 282 283 294 295 304 307 312 327 329 330 333 339 341 346 348 358 360 364 373 374 375 376 380 384 389 394 400 401 403 405 412 413 422 425 428 
46 148 151 154 163 166 171 176 184 186 192 196 200 202 203 209 212 213 214 226 227 236 240 245 254 264 265 269 270 271 272 273 274 276 281 282 283 288 294 296 298 304 305 306 310 312 313 318 323 325 327 328 329 332 337 342 346 354 356 357 359 360 366 371 374 376 390 395 410 412 415 418 422 426 
245 1 145 146 148 150 151 152 153 155 160 169 171 172 175 181 185 186 189 190 196 197 208 209 210 215 216 218 229 231 236 243 245 248 249 252 256 257 264 266 273 276 277 284 285 286 296 297 301 302 303 312 315 316 318 320 321 322 325 329 333 334 338 340 341 344 345 353 360 369 370 373 374 380 381 384 388 390 394 398 399 400 401 402 404 407 408 410 411 415 419 
256 157 158 164 167 174 176 187 197 213 217 233 242 245 253 265 291 293 305 318 329 332 349 361 376 384 390 391 417 
39 1 144 146 148 149 150 152 153 164 169 170 171 176 177 181 183 184 187 190 191 192 194 200 201 202 205 206 208 211 214 215 219 227 229 230 231 232 235 236 240 243 245 246 250 252 258 260 262 263 264 275 277 283 285 286 287 291 295 297 301 305 306 310 311 312 320 321 323 328 333 336 340 344 346 349 350 351 352 355 358 359 362 365 371 372 373 375 381 382 384 389 390 392 397 404 406 409 410 411 413 418 428 429 
204 144 145 146 155 166 170 180 182 184 185 186 191 206 214 216 219 221 222 227 241 242 245 255 256 257 266 279 283 286 289 294 295 297 316 321 323 328 329 339 341 351 359 361 362 366 371 377 379 382 384 393 402 407 409 412 413 420 422 423 429 
32 1 148 150 152 154 157 165 169 171 174 177 178 179 180 184 186 195 197 198 208 209 210 211 212 213 215 217 218 219 220 223 234 235 236 237 240 253 255 264 268 272 274 278 279 281 285 287 289 290 291 293 298 301 302 309 310 312 314 317 318 320 321 328 332 336 337 338 350 352 359 360 366 368 369 371 376 377 382 388 389 390 393 399 403 406 409 410 415 418 419 
220 1 144 145 147 148 155 160 161 165 167 176 177 178 180 188 191 194 195 196 198 200 201 203 207 208 210 213 215 216 225 232 234 235 247 255 262 263 268 269 276 279 288 291 293 294 295 303 308 311 321 328 341 347 348 356 361 370 371 372 374 381 388 391 393 400 409 412 419 423 424 429 
129 144 149 153 160 165 166 172 173 178 182 193 195 196 197 203 210 212 215 217 218 220 221 222 237 238 242 243 245 247 249 251 262 263 264 269 277 278 280 281 282 288 291 294 298 304 307 311 312 315 319 323 324 327 329 347 354 356 358 371 375 379 380 382 383 385 390 392 405 407 410 411 420 421 422 426 427 
170 1 146 151 158 167 175 178 179 183 196 197 200 203 206 207 208 210 211 218 220 222 227 228 229 233 235 236 244 247 248 251 252 255 256 259 264 268 275 277 279 280 286 288 289 292 293 295 296 319 321 330 331 333 338 341 342 344 345 350 353 354 356 358 361 362 367 375 377 378 382 383 387 388 392 393 396 398 402 403 405 407 408 414 417 420 422 425 
77 1 147 149 157 161 162 170 174 176 179 180 186 197 206 209 212 213 215 219 229 233 236 240 241 242 245 254 257 258 260 261 263 267 268 283 286 288 289 292 297 304 311 316 317 319 323 325 328 329 331 334 342 350 360 361 366 367 377 389 391 395 396 404 412 
73 156 158 169 182 197 204 205 231 235 242 246 261 264 274 277 282 295 338 352 360 363 366 372 394 415 417 426 
175 146 147 149 154 165 173 177 178 180 181 193 194 197 199 202 203 205 208 210 211 223 225 229 231 234 237 241 243 250 259 266 268 271 273 274 275 276 279 285 287 288 291 297 299 300 302 304 305 307 310 311 314 317 319 320 325 329 330 332 333 340 351 357 363 367 369 373 375 376 377 380 384 386 391 396 398 399 400 402 405 413 418 420 425 426 429 
193 150 154 164 181 195 199 201 204 205 208 209 220 221 225 226 228 234 239 240 243 253 256 258 269 283 298 299 303 308 329 330 338 343 358 364 378 383 394 404 406 416 419 
149 149 163 174 176 182 194 196 204 212 214 216 225 227 228 232 237 238 244 268 273 293 294 298 308 311 330 336 339 340 365 391 396 417 424 425 428 
276 144 145 149 152 160 161 165 168 174 175 177 178 181 182 184 185 187 189 190 193 197 198 201 203 212 215 217 218 219 220 221 223 224 226 229 240 241 242 245 248 251 252 253 255 261 267 271 272 274 280 284 286 287 290 293 298 305 306 308 309 311 313 314 324 325 327 328 329 330 331 333 335 336 337 339 340 342 343 344 354 357 358 368 369 378 379 380 382 385 387 393 395 398 401 405 406 410 412 413 417 421 423 426 
232 145 146 151 160 163 166 175 181 186 188 192 194 198 204 211 214 217 221 222 224 225 227 228 230 236 237 241 243 250 254 259 263 270 277 285 299 300 302 304 308 310 318 320 324 325 327 330 345 368 371 373 385 387 389 390 395 397 403 413 414 419 423 425 
284 148 158 176 179 204 209 242 248 262 279 296 302 324 370 
86 152 156 182 185 281 283 313 321 341 377 384 387 394 415 424 
196 1 153 156 159 164 167 172 175 178 179 185 189 192 193 205 206 207 210 212 214 219 224 234 237 240 243 247 250 254 257 261 262 268 272 279 288 293 296 297 299 319 321 322 327 331 333 334 336 339 341 344 347 348 350 351 352 355 357 361 367 369 373 397 401 402 411 422 429 
38 145 149 152 157 158 159 160 163 165 167 171 174 178 179 180 181 184 187 190 193 197 200 205 206 208 214 215 216 217 222 231 232 234 236 238 241 243 245 252 253 257 261 263 266 269 273 282 283 284 286 291 294 295 296 297 307 308 310 311 317 320 322 323 326 327 332 333 335 340 341 345 346 347 349 350 354 356 358 360 361 362 363 364 365 368 369 371 377 378 379 383 388 392 393 395 397 398 399 400 403 405 406 409 410 411 416 417 420 425 428 429 
185 144 149 150 152 153 154 157 158 159 160 163 172 177 182 185 186 187 190 192 196 201 209 210 216 217 219 223 225 226 227 234 239 240 245 252 253 257 261 265 269 279 289 290 291 294 296 301 302 303 305 312 315 318 323 328 330 331 335 336 338 340 342 350 356 366 369 370 373 381 384 385 388 393 399 403 404 406 408 409 411 414 416 417 418 426 428 
182 146 154 160 161 166 167 168 175 178 180 181 182 185 192 194 196 199 201 203 204 207 208 212 213 217 218 227 231 232 234 237 243 244 251 257 259 262 263 265 271 272 273 277 281 282 288 289 290 292 300 304 306 307 308 312 314 317 319 325 328 331 335 336 337 338 343 350 354 355 356 357 361 367 369 370 371 372 373 374 378 380 387 393 394 397 401 406 407 410 411 412 413 416 418 422 428 
46 1 149 150 158 163 168 172 175 182 187 192 193 200 202 206 209 211 214 215 219 234 239 252 261 263 272 282 285 290 293 298 299 301 307 312 313 333 334 336 338 345 357 362 364 365 369 373 382 400 401 402 408 409 412 414 416 421 424 
160 368 
263 147 148 151 153 154 156 160 163 164 165 167 168 169 171 172 173 175 177 179 185 188 189 193 194 198 200 205 206 209 210 211 212 215 218 222 224 226 228 229 231 233 241 243 244 245 248 250 251 254 259 260 261 265 270 272 275 277 283 285 295 296 297 298 299 306 309 310 312 323 333 335 336 337 339 353 354 365 370 372 374 377 379 392 393 394 397 398 401 403 410 412 413 415 416 417 420 426 428 429 
271 1 148 151 158 170 180 184 186 191 202 203 216 218 220 224 225 226 238 241 251 252 260 261 275 285 306 317 324 332 340 346 353 358 366 380 390 400 410 412 
14 145 147 154 158 159 163 164 179 182 184 193 196 199 216 224 229 248 249 254 262 271 277 283 286 290 292 314 322 328 329 344 351 364 381 392 399 400 409 411 420 
237 215 221 279 410 424 
239 1 149 150 153 159 160 165 166 177 180 183 191 193 197 199 200 206 207 208 210 217 220 223 226 229 232 236 238 239 240 242 249 256 257 258 259 261 262 263 267 271 274 276 277 278 280 284 287 290 295 297 298 301 302 304 305 312 314 320 321 323 324 328 329 331 337 342 345 347 348 349 350 351 353 356 357 358 359 365 366 368 372 374 377 378 381 387 388 389 392 393 397 398 401 402 403 411 412 413 414 416 417 418 421 425 426 
201 146 150 153 155 160 166 173 193 196 198 199 201 202 203 205 215 216 218 222 228 229 231 233 237 242 243 244 246 248 249 250 261 263 264 267 269 271 275 277 279 280 282 284 285 286 287 289 294 296 298 299 301 303 304 308 317 321 325 329 330 336 337 350 352 355 357 358 364 371 375 380 381 382 383 384 387 392 396 397 404 405 410 416 417 423 424 425 428 
126 1 150 161 162 163 165 168 170 175 180 182 183 184 186 188 190 193 194 195 197 199 203 204 206 207 209 210 212 213 216 222 224 225 227 231 238 247 252 255 256 262 263 274 275 281 284 290 293 294 296 297 299 302 306 309 311 320 324 327 329 330 340 344 345 352 361 371 374 381 385 387 389 391 392 393 394 396 397 399 410 411 416 417 421 429 
182 146 151 163 164 168 170 171 172 173 174 175 176 179 181 182 186 201 207 213 214 219 226 231 232 237 239 241 243 247 249 257 258 265 269 270 274 276 278 279 284 293 297 299 300 303 305 306 314 317 320 322 324 328 330 332 334 356 357 358 360 362 366 369 371 378 381 383 386 388 389 390 394 400 405 410 416 420 422 424 427 
60 144 153 154 156 158 159 161 162 163 165 167 171 173 175 182 183 186 191 192 194 196 201 202 203 210 212 227 228 232 236 239 240 245 247 251 252 254 260 265 267 268 269 273 278 279 280 281 282 286 287 296 300 302 304 306 312 314 315 322 323 324 327 331 341 343 344 349 354 356 359 361 368 369 376 379 380 382 384 395 397 404 407 408 409 414 418 420 421 427 
151 144 147 150 152 153 160 161 164 167 172 174 183 187 189 198 200 206 207 210 215 216 220 222 231 232 235 236 241 251 255 263 264 268 272 275 279 281 282 284 285 286 290 291 292 296 297 298 300 308 313 315 319 320 321 326 330 336 342 343 346 348 362 364 367 371 378 380 387 390 396 397 402 403 407 408 409 412 413 414 415 417 421 423 426 
229 148 153 154 156 158 160 161 163 165 166 167 168 171 172 173 178 179 180 181 182 187 188 191 197 198 201 203 204 206 208 209 212 215 227 230 231 239 242 243 244 245 246 247 254 257 258 261 263 264 266 267 269 273 277 278 280 282 283 285 289 291 293 296 297 298 299 301 302 304 307 313 315 316 317 321 322 323 324 328 330 334 335 340 344 346 350 355 360 365 369 371 374 377 380 381 382 383 386 387 390 392 394 395 397 405 407 408 410 417 420 426 428 
198 1 149 150 152 170 175 182 184 200 204 206 207 213 217 223 232 238 248 250 272 282 284 285 287 289 292 296 303 306 309 311 313 314 324 327 331 334 335 342 344 345 348 349 354 355 363 364 372 374 377 383 387 401 418 429 
181 145 161 171 176 178 185 188 193 198 200 204 214 217 220 241 244 249 262 263 280 285 293 294 296 301 307 311 335 341 348 355 362 369 376 380 381 387 394 395 399 426 
288 146 148 153 157 159 161 169 170 175 176 177 185 186 190 198 200 202 204 205 219 220 223 225 233 238 239 241 242 244 250 255 259 261 263 267 269 273 274 276 279 296 301 306 312 319 334 338 339 342 343 345 346 348 352 353 354 362 366 367 369 373 374 377 386 387 389 393 396 397 404 405 416 423 424 425 
175 1 145 146 147 149 150 152 159 161 165 167 170 172 174 176 199 200 204 206 210 212 213 215 228 229 238 239 243 245 247 253 255 256 261 262 266 268 269 270 271 272 275 276 278 285 287 290 292 293 295 304 309 312 313 316 337 338 339 343 345 352 353 355 357 359 365 366 367 372 373 377 378 380 382 383 390 392 394 400 404 405 406 415 416 423 426 
144 145 148 150 158 159 162 163 165 170 172 174 177 178 179 180 182 189 191 196 197 202 204 205 206 207 208 213 215 217 218 221 225 227 231 234 235 237 240 242 246 248 252 253 255 256 262 265 266 268 269 270 274 277 279 286 287 288 290 292 294 297 298 299 303 304 305 306 309 312 314 315 319 322 323 330 331 332 335 336 338 339 344 345 346 347 350 360 361 362 366 371 375 378 379 380 381 391 393 394 405 406 408 409 413 415 417 418 420 421 423 424 426 427 
106 145 147 150 153 155 158 160 161 165 166 169 173 177 179 185 189 191 192 197 198 200 201 203 206 209 211 213 218 219 220 221 222 223 224 228 232 233 240 246 247 252 253 257 264 266 273 282 286 290 296 297 304 307 308 316 318 321 323 328 329 335 336 338 341 349 350 355 361 362 364 368 374 378 380 399 402 423 424 
228 157 158 162 168 169 171 173 175 176 179 203 209 211 218 225 227 241 242 249 256 257 264 269 271 272 281 285 288 289 305 308 314 318 319 322 323 347 370 380 388 390 393 399 405 410 412 415 421 
53 148 166 167 172 173 174 187 190 199 204 208 209 210 216 226 235 236 237 242 245 247 249 250 259 260 261 263 269 276 278 284 291 296 298 302 312 319 322 330 333 334 340 354 357 366 369 377 380 383 385 386 390 395 401 406 409 412 413 414 415 422 424 426 
281 144 160 165 170 182 192 199 203 207 222 237 245 256 258 259 260 261 268 275 279 287 289 299 300 314 318 319 321 339 341 346 358 359 361 364 371 372 375 376 377 378 404 420 421 424 429 
194 148 161 170 174 182 183 192 207 209 215 228 230 233 275 283 303 306 313 316 336 348 350 370 373 380 390 391 419 
276 148 152 155 159 161 165 169 190 201 206 224 227 235 240 249 297 303 324 326 330 337 339 344 391 399 
126 146 148 150 151 152 153 154 156 158 160 163 167 175 183 184 187 188 189 193 195 198 208 219 233 240 242 243 246 248 251 252 254 258 261 263 264 277 278 290 291 292 297 307 309 312 314 317 320 321 324 327 328 333 334 336 339 342 343 347 353 362 363 368 370 381 387 391 392 400 401 414 416 423 426 427 428 429 
28 145 147 152 153 155 156 160 165 166 167 170 177 178 180 184 186 188 192 193 194 197 202 203 204 208 209 214 215 224 228 231 237 238 242 247 251 254 265 271 276 277 282 284 285 288 292 299 303 304 305 306 310 312 313 314 317 318 324 328 337 344 346 348 355 356 357 360 363 371 378 379 380 382 394 396 400 401 403 406 410 413 414 422 424 426 
213 146 156 173 182 187 190 193 206 232 253 255 273 282 298 316 319 336 360 372 378 392 398 399 407 409 
57 162 248 296 369 370 
229 144 146 148 149 150 164 168 172 173 174 175 176 179 180 185 192 193 204 209 225 229 236 242 248 257 258 264 272 275 279 281 282 292 294 302 303 305 311 312 316 320 323 329 331 337 344 348 349 350 352 360 367 371 373 375 382 384 388 392 393 394 396 400 414 420 423 426 
188 146 148 154 161 162 164 170 180 182 183 189 190 196 199 201 203 207 209 211 214 216 219 220 221 224 226 228 230 236 237 238 241 244 246 250 252 254 255 256 257 258 259 260 261 264 267 271 274 275 277 278 280 282 283 285 293 296 297 301 302 303 304 312 313 314 315 321 322 325 326 327 328 329 331 332 334 336 337 340 341 344 345 346 349 351 353 356 360 361 363 366 367 371 372 373 376 382 383 384 385 393 395 399 406 409 410 416 417 418 422 423 428 
222 159 164 165 167 170 178 180 187 197 198 208 210 218 219 223 227 237 239 241 246 258 260 262 264 271 274 275 279 280 281 285 286 288 293 294 295 296 297 311 316 323 325 328 330 332 346 348 354 356 365 366 370 373 375 376 387 390 392 393 399 400 403 412 415 416 423 
223 144 145 146 147 148 153 159 163 164 172 174 175 180 181 184 186 189 190 192 196 204 205 209 210 212 214 220 222 227 229 232 241 242 243 245 248 250 255 256 257 258 259 260 263 268 272 278 279 284 290 292 293 294 300 301 306 308 309 310 321 326 336 338 342 343 347 348 351 352 353 356 360 364 365 366 373 375 378 382 383 387 395 399 403 405 406 408 411 415 416 418 419 420 423 425 
14 153 163 177 178 186 191 197 200 216 227 231 242 271 291 297 307 312 313 315 325 328 330 331 333 334 337 338 342 346 347 358 367 368 370 378 389 393 394 395 411 412 414 420 425 
285 146 147 151 152 153 154 160 162 163 168 173 192 195 198 201 202 216 217 223 224 225 229 230 233 240 243 256 263 268 271 274 277 278 285 290 292 293 296 303 304 306 309 313 317 319 320 322 327 329 331 333 336 342 343 344 345 347 350 352 363 364 367 368 375 376 378 382 393 394 398 400 403 407 411 415 416 417 424 427 428 
238 161 215 248 299 300 301 302 304 306 312 319 320 329 348 363 366 373 379 403 420 429 
251 1 145 149 163 168 169 170 171 172 178 179 183 185 194 198 201 204 217 219 221 229 234 238 239 240 243 244 247 257 261 262 268 271 275 276 277 279 280 282 286 290 292 297 299 300 301 303 314 315 316 318 319 320 324 326 327 328 334 336 337 356 358 359 361 363 365 367 371 374 376 379 380 383 384 387 399 402 405 406 410 411 412 416 419 420 421 427 428 429 
90 146 148 149 154 160 163 164 165 168 170 172 175 179 183 185 189 197 198 199 202 205 206 207 212 216 217 225 226 228 229 232 233 236 238 240 243 244 247 250 255 257 258 260 266 267 268 270 272 273 274 276 277 282 284 288 296 298 299 302 304 306 307 311 313 317 320 327 329 330 333 343 347 348 352 354 355 357 362 364 365 371 374 375 376 377 386 387 388 390 392 396 397 399 400 403 404 406 407 409 411 412 413 418 421 425 428 
279 154 155 158 159 160 162 166 172 174 177 182 185 191 194 198 203 208 212 213 221 224 227 235 238 244 246 254 261 266 268 270 272 273 277 279 280 281 282 284 285 293 300 302 304 305 306 310 313 315 318 322 325 331 341 342 348 349 352 359 360 361 364 366 369 374 375 376 377 378 382 385 386 388 390 393 394 395 396 399 400 401 403 404 408 412 413 426 427 
158 145 155 162 164 170 173 178 181 184 188 189 201 202 203 204 212 213 219 220 225 228 234 238 245 246 257 262 263 264 266 267 271 273 281 282 284 292 297 301 307 323 330 331 333 338 340 345 349 350 363 377 388 395 397 398 403 408 409 412 417 420 421 425 428 
202 1 146 148 150 155 160 161 164 166 172 173 176 177 181 184 186 189 190 191 192 193 196 201 204 205 209 215 220 222 224 225 232 233 236 237 238 239 240 243 244 246 250 252 255 260 261 266 268 275 276 277 280 282 284 288 289 295 301 310 311 315 319 323 324 325 326 328 330 331 333 340 343 345 346 351 352 354 358 359 361 363 364 365 373 374 375 377 379 380 386 389 390 395 398 399 400 401 403 404 409 414 415 417 420 425 427 428 429 
189 152 153 185 236 253 302 312 313 319 323 383 400 410 416 425 
104 159 167 172 177 179 185 188 195 201 234 249 272 291 302 307 310 313 320 336 337 339 340 341 351 356 364 381 387 403 406 410 411 413 426 429 
166 1 145 146 147 154 155 157 159 161 163 164 168 176 178 182 186 187 189 192 193 197 204 205 206 209 214 217 218 219 220 225 227 232 233 238 239 243 248 249 251 257 258 264 267 268 271 275 277 279 280 281 285 294 299 302 304 308 309 311 312 313 316 317 318 320 321 325 326 327 329 332 335 336 337 340 347 349 352 362 363 376 379 382 391 392 395 399 401 403 404 405 406 418 421 426 
164 149 151 152 154 155 156 157 158 159 160 161 166 168 170 174 175 178 180 185 190 193 195 196 202 206 207 214 215 217 220 222 223 225 228 241 242 243 245 249 252 253 254 255 256 258 260 265 266 267 269 271 273 279 282 290 296 297 299 307 320 321 323 326 329 332 333 336 337 338 343 345 347 353 356 358 359 362 367 368 369 371 372 379 380 381 385 387 391 392 393 394 396 398 399 410 411 412 413 415 418 425 428 
46 144 151 153 164 185 187 189 190 204 207 209 210 211 228 229 234 235 242 243 251 262 265 267 269 272 278 285 288 291 292 299 308 309 311 314 320 323 325 327 328 333 346 349 351 363 366 369 370 371 387 409 411 418 423 425 426 429 
242 151 155 157 162 165 166 168 169 171 182 183 184 186 188 191 193 198 204 209 216 217 219 221 230 233 241 242 245 247 249 251 254 255 257 258 259 260 262 263 264 275 282 284 293 295 296 297 299 300 309 317 321 322 326 327 332 334 337 340 342 343 352 354 355 359 362 364 370 371 374 378 388 389 395 396 401 402 404 425 426 
113 149 150 154 155 158 159 161 163 164 165 167 169 171 172 180 186 190 191 192 196 207 211 214 219 220 221 223 224 225 226 227 231 232 233 238 239 246 247 251 252 253 254 258 259 260 263 266 267 270 274 277 279 280 281 283 285 287 293 300 307 308 309 310 311 317 318 319 323 324 327 328 329 330 332 336 338 340 343 344 347 355 356 358 364 365 367 372 380 381 382 384 388 398 402 411 413 414 415 416 419 420 422 424 429 
156 146 147 159 171 175 184 188 190 199 201 205 208 210 212 215 217 218 226 228 241 252 253 262 264 265 276 278 283 288 289 290 296 306 310 312 326 345 351 353 360 364 367 373 381 386 387 392 398 413 415 
54 148 153 155 160 162 164 167 169 170 177 178 179 180 181 182 187 190 197 202 208 209 211 212 218 220 223 226 228 232 234 235 242 249 250 253 254 256 259 260 261 262 263 265 266 271 274 282 283 284 285 290 294 295 298 301 304 306 314 315 323 324 330 331 337 338 344 351 352 355 361 362 364 371 379 382 383 386 389 390 391 392 393 404 405 407 409 414 416 417 419 422 425 426 429 
38 1 146 150 151 153 155 156 159 160 165 169 171 175 177 178 195 200 201 203 206 207 210 216 217 221 222 227 229 240 242 244 250 253 256 257 261 268 269 270 274 278 279 280 284 285 288 294 295 297 301 304 307 312 317 320 321 322 323 325 327 337 340 341 344 345 346 349 350 351 355 356 358 359 363 364 368 373 378 380 386 391 394 399 405 415 416 418 422 424 426 428 
182 213 227 349 
291 144 145 150 154 155 160 161 169 170 175 179 180 182 184 186 188 190 191 193 194 196 198 200 201 204 208 211 212 214 216 218 223 227 230 231 232 237 246 248 250 262 266 267 269 270 271 274 275 276 278 281 282 289 290 292 295 296 299 302 303 305 307 308 316 319 321 324 325 326 336 337 338 341 342 343 344 347 350 351 356 362 363 366 368 369 371 372 374 375 382 383 384 388 389 392 394 395 397 400 402 403 404 412 414 415 419 421 422 424 427 428 
128 144 147 150 155 156 157 158 162 164 167 172 178 183 185 186 187 189 195 197 201 205 207 210 214 216 220 222 224 226 230 232 234 235 236 237 238 241 244 246 247 249 250 259 262 265 266 268 275 277 279 283 286 294 297 298 299 312 317 324 326 330 332 335 337 338 340 341 342 343 346 360 363 364 367 368 374 375 379 381 384 386 390 393 397 403 408 415 416 419 420 421 422 424 426 427 
282 1 145 153 159 160 161 166 167 171 173 175 176 179 191 196 197 198 199 201 211 213 214 220 223 225 227 228 234 238 240 254 255 256 257 258 260 261 262 265 266 276 277 280 283 284 285 296 299 304 306 311 319 320 325 329 330 337 338 342 343 354 356 357 358 362 365 366 371 374 375 382 383 387 393 394 395 398 403 406 417 420 423 429 
234 1 144 155 157 169 175 178 179 181 184 192 196 203 222 236 243 252 267 275 288 290 293 296 316 321 326 329 331 340 342 351 352 353 355 358 363 366 368 371 373 376 383 385 396 398 399 401 407 413 416 425 426 
60 1 146 149 152 155 157 158 159 160 162 164 166 167 169 170 171 174 177 178 186 192 195 196 198 199 202 203 206 215 221 222 225 226 229 240 241 242 243 247 250 252 253 255 264 265 268 273 274 275 276 277 281 282 287 290 291 294 295 296 297 306 307 312 313 314 315 318 319 324 326 330 334 339 340 344 345 347 350 352 355 356 358 360 370 374 376 382 387 392 398 399 400 401 403 408 410 412 414 415 418 419 425 427 
300 153 157 160 165 167 171 173 178 180 181 188 195 205 216 218 220 226 233 242 251 254 261 274 281 282 284 290 293 300 301 305 317 323 325 329 333 334 341 344 357 358 363 369 371 382 384 386 400 401 406 413 428 
103 146 147 150 151 152 153 162 167 168 169 170 171 189 191 192 193 196 197 198 201 204 205 206 207 208 209 211 213 214 223 225 231 238 244 245 249 250 251 254 260 262 270 271 272 273 276 279 283 289 290 292 295 297 299 302 304 306 313 322 328 332 333 334 335 340 345 352 354 355 368 370 372 373 379 382 387 392 402 405 413 418 420 
20 150 152 153 157 162 169 191 195 219 221 225 244 253 292 316 319 320 337 350 353 360 370 376 383 389 390 394 395 396 401 403 404 420 
152 153 162 165 172 179 181 184 196 201 202 205 216 218 220 226 232 236 242 246 247 250 267 269 274 277 279 281 282 284 287 290 293 298 300 306 309 311 315 319 324 328 333 337 339 340 346 347 349 350 351 353 357 359 376 386 390 391 394 399 400 401 403 416 421 428 429 
38 180 181 190 195 208 211 213 222 224 259 272 278 313 315 336 370 373 380 400 405 425 
281 147 149 153 154 160 168 170 171 172 173 176 177 181 182 184 185 189 191 192 194 195 199 212 213 218 219 221 229 231 232 234 239 240 243 247 249 253 254 255 256 257 260 263 265 268 273 278 281 285 287 297 301 303 304 306 309 311 312 319 326 328 339 343 344 345 346 347 348 349 351 352 354 357 361 366 372 374 375 382 383 384 387 388 390 393 402 403 405 407 410 415 418 420 
84 199 372 375 411 
107 165 172 176 190 191 199 200 220 230 236 252 279 281 282 287 288 290 319 335 341 346 353 358 370 411 413 417 423 425 426 428 
82 144 147 150 151 158 159 162 163 165 172 176 181 184 186 188 189 191 196 203 208 209 212 216 220 226 229 231 235 237 244 246 250 251 254 257 261 262 265 266 267 268 271 272 276 284 287 288 296 303 304 310 314 322 332 344 346 350 354 355 356 358 361 363 366 374 375 376 387 394 397 402 410 417 421 428 
68 177 185 286 312 363 376 
17 1 150 151 153 156 159 160 161 168 169 178 180 183 188 191 196 199 203 213 214 215 228 233 234 235 243 244 252 257 261 265 274 277 278 290 296 299 302 306 309 314 316 318 320 322 323 328 332 338 339 345 346 348 354 358 361 362 367 368 369 372 374 387 395 397 398 401 405 415 419 423 425 
272 146 147 148 156 158 159 164 176 184 187 192 193 197 206 207 220 225 234 235 239 243 253 272 274 277 286 288 298 313 316 319 328 339 341 351 358 365 374 375 376 377 379 380 393 396 404 417 423 426 427 
35 144 145 146 148 149 150 151 153 156 160 161 162 163 164 165 168 172 173 174 175 178 184 186 189 190 198 201 202 204 215 216 220 223 229 231 233 240 243 248 250 253 256 258 259 260 262 264 266 267 268 271 275 279 282 283 285 288 289 290 292 295 302 303 304 308 309 312 314 320 321 324 326 328 332 333 334 336 337 339 343 344 352 354 355 359 362 368 371 372 377 378 379 383 385 391 394 395 397 402 406 411 414 416 417 421 426 427 429 
189 1 144 146 147 149 150 151 154 155 156 157 158 160 162 164 165 167 168 170 172 178 179 181 182 188 190 191 192 193 197 198 201 204 207 209 210 213 218 224 225 226 229 230 231 232 236 239 241 255 259 261 265 267 271 272 274 277 279 280 281 284 289 290 292 293 295 298 302 303 304 309 311 314 318 320 321 324 327 330 331 335 338 339 340 341 347 348 351 355 360 362 364 367 369 375 380 382 387 390 393 394 395 396 406 409 410 412 413 417 419 424 426 
45 151 155 160 162 163 166 169 172 177 178 179 180 183 202 205 208 209 211 217 226 230 238 240 242 247 250 252 258 264 266 272 273 274 275 276 281 285 291 294 300 310 321 322 327 329 330 334 340 344 345 349 350 352 353 355 361 369 370 371 372 379 381 386 387 388 403 405 406 412 414 415 416 418 420 429 
35 144 154 157 159 161 163 164 168 181 186 187 188 192 197 199 205 206 207 213 216 217 228 229 232 233 234 237 239 240 241 242 244 245 247 256 258 265 268 272 273 274 279 280 284 290 292 295 297 299 301 303 310 316 319 320 328 333 335 337 339 345 347 348 349 351 352 353 354 355 357 358 359 361 363 365 366 367 373 380 384 389 392 393 396 398 405 409 413 420 424 425 428 429 
261 145 153 176 179 180 186 188 191 203 204 220 226 232 251 252 253 254 263 274 276 286 310 311 321 333 336 382 402 414 
225 146 147 149 150 151 155 157 160 161 166 168 172 173 178 180 183 186 187 188 190 197 202 203 210 212 214 216 218 221 224 226 228 229 231 234 237 239 240 241 249 250 253 255 258 259 263 271 285 289 292 293 301 302 306 312 326 327 328 331 339 345 347 353 361 363 367 368 369 371 387 388 389 396 398 411 413 416 417 418 419 
277 1 144 147 153 160 161 164 169 171 174 175 178 181 183 185 186 187 189 191 194 203 204 205 222 223 224 226 227 229 230 232 237 245 247 248 251 252 253 262 264 267 270 281 285 287 289 294 300 308 311 313 316 318 333 340 343 344 348 355 364 367 369 375 378 381 384 385 387 389 394 396 397 400 401 411 412 423 
100 152 153 154 155 160 172 174 185 187 188 189 192 199 200 202 205 210 211 215 216 219 221 225 228 230 231 232 234 235 236 245 253 255 256 258 264 275 278 284 293 294 298 301 304 306 308 311 312 313 314 315 321 322 324 326 329 330 332 334 336 338 342 344 346 348 350 351 358 361 362 364 366 367 370 371 380 381 384 388 389 390 393 397 399 400 403 405 406 407 409 410 416 422 423 424 425 426 
36 1 145 148 151 153 157 167 177 180 181 188 190 202 205 211 215 220 223 226 227 228 229 232 234 241 243 246 247 250 252 258 262 263 290 294 299 305 311 312 321 322 328 329 332 334 335 341 344 353 364 366 367 369 370 372 374 375 376 385 395 396 397 408 411 415 420 422 427 
269 145 146 152 167 168 180 182 189 191 193 199 207 208 212 213 217 230 237 238 267 269 272 276 280 283 285 290 292 295 296 301 309 311 316 318 334 335 343 345 346 353 354 365 369 375 376 377 381 384 385 388 399 400 411 413 415 422 425 
1 153 163 165 169 180 184 194 222 225 227 234 235 240 252 256 257 263 264 270 291 299 303 305 312 334 343 364 367 370 380 385 387 395 400 403 409 413 414 
211 156 157 160 169 170 173 177 178 180 182 187 188 190 192 198 201 205 209 215 223 224 229 233 235 236 237 245 248 252 255 257 258 260 261 263 270 276 285 288 291 296 300 303 313 319 320 321 323 325 327 339 340 345 346 351 355 358 360 363 367 368 369 375 379 380 382 387 389 390 396 398 401 406 414 418 419 421 424 425 
249 174 310 
274 145 157 163 167 169 174 180 192 196 197 201 202 203 207 241 243 247 252 255 257 258 260 267 272 274 276 279 280 288 297 301 302 304 306 307 319 330 336 338 340 341 346 348 368 370 372 376 378 380 391 392 394 396 397 402 404 405 412 414 
262 1 146 156 157 174 207 211 217 255 263 264 281 290 292 335 337 368 390 393 396 401 402 410 411 417 418 419 422 
231 144 147 148 151 158 160 165 166 169 176 177 179 185 192 193 195 205 211 218 219 227 231 239 242 244 245 250 253 255 262 270 275 277 283 289 290 300 301 304 305 308 309 311 312 315 323 337 339 341 346 347 348 350 352 356 359 360 362 363 367 374 377 379 381 382 384 386 392 395 398 399 401 403 405 409 413 415 417 422 424 427 429 
166 144 148 157 166 167 175 183 185 191 192 197 200 205 206 207 210 213 216 221 227 228 231 239 245 249 254 255 258 260 261 265 269 279 280 281 286 292 299 308 309 310 311 313 316 319 325 326 327 337 342 343 345 348 355 364 365 366 372 374 382 388 396 401 406 407 409 411 415 418 420 424 429 
102 150 153 160 166 167 197 205 213 262 266 273 279 284 287 289 295 302 304 316 320 331 344 345 365 368 372 377 385 388 401 404 407 410 420 426 
105 1 144 145 146 147 150 151 152 155 161 169 173 175 176 178 184 188 191 192 194 197 198 200 201 202 210 218 224 229 231 233 238 243 248 250 252 255 258 259 263 264 266 268 275 276 277 278 282 283 284 288 289 294 303 305 306 307 308 314 319 324 325 328 331 333 334 341 342 347 348 352 356 357 368 371 374 378 380 385 388 399 401 402 405 406 407 409 410 412 413 414 415 417 419 421 422 424 429 
126 144 162 166 172 174 183 188 189 192 193 199 201 202 207 211 212 217 220 224 226 230 232 233 236 241 243 247 248 251 254 256 257 260 269 277 279 280 288 289 294 296 297 300 306 309 317 326 327 329 331 334 342 345 355 357 361 374 377 378 383 388 390 393 394 397 403 405 407 416 417 418 
289 1 145 149 153 156 158 163 165 170 172 188 189 191 197 205 207 208 210 215 220 222 224 225 226 233 236 238 246 247 249 253 258 260 262 265 271 273 275 286 287 292 293 295 296 299 302 311 314 318 320 322 325 326 328 332 333 334 336 337 338 340 345 349 350 351 354 355 357 359 362 373 380 385 386 387 388 389 390 393 399 400 406 413 419 421 424 425 
167 145 147 148 149 152 153 157 158 161 167 168 169 170 172 174 183 184 185 186 189 190 193 194 198 200 202 206 207 214 217 219 221 226 227 233 236 237 242 246 249 250 251 254 255 256 259 260 261 262 265 267 274 275 276 278 279 280 281 286 288 290 291 298 301 302 308 312 316 321 325 327 330 332 333 335 343 349 351 353 354 358 361 362 371 372 374 376 379 381 382 383 384 385 389 390 391 393 396 397 400 401 402 403 404 407 408 410 413 417 418 419 421 422 423 427 428 429 
31 157 161 176 182 183 204 206 240 256 257 263 264 268 289 299 305 306 320 342 380 397 399 404 411 416 418 420 423 
4 1 155 160 162 167 171 174 175 176 178 179 182 189 190 192 202 203 204 206 208 211 213 214 218 219 221 224 226 228 229 231 239 240 241 251 253 254 260 264 265 267 270 274 277 278 282 283 284 285 292 294 297 300 301 307 309 311 322 323 334 335 337 338 346 349 351 365 366 367 379 381 386 389 392 394 398 400 401 403 406 410 414 416 417 418 
9 170 174 199 212 219 229 237 243 244 252 279 285 293 299 328 337 350 357 366 368 372 374 380 382 394 403 
103 1 144 146 156 157 169 180 182 191 192 198 208 213 215 218 220 221 224 226 228 230 237 242 245 250 257 261 265 271 290 292 295 304 308 314 321 324 330 348 355 358 366 371 381 382 388 396 424 
277 144 149 152 155 157 158 168 169 170 183 190 191 200 205 211 212 215 216 223 227 235 244 249 258 271 281 283 286 287 292 297 299 327 329 330 339 341 343 344 345 348 350 356 357 366 377 382 386 388 392 394 398 405 415 421 423 
59 1 146 155 156 166 174 181 189 193 201 202 203 212 215 218 219 222 229 230 239 242 248 252 255 259 263 266 267 273 275 281 282 283 285 287 297 299 300 305 308 309 312 315 322 324 327 329 333 338 340 341 344 346 348 350 351 365 373 376 377 380 382 383 389 397 398 400 401 410 415 418 419 423 426 
149 150 157 163 229 244 262 270 277 288 289 336 352 387 411 
297 170 178 283 
79 148 149 150 151 160 163 165 167 168 171 175 178 179 181 183 187 189 193 196 198 201 205 212 213 214 215 217 222 223 225 226 227 231 232 234 236 237 239 240 241 242 243 247 249 255 256 258 259 263 264 268 270 272 273 274 277 278 279 282 283 284 286 287 289 296 297 298 300 301 303 305 307 308 309 316 320 321 328 329 332 333 334 337 338 340 344 348 355 356 357 364 366 376 377 378 383 384 386 387 390 393 401 404 405 407 414 422 423 424 425 429 
297 150 151 153 161 162 164 167 169 171 172 175 178 183 186 187 188 191 194 196 202 205 207 213 214 215 216 219 222 224 225 228 229 232 234 236 238 243 244 247 251 253 254 255 256 257 258 259 265 267 271 272 284 285 286 289 290 293 294 295 306 307 309 311 312 315 316 318 320 323 325 332 333 334 340 341 342 345 352 361 364 366 368 371 375 376 379 384 388 391 392 395 397 402 414 415 416 419 421 425 
151 1 145 146 149 151 152 158 161 162 164 169 171 174 175 177 182 185 187 194 199 208 210 211 213 216 218 221 224 225 227 228 230 233 234 237 238 239 242 245 247 248 254 256 257 259 262 263 264 272 275 276 283 287 289 297 298 301 305 307 308 311 312 316 318 321 323 325 327 330 332 333 334 337 338 346 347 354 355 356 357 368 369 371 372 373 374 375 376 380 383 385 386 394 396 399 401 405 407 413 419 420 421 423 424 428 
46 148 153 154 157 158 160 161 166 174 176 178 179 183 185 187 190 193 198 201 202 203 206 216 218 220 222 224 226 228 234 235 244 248 249 252 253 257 263 265 272 274 277 278 284 285 286 290 292 297 302 305 308 310 313 314 321 322 340 353 354 355 361 364 366 371 373 374 375 381 384 390 394 398 399 403 404 417 419 420 425 
137 154 160 168 180 182 184 190 192 193 194 209 213 218 223 230 231 233 238 248 256 259 260 280 284 300 306 307 311 312 315 323 326 327 332 335 338 347 358 359 363 373 387 388 395 402 403 407 415 422 425 426 
135 144 145 148 158 159 164 165 170 172 177 180 181 191 193 194 196 201 204 205 208 213 226 228 229 230 231 232 233 235 240 242 245 246 250 251 252 257 263 265 268 270 276 279 280 283 284 286 290 291 293 295 302 303 304 319 321 323 330 331 334 336 337 339 340 348 349 350 355 356 359 367 368 372 373 376 378 382 390 391 392 394 395 396 406 410 414 
44 1 149 152 156 159 164 166 170 172 173 177 180 182 187 188 189 192 194 195 198 201 202 204 207 214 217 220 221 230 234 235 238 239 240 243 248 249 251 252 253 254 257 260 269 270 271 272 275 279 289 292 294 295 300 303 304 305 308 312 313 316 317 320 322 324 325 329 330 332 334 337 350 351 353 356 360 364 369 371 372 373 374 376 377 379 381 382 387 388 389 394 397 398 399 401 404 405 407 408 409 412 414 415 418 419 
257 144 146 157 159 165 166 178 183 185 190 202 204 206 208 209 213 220 222 228 230 232 234 237 250 251 253 255 265 267 280 285 292 294 296 298 300 301 309 310 313 319 334 343 344 345 348 357 372 377 380 386 390 396 400 411 413 414 
94 148 158 162 163 167 169 176 184 191 195 197 203 206 215 216 219 227 229 230 231 233 237 243 244 249 254 255 256 263 265 271 273 277 284 285 287 300 301 309 311 314 315 316 317 318 320 326 327 329 332 334 338 339 348 352 367 368 369 371 374 378 379 386 387 388 389 393 399 401 407 410 415 422 429 
149 152 170 171 172 174 179 182 187 191 195 196 202 209 216 217 224 229 234 251 252 254 255 273 279 282 284 290 293 295 302 303 307 314 321 325 328 336 339 341 344 345 360 371 373 377 378 380 386 393 395 403 404 406 408 411 428 
25 151 168 170 175 187 188 198 245 248 263 274 284 295 326 340 346 349 355 360 364 381 391 400 405 416 417 426 429 
89 1 153 161 165 167 179 196 199 203 208 210 211 212 215 224 225 244 245 249 253 261 273 276 298 303 312 314 317 325 326 330 333 355 356 358 367 368 370 377 378 380 384 387 392 402 407 409 420 421 
154 348 
136 145 150 152 153 154 157 160 161 167 168 171 176 178 180 182 190 193 199 203 204 205 214 217 220 221 225 227 228 229 231 233 234 238 239 240 241 245 248 250 251 252 253 254 256 257 260 268 273 277 280 281 282 294 296 311 316 317 318 321 325 326 330 332 340 348 351 355 357 359 360 365 366 370 376 377 379 387 391 392 394 400 404 408 411 412 413 414 415 416 417 418 419 420 421 423 428 
104 1 150 161 170 177 182 184 191 193 195 199 203 204 210 212 216 218 219 222 223 226 230 239 240 242 244 246 247 251 253 255 259 268 274 276 282 287 288 289 297 299 300 301 304 305 308 311 314 317 320 330 337 341 343 345 346 350 354 356 357 363 372 377 378 383 387 397 398 404 405 406 408 409 411 412 413 415 417 427 428 
128 144 147 151 152 153 154 155 161 163 167 168 169 175 180 182 186 188 197 205 209 212 225 226 231 234 240 241 242 245 246 249 256 257 265 266 268 273 278 280 284 286 288 294 295 300 312 314 322 323 333 335 336 343 350 351 358 370 372 374 381 382 383 387 388 389 393 399 401 406 412 413 417 421 425 428 
39 145 150 157 158 168 172 173 175 180 182 185 187 196 197 200 203 205 207 209 210 216 217 221 222 224 227 228 232 233 237 238 240 241 242 250 253 257 259 260 265 266 269 273 275 280 281 282 283 288 293 294 295 296 297 300 303 306 309 310 312 314 317 321 324 325 330 331 336 344 350 351 354 355 356 360 364 368 371 372 379 382 386 389 391 394 396 397 406 411 413 417 421 427 429 
91 1 148 151 152 154 165 169 170 174 183 184 187 189 190 194 196 201 206 208 209 214 216 221 222 224 226 229 236 240 242 245 247 248 251 252 254 257 266 268 269 270 271 276 278 280 284 287 289 294 303 310 315 316 317 319 320 322 328 332 335 336 339 342 343 344 345 349 350 353 358 361 364 372 375 377 378 380 381 387 389 390 397 398 400 403 416 417 423 426 427 
75 145 146 148 162 172 179 188 191 198 202 203 206 211 215 216 217 224 238 239 241 246 252 257 258 267 279 285 290 291 302 306 317 320 339 340 347 354 370 377 380 384 385 386 388 390 391 402 
56 144 152 154 157 161 168 172 176 177 178 183 185 186 199 200 201 203 204 205 206 210 213 214 217 223 226 230 231 234 242 244 246 259 264 265 266 269 296 299 300 301 302 303 304 305 307 309 316 323 324 325 336 344 352 355 361 367 369 372 373 376 380 395 399 400 401 403 412 413 422 423 424 
215 150 154 162 167 180 187 192 199 201 206 212 220 222 234 248 251 260 264 266 267 269 271 276 277 288 290 291 294 299 313 315 323 333 334 338 339 346 350 367 371 377 389 396 397 401 414 
270 146 150 151 159 160 163 166 168 172 175 177 179 180 187 189 193 196 197 198 202 203 209 210 215 216 217 224 225 231 232 234 237 238 240 244 248 249 250 253 257 258 260 261 267 270 271 273 274 275 276 279 281 285 286 287 291 296 297 302 304 305 306 311 313 316 317 320 323 325 326 328 331 336 339 340 343 345 353 354 355 356 357 358 359 361 362 365 367 370 372 377 378 383 388 390 393 395 396 400 402 404 405 407 410 412 419 420 428 
36 1 145 146 149 151 158 161 164 170 172 173 174 175 176 178 181 184 193 194 195 196 197 199 202 208 209 211 216 218 219 220 223 227 229 231 233 237 238 239 242 243 244 245 252 254 255 258 259 261 268 271 273 274 277 283 284 286 291 292 293 295 297 298 299 300 304 305 306 307 310 314 318 319 321 325 331 334 335 337 342 343 347 355 358 363 365 366 367 375 377 379 382 384 386 387 388 392 393 396 397 401 403 408 411 417 418 420 422 423 425 427 428 429 
17 148 149 151 155 156 157 159 161 166 168 170 174 178 180 181 184 185 191 197 198 199 200 203 204 206 207 208 215 225 227 228 230 231 238 240 242 249 250 252 255 256 261 262 264 267 268 270 291 297 299 301 304 308 309 320 321 332 333 334 338 339 340 341 345 348 350 352 353 355 356 357 359 360 362 371 372 373 374 386 392 393 395 398 406 410 419 420 422 425 426 
58 1 144 150 173 174 175 199 201 207 211 212 213 226 240 248 255 271 293 295 297 300 309 321 337 338 362 385 400 
134 150 162 170 172 175 178 183 187 188 195 196 213 226 228 235 241 243 244 245 249 251 258 270 279 281 285 293 295 299 304 305 309 312 320 331 335 346 350 378 380 381 386 391 395 399 406 408 412 421 
274 184 273 
147 171 175 181 190 207 209 241 248 262 267 296 302 314 332 336 365 369 390 392 397 
160 144 146 149 154 155 156 157 160 161 162 164 166 168 169 175 178 180 181 188 192 194 197 198 201 202 203 208 209 211 217 219 220 224 225 227 232 233 235 239 240 242 249 253 256 257 259 263 267 268 271 275 278 288 289 290 291 293 294 298 306 308 310 311 313 315 317 318 322 323 327 336 337 342 343 347 349 351 352 354 355 361 364 365 377 378 379 385 386 391 394 395 400 403 405 406 411 420 421 423 424 426 429 
48 150 151 152 155 157 160 168 170 173 174 175 176 177 178 179 180 182 185 189 193 194 195 199 204 208 210 214 216 218 223 224 227 228 232 235 236 238 239 240 243 244 250 252 254 257 259 260 264 265 267 268 271 272 274 276 277 280 283 285 286 289 292 298 303 305 307 309 313 314 317 319 322 327 328 330 334 337 341 342 343 344 348 349 354 356 357 358 361 362 363 365 368 372 373 374 376 377 378 386 387 390 393 398 399 401 405 406 412 414 416 422 426 427 428 429 
78 148 149 169 174 175 177 181 188 190 191 193 196 198 214 216 219 244 255 256 257 261 262 267 278 279 282 285 292 295 302 303 311 316 318 322 324 328 331 334 358 374 375 377 378 380 382 383 388 389 406 408 409 410 418 421 425 
251 1 144 146 148 149 154 159 161 162 164 166 167 169 170 173 174 176 182 183 184 185 188 189 190 192 199 201 203 204 206 212 215 219 221 223 225 229 231 233 235 239 245 247 248 251 255 257 259 263 271 273 274 275 276 287 296 301 303 307 310 311 312 313 317 318 319 320 323 326 329 332 334 336 337 342 343 344 352 353 358 359 360 367 368 372 373 374 376 382 385 387 388 391 392 395 397 398 400 401 402 405 406 407 409 414 415 420 421 426 429 
31 146 149 154 156 163 164 165 169 176 180 191 196 202 204 205 210 215 216 217 218 220 231 240 241 242 250 251 252 253 254 263 279 282 285 289 292 302 304 327 334 342 346 347 354 356 361 368 376 379 388 396 402 403 406 408 410 413 414 419 422 428 
75 150 152 155 157 169 171 191 218 231 250 257 260 275 281 282 288 291 307 310 339 348 370 373 392 395 409 410 415 
207 145 159 162 163 167 168 172 187 191 199 202 209 210 211 218 228 235 239 245 251 252 256 259 268 270 280 282 288 291 302 309 315 326 329 343 352 375 388 403 410 411 412 416 421 425 
96 1 144 148 152 155 156 157 158 160 162 163 165 166 169 176 179 184 189 193 194 196 199 202 204 205 210 212 215 217 219 220 224 226 227 230 237 239 243 244 245 246 247 252 254 259 261 262 264 266 267 270 271 272 273 278 280 281 286 289 290 291 292 293 294 296 297 304 306 308 314 316 318 319 320 323 325 326 327 330 331 332 334 335 336 338 340 341 344 350 351 357 358 368 369 376 377 378 379 382 384 388 391 393 396 398 400 403 405 406 409 416 417 419 420 423 428 
27 154 160 171 172 173 179 180 181 183 184 192 193 204 205 207 211 219 220 223 226 229 231 232 238 241 249 253 255 257 260 262 265 269 273 274 276 277 278 286 287 288 289 292 295 297 300 306 310 326 327 328 338 339 345 346 351 354 357 359 361 362 363 364 366 369 375 377 379 380 383 389 396 404 405 409 414 416 418 421 423 425 426 429 
110 166 204 213 232 277 281 288 323 350 354 361 365 374 398 428 
47 146 147 160 169 183 186 187 191 203 210 212 213 218 222 228 230 245 249 255 259 261 270 272 282 291 293 300 303 308 327 330 336 342 351 364 366 377 379 380 386 391 394 396 397 399 404 415 420 
17 147 148 150 156 157 160 163 164 165 169 171 174 175 177 179 181 184 185 195 197 198 204 210 214 217 218 221 223 226 228 231 233 234 238 240 243 245 251 256 257 259 263 265 268 282 284 288 291 296 299 302 304 305 307 315 318 320 322 323 327 328 329 332 334 335 337 339 341 342 344 348 349 352 356 359 362 363 365 366 370 371 372 375 376 378 379 382 385 386 387 388 393 394 395 396 397 398 401 403 404 406 409 411 417 418 423 429 
272 162 
281 1 144 150 151 153 162 163 165 170 176 179 180 182 187 192 195 198 200 201 205 207 209 211 212 216 219 220 221 222 223 225 228 234 239 244 245 253 256 257 265 271 274 278 282 284 289 290 294 295 298 299 302 310 313 323 331 335 336 339 345 347 348 354 358 359 361 362 363 365 368 372 377 382 383 391 392 393 394 395 396 399 400 403 404 405 409 410 412 413 417 418 424 426 427 428 
296 146 149 156 157 176 187 188 191 212 222 228 229 235 237 239 247 251 259 260 269 272 284 285 289 291 306 307 308 319 323 326 327 329 333 346 352 353 354 362 363 383 403 406 407 417 418 419 424 425 426 429 
117 150 159 166 172 189 192 203 207 212 217 235 238 239 251 252 261 270 272 274 277 281 286 293 295 302 304 307 309 311 314 317 329 335 344 351 352 353 361 363 371 383 385 394 402 404 405 410 415 416 429 
56 145 148 154 155 160 167 171 173 176 177 179 180 188 193 194 195 201 204 208 210 211 214 222 227 229 232 234 237 242 245 246 249 250 254 257 258 265 266 271 272 273 277 280 281 282 283 284 285 286 287 290 292 296 297 301 307 308 311 313 315 316 318 322 323 324 325 327 328 329 330 333 336 339 343 345 347 350 352 353 356 358 359 361 367 370 374 375 377 378 380 382 383 384 385 386 387 389 395 404 410 411 412 413 414 415 416 420 422 423 426 427 
46 1 144 148 150 151 152 165 168 173 179 182 185 187 189 190 191 199 206 215 217 224 228 231 236 241 246 248 249 252 263 265 266 273 274 278 281 282 283 288 290 303 304 310 318 319 320 322 335 341 342 345 355 367 373 374 381 388 392 396 398 399 400 405 409 412 413 415 424 426 
211 144 145 149 156 159 161 165 167 169 171 175 177 182 186 190 192 204 210 211 212 213 216 218 225 227 233 234 238 242 243 245 246 251 252 255 256 257 258 259 269 271 272 273 276 280 282 283 285 288 289 295 301 304 307 309 316 318 320 321 327 334 339 342 352 354 355 356 359 361 363 368 369 370 372 376 377 385 386 387 390 391 400 401 402 409 410 419 425 426 429 
67 156 157 164 167 179 180 191 193 229 234 240 241 245 262 264 266 268 290 305 308 315 318 321 325 327 329 337 343 344 352 354 360 362 384 385 391 393 394 395 397 398 400 406 413 418 421 
112 145 146 148 149 150 152 153 157 158 159 160 162 165 169 171 182 184 191 193 195 196 199 200 201 203 204 205 209 210 211 213 215 216 218 224 228 234 241 242 247 249 250 251 252 255 257 258 259 260 264 266 267 270 271 273 276 280 281 287 289 294 295 301 302 304 309 310 312 313 314 315 319 320 324 325 326 328 330 336 338 340 347 353 354 355 356 358 360 362 363 365 384 385 386 390 391 392 394 399 400 402 403 405 412 413 417 419 422 428 429 
153 145 149 152 154 157 164 176 178 183 184 189 193 196 201 202 218 219 220 227 230 233 235 238 239 241 243 246 253 258 259 264 265 271 278 279 297 306 315 317 319 322 324 327 331 332 353 367 383 385 388 395 396 398 400 401 402 405 408 409 411 415 
290 145 153 157 158 164 165 173 176 178 180 184 188 191 192 194 197 198 200 201 208 209 213 214 217 222 225 226 230 231 235 245 248 249 253 256 259 263 269 271 272 275 276 281 283 291 292 294 299 303 304 309 312 323 326 327 328 331 335 338 342 343 344 345 348 350 351 353 355 357 358 366 367 368 377 378 379 385 394 402 403 404 407 413 414 419 420 422 429 
269 144 147 150 155 157 158 169 173 174 175 178 179 180 181 190 197 198 202 204 208 210 220 221 223 237 238 247 248 251 253 258 262 265 267 268 270 282 291 292 298 306 311 318 320 336 340 342 345 349 350 353 355 361 363 367 369 377 378 379 380 385 387 388 389 391 398 404 408 410 418 
94 151 156 161 167 168 179 184 185 191 193 195 221 222 223 224 227 231 233 234 238 242 247 253 259 263 264 265 268 270 271 274 280 283 285 288 292 297 307 309 311 313 314 318 319 323 326 332 335 340 341 343 344 349 350 353 355 357 362 366 368 375 377 381 384 385 387 388 389 392 393 395 399 406 414 418 420 427 
37 171 192 255 307 309 317 327 356 361 378 423 
266 148 158 170 172 173 184 186 187 188 189 197 199 200 207 211 213 214 215 218 220 221 224 225 233 234 235 236 237 247 250 251 252 254 257 258 259 260 262 263 266 277 279 281 282 283 288 293 300 301 306 308 309 312 315 321 325 326 329 334 336 337 340 351 353 354 356 361 364 368 369 371 375 377 379 381 382 386 387 388 390 391 392 394 397 399 400 401 403 408 410 415 419 420 422 427 428 
9 1 144 145 148 151 156 157 161 165 167 174 183 185 187 188 190 191 194 206 208 210 214 218 220 232 234 235 237 240 241 244 245 246 250 251 252 256 258 263 264 265 271 272 274 279 281 282 289 290 292 301 302 304 305 306 307 308 310 314 315 318 322 327 328 329 332 337 338 340 341 342 345 355 360 362 363 365 368 369 370 373 375 378 388 389 404 405 408 409 411 413 415 419 
120 162 194 256 270 281 329 346 358 362 369 
153 149 154 167 178 180 201 215 218 220 227 239 258 265 275 288 296 301 334 340 351 369 374 378 381 383 390 393 396 418 423 425 
11 145 146 148 149 155 156 157 161 165 166 169 171 175 176 180 181 183 185 187 189 201 203 204 205 207 210 213 216 218 219 220 224 225 229 231 232 233 234 236 239 240 243 244 247 252 253 256 260 262 263 267 269 276 281 285 287 290 292 293 295 299 304 305 306 307 308 313 314 315 317 327 329 331 332 333 334 345 346 350 354 355 357 364 368 374 376 378 384 385 388 389 390 391 394 397 399 400 403 406 411 415 417 419 422 423 427 428 
220 148 155 161 164 168 169 171 177 179 192 193 198 201 222 227 229 231 232 233 243 244 257 261 266 277 280 285 290 292 294 300 301 303 313 316 318 322 325 329 339 342 347 349 353 361 368 375 379 382 386 389 390 393 396 400 414 416 417 419 423 425 
295 148 150 154 155 161 162 164 168 173 177 181 184 193 194 198 199 200 201 202 204 205 206 208 210 213 223 224 225 229 230 236 238 239 241 242 244 246 251 253 263 269 270 271 273 275 276 277 279 280 281 289 292 296 298 303 310 312 313 315 316 317 324 327 328 329 330 332 333 336 338 343 345 346 347 348 349 362 364 366 367 368 369 378 379 384 386 396 397 401 403 410 411 413 415 423 424 426 427 428 429 
35 1 145 171 174 202 226 247 291 295 303 315 344 365 366 380 388 393 414 
220 1 157 159 174 180 200 202 206 224 228 243 245 248 252 259 266 269 275 279 291 299 321 325 330 340 359 390 410 
135 1 144 148 153 155 162 166 176 199 205 214 219 228 232 238 245 248 259 264 265 269 272 282 283 296 302 304 308 309 311 326 328 331 340 346 352 356 357 358 369 371 372 383 388 394 399 400 403 406 423 424 427 
218 146 147 154 155 157 160 161 163 174 178 182 185 187 191 195 200 206 207 208 210 214 215 220 225 229 232 233 234 236 239 240 245 247 253 255 257 270 271 272 275 280 282 286 290 295 296 298 302 304 307 311 315 316 331 336 339 342 349 353 357 367 371 372 376 377 380 383 386 387 389 390 394 397 400 403 423 424 428 429 
268 145 146 148 155 160 165 167 170 172 174 175 183 189 190 197 198 201 203 207 212 218 223 232 236 239 247 249 250 253 256 257 263 270 276 279 293 297 300 301 304 305 306 318 322 323 329 335 338 339 340 341 342 347 348 354 362 369 376 386 388 392 398 401 405 418 422 426 
114 146 149 150 151 157 162 170 176 179 181 189 199 206 208 209 215 223 238 240 244 245 247 257 261 279 283 285 286 289 290 300 308 313 315 320 326 328 357 362 364 365 366 368 371 379 390 399 405 408 418 422 425 427 
216 195 
239 149 159 163 167 178 179 192 195 198 199 205 209 211 212 214 221 222 223 231 233 238 239 240 249 250 251 253 254 255 260 265 267 272 274 277 293 294 296 306 307 319 325 326 327 334 335 348 353 358 365 369 375 377 381 386 387 390 391 398 411 
25 1 145 153 158 162 166 173 174 181 182 190 191 201 214 215 216 225 229 230 231 232 237 242 244 253 255 280 283 284 294 295 296 298 304 307 309 319 321 322 326 329 338 340 341 345 348 349 353 372 373 377 383 395 398 400 401 402 403 406 415 417 425 426 
178 1 145 147 151 157 164 169 172 173 175 176 188 195 200 202 203 206 209 212 214 216 217 218 219 221 233 234 235 247 256 257 260 262 263 265 271 276 277 283 284 287 291 292 293 298 303 304 317 324 330 332 336 338 339 341 346 351 352 353 359 361 362 364 365 369 370 374 378 379 382 385 386 389 392 393 395 396 402 405 410 412 415 
244 148 150 152 155 158 159 166 168 174 175 176 183 185 189 190 194 196 197 201 202 205 208 223 230 232 234 235 236 237 245 246 249 253 256 260 262 263 264 265 273 275 277 282 287 288 289 299 312 313 314 316 317 318 321 323 325 328 330 331 332 333 339 344 348 349 358 379 384 385 386 389 393 394 397 399 401 402 410 413 415 416 418 419 421 423 424 425 427 
107 1 145 148 163 172 173 175 176 189 190 193 196 199 204 207 215 221 228 232 233 239 246 265 266 268 273 277 279 282 288 290 294 306 308 312 313 315 320 321 324 333 334 336 343 347 353 370 374 376 378 387 391 396 399 403 407 416 420 421 422 424 
145 297 
7 1 144 150 159 162 167 168 176 177 181 182 187 193 199 201 206 222 223 228 230 232 235 236 238 240 242 244 246 252 255 256 264 269 271 280 282 290 294 300 303 307 310 318 320 326 327 329 333 338 339 345 348 352 353 363 366 370 375 376 381 383 385 389 403 404 411 416 421 423 425 
173 150 154 157 162 173 177 178 182 191 203 208 209 221 223 228 244 247 251 259 263 266 268 269 283 284 291 292 307 309 311 324 325 327 329 332 335 351 354 359 363 367 371 378 395 397 400 407 408 413 423 425 428 
25 206 
196 145 148 152 153 156 158 159 161 165 166 170 176 179 186 189 190 192 198 208 210 211 214 215 216 217 222 225 227 231 234 241 243 248 252 253 256 257 258 259 263 267 268 269 270 271 272 277 279 281 283 285 286 289 290 291 292 297 300 302 303 306 308 309 317 318 320 323 324 325 326 328 330 332 337 341 342 356 361 362 366 374 376 377 378 383 386 387 396 397 398 403 408 412 413 417 418 420 422 425 426 427 429 
152 144 146 153 155 158 159 161 162 163 164 170 172 174 177 179 180 182 184 188 195 199 201 206 207 213 216 223 224 226 227 228 229 231 234 239 241 245 248 250 254 255 256 262 263 265 266 268 269 270 271 276 277 282 284 285 288 290 291 294 295 296 297 304 308 309 310 311 321 324 329 332 333 338 339 343 344 349 352 353 359 360 364 365 366 368 369 375 377 378 379 380 381 382 383 384 387 392 395 397 413 415 416 417 419 424 426 
194 145 146 153 154 156 159 169 173 175 182 185 186 192 202 210 211 221 223 228 235 239 240 241 245 246 252 254 264 279 286 287 288 295 298 299 302 311 313 320 321 322 331 334 336 345 348 349 352 361 362 365 371 375 378 384 388 390 394 402 405 410 413 422 
276 150 177 179 211 217 241 254 262 276 277 279 305 314 318 330 349 361 369 372 384 385 392 413 418 421 422 
89 1 147 148 150 155 158 159 162 163 164 168 169 171 174 175 176 184 193 205 208 209 211 217 218 221 224 231 232 235 237 239 242 243 248 251 254 258 267 269 271 272 274 276 281 284 292 294 298 307 310 314 317 320 322 325 339 342 347 348 359 362 366 371 386 397 399 401 406 408 409 412 414 415 423 424 425 427 
299 144 147 150 152 153 156 162 163 164 167 168 171 173 175 178 182 189 192 197 198 205 208 211 216 217 218 232 236 239 242 244 249 251 253 256 257 258 262 265 276 279 289 291 292 294 298 299 303 305 309 310 317 325 326 339 341 342 347 352 354 357 359 365 373 374 376 379 382 384 387 401 402 403 412 414 418 419 421 422 424 426 427 428 429 
53 145 154 155 160 161 164 174 175 176 177 187 188 199 203 204 208 211 213 216 217 219 220 224 225 226 227 228 235 237 238 245 246 251 254 256 262 264 268 271 282 288 291 293 296 298 300 304 307 309 319 324 326 327 329 332 335 338 339 343 344 353 357 359 360 367 369 370 374 381 383 385 386 393 395 400 402 404 408 414 419 420 421 423 426 427 429 
298 145 146 169 186 188 195 211 212 213 229 230 232 237 243 247 255 274 282 307 314 337 350 365 368 386 391 393 394 400 403 405 414 423 425 426 
91 357 
83 144 146 149 152 153 156 157 161 162 164 185 186 191 193 196 201 203 207 209 212 213 215 219 221 224 227 231 235 239 240 245 247 251 252 256 258 260 265 267 271 274 276 277 279 281 287 290 296 297 299 300 301 307 312 314 318 320 328 329 330 332 334 338 340 346 349 351 359 361 363 370 373 378 382 386 387 388 389 392 401 402 403 404 414 417 418 422 423 424 
273 149 159 166 173 178 188 191 196 197 215 222 223 231 242 243 247 248 251 259 260 266 276 278 282 285 291 293 294 298 304 308 311 312 313 315 316 334 335 338 349 350 351 352 353 364 366 369 372 375 386 391 392 393 394 403 414 418 425 
17 151 154 157 159 175 177 178 186 189 194 233 236 244 245 254 257 265 268 277 281 285 289 295 316 332 338 344 366 372 373 380 384 416 417 418 420 422 
102 144 146 147 149 150 152 157 159 162 163 165 166 167 168 171 173 178 180 182 185 190 193 196 198 199 200 206 208 211 212 214 215 218 223 224 225 226 227 229 231 242 243 244 248 249 251 256 259 260 267 271 272 276 277 279 280 283 290 293 295 298 303 304 306 312 320 323 335 336 339 340 342 343 344 345 346 352 355 358 359 362 363 364 366 369 370 372 373 374 375 377 386 389 390 393 396 398 399 404 406 411 415 416 417 418 419 420 422 423 426 427 
78 1 144 146 148 151 152 153 154 155 158 159 160 161 167 168 169 170 179 184 186 187 190 193 194 195 196 197 201 203 207 209 212 216 220 227 230 232 234 240 241 245 247 250 258 259 262 263 266 269 270 275 278 279 280 282 287 288 289 300 301 305 306 307 308 312 313 317 319 324 329 336 339 347 348 349 351 352 354 361 367 368 369 374 378 381 393 394 397 398 399 402 405 412 413 414 424 428 
7 146 148 150 151 153 154 156 158 163 165 167 168 175 176 190 202 205 207 209 214 217 221 222 223 224 227 228 229 230 233 234 240 244 250 252 253 260 261 264 267 270 277 278 279 281 282 283 284 285 288 289 290 293 297 303 304 306 311 313 314 315 317 318 321 322 323 326 327 336 337 344 345 347 348 349 351 355 357 359 372 373 379 382 387 393 397 398 399 400 405 411 413 415 416 422 423 424 425 427 428 
19 1 152 153 154 155 157 161 166 167 170 175 177 180 183 185 186 189 196 197 198 199 203 204 208 211 213 217 218 221 223 228 232 238 243 249 251 252 256 258 262 265 269 274 280 281 286 288 293 296 303 305 307 313 314 315 320 323 329 334 336 337 338 350 352 359 368 371 372 373 383 387 391 395 397 399 405 411 414 417 422 423 
29 147 157 174 178 196 203 206 215 219 226 231 247 248 249 253 279 281 289 320 336 349 372 374 383 390 395 401 402 403 404 405 417 
172 148 152 153 154 155 156 159 160 164 165 167 178 180 181 183 184 185 188 189 196 203 205 210 218 220 222 223 224 234 238 241 242 243 245 249 250 252 254 255 256 258 259 262 267 268 269 277 280 282 283 289 291 293 296 297 299 303 310 311 315 316 318 320 323 325 328 330 331 339 340 342 346 347 348 349 353 354 360 361 363 364 365 370 371 373 375 376 379 385 387 388 396 398 400 402 403 406 408 410 416 417 419 420 421 423 
274 147 154 158 162 163 175 185 186 187 192 193 206 210 212 217 222 228 232 234 235 237 238 248 249 257 258 259 264 269 271 273 278 279 284 285 290 292 293 294 297 298 307 309 310 316 325 329 331 333 337 338 341 343 348 349 350 352 359 366 374 380 382 387 402 403 405 407 408 412 415 419 420 429 
26 146 148 153 155 157 165 167 178 179 181 188 196 198 202 204 205 206 209 210 215 221 230 239 242 243 245 247 251 253 264 266 267 269 275 285 287 291 294 302 303 306 316 320 332 336 337 339 340 341 346 347 350 352 354 359 363 379 382 385 393 396 397 400 413 414 418 419 421 422 426 429 
235 150 157 158 162 163 165 166 170 175 179 182 185 190 193 197 198 201 203 214 215 218 224 230 243 250 253 256 258 260 267 272 277 281 283 285 295 297 305 318 319 320 332 334 343 345 349 352 353 367 368 380 383 390 394 404 406 410 413 414 417 419 423 
262 279 287 358 375 
277 145 150 151 155 159 164 165 167 173 181 196 198 200 206 218 220 226 229 232 234 235 240 243 252 266 267 271 274 277 280 285 288 290 295 296 310 313 320 323 336 337 340 344 353 360 368 374 378 380 382 383 385 387 389 399 406 409 412 421 428 
90 145 146 151 154 155 161 184 186 198 211 213 216 224 226 230 236 243 246 255 257 259 260 263 267 271 274 275 280 296 297 299 306 312 327 330 333 334 336 337 355 367 368 370 374 387 388 392 399 403 405 409 410 417 427 
153 1 146 147 151 156 162 164 166 168 170 175 178 179 180 181 182 186 187 190 195 197 198 200 201 202 203 204 205 206 208 209 213 219 222 223 225 228 231 232 234 238 239 240 241 244 247 248 253 256 257 261 263 264 266 268 269 271 272 277 281 282 287 288 293 294 296 298 300 301 303 304 306 307 313 318 320 327 331 333 335 337 338 346 348 352 357 358 361 365 368 370 373 382 385 386 389 391 397 403 405 408 409 411 413 416 418 419 424 425 
15 1 150 151 152 153 158 159 167 169 171 176 179 183 185 192 194 195 196 197 198 202 206 207 208 209 212 215 217 220 222 223 225 226 228 231 232 233 238 239 240 244 247 248 249 255 259 261 263 264 267 268 276 278 279 281 283 288 289 294 295 296 297 299 301 303 304 306 309 311 313 314 318 327 339 340 341 342 343 345 349 351 354 356 358 362 363 364 365 369 370 372 375 376 382 383 390 394 399 401 402 406 407 409 412 415 417 418 420 422 423 426 428 429 
44 148 153 155 156 161 162 171 172 174 181 183 185 189 190 191 194 196 198 201 202 204 207 214 217 220 222 233 235 239 240 241 242 243 246 247 248 252 256 259 265 266 269 270 274 277 282 283 284 286 292 293 303 305 306 312 314 318 320 323 324 326 327 330 333 334 336 337 349 350 351 362 365 371 373 375 376 380 381 382 385 387 389 391 393 396 398 405 406 409 411 412 413 416 417 419 420 425 428 
141 405 
135 1 148 149 151 152 153 155 156 157 163 165 170 183 188 191 195 196 197 202 203 204 208 212 221 224 228 229 230 236 241 244 245 247 252 256 259 260 261 264 273 277 278 279 284 285 289 294 295 297 299 300 308 312 315 333 335 339 342 345 346 350 354 356 366 378 380 383 387 390 392 393 396 400 403 405 407 408 409 410 420 421 423 426 
243 148 155 164 169 179 183 184 196 202 207 209 220 227 230 235 238 240 242 247 264 265 273 278 281 283 284 288 291 297 300 302 311 313 316 323 326 327 329 330 331 335 338 340 343 345 354 359 371 392 394 396 401 402 421 
85 1 144 148 149 159 161 162 164 170 172 173 175 176 177 185 186 187 189 195 200 201 205 208 209 210 217 221 223 231 238 244 247 248 249 251 253 256 257 262 264 265 274 276 278 280 285 286 288 292 293 296 299 305 314 316 319 321 322 323 324 327 332 334 337 338 339 343 348 351 353 354 359 363 366 367 368 374 375 376 377 381 382 384 390 396 397 398 399 400 401 408 409 411 414 421 425 
164 1 152 154 161 162 172 196 199 207 213 214 215 218 221 224 235 240 242 244 246 255 258 260 270 274 276 277 283 284 287 289 291 295 296 297 298 299 301 305 312 313 323 326 334 338 340 345 351 366 368 376 379 387 392 396 402 403 406 409 412 417 429 
174 151 163 166 168 170 171 179 183 188 192 194 195 198 218 224 225 230 231 233 234 236 239 243 244 245 250 251 258 261 263 264 266 269 270 271 272 273 274 276 277 278 280 282 294 305 307 315 316 325 329 333 338 349 358 369 374 375 376 380 384 386 389 391 398 404 407 410 411 417 420 422 426 
280 145 146 148 151 154 156 157 159 161 162 164 168 169 172 173 174 177 178 182 183 184 185 190 193 195 196 203 206 207 209 211 213 214 225 229 230 232 238 239 240 241 244 249 252 253 254 261 268 275 277 281 283 285 286 288 292 296 298 299 304 306 314 315 317 318 319 321 325 330 331 335 337 338 339 340 343 344 350 352 355 356 358 360 361 364 365 367 376 378 384 386 389 391 396 405 409 410 411 413 416 417 423 424 428 
172 1 148 149 150 152 153 159 160 164 166 171 176 181 182 184 187 189 190 202 203 205 208 211 227 236 240 244 246 247 253 254 256 258 261 263 266 267 268 271 278 282 283 284 292 294 296 297 298 300 301 303 309 312 317 319 321 323 324 326 327 331 333 335 338 339 341 343 344 353 355 356 357 360 362 367 369 371 374 375 377 380 382 388 390 393 407 410 412 416 427 429 
3 147 160 162 163 164 168 171 172 187 189 191 193 196 199 203 212 215 219 223 234 235 236 238 240 241 242 243 246 251 252 259 260 262 269 271 272 273 275 277 278 281 285 287 288 289 292 293 297 298 302 303 304 308 310 311 314 315 317 321 325 330 335 336 337 341 344 346 347 357 358 359 361 364 365 368 370 377 379 381 383 386 390 392 394 398 403 406 407 409 414 419 422 429 
69 1 144 146 147 148 149 154 162 164 165 170 172 173 174 176 178 179 180 185 186 187 195 196 200 202 204 206 207 209 211 214 216 218 219 223 224 226 227 229 239 243 246 247 253 256 258 262 265 266 272 273 275 276 279 289 290 295 301 305 306 310 313 315 316 318 319 326 327 329 330 331 332 333 334 337 338 339 340 341 344 345 347 351 361 367 368 371 374 377 380 384 389 391 395 397 398 399 400 401 404 405 407 412 414 415 421 423 425 428 
19 152 157 159 161 163 164 169 178 180 185 190 195 198 203 208 209 213 216 219 222 224 231 234 238 239 243 247 253 254 255 257 265 269 270 273 278 281 289 290 292 293 296 297 298 300 302 304 313 322 323 327 330 338 345 346 348 352 354 360 368 370 372 380 392 395 398 400 405 408 411 415 420 425 
207 144 148 151 154 156 157 158 159 160 161 165 168 171 173 175 176 179 181 182 183 188 190 200 204 207 213 214 215 216 218 222 223 225 227 228 229 230 232 233 235 238 242 244 245 246 247 252 253 260 266 269 270 274 289 291 292 294 300 301 305 306 308 309 315 316 317 322 325 327 328 331 332 335 341 342 348 356 358 363 364 369 370 371 372 376 383 387 388 390 395 397 398 400 401 404 407 409 410 411 415 419 422 423 426 429 
233 147 151 152 155 156 171 176 182 186 190 195 198 199 200 205 208 212 229 231 232 241 251 253 266 267 271 273 278 282 283 286 288 289 290 293 296 302 309 318 319 323 327 328 335 344 360 362 374 378 382 383 384 392 402 417 428 
44 144 146 154 158 166 167 173 175 179 183 184 187 188 191 194 195 197 200 201 206 210 211 213 216 218 219 225 235 236 238 239 240 250 253 259 264 265 267 268 275 277 280 281 282 285 300 306 309 310 311 312 315 317 318 324 327 330 332 335 340 341 346 348 355 359 361 367 370 372 375 379 382 383 385 392 397 399 401 402 404 411 413 415 418 420 423 
269 145 147 148 155 157 160 162 165 167 168 174 177 181 184 188 190 191 192 193 194 203 206 210 216 223 224 229 231 232 233 234 237 238 241 242 243 244 248 251 253 255 257 258 261 265 268 271 272 274 276 282 284 285 286 287 294 298 300 302 304 316 320 324 332 339 346 347 359 360 362 365 366 369 371 372 375 376 377 383 388 396 398 399 400 408 409 410 412 413 416 422 423 424 426 428 
145 1 145 146 147 148 150 156 158 161 164 168 169 174 175 176 177 178 181 184 185 193 194 195 199 210 211 214 223 228 230 233 234 241 243 244 249 250 251 252 253 256 259 261 266 267 269 270 272 274 277 280 283 287 288 290 293 294 296 298 299 300 301 304 306 310 317 318 322 325 327 328 329 332 333 334 335 338 344 348 349 350 353 354 355 356 357 358 360 362 366 369 371 372 384 387 391 395 397 398 399 403 409 410 413 415 417 419 420 429 
41 159 173 201 208 220 273 284 289 379 392 399 404 425 
170 151 153 154 157 158 160 167 168 178 184 185 190 195 197 203 222 225 226 229 230 234 237 242 245 258 262 265 266 269 270 274 276 281 284 285 286 288 293 296 297 302 303 308 313 318 321 326 327 328 335 336 337 338 340 343 348 356 362 363 372 378 379 381 382 383 395 402 405 406 408 417 418 421 422 423 426 427 428 
171 1 145 148 150 156 161 171 179 181 185 187 190 196 197 198 201 203 208 209 210 213 219 223 225 231 235 236 244 248 253 256 262 269 279 280 287 288 295 296 298 300 306 307 311 312 315 320 325 331 334 335 338 340 341 349 351 355 358 364 366 368 369 370 377 383 392 393 395 399 405 407 409 413 414 416 420 425 427 
177 145 147 150 154 155 156 158 167 178 182 185 189 194 200 213 214 219 220 223 228 240 243 244 245 255 263 264 273 274 276 279 280 284 286 287 288 293 296 299 305 315 316 318 324 327 329 337 346 352 354 365 373 374 405 411 414 418 423 429 
292 147 151 152 153 154 159 161 163 167 168 170 174 180 181 182 187 188 190 195 196 198 200 202 203 207 209 210 211 214 219 220 221 223 233 234 236 239 243 245 248 258 259 261 263 268 269 270 275 277 278 280 281 282 283 286 291 292 295 296 300 302 303 311 315 316 318 319 322 323 326 329 332 333 345 347 348 358 359 361 362 363 369 373 376 382 385 386 387 388 389 392 397 398 406 407 408 414 421 427 429 
193 145 148 151 154 155 160 161 164 175 178 185 186 187 189 194 196 201 202 213 215 228 230 240 244 256 257 263 264 269 274 278 281 283 291 304 308 309 312 317 326 330 337 339 343 346 348 349 353 362 368 372 373 375 376 381 382 383 386 389 391 400 413 420 422 427 
286 147 149 159 164 167 171 174 180 186 188 189 193 194 199 204 214 219 224 228 243 248 263 264 268 272 280 288 290 296 300 304 307 308 318 324 327 331 335 338 343 345 354 356 359 375 378 380 386 392 401 407 410 420 423 428 
97 144 162 166 172 177 180 184 190 192 193 200 201 204 205 208 210 217 220 230 238 241 242 247 255 260 261 264 267 274 282 286 293 294 301 310 312 318 326 327 335 336 337 340 344 346 350 362 363 367 384 392 396 400 402 408 411 415 420 424 425 
13 1 146 150 155 163 165 169 171 173 174 176 181 184 192 196 197 200 201 206 211 213 215 231 234 237 238 239 240 242 247 248 253 255 257 258 260 264 273 274 284 290 291 292 297 298 302 305 306 314 316 317 321 323 328 330 334 337 348 349 350 352 361 363 365 373 378 382 386 396 402 403 406 409 410 412 415 418 419 423 424 427 429 
176 1 147 148 149 153 156 158 162 163 172 173 175 178 179 181 183 187 188 193 194 197 200 202 205 207 208 210 214 222 223 224 231 233 234 238 239 241 242 243 245 247 250 251 252 253 254 258 263 264 267 271 282 284 286 289 291 292 293 294 295 297 302 304 305 307 308 311 312 313 316 319 321 322 327 329 332 335 342 345 354 355 358 361 364 366 373 375 376 378 379 381 382 383 385 386 387 390 391 394 396 399 401 403 404 405 406 409 410 411 413 416 422 424 426 429 
8 188 54 31 262 15 89 21 182 204 47 229 98 75 225 294 32 128 271 81 174 24 37 88 249 146 80 259 238 42 144 135 130 231 105 178 216 41 288 190 58 205 192 250 104 215 235 138 126 234 299 165 263 194 108 185 14 213 42 241 137 270 8 176 189 18 57 261 177 187 249 289 229 72 243 7 28 172 191 29 296 166 82 105 27 104 240 252 149 257 41 50 99 184 93 20 225 221 188 19 166 10 38 248 186 168 128 225 165 90 12 135 169 216 58 130 99 16 77 286 120 126 264 152 248 100 275 108 243 51 190 10 254 27 165 5 73 184 113 45 148 265 33 161 269 219 175 212 238 159 22 210 248 271 219 155 134 271 172 241 117 196 191 70 64 228 129 57 252 7 57 195 124 283 239 78 6 165 124 144 281 289 132 276 139 13 186 293 186 42 153 137 49 70 143 131 58 115 21 135 135 83 246 231 102 80 203 131 136 197 78 201 246 47 76 126 243 19 43 110 28 269 182 180 10 115 10 148 100 117 267 253 63 276 220 259 126 242 237 79 73 13 60 143 236 84 209 271 93 190 213 98 263 123 103 256 295 93 131 76 110 79 78 4 182 291 241 51 169 92 164 124 58 69 290 185 52 20 108 35 46 153 105 87 187 246 127 102 266 179 71 45 175 169 288 96 107 42 126 57 203 235 164 226 250 235 80 154 65 25 39 237 88 191 45 17 50 151 213 74 6 161 71 292 234 88 211 11 269 220 137 257 137 172 231 67 151 106 19 174 136 38 187 169 175 33 227 214 35 267 227 120 82 296 24 114 1 53 291 41 265 268 48 154 144 60 156 119 256 108 157 192 144 284 107 169 118 288 206 5 59 296 3 222 275 271 95 29 126 143 42 108 117 215 109 167 27 48 245 48 253 196 281 203 70 231 293 203 132 253 129 45 178 208 146 282 99 167 97 276 202 123 93 26 191 272 275 211 81 
