288 432
292 149 151 161 173 177 179 182 192 193 197 202 204 208 210 212 216 217 223 224 227 231 232 234 250 252 256 257 260 261 273 286 295 299 307 310 311 315 317 318 327 331 340 358 368 377 390 394 396 399 400 402 409 418 422 430 
91 146 150 156 175 178 183 185 193 194 199 200 204 215 217 218 222 227 242 244 249 250 254 257 259 271 275 276 282 291 295 302 305 314 319 329 332 335 344 346 347 351 353 357 370 374 380 381 388 389 392 396 401 402 408 412 415 416 419 424 426 430 431 
174 170 173 227 249 277 325 343 382 384 399 419 
209 154 155 158 159 161 164 167 168 169 170 171 174 176 177 178 179 182 184 185 189 190 194 195 197 198 199 202 204 205 210 213 216 222 226 227 228 230 233 234 238 240 242 249 250 252 255 257 259 260 262 266 268 275 278 281 282 296 299 301 307 308 311 312 317 319 322 325 331 337 340 341 344 349 356 357 360 362 366 374 377 378 385 391 392 393 395 399 401 402 405 407 412 418 425 
288 149 150 151 153 155 160 164 169 170 172 186 188 195 214 232 236 250 255 260 263 269 272 278 288 289 291 297 298 305 307 314 317 343 348 359 372 378 382 386 387 395 397 409 412 424 426 427 
120 145 146 152 155 158 160 165 166 167 169 170 173 175 176 184 186 193 195 196 198 199 203 205 219 227 228 229 230 233 235 238 240 244 248 249 253 254 255 256 258 262 264 265 268 271 273 274 285 289 292 294 296 297 298 310 316 319 320 323 325 329 332 333 338 339 342 343 345 346 347 348 350 351 354 358 359 360 361 363 364 367 368 370 371 373 374 375 376 377 378 379 380 385 386 389 392 394 397 398 412 414 418 420 425 426 427 428 430 431 
143 1 151 157 158 161 180 193 196 217 234 242 244 247 248 257 259 265 279 280 281 289 290 302 307 309 314 316 318 324 329 336 337 344 352 353 357 359 361 365 366 377 381 393 400 402 413 415 417 419 
104 1 145 147 149 150 171 173 181 183 184 185 187 190 194 199 204 209 211 214 216 226 227 229 237 238 239 244 245 246 248 250 252 256 257 264 266 270 274 277 279 282 283 286 290 297 305 307 310 314 315 316 331 332 333 335 337 338 339 343 347 348 349 350 351 352 357 358 361 365 367 374 375 379 383 384 386 389 390 391 393 396 398 403 408 411 414 418 420 422 424 427 430 432 
29 1 157 176 181 188 205 207 210 215 243 254 290 291 301 306 324 328 340 348 353 360 363 366 376 391 424 
93 147 157 160 162 167 168 178 192 193 206 209 214 215 222 231 234 235 236 239 241 244 250 253 254 261 269 270 273 292 295 303 306 309 310 312 314 316 319 323 329 330 331 333 337 338 341 344 345 347 349 353 355 360 361 362 370 375 376 385 386 387 388 391 394 402 406 408 413 417 426 432 
56 147 149 150 151 152 156 157 158 163 165 166 167 170 173 180 182 183 199 205 206 207 209 212 213 214 218 219 221 223 226 227 231 235 242 255 273 276 282 287 288 291 293 299 300 309 316 317 318 323 331 332 333 335 337 340 341 346 353 354 358 361 363 364 376 380 391 399 400 402 404 407 410 412 416 417 420 422 423 425 430 
167 150 151 157 163 181 182 184 189 193 199 202 203 218 219 226 236 237 241 253 257 266 273 277 283 291 292 294 298 327 329 335 339 350 352 353 358 360 362 364 371 375 386 388 390 395 405 408 411 416 419 426 428 429 
292 1 146 150 161 174 179 190 197 207 209 212 214 229 241 244 247 254 258 263 293 298 311 313 318 325 333 338 345 350 352 359 360 363 367 386 388 401 406 413 426 
26 1 145 149 152 153 157 163 164 166 170 182 183 187 199 211 212 214 215 217 218 226 228 230 231 233 237 258 261 276 279 283 289 293 296 301 304 310 312 320 321 322 330 336 337 340 347 350 360 368 369 370 371 374 377 381 383 384 390 398 411 414 419 428 430 
210 150 152 155 162 170 177 185 186 199 213 224 237 241 249 269 274 279 303 314 318 321 326 334 335 337 338 365 366 370 381 384 389 396 401 402 409 420 431 
12 145 154 159 188 204 205 206 209 217 233 234 235 243 245 251 253 267 278 287 341 364 373 383 392 403 428 
279 145 149 155 156 157 158 159 164 165 166 171 172 173 193 196 197 209 212 222 223 225 230 232 236 241 242 243 245 248 249 250 265 269 280 291 293 303 304 310 311 314 315 320 330 331 335 339 341 343 346 350 351 352 358 364 368 372 376 377 378 382 386 387 394 395 406 409 411 412 419 426 428 
42 149 150 155 161 163 167 171 179 183 184 192 197 202 222 225 226 229 231 234 241 244 247 248 249 254 257 260 266 274 286 288 290 292 294 303 304 305 316 324 327 333 339 343 345 348 354 356 358 363 367 368 375 377 382 390 399 401 403 406 408 410 415 423 424 429 432 
20 151 156 157 164 187 194 209 212 215 223 228 230 231 241 251 263 273 277 285 289 291 293 302 308 313 319 328 333 335 337 338 344 349 350 363 364 378 382 385 387 393 403 417 419 427 429 
40 1 147 149 150 154 162 164 167 169 171 175 178 184 185 188 189 190 191 192 196 200 202 209 210 213 215 216 219 222 223 224 228 231 232 233 234 235 236 242 247 253 257 259 260 266 267 274 277 281 282 284 286 294 297 298 299 303 304 306 308 312 315 322 323 325 329 330 333 335 337 346 349 351 354 356 357 359 361 363 364 366 367 369 370 379 380 381 382 384 385 388 389 392 397 399 402 403 411 414 418 423 424 428 431 
97 153 158 165 169 170 205 216 219 232 237 243 248 252 253 256 262 265 266 267 280 317 338 341 346 352 356 358 369 375 382 391 400 410 414 418 
271 1 145 147 149 151 154 155 158 160 164 165 168 171 173 174 176 177 178 186 190 192 194 197 200 203 204 206 210 213 214 216 226 228 234 244 245 246 248 249 250 252 253 256 259 261 262 272 274 275 276 283 284 285 290 296 299 302 303 316 317 318 320 324 330 338 339 340 341 342 343 348 356 357 358 359 362 365 366 369 370 373 374 380 381 382 383 389 397 406 408 409 413 414 415 419 425 426 431 
253 176 178 190 223 224 235 258 267 278 287 288 316 337 338 353 357 361 366 374 379 384 389 399 431 
71 146 147 149 151 152 157 161 162 163 167 168 169 170 171 177 178 181 195 197 198 205 209 211 212 214 217 218 220 224 225 233 234 238 240 245 247 252 253 254 259 261 265 267 285 289 290 291 297 300 301 303 305 312 319 321 324 325 329 330 343 344 347 349 350 351 354 357 359 364 368 370 371 377 379 383 385 386 388 390 392 396 398 399 400 402 403 411 412 417 419 423 429 
233 146 147 148 151 156 158 163 164 165 171 174 177 180 186 190 193 194 196 206 209 211 215 216 217 218 219 226 227 235 240 250 253 256 265 269 273 275 279 288 289 299 308 311 315 318 321 322 325 335 347 352 354 358 363 367 369 373 375 380 381 383 384 385 390 397 400 401 406 407 408 410 414 416 417 418 419 426 431 
143 151 153 157 161 162 167 175 177 178 183 185 189 190 191 192 193 203 208 212 213 216 217 223 231 232 236 241 242 246 249 254 255 257 260 269 272 274 283 286 291 294 297 299 305 310 314 316 317 321 322 328 337 340 342 343 348 352 357 358 366 372 373 374 377 380 384 395 397 400 404 407 412 424 425 432 
162 155 158 160 163 169 173 174 178 179 180 181 182 189 190 199 203 208 218 223 225 227 232 234 235 236 238 240 241 242 247 248 250 252 255 268 269 271 275 288 301 302 304 306 309 320 327 328 330 332 334 335 352 355 360 369 370 372 374 375 387 388 395 396 397 398 401 403 411 412 422 423 424 430 
262 214 321 
74 1 148 149 150 154 155 156 159 161 162 163 164 165 167 168 171 179 183 184 194 196 198 199 200 201 202 205 207 208 211 213 214 215 218 221 223 237 240 241 245 246 247 248 249 250 255 262 263 264 265 267 270 274 279 281 288 289 290 292 294 297 298 301 303 305 311 313 316 317 319 321 324 325 328 329 330 336 341 342 344 347 349 361 367 368 372 373 380 383 384 385 386 392 410 411 413 417 425 426 
276 145 147 149 153 154 164 168 171 174 175 183 184 185 197 202 209 210 215 222 223 224 228 229 235 246 250 257 259 265 271 273 280 290 295 298 299 302 313 318 319 321 324 325 326 328 333 334 336 340 342 354 357 358 359 361 364 368 369 376 377 379 382 385 386 387 397 403 405 407 410 414 415 422 423 426 427 432 
201 145 146 147 148 151 158 160 161 167 169 171 172 176 183 187 196 198 199 203 208 212 213 225 228 232 237 239 244 246 247 251 254 256 259 261 263 265 266 270 273 276 277 278 283 285 287 288 290 295 296 297 303 305 318 322 323 324 335 336 343 344 348 354 355 356 358 359 361 363 365 369 375 377 379 383 384 386 387 388 391 392 395 399 400 402 403 405 408 415 416 418 425 431 
19 153 156 183 191 198 200 231 266 304 305 315 316 333 348 360 397 
237 149 152 154 157 182 183 190 191 197 200 202 205 207 212 213 223 224 228 241 251 260 264 266 274 284 286 308 318 321 323 327 332 334 336 343 368 371 380 385 394 407 421 422 429 
22 156 162 165 172 173 182 183 201 203 214 218 219 232 233 240 242 248 250 251 255 256 260 271 280 281 285 286 291 292 296 309 321 337 338 344 352 355 360 363 378 387 389 405 413 417 418 420 422 424 
76 1 146 147 148 151 153 163 166 170 171 172 174 177 178 179 180 181 182 183 190 191 192 193 194 198 199 200 202 204 205 211 216 219 221 227 228 231 233 234 237 239 243 245 247 251 254 257 258 260 265 266 270 273 275 277 278 279 281 289 291 293 297 298 300 301 313 322 323 325 326 327 328 331 335 344 345 348 351 352 355 358 361 373 374 376 377 378 379 381 382 383 385 386 387 388 390 392 394 395 396 402 403 405 406 407 409 412 415 416 417 418 421 423 425 426 428 430 
135 147 150 154 155 158 159 163 164 165 167 169 173 178 180 182 183 189 190 193 196 197 199 201 204 206 207 209 212 215 216 219 220 221 222 223 224 226 227 230 232 233 234 235 237 238 242 252 253 254 255 259 261 262 265 270 273 277 280 282 286 289 290 291 292 293 294 298 301 303 304 306 307 308 309 317 319 322 324 332 333 339 340 341 342 345 351 352 357 360 361 363 364 367 368 372 378 380 384 385 386 387 390 394 395 400 401 403 404 411 415 417 418 421 422 423 424 425 429 431 432 
58 146 147 157 159 181 183 188 191 198 201 204 205 209 210 215 223 225 236 243 245 248 249 253 256 260 262 266 268 271 274 280 284 295 300 302 304 308 313 321 331 335 342 344 348 351 355 359 361 363 387 390 393 400 401 403 405 413 414 415 419 420 425 429 431 432 
55 148 177 180 194 202 204 207 248 271 275 282 289 290 300 305 311 328 346 374 382 385 402 403 420 421 
172 221 224 291 309 333 381 411 
42 148 150 153 171 175 185 191 194 197 219 233 236 240 258 262 271 277 278 294 299 300 301 302 304 305 314 319 320 323 332 334 336 338 339 340 343 349 352 353 358 359 360 361 362 364 373 377 379 381 383 405 407 413 417 420 422 429 
80 149 150 155 161 168 182 189 191 218 220 235 244 253 264 269 270 272 273 275 282 286 293 295 297 300 309 332 337 338 340 349 364 369 373 380 381 387 398 403 406 410 
93 149 150 151 152 160 161 162 168 170 176 184 188 190 197 198 199 200 204 207 210 218 221 222 223 228 231 233 235 239 241 242 243 246 247 248 253 254 257 260 261 264 266 268 273 276 281 282 283 287 288 294 296 301 303 305 306 308 310 312 315 317 319 323 324 325 326 329 332 337 353 360 361 362 364 365 366 367 368 372 374 376 379 381 383 385 387 389 397 398 400 405 407 408 411 414 418 420 423 425 430 
183 149 151 159 207 218 221 232 248 271 276 282 307 316 317 331 345 347 348 353 356 372 404 
22 1 145 152 162 164 169 175 184 185 187 189 190 202 206 219 231 232 234 235 237 239 240 242 245 246 252 253 259 265 266 270 271 275 277 279 283 286 287 291 297 305 313 321 324 326 352 356 358 359 367 368 369 371 374 376 381 384 385 392 397 402 406 416 424 425 426 
151 145 151 153 154 158 160 163 164 165 168 172 173 174 175 176 177 180 181 188 191 193 194 196 201 202 204 207 208 209 210 213 214 216 222 226 227 231 234 235 239 240 243 244 247 251 254 258 261 264 265 266 267 268 269 272 274 276 279 280 284 285 286 288 290 293 299 300 312 314 316 322 324 326 329 332 334 335 338 341 343 344 346 347 348 349 351 354 359 363 367 368 371 372 373 377 381 384 385 387 391 393 394 400 404 405 416 417 421 423 424 426 429 432 
90 153 185 196 204 216 236 270 271 278 279 285 295 304 306 310 360 364 407 408 409 430 
173 145 146 147 148 153 155 156 159 161 162 164 165 167 172 176 179 180 184 187 189 190 191 192 195 196 202 205 210 212 215 216 220 221 222 227 228 229 230 231 232 235 238 239 244 248 255 259 270 273 275 276 277 279 280 281 286 287 289 296 299 301 302 306 309 310 311 315 320 322 323 324 326 329 332 335 336 340 346 347 349 350 351 354 356 357 360 362 363 365 368 370 371 374 377 378 384 385 387 391 395 397 398 402 404 405 417 418 425 429 
137 155 161 175 192 194 205 208 215 217 252 257 266 274 276 304 305 309 311 327 342 356 365 375 392 394 395 412 428 
180 1 146 151 154 159 161 162 163 165 166 169 172 175 178 179 180 190 191 193 196 198 200 202 205 210 211 213 219 221 222 227 231 235 236 239 242 246 247 248 251 253 254 257 258 271 272 277 278 281 283 286 288 293 297 298 300 301 304 305 312 313 314 315 317 319 321 322 323 325 326 327 328 334 348 357 359 360 370 371 372 373 374 377 378 379 381 385 396 401 404 405 411 412 414 416 417 418 422 425 
209 1 146 147 148 154 158 160 170 174 180 182 188 197 202 207 214 218 223 224 225 228 231 232 234 252 253 255 261 265 271 275 276 278 280 281 284 292 298 307 308 315 316 319 320 329 337 339 341 342 346 348 351 364 376 380 383 386 387 391 404 409 411 412 417 427 429 
149 154 159 165 168 178 182 196 206 221 224 229 232 233 234 236 243 246 251 252 256 276 278 310 314 315 317 323 335 343 344 346 350 355 357 371 375 388 390 406 409 410 423 425 430 
74 160 211 218 367 401 
260 145 150 163 165 171 178 180 191 196 227 235 238 239 245 253 255 261 269 294 309 311 312 324 337 341 347 353 361 365 370 373 377 378 387 400 405 416 426 430 
70 1 149 157 162 163 166 167 171 176 177 178 187 195 196 198 200 201 202 203 208 210 213 214 220 222 224 229 230 231 235 240 242 243 246 251 256 270 272 280 284 290 292 296 297 298 299 305 308 314 315 319 323 325 326 328 329 331 332 334 339 341 342 343 345 347 348 350 351 356 357 358 359 361 365 368 369 371 374 377 381 385 386 387 388 390 394 396 399 400 403 405 406 408 409 413 414 415 416 418 420 421 425 426 427 428 430 431 432 
3 149 152 155 159 160 161 164 165 166 169 172 183 190 193 197 201 205 206 208 209 211 213 216 223 226 229 230 233 238 240 241 242 245 248 252 262 264 266 267 270 275 276 277 278 280 285 291 294 297 299 300 302 309 310 311 313 314 316 318 322 324 326 327 335 336 341 348 350 354 355 358 360 364 366 369 380 382 386 403 404 407 408 415 417 420 421 423 428 
228 154 173 178 183 184 188 191 192 206 227 232 242 244 263 284 293 301 311 342 347 353 355 358 360 366 377 384 389 390 396 403 417 423 428 
72 1 147 149 156 164 165 171 173 176 178 181 182 186 190 191 193 194 198 200 201 213 214 215 216 220 221 222 223 225 229 230 231 233 234 235 236 240 241 242 245 248 251 252 253 257 259 269 270 271 272 278 283 285 286 290 292 293 295 303 311 313 314 315 318 320 321 327 328 330 335 339 344 355 356 369 371 373 376 383 389 390 396 397 398 401 402 404 405 406 408 410 412 416 418 419 428 429 432 
164 146 153 154 156 166 182 184 185 193 194 199 213 217 232 234 235 239 254 256 260 269 287 288 289 293 296 299 307 308 313 315 321 324 326 327 343 344 366 372 374 377 385 388 402 403 407 411 413 414 423 
154 1 147 153 154 171 186 189 202 218 220 249 295 297 311 315 325 327 339 341 343 349 352 366 375 383 388 403 410 416 426 429 431 432 
46 147 149 152 155 156 160 162 169 171 174 175 178 179 183 186 189 195 197 198 199 200 202 207 211 214 215 222 223 225 227 228 235 238 240 244 259 260 261 263 267 269 270 285 289 292 293 298 303 304 306 310 311 312 313 318 327 332 337 340 345 351 352 353 354 356 370 378 379 380 384 385 386 390 391 395 399 401 404 405 408 413 420 431 432 
56 167 172 187 189 214 218 220 231 246 249 253 254 255 258 280 282 301 302 315 319 326 328 340 342 351 353 378 379 381 391 397 407 429 
109 1 187 224 232 250 252 258 263 273 279 282 284 285 303 304 321 344 345 353 362 366 372 387 409 410 
88 146 147 154 163 167 170 171 175 177 191 193 196 199 200 201 203 207 212 219 221 226 236 239 245 248 254 257 258 260 261 266 267 268 283 285 288 296 297 298 305 306 313 315 318 319 320 324 328 330 331 334 339 345 346 358 365 367 368 372 379 380 384 392 393 394 396 400 401 404 405 407 408 419 423 425 430 
260 146 147 148 151 154 160 161 163 165 178 181 184 187 188 192 196 197 202 204 214 219 222 223 225 230 238 239 240 245 249 253 256 262 263 272 273 277 279 284 286 288 289 291 293 295 296 297 299 301 303 304 306 307 309 311 312 316 319 322 324 325 326 330 332 339 341 346 347 351 352 353 356 357 360 362 365 368 371 372 374 375 377 378 380 381 382 384 387 392 393 395 398 401 402 404 406 419 421 429 432 
195 242 317 
54 146 151 159 160 163 166 169 170 173 175 176 193 208 218 221 225 240 242 246 247 260 265 275 279 282 288 297 309 331 333 336 337 339 341 342 347 355 367 369 370 380 399 402 411 417 418 419 423 430 
99 1 189 222 245 313 352 393 407 417 
78 145 155 165 166 168 176 182 184 196 201 208 209 210 218 222 236 257 262 263 266 267 281 305 313 325 332 333 350 351 363 380 387 396 398 401 413 423 429 
277 185 187 192 208 248 272 275 292 298 361 364 366 380 387 405 408 
19 150 159 164 173 176 182 188 189 197 201 212 224 225 228 234 244 245 251 256 260 265 268 285 288 313 315 321 322 324 329 332 337 362 363 367 384 404 409 426 
34 146 148 155 157 161 163 164 169 172 176 177 178 179 183 186 187 189 193 195 199 201 203 205 210 212 213 215 217 220 222 225 227 233 234 239 240 241 242 245 246 248 251 255 262 271 275 280 283 285 287 293 294 296 300 303 305 307 309 320 322 324 327 330 334 336 340 351 352 353 354 362 366 368 375 380 381 385 387 388 391 392 397 399 400 402 403 407 408 409 414 415 420 422 423 424 425 426 428 
135 1 145 149 152 153 154 156 158 161 163 166 169 173 175 178 179 180 181 183 187 188 189 190 192 193 194 195 196 197 200 201 204 209 210 215 218 219 221 223 225 234 236 239 247 249 252 254 255 261 266 268 271 272 274 275 277 278 279 280 284 286 288 289 293 300 301 303 307 310 313 317 324 325 328 330 331 333 342 343 345 349 352 353 356 358 362 371 373 375 380 383 386 388 389 390 393 394 395 396 397 399 403 405 407 408 410 412 415 417 419 420 421 422 427 430 
100 146 152 162 165 166 170 171 174 175 178 184 186 188 189 199 206 208 210 212 214 218 219 222 225 227 229 231 233 236 238 239 240 244 249 252 253 261 262 265 273 274 275 278 279 284 286 288 289 290 296 303 308 310 312 314 317 323 324 325 334 341 350 358 360 362 366 368 375 376 377 378 379 380 381 385 386 388 392 393 396 402 407 408 409 410 411 417 424 426 427 431 
224 145 152 163 173 186 188 189 192 193 194 196 202 205 207 217 224 225 227 230 233 239 242 243 244 251 258 261 262 266 274 277 281 282 288 291 292 293 295 299 306 308 309 318 321 324 328 330 333 334 335 339 354 363 370 375 379 390 399 403 409 414 418 422 431 
209 152 153 157 158 159 161 163 165 176 178 183 186 187 190 192 195 211 212 213 214 216 220 221 225 230 233 234 241 245 251 252 258 262 263 266 267 274 275 283 287 291 296 302 304 308 317 322 325 336 339 340 341 343 346 348 353 354 357 358 359 360 363 364 368 374 376 382 383 385 387 388 393 395 396 402 411 416 421 422 428 431 
288 149 150 152 153 154 155 158 167 169 171 172 174 175 176 179 181 189 191 192 194 198 203 204 209 212 213 214 220 225 226 231 233 234 235 236 237 243 244 247 248 249 258 260 264 267 276 278 280 283 285 289 298 301 306 308 311 312 314 316 323 326 327 329 333 334 335 337 340 341 344 348 350 354 360 364 367 368 369 373 375 384 397 399 402 409 411 415 418 419 421 426 428 429 430 
73 145 154 156 159 173 186 191 193 197 204 207 211 214 217 218 227 239 241 246 252 264 268 292 295 296 309 314 316 318 321 328 335 338 345 375 381 388 390 392 414 
42 152 165 217 222 230 268 280 284 310 318 322 328 329 348 369 402 404 413 414 419 
286 1 151 153 156 159 161 162 169 170 171 173 177 179 180 183 184 191 194 196 197 198 199 200 207 219 220 221 223 224 225 226 229 236 238 240 243 252 253 254 255 257 258 259 260 262 263 265 266 268 269 271 272 276 279 282 284 291 293 294 297 298 303 308 312 313 316 321 322 328 335 336 337 338 340 341 342 344 347 352 354 357 358 361 364 367 369 370 382 383 385 389 396 397 404 408 413 414 415 417 418 420 421 423 425 428 429 431 
201 148 149 154 157 161 169 172 173 179 181 183 185 186 187 190 191 194 195 197 198 199 206 212 216 220 221 222 223 226 231 235 237 241 245 246 247 251 253 254 255 257 260 264 266 275 276 277 280 282 283 286 292 298 299 302 307 309 310 315 329 336 337 338 342 345 346 348 350 351 356 359 364 367 369 370 377 378 380 388 389 393 394 396 399 400 401 404 405 406 407 412 416 418 420 422 426 427 429 432 
261 153 163 168 179 180 183 184 186 201 219 221 247 249 279 285 290 292 298 306 314 316 319 327 328 329 333 341 343 358 363 364 381 383 393 395 397 407 427 
54 147 148 156 157 160 168 172 207 213 215 218 225 226 228 236 251 264 275 286 289 296 313 319 323 326 335 343 347 351 379 385 396 
34 421 
123 149 150 152 157 158 160 161 162 167 170 172 173 174 175 177 178 181 183 184 190 197 199 201 203 204 208 210 212 215 218 219 221 225 228 229 234 235 241 248 250 254 261 262 263 266 269 270 274 276 277 279 280 281 282 296 300 305 307 319 320 321 324 329 330 342 346 349 353 359 360 361 363 364 365 370 371 375 376 379 380 386 391 394 407 408 409 410 411 415 419 423 425 426 
102 146 148 151 153 154 158 166 167 169 174 180 181 185 194 199 201 204 206 207 208 213 217 220 222 226 227 228 231 233 234 237 240 243 246 250 252 253 254 255 256 257 261 266 272 276 277 278 279 281 286 287 288 290 293 294 301 303 304 305 306 309 311 312 313 320 321 322 328 331 333 338 344 350 351 352 355 360 361 362 366 368 369 372 374 375 376 377 379 380 382 388 389 390 395 397 398 399 404 405 413 415 417 418 419 421 424 425 426 427 429 432 
43 148 150 152 154 155 163 166 167 176 180 187 188 192 197 198 200 211 213 218 220 232 233 242 243 247 249 251 257 258 263 264 267 268 271 274 277 278 282 292 309 311 319 324 325 327 328 330 339 343 345 356 363 371 373 374 379 397 398 400 404 409 410 428 431 
204 1 145 146 151 152 156 157 159 165 167 170 173 175 177 186 193 194 199 206 207 209 211 213 216 221 223 224 226 227 229 231 232 234 235 238 239 241 243 246 247 249 252 259 261 264 273 276 279 280 283 287 290 295 297 298 300 301 308 309 312 316 317 320 322 323 328 333 343 344 347 349 350 352 355 357 364 366 368 373 375 378 381 384 388 390 393 399 405 410 411 418 419 421 423 424 425 429 431 
202 149 150 151 154 157 160 162 173 174 175 179 181 182 184 185 186 193 202 204 205 208 211 213 216 217 221 222 225 236 241 247 251 254 257 261 262 265 279 282 284 287 295 297 302 305 310 311 315 316 318 323 324 325 327 330 332 333 334 336 337 354 355 356 358 361 374 377 378 391 398 400 401 406 411 423 426 431 432 
220 150 151 157 163 171 179 181 184 185 187 188 190 200 203 205 209 215 217 219 224 225 242 248 256 283 284 286 289 292 295 296 297 304 306 307 310 312 315 317 324 325 327 330 331 335 339 343 345 348 350 356 361 362 366 368 371 374 375 377 378 379 386 390 391 393 402 406 412 416 419 422 424 
208 150 151 184 187 192 215 216 218 223 227 231 256 268 277 293 306 328 368 378 379 380 386 390 392 400 407 412 415 416 423 
206 1 149 151 153 163 164 167 168 169 170 177 178 185 186 191 197 200 204 210 224 233 240 244 245 247 249 250 263 265 267 275 276 286 293 302 306 314 319 321 324 327 339 341 348 364 368 369 370 380 383 387 390 400 401 402 403 404 405 408 411 425 428 
235 1 147 148 149 151 153 165 170 176 177 179 186 193 196 202 203 205 209 216 219 221 223 225 227 229 232 239 244 251 261 264 279 283 288 290 292 302 309 310 314 316 317 319 320 321 323 325 327 333 339 342 346 350 351 355 357 359 364 366 369 371 376 379 380 384 389 391 393 394 396 397 398 401 409 410 411 422 426 
166 222 401 409 
119 147 152 154 156 158 161 166 169 170 174 176 178 180 184 187 189 193 196 199 202 204 207 208 209 210 218 219 223 228 230 231 232 238 245 246 248 257 258 261 266 267 268 274 277 281 286 289 290 299 300 302 305 307 308 309 310 313 314 317 320 321 323 324 325 333 345 348 351 355 356 357 362 363 371 382 389 393 394 398 402 403 404 407 408 410 411 416 421 423 429 431 
13 155 162 163 168 175 182 184 185 189 201 202 203 205 214 226 232 238 244 248 261 263 264 272 274 277 278 283 286 293 323 331 335 336 350 357 358 361 366 368 369 374 376 377 379 393 397 398 399 402 408 409 427 429 
94 145 146 148 152 154 163 166 170 171 172 178 186 187 189 193 196 197 199 200 201 203 204 212 215 221 222 224 232 234 236 242 244 247 249 250 255 256 258 264 265 266 267 272 275 276 284 285 287 288 289 292 293 294 296 303 312 313 315 316 317 318 325 327 329 338 348 351 352 360 364 365 366 371 377 380 381 383 395 396 397 404 406 407 408 410 411 413 414 416 425 429 
291 150 157 163 166 176 181 189 191 192 193 199 201 203 207 212 215 216 217 218 224 241 242 243 253 258 281 290 291 314 315 316 317 322 328 354 359 361 363 364 365 382 386 389 391 393 398 410 413 419 421 422 428 
280 145 
143 1 147 151 157 161 162 165 176 187 190 195 200 213 216 223 232 234 235 236 240 246 247 250 252 254 267 270 271 284 288 299 300 317 322 324 329 339 357 359 363 364 383 389 391 394 404 414 425 428 
287 147 151 159 160 162 164 165 169 170 174 175 176 179 180 181 185 192 195 196 198 199 200 219 221 222 227 230 231 244 245 248 250 255 256 258 264 265 266 267 269 277 278 282 283 284 285 287 299 311 312 313 314 318 328 329 330 337 347 348 349 356 365 370 373 374 383 384 385 395 396 397 407 408 412 413 415 427 428 430 432 
13 145 149 150 152 153 155 156 160 161 164 165 166 168 169 170 171 177 182 185 188 189 192 194 196 198 199 200 202 203 209 212 215 217 219 221 223 227 228 229 231 234 235 238 239 242 244 249 253 254 256 262 263 266 269 271 283 287 291 292 300 302 305 306 309 315 326 330 332 338 342 348 353 356 358 359 360 362 364 370 374 377 379 383 389 390 391 392 393 398 400 403 405 406 409 413 416 419 421 422 426 427 428 
47 145 150 151 152 154 155 156 158 163 167 169 173 175 177 179 181 184 191 196 197 198 203 205 210 212 215 218 221 223 225 226 228 239 240 241 247 248 249 251 257 258 260 264 266 267 270 271 273 277 279 285 290 291 293 296 300 302 303 304 306 308 309 310 312 314 320 323 324 326 334 336 338 339 341 344 345 347 349 352 353 355 356 362 363 371 374 385 387 397 401 405 406 409 413 414 415 418 419 421 423 424 425 427 428 429 
270 145 149 151 153 154 155 156 160 164 165 166 179 181 182 184 186 190 191 193 194 201 202 203 212 216 225 228 231 233 237 242 244 248 266 267 273 276 286 294 295 304 305 307 310 313 322 325 329 338 343 348 354 356 359 360 361 363 365 368 370 371 373 378 379 383 384 386 387 389 391 393 394 396 398 404 405 412 413 414 416 417 418 419 421 423 425 430 432 
43 147 150 151 154 160 163 164 166 169 172 173 174 178 179 180 181 182 184 186 187 193 194 200 201 205 209 210 217 218 221 227 228 229 235 237 239 246 247 248 252 255 257 258 261 262 265 271 272 273 279 280 281 283 284 286 289 291 296 298 302 305 307 308 309 310 311 313 320 322 323 324 326 327 331 333 334 335 338 341 343 344 352 353 357 358 360 361 367 368 369 371 372 375 377 378 382 385 386 388 394 395 397 401 404 405 409 413 416 421 424 429 
3 1 146 147 149 153 154 158 161 171 174 178 179 180 183 185 186 187 196 197 201 202 206 207 209 210 211 213 216 217 218 226 232 241 246 247 248 249 252 256 261 270 271 274 275 277 280 288 290 291 296 297 298 299 302 303 304 307 313 318 319 320 322 328 329 335 337 338 341 343 349 350 351 353 354 355 358 359 362 365 367 368 371 373 374 378 379 381 387 388 392 395 402 406 407 410 413 414 416 418 419 420 421 423 427 429 432 
234 147 148 151 154 156 158 161 163 170 173 174 177 183 190 194 196 198 204 206 211 221 226 227 228 229 236 241 242 243 244 251 259 262 263 268 276 279 280 281 287 291 295 300 304 309 310 311 314 315 316 318 323 325 327 336 347 350 351 358 360 361 364 365 366 368 377 379 380 383 385 389 393 402 403 409 410 413 416 418 420 422 427 431 
32 149 154 156 160 164 167 169 173 174 178 181 195 200 204 208 213 215 216 218 221 223 227 233 238 241 242 245 251 255 263 266 268 277 279 284 285 286 287 292 301 307 309 311 318 319 322 324 325 328 329 332 336 337 338 339 353 362 366 369 379 381 383 388 395 396 399 400 401 408 414 415 416 418 421 425 429 430 
35 1 145 152 158 159 160 171 179 183 184 189 195 213 226 227 233 256 266 271 279 282 285 296 300 311 318 320 322 334 339 348 353 360 368 373 375 377 378 385 395 416 418 420 
163 145 147 152 161 165 168 174 175 178 187 188 191 192 194 196 200 203 204 205 206 207 209 211 214 217 224 226 228 230 232 238 248 254 265 266 269 270 272 274 280 282 285 287 299 300 305 306 320 333 336 339 341 343 348 353 359 361 363 364 365 368 372 377 379 380 384 386 390 392 396 397 401 403 410 412 421 423 427 430 
214 146 154 156 159 162 164 167 175 177 181 182 183 184 195 197 199 200 215 222 229 230 232 238 252 255 256 258 260 266 273 278 280 281 282 286 290 291 295 297 298 299 301 303 306 310 316 319 325 338 343 351 356 360 362 364 374 377 382 388 390 391 393 399 402 403 404 406 408 409 421 422 428 430 
103 151 153 156 157 159 163 164 169 182 184 185 195 198 210 211 214 220 222 225 233 236 238 241 243 247 248 253 258 259 262 265 266 272 274 276 277 279 283 285 286 289 293 303 308 311 312 313 318 319 334 335 336 337 339 342 343 357 358 362 363 371 372 376 378 379 383 387 388 392 395 404 409 410 411 420 424 425 431 432 
70 1 146 148 149 151 154 158 160 165 166 169 181 185 190 194 195 197 200 203 204 205 206 209 214 229 236 245 246 251 255 262 263 265 268 269 271 280 286 292 293 296 299 300 301 302 304 326 327 328 329 333 334 335 337 338 340 343 347 349 351 353 356 360 361 365 368 371 372 374 375 377 379 381 382 383 386 387 388 391 393 399 403 405 408 412 413 414 415 417 418 419 421 426 427 
69 151 154 155 160 163 164 174 175 183 184 185 193 203 216 217 219 220 221 225 227 238 240 243 245 246 247 251 253 254 255 258 262 272 277 278 279 282 283 287 288 289 290 292 293 305 313 314 322 325 326 328 329 331 335 344 348 354 355 357 362 363 366 370 381 387 389 391 394 405 408 412 418 421 426 428 431 
228 149 152 154 158 160 162 165 167 168 169 174 176 178 183 184 186 187 189 192 193 196 197 208 213 214 216 221 224 229 232 234 237 238 241 244 245 246 252 253 254 256 257 260 261 262 265 270 271 272 273 277 279 281 282 292 293 294 295 296 302 306 310 314 319 320 322 324 326 328 331 334 336 338 339 343 346 347 352 353 354 358 360 363 365 366 367 369 379 380 381 391 392 393 394 395 398 401 403 405 406 407 409 410 414 419 425 427 428 429 
206 147 148 150 153 155 157 158 164 170 175 179 185 187 189 192 193 194 197 200 204 207 210 214 216 220 224 228 232 233 237 247 249 255 260 262 263 264 273 279 280 281 291 294 295 297 301 302 304 307 312 316 325 333 345 346 347 348 361 364 365 367 371 373 375 378 381 382 388 391 397 398 405 409 415 418 423 430 
300 145 146 150 152 157 158 159 160 163 166 171 180 181 183 187 189 194 196 199 201 205 206 207 214 215 216 220 221 222 227 236 243 244 245 247 256 259 261 262 263 264 265 267 269 271 272 273 275 279 282 284 285 286 288 290 294 296 299 301 307 308 309 313 315 317 319 321 324 325 326 334 337 339 340 359 360 361 368 369 373 374 378 379 380 382 385 390 396 403 406 409 414 415 420 422 425 427 431 
182 147 150 151 152 154 156 157 160 162 165 166 169 171 175 176 177 179 180 185 190 194 197 202 203 207 208 211 212 218 229 230 235 246 249 253 256 261 265 267 278 279 280 282 283 285 287 289 291 293 294 295 296 298 299 303 304 314 319 320 323 326 327 328 329 333 344 349 353 360 364 366 367 375 376 382 385 388 392 394 398 400 405 406 407 409 414 420 425 426 427 429 
278 147 153 156 157 158 160 167 175 178 187 191 206 225 227 229 234 235 252 267 272 274 280 290 324 330 333 334 335 342 344 352 357 358 362 372 385 390 399 405 408 414 415 419 421 422 424 429 
263 146 148 158 165 170 173 174 177 179 181 186 199 202 206 221 232 233 234 239 241 245 246 258 259 260 283 288 297 306 310 314 316 319 321 322 324 332 333 335 347 353 368 378 380 385 390 400 401 407 410 411 417 418 428 430 
4 152 157 171 206 213 226 277 349 365 395 
299 1 147 148 149 153 158 160 161 162 163 166 167 172 173 175 176 180 181 184 187 188 189 190 192 203 204 205 206 207 211 214 220 222 226 228 233 244 245 248 252 256 262 264 267 269 270 273 284 291 292 295 299 305 308 310 311 313 319 324 325 327 329 336 338 339 340 342 344 345 346 347 352 361 365 369 370 372 374 386 389 391 392 393 394 398 403 405 406 410 412 414 416 419 421 423 427 
205 151 155 156 158 162 164 167 168 170 174 183 196 198 203 204 212 214 226 227 230 232 241 243 245 251 253 255 256 258 259 261 265 267 272 274 276 277 279 282 284 285 288 289 291 294 295 297 299 302 305 311 315 317 320 326 328 333 339 347 349 352 353 361 365 371 373 375 377 380 382 383 386 387 389 390 391 393 396 397 398 401 403 406 409 410 413 415 418 419 421 428 432 
67 183 205 211 219 229 233 248 261 264 290 334 376 383 384 385 388 413 427 
114 145 147 149 152 154 161 164 166 168 169 172 173 174 177 182 184 185 191 193 201 202 203 205 207 209 216 218 219 225 226 229 231 234 235 238 239 241 245 246 248 259 260 263 277 279 280 282 283 304 307 308 310 312 317 319 320 326 327 332 339 340 341 343 344 346 348 349 352 355 357 359 361 364 367 371 376 377 380 381 384 387 391 395 402 406 408 409 411 416 424 
13 147 155 157 165 169 187 190 196 215 218 226 236 239 256 257 266 282 286 292 303 304 306 308 316 319 324 330 356 374 388 393 409 417 429 
34 146 150 151 153 154 156 160 171 180 182 187 188 192 196 201 205 206 217 227 234 242 244 254 256 258 264 265 278 280 283 287 296 302 320 322 325 330 333 334 337 346 347 349 350 352 359 361 375 376 377 383 390 406 408 412 413 414 417 419 421 423 427 
181 145 152 153 156 157 158 159 163 164 165 169 171 173 177 178 181 182 186 189 191 195 199 205 206 207 208 214 215 216 217 221 224 228 229 230 231 233 234 237 243 245 248 249 253 257 258 259 262 264 272 275 278 279 282 283 284 290 294 295 296 299 305 308 310 312 316 326 332 333 334 335 337 338 350 352 355 356 360 361 362 363 365 366 377 378 379 393 396 401 402 405 418 423 429 
219 147 185 198 208 249 270 278 296 331 333 339 367 400 
217 150 159 166 173 177 178 182 185 194 197 198 201 207 220 228 235 236 243 245 246 253 255 264 270 272 276 277 279 284 288 289 295 301 302 305 308 309 316 320 324 326 327 328 333 339 340 342 343 345 346 348 349 354 363 365 367 370 372 374 379 384 388 393 394 396 398 399 402 404 408 414 418 425 432 
222 202 286 411 
274 259 
255 1 147 150 157 158 160 165 168 176 177 183 184 189 191 192 193 194 197 198 207 216 221 228 229 235 252 254 264 267 271 281 285 287 290 294 299 301 305 318 321 325 326 329 332 333 334 335 337 346 348 351 354 355 361 380 384 391 394 406 410 411 412 417 427 
93 147 149 151 153 155 158 159 160 162 165 167 170 176 178 181 183 185 186 188 189 190 197 199 200 203 204 205 206 207 209 211 213 218 219 220 223 225 230 231 232 233 234 235 244 249 250 254 258 261 267 269 274 279 286 288 291 297 299 301 303 306 307 308 310 311 314 317 322 326 329 332 333 334 336 338 341 342 343 344 345 348 349 352 356 364 366 371 373 380 381 382 385 389 391 392 395 396 398 401 406 407 408 409 413 414 416 417 419 421 422 425 426 427 431 
106 156 157 162 171 173 180 196 211 217 219 220 225 248 252 257 266 274 279 293 297 303 308 318 325 344 345 350 354 364 365 368 372 376 398 415 418 420 421 431 
265 146 201 210 248 264 265 296 319 321 380 394 426 
277 146 159 164 166 178 181 201 204 207 221 228 233 248 253 266 273 288 302 313 326 327 328 331 332 335 342 370 373 386 405 416 418 421 423 
104 1 147 148 152 153 154 157 158 159 160 162 164 167 170 173 176 188 192 196 197 198 202 203 205 207 208 215 216 221 224 232 238 239 241 244 247 249 251 252 253 255 257 261 262 264 267 269 273 274 275 277 279 281 282 284 285 286 288 296 297 304 309 310 311 314 322 324 327 328 329 332 333 337 339 340 341 342 347 349 351 356 357 358 359 362 365 366 367 369 376 381 391 394 397 399 400 405 406 407 410 411 414 416 419 422 423 427 
60 145 146 147 156 159 162 163 165 166 167 170 180 184 185 193 195 197 200 204 209 213 216 218 234 236 249 250 258 266 267 270 274 299 303 307 313 316 318 332 354 355 358 365 368 378 382 383 394 400 403 408 410 421 431 
45 160 176 189 199 210 219 221 224 232 244 246 272 283 292 296 297 298 303 318 325 348 371 377 385 390 391 405 410 411 424 430 431 
172 158 164 184 189 206 213 220 231 237 256 262 265 266 280 287 288 296 308 309 310 311 316 320 321 324 331 335 338 346 349 351 356 359 362 365 386 389 390 391 404 421 430 432 
173 154 167 179 200 215 222 223 224 243 246 247 250 251 265 271 273 277 281 288 289 298 300 302 314 315 326 330 333 335 339 346 362 364 375 381 396 414 417 431 
36 146 158 163 171 173 184 185 186 193 202 207 209 212 218 220 240 242 248 263 280 285 304 313 319 323 325 331 332 334 339 345 347 348 364 365 371 373 379 381 384 391 396 397 398 408 410 411 415 421 424 429 431 
201 146 148 150 153 157 162 169 171 176 178 180 190 197 206 216 243 250 252 253 278 281 286 287 289 295 315 326 338 360 361 369 382 383 389 401 
106 145 149 152 154 162 166 182 183 187 188 189 192 196 198 205 206 208 210 212 218 222 227 233 234 245 253 261 263 276 280 281 283 285 289 292 301 307 315 319 322 324 326 328 329 332 333 334 337 342 348 357 364 367 371 373 379 382 394 396 403 410 422 432 
79 155 157 176 179 189 191 192 201 204 205 209 210 216 231 234 238 244 257 258 259 263 270 275 277 281 284 288 293 295 297 306 308 313 327 329 342 346 349 357 361 364 368 369 371 378 381 397 398 401 404 411 419 424 426 429 
105 149 151 153 155 156 157 159 162 164 167 168 171 172 173 176 184 186 188 190 192 193 194 201 202 207 208 210 212 213 217 218 220 221 222 225 226 228 230 231 232 234 235 238 239 244 246 248 250 251 253 259 261 263 267 268 269 270 273 274 275 276 277 282 284 286 289 290 298 300 301 302 306 308 311 314 317 319 323 325 326 328 329 332 335 337 338 340 342 344 346 348 349 352 353 354 360 362 375 379 380 382 386 390 392 397 398 400 401 402 403 404 405 418 421 423 426 
149 154 156 163 165 173 174 178 179 186 187 189 202 203 207 221 230 237 238 243 265 266 267 278 279 283 285 299 336 337 347 348 350 355 363 384 388 403 414 421 422 424 428 429 
265 145 150 155 157 159 161 168 184 189 190 196 209 212 214 215 219 221 224 227 228 238 239 245 247 251 253 254 256 257 260 261 264 265 270 272 275 276 279 283 290 291 294 295 298 300 301 304 305 312 314 318 323 329 335 340 341 342 348 350 352 355 357 358 359 361 365 371 384 387 388 395 398 402 409 412 429 432 
83 174 181 190 197 199 201 205 206 221 226 228 239 254 276 279 290 293 310 352 356 360 361 374 384 386 392 397 422 423 
118 145 148 150 161 162 168 193 198 200 202 203 204 206 210 212 215 216 221 223 227 230 241 243 251 254 257 258 260 263 268 273 276 281 282 285 287 293 298 301 303 315 323 325 329 335 336 342 349 350 353 354 355 358 363 367 368 371 374 376 378 387 389 393 396 408 411 412 415 419 420 422 428 
65 151 153 162 164 165 169 172 175 183 184 185 187 190 204 207 209 210 212 213 216 222 225 234 235 240 241 244 246 250 255 256 257 269 270 275 276 280 282 283 284 287 297 299 304 305 312 313 318 334 336 337 341 351 361 364 365 369 370 371 383 386 388 392 393 401 402 405 407 408 412 419 420 421 423 430 
272 149 150 153 159 164 167 174 175 177 180 185 187 192 195 196 198 199 203 204 206 207 208 213 214 215 218 220 222 224 229 231 232 233 234 238 239 245 257 259 260 266 267 269 275 280 295 297 299 304 308 312 315 316 322 324 329 332 336 339 341 343 344 347 358 359 362 363 364 365 371 375 378 380 383 385 389 397 398 400 401 405 408 411 413 414 417 419 420 422 423 424 425 430 432 
300 145 146 147 151 154 155 158 159 163 166 167 173 175 179 180 182 183 187 188 189 190 192 193 198 199 201 203 212 214 220 221 222 223 224 225 226 229 230 231 232 234 235 237 238 239 243 248 253 255 260 261 263 266 271 273 274 275 281 282 285 289 291 302 304 311 312 319 321 326 327 329 332 333 334 335 341 342 345 346 351 354 357 359 361 363 366 373 374 376 378 380 382 384 389 391 393 394 395 397 398 402 405 406 407 412 414 415 418 422 424 429 430 432 
27 155 181 209 224 231 253 279 289 294 312 314 316 329 337 349 360 386 393 398 412 414 418 420 429 432 
177 1 149 151 155 157 158 159 162 164 165 170 175 188 192 193 196 197 202 203 211 213 219 220 225 232 233 237 238 239 242 244 245 246 249 250 255 256 260 263 266 268 272 273 274 277 279 283 284 285 292 293 294 296 297 307 311 314 315 319 320 324 325 330 334 336 337 338 343 346 351 352 353 354 355 356 358 361 362 364 366 369 370 371 374 382 385 401 402 404 409 410 414 416 420 425 426 430 431 432 
89 146 149 165 168 175 176 183 184 185 187 188 189 209 215 219 222 232 234 242 247 273 275 289 291 293 295 302 313 318 322 327 329 356 367 373 377 381 396 400 401 402 404 415 422 
248 1 145 149 150 151 152 154 157 160 165 170 171 188 190 196 197 204 208 210 215 222 225 229 235 237 239 241 242 249 250 254 258 259 268 270 272 273 274 280 291 292 293 297 298 299 300 301 305 306 308 315 319 322 323 326 327 329 332 333 335 336 344 345 346 353 357 359 362 366 368 369 372 376 378 379 383 386 394 400 402 403 405 406 407 410 416 420 421 427 
100 162 198 207 215 234 273 276 281 290 293 296 297 314 328 332 348 422 
256 150 158 162 165 174 176 177 178 180 184 187 188 192 194 195 196 199 201 205 206 207 210 211 213 217 218 221 225 226 227 228 235 238 241 242 245 248 252 253 256 259 262 264 267 272 273 277 279 281 286 287 288 289 301 303 306 307 308 311 314 317 319 320 322 323 325 327 337 339 345 353 359 361 365 370 371 372 374 376 382 384 387 389 390 391 393 394 395 396 398 401 402 408 410 413 415 419 421 422 424 425 427 429 
222 1 145 156 164 167 168 169 174 177 179 190 196 207 212 224 241 245 262 267 274 280 281 282 285 286 290 291 298 311 314 322 323 324 335 337 340 345 346 357 358 362 363 371 376 377 383 395 399 415 419 429 430 432 
259 215 223 228 229 236 252 257 272 276 278 287 297 306 315 330 386 391 
278 1 150 151 159 160 164 167 168 171 174 186 195 196 198 203 205 206 211 222 224 225 229 233 236 243 251 265 271 272 278 292 304 310 318 320 326 327 337 342 352 356 357 362 364 369 371 378 379 381 388 391 398 401 403 405 406 410 418 425 426 431 
24 156 160 162 174 175 182 184 188 195 199 201 213 215 222 223 250 265 300 303 308 324 334 341 365 367 369 371 379 380 395 396 403 412 
102 1 169 195 197 199 203 214 216 242 243 251 258 286 294 296 302 305 321 337 349 371 374 375 377 378 390 395 399 403 408 423 
105 147 148 150 153 154 155 157 159 161 163 164 165 166 167 169 170 174 179 196 199 200 201 202 206 209 215 218 222 223 225 227 232 238 240 245 246 247 257 259 261 262 272 274 276 280 285 290 292 293 294 295 298 301 306 308 309 311 314 318 325 326 328 331 334 337 339 343 353 354 357 359 360 362 363 364 365 366 370 372 373 376 377 378 381 382 383 384 386 387 390 393 396 398 400 401 407 423 425 426 428 430 431 
121 168 189 201 211 221 248 249 253 256 266 320 332 359 387 390 398 403 408 411 
119 1 145 147 152 160 171 173 181 195 196 202 204 208 219 225 245 246 249 265 266 274 291 306 307 310 312 324 328 331 350 360 374 375 383 385 387 391 393 396 407 417 418 419 426 
270 152 168 175 182 208 215 231 244 260 289 292 313 328 336 350 355 363 378 382 392 394 401 404 409 427 
97 172 238 239 251 252 296 318 319 396 419 424 
71 149 150 154 156 165 169 173 183 185 196 200 210 225 234 261 267 269 272 277 289 293 299 308 317 320 324 329 345 350 351 355 372 380 391 395 397 402 404 416 418 419 421 422 426 430 
163 152 166 178 200 214 217 235 240 253 269 294 307 308 315 317 318 337 344 371 373 381 392 401 403 423 424 
53 153 164 167 170 177 180 181 187 198 204 211 242 245 268 269 271 281 288 293 310 319 330 331 346 369 374 376 379 390 391 392 394 396 397 402 404 405 406 413 419 421 422 431 
71 149 151 152 161 173 174 175 177 179 184 186 190 192 194 202 207 208 217 221 224 225 228 233 241 255 259 271 277 279 285 289 290 293 294 295 296 298 303 304 306 308 309 316 320 323 327 329 330 338 340 343 344 346 347 348 351 353 356 359 366 367 368 373 374 385 386 391 394 399 401 407 408 409 410 411 413 419 422 423 424 425 429 430 
29 1 150 156 159 166 169 175 197 200 210 215 220 223 235 252 255 264 282 285 296 297 303 304 312 313 327 341 351 355 363 364 365 376 390 395 399 404 412 414 416 432 
300 298 
48 145 148 150 152 155 159 160 164 167 173 181 184 186 187 190 191 193 195 197 201 210 212 220 224 235 238 239 241 248 255 257 266 273 277 285 286 287 288 294 303 309 315 322 323 328 336 338 348 354 360 373 374 377 379 393 402 407 410 414 425 428 429 430 
183 1 145 149 154 155 159 166 173 180 182 184 187 189 190 192 196 206 212 214 215 218 226 227 249 250 254 255 256 259 260 261 264 266 267 269 270 280 282 283 284 288 291 297 299 304 308 312 315 318 319 322 326 329 330 331 347 351 368 369 371 376 381 386 394 399 404 406 407 413 415 416 417 419 420 429 430 
189 160 206 284 287 318 360 404 416 421 
120 147 152 155 157 158 168 172 184 186 189 190 191 196 212 213 216 221 226 227 229 230 239 241 244 247 254 255 262 266 272 278 282 292 297 303 304 306 309 311 313 317 319 321 327 330 335 344 354 369 375 377 380 388 391 393 397 401 408 414 415 417 422 428 430 431 
167 164 167 168 182 199 205 209 217 244 270 274 275 292 297 299 301 307 329 334 343 344 346 355 406 423 427 
131 147 150 162 165 169 179 183 185 195 203 204 205 210 211 214 219 220 224 225 226 227 229 233 235 242 244 246 247 248 250 256 258 265 268 269 274 285 287 288 291 295 304 305 307 319 324 328 332 338 342 346 351 353 372 374 375 377 387 400 404 407 410 412 417 419 428 
25 146 152 153 155 156 157 158 161 164 171 183 185 187 194 197 200 202 204 205 206 207 208 209 211 212 227 228 234 235 237 241 246 247 251 252 258 260 266 270 271 274 275 276 277 281 283 286 288 289 290 294 295 297 298 300 303 304 305 309 310 312 314 316 317 320 323 325 327 328 331 332 333 335 336 337 340 341 342 346 349 351 354 355 356 359 360 362 366 370 371 376 377 378 380 385 388 389 390 393 396 399 400 403 405 406 407 411 418 426 427 429 430 431 
210 1 146 147 151 157 158 159 160 161 162 166 174 178 180 185 187 190 195 196 197 200 204 207 208 213 214 217 229 231 233 235 237 238 239 241 242 247 251 252 254 255 259 261 268 269 273 276 280 284 286 296 297 298 305 310 313 314 321 333 334 336 338 339 340 341 343 351 353 355 356 357 361 362 363 365 367 368 369 371 373 376 377 382 383 384 389 391 393 399 401 403 408 410 412 419 422 423 427 
230 146 150 151 152 154 155 156 157 158 166 167 168 171 172 174 175 177 178 179 181 182 183 185 188 189 194 195 196 197 201 203 204 206 207 209 210 212 214 215 220 221 224 225 226 227 228 230 231 236 238 239 240 242 248 249 254 255 257 258 265 266 271 274 275 276 281 285 286 288 292 295 296 297 298 304 315 316 317 321 326 329 330 333 334 337 342 344 348 356 358 359 362 364 367 368 371 372 375 376 379 385 387 390 391 393 400 402 407 408 413 414 416 425 426 429 432 
201 1 146 152 153 154 157 167 168 170 174 184 190 193 196 199 204 205 207 208 212 213 215 219 220 226 227 229 239 243 244 254 256 258 260 262 263 268 281 283 287 293 294 297 300 301 312 315 318 321 323 324 327 328 335 339 341 345 347 349 350 352 358 365 369 372 374 375 380 386 396 398 401 402 403 404 405 410 418 422 426 427 432 
103 146 150 151 152 153 154 155 156 157 158 159 160 164 165 166 167 170 173 174 180 183 184 188 190 194 197 199 202 210 211 216 218 228 232 233 237 244 245 246 248 249 250 253 256 257 262 265 266 267 268 271 277 283 288 291 292 293 294 295 301 302 303 305 307 308 312 315 316 318 319 320 323 332 337 338 340 344 345 346 347 349 351 356 358 361 363 366 372 373 375 378 382 389 390 393 402 407 408 409 410 411 412 415 416 418 419 420 421 432 
272 151 162 164 188 190 219 232 254 255 259 264 270 272 293 316 322 348 351 355 360 366 396 408 430 
136 146 149 151 159 160 162 164 166 167 169 174 178 183 184 190 194 205 206 212 219 220 228 231 234 239 245 247 248 249 252 257 262 263 265 266 272 274 275 277 281 283 285 286 293 307 309 311 324 327 329 330 331 333 335 337 341 342 344 351 355 359 360 363 366 367 370 376 388 392 393 396 401 402 406 413 417 428 429 
47 153 210 232 235 258 307 318 344 346 370 371 379 393 395 400 410 419 422 
54 160 173 174 182 183 188 192 208 230 236 244 253 255 256 257 264 266 292 304 319 329 332 345 351 356 388 394 403 409 414 416 429 
68 157 160 171 179 182 185 203 207 216 222 223 248 253 257 265 266 269 270 271 275 289 303 306 309 316 322 325 337 338 342 343 348 352 369 378 402 416 419 427 429 432 
206 146 152 153 157 158 162 166 170 179 183 186 201 208 210 211 218 223 237 238 254 261 277 282 297 316 333 339 340 346 350 356 361 363 365 367 370 371 394 398 399 402 404 408 423 
236 1 145 146 149 151 154 155 159 161 162 163 165 166 170 171 172 173 175 180 181 185 187 204 205 206 207 210 211 212 218 219 221 224 225 226 229 230 232 234 238 241 242 245 246 250 258 259 260 261 263 264 267 271 272 273 274 277 278 279 282 284 286 287 289 290 296 297 299 302 303 304 306 307 308 311 312 320 321 323 326 332 338 342 345 346 347 351 352 354 357 359 364 370 372 374 378 383 385 387 391 393 394 396 397 398 400 404 405 410 411 413 418 421 423 427 428 429 
171 156 189 232 234 239 243 321 327 358 374 382 389 392 
229 145 156 184 198 202 215 229 231 236 265 273 285 296 299 306 314 373 374 406 407 
64 146 149 154 156 159 160 162 166 167 173 177 178 188 189 195 196 197 201 204 208 209 214 216 219 220 222 229 230 232 238 240 241 245 263 274 275 284 287 289 290 294 298 300 305 308 311 317 322 323 324 330 333 334 335 336 340 356 359 361 364 365 369 373 374 378 379 385 390 392 396 397 399 406 407 408 409 413 414 417 421 422 425 426 427 428 431 
185 179 216 217 230 235 245 248 298 327 353 355 361 375 385 394 421 426 
253 151 152 153 161 162 180 191 212 221 238 263 272 301 312 319 354 355 364 375 393 398 405 410 431 
150 1 145 146 151 152 155 156 158 163 164 166 167 171 175 185 188 189 190 198 202 205 206 211 216 217 219 220 227 229 231 236 239 240 243 247 248 249 250 252 262 275 276 278 279 281 282 284 290 296 297 299 300 308 310 313 315 326 330 331 336 337 341 342 344 345 347 348 360 361 363 364 366 369 371 375 383 384 385 388 392 394 398 399 404 405 409 410 412 415 420 421 424 431 
243 145 146 150 153 154 155 156 161 164 166 174 175 177 182 183 191 198 204 205 214 219 221 224 226 227 229 231 233 238 239 244 246 251 255 256 257 260 262 264 265 266 271 281 285 287 288 293 294 295 301 303 309 310 314 315 316 320 321 323 324 326 328 330 332 343 344 346 354 364 366 370 371 372 373 375 377 378 381 384 389 390 401 404 406 409 419 423 424 426 427 432 
175 1 147 151 152 156 157 159 169 170 171 174 177 179 182 186 187 188 191 201 202 204 208 210 211 218 221 225 226 237 240 241 245 247 248 249 251 253 254 255 259 260 263 266 270 271 276 278 281 285 287 296 297 300 301 303 305 307 308 312 315 317 321 324 325 327 334 335 337 338 342 344 347 350 351 356 359 363 364 369 374 375 377 378 382 383 391 395 403 407 409 411 413 414 416 418 419 423 428 430 431 432 
162 157 166 173 192 199 211 215 231 244 257 258 259 261 285 287 289 291 298 315 327 331 343 346 377 378 382 383 432 
110 146 148 149 150 151 155 161 163 164 166 167 168 170 171 172 176 179 180 185 186 188 207 208 209 210 214 220 221 227 234 235 236 240 242 250 253 254 260 261 263 268 270 271 274 277 279 292 299 301 304 306 309 310 311 313 314 316 322 324 328 331 332 336 337 338 346 348 351 360 361 363 368 369 372 377 385 386 390 393 397 398 399 404 413 419 424 429 
265 147 148 157 170 172 175 178 181 186 189 192 193 194 202 203 205 207 219 229 244 256 258 259 261 264 266 272 277 281 288 289 290 299 301 313 318 320 321 323 325 328 329 338 339 340 348 364 365 374 378 382 384 389 390 400 412 413 423 427 428 431 
9 259 309 331 
93 157 159 176 178 187 191 207 209 224 226 242 244 253 254 255 265 269 270 283 297 302 320 326 358 368 383 390 410 418 428 
224 145 146 153 161 163 164 171 175 176 181 182 187 188 189 190 193 197 198 203 204 206 208 209 213 214 215 216 218 220 222 224 225 226 227 228 230 231 233 234 239 242 247 252 253 255 256 257 270 273 281 287 288 289 291 292 295 296 298 306 309 320 324 327 328 331 332 333 335 336 340 342 344 350 351 353 354 355 358 363 365 367 368 369 370 372 375 376 377 378 381 382 388 391 392 395 399 401 405 406 408 412 414 415 416 417 419 420 422 423 425 429 430 431 
285 146 148 151 160 162 165 170 177 190 199 200 202 204 205 206 207 212 213 215 218 219 234 237 241 245 247 248 250 255 260 261 267 269 275 278 284 285 286 287 301 302 304 306 308 311 313 314 315 317 320 322 333 337 342 345 357 359 360 361 362 367 371 373 378 379 388 391 392 400 402 403 404 405 406 407 409 410 412 422 424 429 
40 215 219 222 224 228 236 242 293 330 340 360 363 376 382 388 392 396 401 428 
258 149 150 154 159 161 163 164 167 170 171 173 182 192 198 209 216 222 223 230 248 260 282 283 286 291 293 294 295 300 301 304 307 309 314 317 320 322 329 336 341 353 362 366 371 376 377 382 385 386 395 396 400 404 408 409 417 418 422 
11 146 147 155 156 157 159 161 165 167 173 174 180 182 189 201 203 208 209 229 231 232 235 236 243 244 246 247 250 258 276 278 280 281 282 293 296 301 305 306 307 309 311 313 316 319 327 333 334 337 339 341 344 349 358 360 361 373 374 379 387 408 411 416 423 
267 145 147 149 152 154 157 158 160 164 165 169 170 172 173 174 175 176 177 178 181 183 188 190 191 193 194 199 201 204 206 207 209 210 217 218 220 224 226 227 229 233 243 249 250 251 253 256 261 263 267 268 272 274 275 278 280 284 286 287 292 294 302 304 305 308 310 311 312 315 327 328 330 331 334 336 341 343 352 354 362 363 364 365 366 368 372 373 375 378 382 392 393 397 398 401 402 405 409 416 421 422 425 426 427 431 432 
15 148 179 210 211 220 236 240 246 254 269 287 317 322 324 339 360 369 377 384 385 396 408 
103 146 153 155 189 193 194 202 205 206 209 211 212 231 233 236 243 247 254 255 268 275 283 285 335 339 346 347 352 354 359 365 373 374 379 381 383 386 389 398 405 406 413 414 
200 159 169 189 232 237 247 258 269 279 310 311 332 349 352 359 363 366 401 411 420 
43 1 145 147 149 150 153 158 159 160 164 172 174 177 181 182 184 185 186 190 192 201 204 205 213 216 222 223 227 237 238 240 243 245 256 259 261 263 265 268 269 270 273 275 278 279 280 282 285 286 290 291 292 294 295 300 305 316 322 324 327 333 334 342 346 348 350 351 355 361 365 366 368 373 379 381 383 385 388 389 390 391 393 394 396 397 402 403 407 414 415 417 421 430 431 
278 147 149 158 165 168 177 179 183 186 190 197 200 201 203 205 209 210 213 214 227 228 230 231 240 242 244 249 255 261 266 267 269 275 276 278 279 281 291 296 299 302 304 311 312 316 317 323 325 326 338 343 344 353 357 362 366 375 380 384 390 396 397 413 415 421 432 
247 162 168 170 185 188 213 223 245 275 285 291 297 301 304 311 349 361 364 375 378 387 391 399 401 406 418 423 427 
110 146 148 169 173 174 186 189 201 218 237 246 288 313 318 319 337 339 348 355 361 362 365 374 376 378 381 390 403 406 429 
185 149 156 157 160 167 175 180 181 183 186 204 205 215 226 234 236 253 255 258 262 275 282 283 288 293 296 302 307 312 314 316 330 333 334 343 345 350 361 376 380 386 388 389 394 397 400 403 412 414 422 430 
73 146 149 150 151 154 156 157 158 159 160 162 164 166 171 172 175 176 179 180 184 187 188 190 192 195 196 197 198 200 204 205 207 208 211 212 216 220 227 231 234 238 240 241 244 246 248 249 264 271 272 273 274 275 276 278 279 280 283 285 288 291 292 295 296 297 302 309 314 322 324 326 333 336 338 339 352 355 356 357 361 363 375 379 384 393 400 401 405 408 410 412 414 421 424 425 426 
125 145 146 148 149 153 161 169 170 174 179 185 194 217 221 224 225 231 235 244 245 246 248 251 257 263 264 266 268 271 272 276 281 282 283 289 293 295 299 302 303 304 305 307 311 312 316 319 320 321 326 333 335 336 337 340 343 346 347 351 355 360 361 364 367 369 383 392 393 395 402 403 405 409 413 414 418 424 
21 147 148 155 162 163 165 166 187 195 200 202 203 214 216 227 229 232 234 237 240 241 254 263 273 286 295 297 301 306 309 313 315 316 320 329 331 335 341 342 350 358 363 367 370 372 376 378 379 383 384 386 387 393 397 401 409 413 416 418 
280 1 146 147 148 151 152 155 157 158 164 165 171 176 177 181 185 189 190 193 198 206 210 218 219 223 234 236 237 242 244 246 247 251 255 257 258 262 272 274 275 276 283 284 292 293 294 300 307 312 315 317 321 323 325 328 329 342 344 351 352 354 357 362 368 370 371 373 374 379 381 382 385 388 390 393 399 400 403 406 407 409 411 416 418 419 424 429 
267 1 150 151 153 156 159 161 169 172 178 182 188 190 192 193 197 201 202 205 206 209 210 214 218 226 228 231 232 242 243 245 246 255 258 259 260 266 267 268 270 272 273 274 275 285 292 293 296 298 301 303 313 314 324 327 332 347 348 353 354 364 367 369 371 375 376 380 384 391 392 393 401 409 414 419 429 431 432 
86 152 153 156 160 161 165 169 176 179 180 186 193 195 196 198 199 201 204 205 207 224 231 233 237 240 241 247 255 257 259 266 268 289 297 298 300 302 305 326 354 355 362 366 370 374 381 398 413 414 418 429 430 
139 148 149 151 154 157 158 159 160 168 169 176 178 179 182 184 188 189 192 195 196 203 205 208 209 217 220 223 225 229 231 232 235 244 245 246 253 254 255 256 261 264 265 272 273 276 278 279 280 287 291 299 303 305 308 314 317 318 319 322 333 339 343 349 353 359 360 362 363 367 369 371 372 378 380 389 390 391 394 399 400 401 402 403 404 409 415 419 421 423 427 428 429 430 431 
128 171 175 184 190 191 197 199 205 209 218 219 223 240 252 256 265 270 292 296 297 301 307 311 314 316 319 320 331 346 357 373 393 395 403 408 
92 145 149 152 158 160 167 168 170 174 186 187 192 193 205 206 209 210 215 217 219 221 225 228 233 236 237 242 245 246 248 249 250 252 259 260 261 262 265 268 269 271 274 277 282 286 287 303 304 313 314 316 324 327 329 330 334 335 340 342 343 344 350 351 356 361 366 367 368 369 376 377 387 391 396 400 401 407 409 412 413 414 420 427 432 
24 151 167 174 206 214 219 231 252 261 300 306 341 356 359 372 384 418 
22 154 156 157 159 166 172 174 191 194 195 196 198 202 211 215 220 226 235 239 241 244 258 260 261 262 285 300 305 310 315 322 326 327 333 335 337 340 341 345 346 348 349 357 364 375 377 385 396 397 418 422 424 429 
287 147 156 157 173 182 184 192 198 202 220 221 222 234 237 238 247 253 258 267 269 272 276 277 278 280 282 291 298 301 303 305 306 307 325 329 330 341 348 352 353 358 365 367 369 373 376 383 388 391 394 409 421 431 
253 1 154 155 157 159 162 164 170 175 188 190 193 194 195 199 204 205 208 209 216 217 224 225 229 231 232 236 239 242 245 246 253 254 257 259 261 263 265 267 272 273 275 284 285 288 289 291 294 297 299 303 305 306 307 308 309 310 314 320 322 326 327 328 330 332 334 337 341 342 349 357 360 361 364 369 370 371 375 378 379 385 386 389 391 393 404 408 413 414 417 426 
31 172 243 248 249 264 303 308 324 355 362 369 380 409 417 427 
121 180 192 217 245 255 302 312 320 348 382 383 387 410 429 
133 146 163 170 171 177 181 185 189 190 191 193 194 195 209 211 213 220 221 231 238 240 249 250 252 254 255 264 265 267 272 273 282 283 284 286 291 293 294 296 311 314 315 316 321 330 335 336 351 356 360 361 364 368 370 372 381 393 399 404 408 417 418 422 424 425 428 430 432 
70 145 146 149 164 168 172 173 175 176 179 181 182 183 191 193 196 202 206 208 213 221 226 229 239 241 246 257 259 263 271 276 281 285 286 288 294 303 312 316 317 320 326 330 335 347 350 372 390 394 395 403 409 416 417 421 429 
254 150 171 173 175 177 178 181 182 183 186 188 191 209 210 212 214 217 221 222 230 236 240 242 245 248 251 254 266 267 270 272 274 279 289 294 308 310 318 320 323 325 326 328 330 333 335 337 340 341 342 346 347 354 356 357 363 371 377 381 383 390 393 401 405 407 409 410 412 416 419 424 425 428 
142 162 246 355 417 
282 1 146 151 166 172 180 184 189 193 195 197 199 204 207 214 217 225 228 229 231 241 242 244 251 252 254 259 261 265 267 269 270 272 278 279 281 282 285 288 289 293 298 306 309 318 321 324 327 331 340 342 352 360 362 363 366 367 368 370 390 392 394 398 401 402 406 407 408 411 420 421 426 429 431 432 
60 166 183 201 204 270 323 336 338 385 411 412 427 
185 151 160 174 177 186 190 191 197 209 218 223 224 233 243 255 256 261 266 279 284 298 302 306 308 310 320 322 324 339 341 348 354 355 361 369 371 374 390 403 409 411 
270 146 149 152 157 163 164 167 173 174 175 178 179 185 186 189 190 192 196 198 204 211 212 214 215 218 219 222 224 227 228 231 233 235 238 247 248 249 250 261 262 263 264 265 266 268 270 276 277 278 280 288 292 294 298 299 303 304 305 308 309 310 313 319 320 322 323 325 333 337 339 343 347 357 360 362 363 364 369 376 378 380 383 385 386 389 392 394 398 401 402 404 406 410 414 415 416 417 421 422 423 425 426 432 
287 1 153 159 160 168 171 175 179 185 190 193 200 202 205 206 210 223 229 230 234 237 238 241 245 248 255 256 258 259 260 268 269 271 274 276 278 280 281 283 284 285 292 295 299 302 311 315 316 317 321 323 331 332 337 338 347 348 349 352 363 365 377 378 387 390 391 393 395 399 401 402 404 405 411 413 417 422 424 430 
143 145 150 151 156 162 169 171 175 176 180 182 186 187 189 193 208 215 216 218 219 223 225 226 227 229 231 232 233 236 238 239 243 247 251 254 256 259 260 262 264 268 275 277 282 284 288 293 299 305 306 310 311 316 317 318 320 321 323 337 338 340 341 342 345 348 350 354 357 361 365 369 370 374 377 380 382 387 389 391 393 395 396 397 404 408 409 411 412 413 414 415 416 420 421 423 428 
289 145 150 151 152 156 157 163 166 172 173 179 180 181 182 185 189 190 191 192 194 195 196 199 200 202 204 205 209 210 212 213 219 223 224 225 228 230 231 235 237 238 242 243 245 251 252 257 258 259 274 275 277 279 280 281 284 289 291 292 293 296 300 301 307 310 314 315 316 318 322 324 328 332 334 336 340 342 346 347 352 353 357 358 359 360 361 362 364 366 368 369 370 371 372 373 374 376 377 379 384 385 387 388 390 399 403 405 406 412 414 418 420 421 426 427 432 
10 1 145 147 149 155 157 159 160 161 162 163 165 167 169 170 172 173 174 176 179 183 187 188 194 198 202 206 207 210 215 218 219 220 223 225 234 236 237 239 242 256 260 262 268 273 274 277 278 280 283 288 291 295 297 306 307 310 315 317 320 321 328 329 330 332 334 335 336 339 344 345 346 349 350 351 353 355 356 359 360 362 364 367 369 375 379 380 384 386 388 389 392 395 400 411 412 414 422 425 426 431 
260 1 145 151 154 163 168 169 171 182 183 184 191 193 197 200 202 204 205 208 209 211 220 232 237 238 240 247 248 250 251 252 258 263 268 281 287 290 293 297 298 299 301 308 311 313 314 317 325 326 327 328 335 336 337 339 349 351 353 354 361 377 381 382 383 385 396 398 405 419 420 427 
229 147 179 197 234 250 253 285 303 305 321 322 390 399 413 
273 154 278 323 418 424 425 
297 156 159 178 196 216 233 253 257 268 271 273 297 306 313 323 326 359 377 379 382 402 421 422 
214 1 158 203 204 209 220 231 266 268 269 277 279 280 286 301 317 332 341 354 379 387 390 409 425 426 430 
251 157 159 163 179 205 225 252 266 268 276 281 306 336 366 371 414 430 
49 149 152 155 156 159 162 163 164 169 170 178 179 180 181 183 189 196 202 203 206 208 209 214 217 218 219 222 223 226 229 230 234 236 241 243 245 246 247 249 258 262 268 271 276 278 280 282 288 290 295 300 303 304 306 308 312 315 318 321 328 329 337 338 339 340 345 346 353 355 359 360 361 362 364 365 368 369 371 372 373 374 375 378 379 380 381 382 386 387 388 389 393 395 397 398 399 403 405 406 412 419 422 423 429 
66 1 146 154 157 159 163 170 174 176 180 199 203 204 213 221 226 227 255 256 266 277 279 285 290 294 300 306 309 318 321 326 332 337 349 360 376 378 385 391 394 401 405 407 412 418 429 
150 148 149 155 160 161 165 166 168 173 174 175 177 179 181 192 195 196 200 201 208 215 242 251 255 256 263 272 276 278 286 289 291 292 293 300 312 314 329 337 350 357 359 363 369 372 373 380 388 394 397 399 404 411 415 
148 1 146 148 150 155 157 158 159 161 162 163 164 166 170 173 180 182 183 186 187 188 190 192 200 202 204 205 210 211 214 216 217 218 221 224 225 229 232 233 234 235 236 239 241 245 250 251 252 253 255 257 258 260 261 262 263 265 266 267 269 282 283 286 287 288 290 293 299 302 304 305 306 308 313 316 319 321 324 325 327 329 332 336 337 340 343 349 353 355 360 362 367 368 369 374 379 382 392 394 400 406 407 409 412 417 418 419 422 426 430 431 432 
5 145 148 158 160 166 172 176 177 178 179 191 195 197 198 204 205 206 208 213 216 218 220 227 242 243 244 245 250 253 255 256 258 260 264 267 268 270 273 283 286 288 291 296 305 309 312 319 328 331 332 343 348 353 360 368 371 372 379 396 397 401 404 410 411 414 415 416 426 432 
20 149 155 157 163 168 170 174 176 182 183 184 193 198 201 202 205 206 207 209 211 213 218 221 222 223 228 229 231 234 235 237 238 250 251 252 254 259 261 263 264 265 268 269 275 276 277 278 279 282 284 285 286 289 290 314 317 318 323 324 330 331 332 336 337 339 341 344 348 350 354 355 360 361 363 366 375 377 384 385 399 402 417 418 422 423 426 428 431 
215 145 147 149 150 154 156 158 162 164 166 167 172 174 176 177 179 187 189 192 194 195 196 197 198 199 205 208 211 221 222 223 227 232 233 234 235 237 238 241 242 246 249 253 256 261 265 269 270 275 277 284 289 290 293 295 297 300 301 303 307 310 311 312 316 324 325 326 332 334 335 336 342 347 355 361 364 366 367 368 369 373 376 377 378 383 385 386 393 395 399 401 403 410 411 414 415 418 421 422 423 425 428 430 
20 147 150 151 152 153 156 160 165 166 168 169 174 175 179 186 194 195 198 201 202 206 207 211 213 214 216 218 219 222 223 224 227 229 234 235 237 241 250 253 254 256 257 261 262 264 272 274 277 278 283 284 290 293 295 299 300 302 303 305 307 313 315 316 320 322 323 325 328 333 337 341 346 349 355 356 362 364 368 369 376 382 383 385 389 390 393 394 397 408 412 417 418 421 425 427 428 431 432 
81 147 153 159 160 162 167 171 173 176 177 181 182 183 196 202 207 220 226 236 237 248 250 264 275 287 288 308 310 316 321 324 325 327 330 332 333 336 337 338 339 345 347 350 351 356 358 369 377 389 393 397 398 407 411 420 423 432 
170 154 164 174 179 181 183 184 185 189 193 198 206 207 211 215 216 224 226 227 236 239 244 248 253 256 258 259 264 273 279 281 282 287 291 310 311 312 316 317 346 347 351 352 366 371 377 379 380 381 383 384 386 396 402 411 413 414 418 420 421 425 
208 148 151 154 158 160 161 166 168 177 178 184 187 188 189 192 195 196 197 198 201 203 209 211 215 216 217 218 220 221 223 227 228 229 233 235 241 242 244 245 247 251 253 254 255 259 262 263 266 267 268 272 278 280 289 290 291 292 293 294 295 296 299 300 301 309 311 314 315 322 325 326 329 335 343 344 345 346 348 350 351 356 358 360 361 364 365 367 371 374 377 378 380 387 390 391 394 398 400 402 404 405 407 408 409 410 414 422 425 429 430 
52 149 150 156 157 166 167 168 171 187 198 226 228 264 272 283 292 311 317 320 324 327 342 358 365 388 397 405 
233 146 150 151 152 156 157 159 160 161 163 167 175 176 177 178 180 182 186 191 196 197 200 201 202 203 204 205 206 207 214 219 223 227 228 230 232 238 239 240 243 244 247 252 253 257 260 267 269 275 276 277 282 291 296 308 311 315 316 318 328 329 330 332 338 339 341 343 344 354 357 358 365 366 376 379 380 382 383 387 391 395 398 399 402 405 406 410 413 419 422 423 425 431 
110 145 146 147 149 152 155 157 160 161 162 163 165 168 169 170 171 176 177 179 180 186 188 191 193 199 205 206 208 210 211 222 224 226 227 230 236 241 243 244 246 247 253 255 259 269 271 275 295 297 300 301 303 308 309 312 318 320 321 322 325 328 336 339 340 341 342 343 347 349 350 351 355 361 366 368 373 374 375 376 381 383 386 388 390 395 396 399 403 404 408 411 419 421 429 431 432 
57 148 150 157 160 161 164 166 171 172 173 177 179 196 203 214 215 219 225 226 227 228 229 231 233 235 241 242 244 247 255 257 259 267 268 274 281 287 295 299 302 307 313 334 348 352 356 357 358 360 365 368 370 376 384 392 396 397 400 402 403 409 413 415 416 419 420 423 
64 1 151 152 159 168 179 191 195 198 199 203 205 207 211 213 220 234 235 238 239 246 247 254 257 258 267 274 283 288 293 295 304 305 307 335 336 341 358 363 367 376 381 382 385 391 399 404 406 412 413 426 
72 1 148 149 158 163 165 174 180 183 185 191 193 196 198 199 205 209 221 224 230 237 240 241 243 244 248 249 258 264 280 287 294 298 299 306 307 308 310 314 317 320 336 338 339 350 354 355 365 372 373 374 386 388 390 412 417 418 422 424 426 427 430 432 
54 145 149 153 154 160 162 171 177 183 198 199 201 202 205 207 208 212 213 227 231 239 240 251 258 264 274 277 278 286 300 301 306 312 316 321 327 332 343 371 373 382 388 389 392 405 407 422 424 
101 149 151 154 156 159 167 168 172 187 188 193 195 196 197 198 199 200 202 203 213 214 219 220 225 226 228 233 236 238 241 243 250 252 255 256 257 261 270 273 276 277 280 288 293 298 299 304 306 308 309 312 317 318 324 326 328 329 334 341 343 344 346 347 348 349 352 353 366 367 369 372 377 384 385 389 390 392 404 405 410 422 423 429 431 
97 145 146 148 151 158 160 161 165 167 168 170 173 174 177 178 179 188 192 193 196 197 198 199 202 203 206 207 210 213 215 216 217 222 224 226 227 228 230 233 235 238 239 240 245 250 251 255 265 267 271 280 284 285 289 290 293 302 303 304 306 308 312 321 326 333 337 338 341 342 344 345 346 347 352 353 359 362 363 364 368 374 378 380 381 385 387 389 390 391 392 395 406 410 413 416 417 418 419 420 422 426 427 428 432 
160 1 145 148 152 155 158 159 160 162 165 173 177 184 189 190 192 193 196 197 199 205 209 212 213 216 222 225 227 229 230 233 235 236 242 244 252 253 259 262 264 265 267 275 276 280 282 289 291 296 297 302 303 306 307 310 311 313 314 323 326 327 328 329 336 339 340 343 344 345 346 353 355 356 360 361 363 367 370 372 373 378 381 382 383 384 388 392 393 399 400 404 406 410 414 415 419 420 422 423 426 427 430 
11 1 145 149 150 151 158 161 164 173 176 177 179 185 187 188 192 197 198 201 202 205 218 220 221 227 236 239 240 241 243 247 258 261 262 267 274 282 284 290 292 300 307 313 316 320 322 326 328 329 334 335 340 344 345 346 347 348 350 355 359 362 366 372 373 375 376 380 382 389 390 395 398 400 417 423 428 
297 1 145 153 154 178 183 184 187 190 191 201 205 213 235 256 259 260 262 267 274 281 286 290 293 300 302 304 307 309 312 313 314 315 320 321 323 324 328 333 334 336 343 344 350 353 355 363 364 369 370 372 377 378 382 394 396 410 414 418 424 426 
271 201 217 231 339 349 371 401 414 
206 145 147 148 150 154 157 159 167 168 169 171 172 177 183 185 191 192 195 196 200 203 204 209 212 213 214 216 221 222 228 229 232 234 237 239 240 241 243 245 246 252 255 258 261 263 273 274 281 282 286 288 289 290 294 296 297 299 306 307 308 311 320 321 323 326 327 334 335 336 340 343 345 346 350 351 354 359 370 371 372 373 374 376 378 379 380 382 388 391 392 396 412 413 414 420 427 428 429 430 431 
192 1 157 162 163 164 166 167 171 172 175 176 181 183 184 189 192 193 197 203 206 209 211 213 219 221 223 232 237 242 244 246 253 254 255 257 258 259 271 276 278 280 281 282 283 286 288 290 291 300 307 309 311 315 316 319 320 324 327 329 332 334 343 345 347 351 356 357 360 361 369 370 372 373 377 380 387 395 396 397 398 399 400 401 403 404 405 407 409 413 423 424 430 431 
217 1 145 147 149 152 159 162 167 170 173 174 175 178 179 180 181 182 185 188 189 192 196 197 205 207 213 214 215 220 222 223 232 236 241 242 245 251 252 258 266 267 270 275 276 285 286 287 297 300 301 302 308 309 312 313 314 318 319 320 321 322 325 330 332 333 335 337 338 342 345 346 348 351 352 353 356 357 358 359 363 364 365 366 367 368 375 376 377 378 385 387 392 398 399 403 404 405 407 413 417 419 422 423 425 428 430 431 432 
170 157 195 268 363 
71 147 148 168 169 171 172 173 176 180 183 185 186 194 198 200 203 204 208 210 211 218 220 221 222 224 226 229 232 235 238 241 242 243 250 253 254 257 258 261 264 268 274 277 278 281 288 290 292 295 296 297 298 305 306 307 308 314 317 322 326 328 330 331 332 333 334 336 347 348 349 356 360 369 370 371 373 375 379 381 383 385 387 391 392 400 403 407 409 415 424 427 432 
215 158 285 325 335 355 383 
133 148 151 153 160 161 175 186 198 199 201 202 203 214 215 220 224 228 243 251 254 256 263 269 279 281 287 292 332 334 336 344 364 368 373 387 398 400 403 429 430 
91 147 153 154 156 163 168 172 173 178 183 186 187 190 195 197 211 217 224 238 242 246 247 254 266 273 281 286 296 298 301 306 309 313 314 315 321 335 351 354 358 367 370 372 386 399 406 410 423 432 
299 149 158 160 161 170 172 176 178 179 181 185 186 187 192 197 198 199 201 202 203 205 207 209 218 228 231 247 248 254 271 280 284 287 293 294 298 301 314 315 317 319 321 324 326 327 331 334 335 337 343 346 349 357 358 359 362 364 366 369 370 371 373 375 381 390 394 399 412 417 418 420 425 428 429 430 431 432 
296 1 145 148 155 157 161 163 165 166 169 177 180 186 188 192 197 202 205 207 210 211 212 214 217 220 225 228 229 230 232 235 239 240 241 257 258 261 262 265 266 271 274 275 276 280 282 283 286 289 290 294 296 298 304 305 307 309 312 314 320 321 322 323 326 327 328 333 339 345 347 349 370 373 383 386 392 394 395 398 400 401 409 411 417 419 420 421 423 
101 148 149 156 157 158 161 169 176 177 186 187 196 198 199 201 202 204 206 209 213 215 216 219 220 223 227 231 233 237 247 249 251 257 268 278 280 283 284 285 287 297 298 303 306 307 308 309 310 311 313 318 323 327 332 333 338 339 342 347 348 349 354 355 362 367 370 371 373 374 377 382 385 396 399 400 405 406 411 423 
201 44 241 86 52 140 207 228 99 35 253 118 282 88 247 179 16 103 167 221 50 253 169 20 196 58 192 192 60 299 108 234 28 231 187 183 182 282 108 7 289 214 202 109 165 68 221 230 219 58 261 182 175 268 28 200 148 43 33 267 270 33 149 173 195 123 192 112 178 108 241 15 185 80 135 123 35 290 14 42 60 41 89 126 130 206 39 115 178 42 184 251 166 182 165 36 69 278 115 52 46 202 286 166 114 259 14 103 52 42 224 89 32 197 206 169 27 124 212 115 93 68 12 57 227 152 198 63 101 209 121 74 243 221 174 159 226 258 16 185 221 174 6 52 208 97 46 111 86 284 121 50 67 191 275 263 1 255 75 63 268 123 12 160 161 240 267 168 295 179 91 254 155 109 107 292 266 47 35 18 41 156 83 174 97 64 195 187 288 172 93 251 249 26 155 85 28 170 76 153 97 249 118 211 277 110 299 54 153 176 296 36 90 175 211 94 160 213 63 74 221 4 30 296 134 108 223 232 35 247 102 232 189 281 179 138 24 49 80 56 293 241 184 170 203 34 64 267 201 50 185 300 251 218 220 166 178 94 268 45 268 202 289 68 295 255 185 42 153 35 152 100 56 147 27 151 14 251 53 276 260 243 49 145 99 296 237 75 227 299 187 245 54 234 50 61 188 127 103 190 292 237 203 36 60 53 111 292 271 106 22 68 189 44 112 283 256 285 243 79 247 233 262 88 10 40 92 31 7 229 192 59 206 216 62 99 92 51 121 261 253 38 263 84 36 94 33 70 286 81 207 48 162 272 4 192 99 178 20 289 264 178 152 56 257 77 221 32 101 166 33 68 65 158 197 4 170 56 2 181 256 108 38 155 223 143 199 53 192 276 82 27 270 18 282 32 44 70 87 145 225 86 206 290 81 225 111 288 189 147 74 42 213 265 232 296 243 300 32 169 102 10 127 75 111 236 118 71 132 53 276 235 
