290 435
226 151 153 155 157 158 159 161 162 168 169 172 176 179 180 181 182 186 188 189 191 193 195 198 199 201 202 204 205 208 212 213 216 218 222 224 225 232 236 240 241 242 243 248 254 255 257 259 260 263 264 267 268 269 270 273 274 280 286 291 293 294 296 298 301 307 310 314 315 317 318 319 320 326 328 330 337 343 345 349 350 352 355 358 360 362 363 366 375 377 379 381 382 385 386 389 391 393 398 409 410 413 417 420 423 424 425 427 429 432 433 434 
7 154 156 165 166 169 171 176 180 183 184 194 202 215 222 226 238 240 246 254 255 257 258 259 264 267 277 281 285 290 291 305 306 314 330 335 345 351 353 354 360 363 368 371 374 379 396 401 402 416 422 
99 149 150 152 154 159 161 163 169 172 179 180 186 187 190 196 204 207 209 210 211 215 225 232 233 235 237 238 239 240 241 243 246 248 249 251 253 254 256 259 260 270 271 273 276 277 278 279 282 283 285 287 288 290 293 295 299 301 302 303 304 305 306 307 308 310 312 313 315 317 322 324 327 331 332 333 338 348 350 353 358 359 360 361 363 364 366 370 373 376 378 379 380 382 387 389 392 393 398 399 401 403 404 414 415 423 426 427 428 
159 149 150 158 160 162 172 179 183 185 193 199 204 205 209 224 237 241 244 247 248 253 265 281 290 291 292 294 295 296 297 309 324 327 339 342 349 361 363 369 373 377 379 389 398 400 403 408 414 423 429 431 435 
202 1 151 152 155 157 162 164 167 169 170 171 182 185 195 196 197 199 201 202 205 206 208 209 211 217 218 219 221 222 224 228 230 235 241 243 244 256 257 258 260 262 266 269 271 272 273 275 278 279 280 281 282 283 286 288 289 290 291 293 296 300 301 302 305 306 307 309 314 315 316 317 318 322 323 325 328 331 338 340 341 349 350 357 361 363 364 365 366 368 369 374 379 381 383 384 385 386 388 390 391 394 397 402 404 405 406 409 410 412 413 414 416 417 418 422 424 427 428 431 434 435 
142 158 172 174 183 191 196 202 207 212 216 231 251 254 275 301 308 312 314 322 332 334 339 349 359 368 389 408 423 
8 1 146 148 160 177 178 179 180 181 194 195 202 205 214 218 220 225 226 230 233 237 238 240 243 247 249 257 259 260 262 264 266 268 270 275 276 280 287 289 296 299 301 305 314 322 328 330 331 336 338 339 340 342 349 350 353 354 356 362 372 374 377 381 382 384 389 391 393 395 404 414 417 422 
55 1 154 156 158 168 175 181 183 188 189 195 206 217 223 245 246 249 255 257 258 277 282 290 291 293 302 308 312 313 315 318 320 340 358 363 366 381 387 394 396 398 400 410 413 435 
206 173 189 223 263 276 307 344 356 383 384 402 422 432 
178 148 149 152 159 162 165 166 167 168 169 171 172 175 180 181 182 183 189 190 192 193 195 200 202 203 204 205 206 207 210 212 215 216 217 219 222 223 228 229 230 233 238 252 262 263 265 267 271 274 280 284 292 295 297 299 302 306 309 310 315 320 325 330 331 332 333 335 338 339 340 342 348 353 354 355 356 357 361 374 376 379 385 389 393 405 407 415 416 421 428 429 430 431 434 
150 152 158 168 173 178 180 186 187 188 190 191 196 203 208 209 211 217 222 226 230 231 233 236 246 250 252 255 256 261 267 268 278 285 289 331 337 340 343 349 350 352 353 354 358 367 372 376 377 379 388 392 395 396 397 400 403 405 406 421 422 423 434 435 
212 162 184 196 198 201 205 208 211 212 216 218 222 229 235 246 252 254 260 263 266 267 270 274 278 279 280 283 287 293 297 303 310 314 318 324 326 334 338 344 351 352 353 360 362 371 381 389 393 411 413 419 420 425 429 
158 146 147 150 153 154 166 167 170 172 179 188 190 195 196 200 204 206 207 208 210 211 220 221 230 238 240 241 242 244 247 250 254 258 267 270 274 275 279 281 285 287 288 290 298 309 313 317 318 320 323 332 334 335 342 344 347 349 353 357 363 367 374 377 382 386 392 394 396 398 403 415 418 424 
107 146 147 150 153 158 162 163 167 170 171 172 173 177 179 184 185 186 188 191 198 199 200 201 203 206 207 214 215 216 217 221 225 227 229 239 240 241 247 248 255 263 264 265 268 271 272 273 279 280 283 285 290 291 293 298 304 305 314 316 330 331 341 344 346 357 359 369 371 377 383 384 385 393 394 396 397 398 400 402 406 412 413 415 418 420 421 424 426 429 430 432 435 
83 147 149 151 155 159 160 167 179 185 186 188 189 192 196 203 210 214 215 216 217 218 220 223 228 230 232 234 236 237 240 243 244 246 247 251 252 255 257 258 260 264 270 272 273 274 276 279 284 285 288 290 295 299 301 305 321 322 327 331 333 336 339 340 341 343 348 352 360 364 368 370 373 391 393 400 404 406 411 413 421 422 424 430 434 435 
233 146 150 151 155 156 163 164 166 168 169 170 174 177 183 184 186 190 199 200 208 211 214 224 225 228 230 232 233 239 242 243 245 255 259 260 261 269 270 274 278 281 285 287 289 290 292 302 304 305 309 311 312 315 318 320 322 323 328 340 341 348 349 356 358 359 362 364 367 371 374 382 385 386 388 390 394 395 399 400 408 415 416 418 419 434 
264 146 155 162 163 174 175 176 179 181 183 185 200 202 212 219 223 231 237 241 243 244 247 250 255 256 261 265 268 278 283 284 285 287 293 296 309 322 326 329 342 344 347 349 350 351 353 357 362 364 365 370 374 382 384 386 400 402 404 411 415 416 417 424 
68 1 151 153 160 167 170 171 178 180 185 187 192 198 201 208 212 213 234 235 236 237 245 248 249 250 252 253 254 259 260 263 265 271 272 285 287 294 300 304 309 310 311 313 320 321 325 327 330 332 342 343 359 360 366 367 368 372 377 378 383 385 395 398 401 402 408 409 413 416 420 425 433 434 
259 146 149 157 158 163 165 166 170 171 173 176 181 186 187 191 192 194 198 201 203 205 209 210 211 215 220 222 224 226 228 229 230 234 236 237 242 243 244 246 247 248 249 250 254 255 256 258 261 262 266 267 269 270 274 277 280 281 283 285 289 290 292 295 296 298 302 303 313 316 322 323 328 332 335 338 346 349 357 366 369 370 372 376 378 379 380 382 387 389 391 392 396 397 403 404 405 406 423 424 426 431 
239 150 162 168 171 195 205 214 220 222 227 230 238 249 259 266 281 285 291 323 350 355 370 383 386 404 409 412 427 429 431 
12 150 155 160 165 167 168 169 176 179 181 182 196 200 203 209 224 227 229 234 244 246 261 263 267 272 274 277 280 286 288 292 293 299 301 307 310 311 314 315 326 328 333 335 338 339 345 361 366 370 371 374 376 384 385 387 390 392 397 406 409 414 417 418 420 425 429 431 432 
151 1 152 159 162 165 169 171 174 175 176 178 181 182 185 187 188 190 193 196 199 203 205 213 214 216 217 224 228 229 230 234 237 238 239 241 242 243 244 245 246 247 255 256 257 258 263 264 265 266 269 272 274 281 282 283 284 285 287 291 292 297 301 302 304 314 318 323 324 335 339 340 345 347 350 357 359 360 362 363 365 367 368 372 373 376 377 381 383 388 393 397 399 411 413 415 419 
193 147 163 171 198 200 231 238 251 252 253 256 260 262 274 294 329 351 361 368 376 381 394 395 396 399 402 403 404 410 419 432 
248 1 150 157 163 164 168 171 174 180 190 193 195 197 204 209 215 217 220 221 234 237 238 239 241 245 249 252 253 255 258 259 262 263 264 272 273 295 301 307 312 316 321 322 325 331 334 340 350 353 357 358 360 362 367 371 379 385 387 392 395 397 399 403 404 410 431 
223 149 151 153 154 156 162 164 166 170 171 172 174 176 187 192 194 201 204 206 207 208 209 213 214 215 219 224 228 235 244 247 249 252 255 257 263 265 267 271 272 278 279 282 285 286 293 295 296 302 303 304 309 314 319 321 322 325 326 329 331 337 338 342 344 345 346 348 353 359 360 362 363 364 368 370 375 378 385 390 391 403 406 409 410 412 420 423 431 
206 147 150 151 152 156 164 165 168 174 178 181 182 185 191 197 208 209 210 211 216 218 219 221 223 226 228 231 233 235 238 240 241 243 245 248 253 254 256 257 258 260 261 263 264 266 269 271 272 273 275 284 290 298 300 301 304 308 310 311 313 316 319 327 328 329 330 332 334 338 340 342 343 344 345 347 348 349 352 354 357 358 360 368 370 376 380 381 382 386 387 388 392 393 397 398 405 407 408 411 415 416 418 421 424 425 427 428 432 
89 150 151 156 161 169 172 178 182 183 189 191 194 199 211 212 219 223 225 226 229 231 232 239 244 249 253 258 259 263 272 284 285 291 299 300 301 303 306 307 309 311 326 330 333 349 356 372 383 388 413 418 423 432 
260 148 149 160 161 171 178 180 181 183 194 197 198 199 201 205 210 218 220 221 225 230 232 237 245 246 254 255 261 268 269 271 272 279 288 291 292 294 298 301 304 306 308 309 310 314 317 323 326 327 329 338 339 347 356 357 367 372 373 375 378 381 389 397 408 409 413 415 418 419 420 424 425 426 427 428 430 
85 1 146 148 152 156 157 162 172 173 176 177 178 184 187 194 196 202 203 206 208 210 211 214 217 219 220 221 224 226 227 228 231 239 240 244 245 251 254 257 263 265 266 270 272 277 283 284 285 288 289 290 297 298 299 308 310 312 313 315 317 318 320 321 326 327 328 338 348 350 357 366 369 373 375 379 380 384 387 388 392 394 401 405 407 410 412 414 415 420 423 426 427 430 432 434 
267 146 156 160 161 162 165 166 168 178 183 185 192 193 194 200 202 203 205 210 211 212 219 220 223 224 225 227 235 242 243 254 255 263 266 267 276 277 278 279 281 282 288 289 290 292 293 295 297 302 303 305 308 312 320 333 339 342 344 346 348 359 360 365 366 369 371 372 375 396 400 402 404 406 407 413 419 429 430 433 
97 148 151 154 156 158 161 162 163 165 167 168 169 171 174 177 180 181 182 184 185 190 192 193 194 196 197 200 203 209 213 215 220 221 223 224 229 230 233 234 235 240 244 245 252 254 255 256 258 259 263 268 270 271 272 277 283 284 285 286 287 293 295 301 302 303 304 307 309 310 312 313 317 320 321 322 328 332 336 343 351 355 359 360 361 362 363 364 370 371 372 373 375 381 382 383 386 389 397 398 399 400 404 406 407 410 416 418 424 425 427 431 433 
182 168 176 182 188 191 198 204 209 212 216 230 242 247 255 257 258 261 270 281 282 285 287 288 293 310 316 325 332 354 368 406 410 422 426 
111 147 152 156 161 176 179 182 183 195 196 200 212 216 217 218 224 227 230 238 239 244 245 248 253 256 257 260 268 271 272 279 281 290 294 295 298 302 308 314 318 327 332 338 351 354 362 372 374 385 397 409 422 427 435 
20 1 147 149 152 155 156 157 160 162 174 176 179 180 181 189 196 197 203 210 216 218 219 221 222 228 229 230 234 239 240 242 251 258 261 262 263 266 267 270 274 277 279 283 288 289 290 292 293 297 300 302 303 304 305 307 308 309 310 315 316 318 320 322 323 330 331 335 340 341 342 345 346 348 354 361 366 367 377 388 391 392 393 394 395 399 405 407 408 410 411 412 418 419 422 423 425 426 427 429 
112 1 147 150 151 152 157 158 160 161 163 170 171 172 173 174 175 179 181 183 184 185 186 187 188 191 193 197 201 202 206 209 212 215 219 220 224 231 234 238 239 240 241 242 247 250 251 252 258 261 263 270 276 282 283 285 287 288 290 294 295 297 301 303 308 310 312 317 318 322 327 329 330 331 332 335 338 340 345 346 350 352 353 359 361 362 363 365 373 375 378 381 382 384 389 390 394 396 400 401 404 406 413 415 418 426 427 429 
72 150 159 160 182 234 259 263 312 313 352 370 396 404 407 419 
66 162 165 167 169 173 177 182 183 187 188 191 199 212 213 224 233 236 241 244 245 258 260 265 287 288 291 302 306 317 324 326 333 343 348 350 351 363 365 369 371 374 378 382 385 386 391 392 396 398 401 403 407 416 423 427 
296 1 148 149 151 155 157 162 165 166 175 186 187 191 195 199 213 215 221 228 232 235 236 240 242 248 250 254 256 263 276 279 280 287 292 297 298 299 300 303 307 314 318 319 320 321 333 336 343 355 366 367 368 374 375 379 381 383 388 390 396 397 400 403 404 406 416 418 421 422 425 427 428 430 433 
178 1 146 149 151 152 157 158 160 166 172 175 176 182 190 192 200 203 205 206 208 213 215 222 228 234 238 241 243 246 249 251 256 261 262 263 264 266 269 272 273 275 283 286 289 291 292 303 304 306 307 316 320 324 326 327 332 333 336 344 354 372 373 376 379 385 386 390 394 396 397 399 402 403 410 411 417 421 426 431 
112 146 148 152 153 161 170 176 197 203 204 208 212 213 214 218 219 221 223 231 233 238 239 240 246 247 254 255 259 266 268 275 279 283 287 291 297 301 302 303 305 306 307 310 312 325 326 330 334 336 344 350 355 364 368 373 382 384 394 395 401 402 409 420 421 429 435 
258 146 157 160 165 168 173 176 183 187 196 198 201 202 207 215 218 221 227 230 235 237 239 244 247 253 258 259 269 270 273 274 281 282 283 285 288 289 291 293 295 296 301 306 309 314 325 328 338 339 346 356 367 369 371 374 375 376 378 379 383 384 388 397 398 399 400 405 406 407 410 411 417 426 427 434 
143 147 150 155 156 167 168 169 171 177 181 184 194 195 214 224 232 239 240 248 256 266 280 286 287 290 296 301 302 306 308 317 318 324 332 343 346 350 352 355 356 360 391 396 415 416 417 419 435 
217 147 148 159 161 164 168 169 178 188 198 207 209 212 213 217 221 224 231 238 243 249 251 257 262 265 268 269 270 276 278 284 292 293 298 306 310 311 312 321 326 330 337 342 343 346 355 356 358 365 367 376 378 380 382 385 387 388 398 400 402 403 410 420 423 424 427 
180 146 152 156 158 163 164 168 169 173 177 184 188 190 194 199 201 202 208 212 220 224 229 234 236 237 238 239 244 250 254 258 264 266 268 274 276 283 285 290 291 295 299 300 304 312 314 315 321 330 333 335 337 338 339 345 349 351 355 361 367 375 379 385 388 389 391 404 406 411 413 417 418 427 429 433 
42 164 169 171 174 190 194 211 216 217 219 231 240 262 285 288 310 328 341 347 389 390 395 400 404 407 410 411 421 428 433 
4 156 157 159 165 166 169 170 173 174 184 185 190 199 204 207 209 210 212 213 218 219 220 229 232 240 241 243 245 247 250 253 254 255 259 264 271 286 287 289 295 303 305 306 314 316 321 329 332 333 340 341 342 351 353 357 359 360 361 363 365 366 375 378 382 383 403 407 410 415 421 423 428 431 432 433 434 435 
228 148 149 153 158 160 161 162 166 175 180 182 187 188 192 199 204 206 208 212 215 216 220 221 222 223 224 229 235 238 246 250 253 258 262 263 265 270 278 280 287 288 291 296 307 309 316 317 318 319 320 321 322 329 330 332 337 338 344 346 347 352 354 355 356 365 368 372 373 375 377 387 388 390 395 413 414 416 418 419 423 
144 147 148 150 151 153 155 156 157 159 160 163 166 168 170 175 184 186 197 199 200 201 210 211 219 220 223 236 237 238 239 240 243 245 249 251 252 255 257 261 262 265 270 271 274 276 280 281 283 292 294 296 297 298 299 302 303 305 307 309 311 315 316 319 321 322 324 325 326 327 329 335 336 339 343 351 352 353 354 357 358 360 361 362 364 366 371 373 379 382 389 390 393 396 397 398 399 402 403 404 409 411 416 417 424 425 431 433 434 
156 155 159 163 164 170 175 195 196 213 222 223 225 228 232 235 245 253 260 263 266 267 271 273 277 278 289 298 301 307 324 339 341 346 358 363 366 367 369 370 372 380 385 392 397 409 410 411 412 413 416 428 431 434 
35 146 148 151 155 162 166 170 172 173 177 181 198 199 202 206 210 214 216 217 218 219 225 228 229 232 236 237 238 240 243 247 250 251 252 260 265 266 267 268 269 271 280 282 285 287 289 291 296 300 302 303 313 314 319 320 321 322 328 330 332 336 337 338 345 346 351 353 354 355 356 359 363 364 365 367 368 373 374 377 384 385 386 389 392 397 400 401 403 404 406 408 410 413 416 417 423 425 
99 147 148 149 151 159 160 162 165 167 169 170 176 180 181 182 183 186 187 191 194 196 201 204 205 208 211 213 214 217 220 221 225 227 231 232 235 241 243 245 246 247 248 253 254 255 264 267 270 272 274 276 277 283 284 285 287 291 293 295 301 303 304 306 307 309 311 312 315 319 323 324 325 326 328 331 333 343 349 350 352 353 355 356 357 358 360 361 366 368 370 374 376 377 383 385 388 389 390 393 394 395 396 401 402 408 409 412 414 415 427 429 430 435 
131 153 155 162 163 165 167 176 179 182 184 189 193 198 203 208 211 215 218 227 228 231 234 236 239 245 248 250 251 255 257 270 271 274 279 283 284 291 294 295 300 308 312 316 317 321 331 333 335 337 343 348 351 354 355 364 368 369 370 371 375 376 389 392 395 399 404 418 423 424 426 431 434 
261 1 146 148 149 153 157 164 165 171 173 174 177 181 182 183 184 186 192 198 199 200 201 205 208 209 212 215 218 219 220 221 222 225 226 228 230 231 233 239 242 243 244 245 246 250 252 253 261 262 263 264 266 269 270 271 276 281 282 283 287 290 293 298 301 302 305 307 308 310 315 316 318 325 333 335 337 339 342 343 347 348 351 352 357 358 362 373 375 378 380 381 384 385 389 390 391 394 396 397 399 400 401 402 403 404 412 418 423 425 427 429 432 
65 1 154 155 156 159 160 162 164 166 174 176 181 182 193 194 208 210 216 217 221 222 224 225 234 241 243 244 245 247 248 254 255 263 265 268 272 275 282 291 294 295 296 298 300 303 311 313 318 322 331 337 338 340 347 353 354 356 361 363 370 374 389 394 399 409 410 411 414 415 416 417 422 426 
122 209 211 253 286 293 303 312 324 329 335 338 352 376 386 393 404 420 421 429 
208 151 162 180 181 183 184 187 196 198 203 205 211 219 229 230 235 241 245 252 254 256 272 277 286 289 299 304 310 313 319 323 332 337 342 346 351 352 359 360 371 372 376 382 401 416 426 430 431 432 
96 151 158 159 163 167 169 170 179 182 184 187 188 202 209 211 213 218 224 225 227 228 230 235 237 238 241 246 248 255 258 264 272 273 279 284 286 295 297 300 301 304 305 312 318 333 334 336 337 341 345 349 359 360 370 373 378 388 392 394 396 401 408 412 414 417 431 433 
35 153 184 185 195 204 211 216 219 224 227 234 243 247 249 257 258 264 265 271 273 275 278 279 284 297 303 304 307 313 316 319 328 342 344 345 352 353 366 381 388 397 402 415 418 421 422 423 427 428 430 434 
7 146 155 157 158 161 164 172 176 185 186 193 198 200 208 215 216 217 218 223 226 228 231 242 243 245 249 251 264 271 274 282 286 288 294 299 306 307 318 320 321 324 332 334 335 336 342 343 346 349 356 359 360 370 374 382 385 386 392 393 394 397 401 402 403 410 411 419 422 423 432 433 
234 1 147 149 154 155 157 158 159 161 163 165 168 173 174 175 176 177 180 184 185 186 190 194 202 208 211 212 213 214 221 227 228 229 232 234 238 239 243 244 245 246 250 253 254 262 264 265 270 272 275 276 285 286 288 290 294 303 306 307 308 315 316 318 322 324 326 327 332 334 336 341 344 347 348 350 352 353 358 360 362 366 371 374 376 379 381 382 385 390 403 406 413 414 417 418 434 
86 148 152 158 161 168 176 180 185 187 189 190 191 192 193 194 196 198 202 206 208 214 216 219 232 235 237 238 246 248 255 257 258 262 263 266 267 270 271 272 274 289 294 295 296 298 304 305 308 309 313 321 323 326 328 330 332 334 340 341 344 345 349 351 355 357 358 361 362 365 367 369 370 373 374 379 382 383 384 385 390 395 398 401 407 408 411 413 415 416 417 420 422 423 435 
101 1 147 152 153 154 155 161 163 164 166 170 176 179 184 185 194 195 197 205 206 207 212 217 221 224 226 234 237 241 243 244 245 246 247 254 255 260 263 266 269 274 275 279 282 297 298 299 301 302 311 317 318 320 321 328 329 334 335 344 345 347 351 352 353 359 363 367 370 371 381 383 388 389 391 393 394 396 399 400 401 407 412 416 418 420 422 424 428 431 432 434 
296 161 171 173 176 207 221 257 258 279 283 315 318 335 355 377 384 398 425 
238 1 146 147 153 155 156 165 166 171 172 175 176 180 182 183 184 185 186 189 191 192 196 203 206 207 211 213 214 217 220 226 232 239 254 256 260 262 264 266 270 275 276 279 281 282 285 286 287 294 297 300 302 304 307 311 318 320 322 324 331 332 334 337 338 340 342 343 344 346 347 349 351 352 362 365 368 370 371 372 373 380 395 398 399 400 402 403 404 411 417 423 424 427 431 432 
198 151 152 154 156 163 167 173 174 175 177 178 187 191 196 198 206 213 215 216 217 221 226 229 230 232 245 246 250 254 255 258 259 268 273 274 276 278 279 282 283 285 286 290 294 308 310 314 318 324 326 331 336 337 352 353 355 360 361 366 367 371 372 373 375 379 385 389 390 395 396 403 411 412 415 420 422 423 430 432 435 
194 150 155 161 163 166 169 173 174 177 182 183 185 187 199 205 212 214 226 230 243 244 251 253 255 257 258 261 269 273 285 287 292 296 299 316 318 325 327 329 333 336 345 349 357 362 368 370 371 373 381 382 384 385 396 397 400 402 407 428 433 435 
23 395 
161 150 161 165 168 169 172 176 179 180 182 190 197 207 208 215 217 219 238 247 256 257 262 266 271 275 280 282 288 289 293 296 298 300 310 314 316 320 323 336 343 344 352 354 358 359 361 365 371 380 383 388 408 424 
181 148 149 152 153 161 164 165 168 170 172 179 183 187 188 191 192 194 197 198 200 201 205 206 208 211 212 214 215 216 220 223 225 228 229 230 232 237 240 241 244 250 255 259 268 272 274 275 277 281 282 283 284 287 288 291 296 304 311 312 318 320 321 327 331 332 335 340 344 345 349 354 355 356 357 359 361 364 366 367 372 378 381 384 388 396 397 402 405 408 409 410 421 423 
264 147 151 155 156 165 166 186 187 189 193 200 201 202 205 206 210 212 220 221 222 228 237 240 247 252 258 267 269 272 277 278 279 293 296 302 305 308 317 320 321 333 334 349 352 355 356 367 371 374 375 383 390 391 393 418 433 
103 148 153 155 159 161 169 170 173 174 178 180 182 183 190 191 194 197 204 206 215 219 220 221 224 225 228 229 231 234 235 236 237 238 244 249 254 255 256 259 260 261 264 267 268 269 270 271 272 276 280 285 288 290 291 293 294 302 304 312 314 319 324 325 326 331 334 336 338 345 346 348 349 352 353 355 358 359 365 366 369 381 389 391 392 394 395 396 397 398 400 402 404 405 406 407 409 412 417 423 424 426 433 435 
173 147 159 162 163 166 169 176 182 191 206 210 211 215 217 219 222 231 232 238 242 250 252 253 255 256 257 260 264 267 268 274 276 279 281 282 284 285 286 291 293 296 300 306 320 327 331 338 342 346 348 349 351 358 362 363 366 393 394 398 403 408 409 411 412 415 418 420 424 426 431 432 
212 150 154 157 160 161 162 163 164 165 169 170 172 184 188 189 194 196 199 201 208 213 214 216 220 221 222 224 226 227 228 236 238 241 242 250 259 261 264 272 282 283 285 292 293 294 299 300 301 305 308 310 317 318 321 322 324 330 335 337 338 343 344 346 348 349 354 355 359 365 367 371 377 380 381 383 385 387 392 398 404 409 410 413 415 427 429 430 432 434 
283 148 157 163 164 165 167 168 170 176 180 189 191 195 208 225 230 237 240 243 246 254 257 259 260 278 289 290 296 298 300 303 305 309 314 315 321 323 329 340 345 348 350 351 358 378 381 385 388 413 417 420 427 429 430 
145 148 150 152 153 154 159 160 165 166 171 172 173 177 179 182 183 184 186 187 194 198 199 205 207 209 210 215 216 217 218 227 229 234 236 237 238 240 244 248 250 251 252 254 260 265 266 269 273 275 276 278 280 281 282 284 285 287 293 299 301 305 309 314 318 324 327 328 329 330 331 334 336 339 340 346 348 349 350 353 356 357 358 359 361 365 368 369 370 374 375 386 388 394 396 401 402 403 404 407 408 410 412 414 417 419 425 430 431 432 433 434 
49 156 157 163 164 165 180 183 184 187 192 194 195 204 205 210 211 215 218 221 225 227 229 234 235 241 243 245 248 252 255 261 264 270 271 278 279 283 288 289 290 291 297 300 310 311 312 313 314 316 321 324 327 329 331 340 343 344 346 350 351 353 355 357 358 360 365 370 371 373 377 378 379 385 388 390 394 401 403 405 406 407 408 423 425 427 429 430 434 
250 1 149 159 171 182 201 217 226 228 229 246 248 261 263 277 288 289 297 316 338 340 345 347 352 354 364 391 396 410 415 431 433 435 
105 1 148 149 152 153 165 166 168 172 177 178 182 183 186 187 195 199 204 206 208 209 213 225 226 229 230 232 233 240 244 251 254 255 263 274 277 278 286 290 291 292 297 301 303 308 309 316 318 321 328 331 335 337 339 341 342 344 349 354 359 360 366 368 370 371 377 378 379 380 381 382 390 394 395 397 401 402 406 407 408 412 413 414 416 421 427 428 430 431 432 434 435 
31 146 155 164 175 178 189 190 193 213 298 302 320 321 339 356 358 388 393 
248 1 152 153 155 157 160 163 167 170 171 172 179 182 186 191 199 200 203 208 209 210 212 214 216 219 228 230 233 236 239 240 242 244 247 251 259 266 274 282 284 285 288 296 298 299 302 307 312 316 318 323 324 328 329 332 335 337 340 349 352 358 359 362 366 367 369 370 379 380 382 383 389 398 399 400 403 405 408 409 411 413 420 421 
101 168 171 203 239 254 270 271 315 316 377 409 434 
274 146 147 154 156 158 162 168 170 175 177 180 183 187 191 192 196 200 204 207 213 214 216 219 228 229 231 232 233 236 241 242 243 244 245 247 250 251 252 255 257 258 262 266 267 268 272 275 289 296 299 301 304 307 310 316 323 329 335 336 343 344 349 351 352 355 359 363 367 368 369 371 375 378 379 382 384 387 388 390 391 397 398 401 402 404 405 407 408 412 413 415 419 423 424 425 430 432 
194 1 157 162 186 187 210 212 220 221 223 230 239 254 260 262 278 279 291 295 303 304 315 324 335 342 345 351 353 354 355 378 379 383 393 394 396 400 406 408 410 415 
259 148 150 152 158 159 164 165 167 171 173 174 176 177 188 191 192 193 197 204 210 214 215 217 218 219 224 225 237 240 246 247 252 257 258 260 261 264 267 269 270 272 273 279 281 284 286 287 290 294 298 301 306 310 312 313 319 322 333 344 348 349 353 354 359 360 363 367 372 375 376 380 388 389 397 399 406 408 417 418 424 427 431 
248 162 168 181 186 191 192 193 201 203 207 225 226 228 231 232 236 248 253 278 282 330 336 355 360 367 376 394 398 401 407 409 428 
25 152 154 157 163 179 183 186 190 194 203 231 235 240 244 254 280 294 299 314 323 334 352 353 358 361 367 368 375 377 385 400 406 408 412 413 417 434 
210 156 162 167 169 180 188 189 190 195 208 224 226 229 255 267 281 285 294 303 309 323 343 358 363 368 390 403 411 423 433 
106 149 150 151 158 166 168 171 177 178 185 187 191 192 194 195 202 208 209 213 214 216 217 219 220 226 227 230 233 234 242 243 247 248 255 256 259 261 266 267 273 276 281 282 287 288 294 302 303 304 311 313 314 316 322 323 331 335 337 340 343 346 347 351 356 360 374 380 381 395 399 406 414 415 416 422 425 427 435 
172 150 152 155 158 160 162 163 166 167 176 179 181 183 184 185 187 189 191 192 193 194 196 197 199 209 225 232 236 240 255 265 268 277 279 283 284 285 286 291 293 295 296 300 304 307 311 317 319 323 329 330 332 334 336 345 352 354 355 356 360 361 364 365 370 371 373 376 382 386 388 389 397 398 399 401 407 413 414 415 416 417 420 421 427 428 429 432 
235 1 152 153 154 159 161 164 168 173 175 176 180 182 198 203 214 215 217 222 226 227 229 232 233 234 239 241 244 245 250 251 254 255 256 257 259 261 263 265 269 281 285 287 292 294 300 302 305 311 314 318 321 322 325 333 334 335 340 345 351 361 364 365 369 376 378 379 380 381 385 386 388 389 390 395 397 398 399 401 402 409 417 419 421 422 424 426 427 430 433 
219 146 153 161 162 167 170 172 174 180 186 189 195 204 211 212 215 216 224 232 237 241 243 252 256 259 266 278 294 297 299 302 303 318 327 351 357 398 402 406 421 424 426 433 435 
47 148 158 176 183 187 191 194 205 217 219 221 228 230 232 233 235 242 248 253 271 282 297 314 326 332 347 357 370 373 377 392 402 411 420 423 
217 150 180 213 253 275 277 336 342 381 389 391 404 
177 147 148 154 155 156 159 161 164 165 166 168 169 170 180 182 187 188 191 193 195 199 200 202 204 206 208 210 212 218 222 223 224 227 236 242 245 247 248 251 252 257 263 266 273 276 277 278 292 293 300 302 304 306 314 316 323 325 329 330 332 335 337 339 346 349 352 362 365 367 368 370 371 372 373 376 380 381 383 384 387 394 399 403 416 422 426 
30 146 150 158 160 178 194 209 211 218 227 236 237 241 242 247 252 254 257 260 261 266 267 278 281 282 284 286 287 288 290 299 300 305 313 314 318 319 320 321 322 324 327 331 332 333 334 341 343 344 357 375 378 379 382 383 389 394 396 397 401 404 407 416 417 423 429 
52 1 146 151 160 162 165 169 172 173 175 178 179 180 181 185 189 192 193 194 195 196 199 204 205 207 210 218 219 225 231 233 236 237 238 239 240 241 243 244 245 248 251 252 256 257 259 261 263 268 269 270 271 272 274 276 280 281 283 284 285 286 289 297 300 301 302 304 306 308 309 311 316 317 321 324 327 330 332 333 334 339 340 344 347 351 352 353 356 358 361 370 371 373 378 379 380 381 383 387 393 396 402 412 418 419 420 422 426 427 428 430 431 432 433 
260 159 172 177 179 186 189 196 205 212 215 218 221 227 233 235 251 259 262 266 269 272 275 284 286 287 290 297 304 311 318 319 321 324 330 337 338 344 349 352 356 363 364 374 376 378 382 389 390 393 395 397 405 409 419 420 423 
65 1 152 153 154 160 165 166 169 173 176 178 180 182 184 186 188 189 192 196 198 201 204 214 216 217 219 229 234 236 239 240 241 244 249 250 254 263 264 265 275 277 278 282 285 290 299 307 308 309 312 314 315 321 324 325 326 330 334 335 337 355 358 363 366 367 368 371 373 374 375 382 386 388 391 396 397 398 400 401 406 408 410 411 413 416 418 420 423 425 426 427 433 
219 158 162 165 167 168 170 173 174 175 187 188 194 198 207 211 218 219 227 230 233 240 244 246 247 248 249 251 252 254 262 263 266 268 275 284 287 290 293 302 303 305 308 316 317 318 325 332 336 340 344 346 347 358 360 367 374 383 389 390 402 405 408 409 410 416 417 433 
265 147 149 162 163 169 170 175 179 180 183 184 186 188 189 202 208 211 212 225 231 235 236 239 240 246 247 248 249 253 255 257 263 265 267 268 273 274 281 287 288 290 292 294 299 303 304 310 314 315 319 320 324 325 326 333 339 341 348 349 351 356 358 360 366 369 373 377 379 388 389 392 399 400 401 410 411 416 418 423 425 431 
222 154 167 213 218 234 239 251 261 265 266 276 280 291 295 305 313 324 326 331 344 352 363 368 370 372 390 430 
61 153 155 170 185 190 195 199 212 228 237 238 239 246 255 265 266 280 299 308 340 352 358 367 372 385 403 409 417 424 
223 1 147 148 160 166 168 172 181 185 187 192 194 199 204 207 208 209 210 211 213 217 220 222 223 226 229 233 234 235 236 247 251 252 262 263 264 267 271 272 273 276 277 280 285 288 294 296 297 302 311 313 316 317 318 323 324 325 327 336 339 343 344 347 350 363 368 372 375 381 382 385 388 391 392 394 399 400 405 410 413 414 420 426 429 433 434 435 
228 151 179 181 182 186 207 216 218 223 225 243 244 251 257 270 275 278 287 288 303 310 311 319 322 330 332 358 362 385 389 394 400 401 422 426 432 433 
5 151 154 155 158 165 169 172 173 176 179 180 183 186 188 195 199 200 201 202 206 207 210 215 218 220 223 225 227 237 239 244 249 255 261 263 265 269 270 271 276 281 287 292 295 297 298 299 301 303 305 308 314 317 318 322 324 325 326 328 329 330 332 338 340 344 350 351 354 355 358 360 361 363 364 367 368 372 375 385 388 391 392 393 397 401 407 408 411 416 418 429 434 
130 146 149 153 157 160 168 170 171 172 173 174 184 186 189 191 193 195 197 199 200 203 205 206 212 213 214 216 219 223 225 231 241 246 247 249 250 257 259 260 261 262 266 267 268 273 275 281 282 286 290 293 294 300 302 304 305 308 315 318 320 321 322 325 330 333 337 338 339 342 345 348 352 364 365 373 374 380 387 389 395 399 402 403 404 405 406 408 412 417 420 429 432 434 
48 1 146 147 157 158 162 164 165 168 169 171 174 176 181 182 185 192 194 196 197 200 205 206 207 212 213 214 215 217 228 233 234 237 238 246 248 251 257 258 259 271 273 274 276 278 281 284 285 294 300 302 304 306 310 312 317 319 320 323 324 334 338 343 353 356 363 364 369 371 372 375 387 395 396 397 398 399 401 402 403 405 409 411 412 417 418 427 428 430 
240 147 158 162 163 165 168 175 176 178 180 181 188 198 204 209 211 213 216 221 227 237 242 243 257 261 264 272 273 274 280 281 283 289 292 294 295 298 303 313 314 321 323 324 329 339 344 345 347 350 354 356 362 365 373 374 376 380 382 390 398 399 402 404 407 409 422 
198 146 161 170 171 175 187 202 208 220 232 238 245 248 249 250 251 252 259 260 265 273 278 279 290 294 309 314 322 341 345 346 349 366 373 376 385 391 397 403 416 
189 147 149 151 155 157 161 164 167 168 172 174 178 182 183 191 193 195 198 201 208 209 210 212 216 218 220 224 225 226 227 233 235 238 241 243 244 245 247 249 250 253 254 255 256 257 258 260 267 268 275 278 282 284 292 293 295 297 298 300 302 303 304 313 316 317 318 322 324 325 326 328 330 332 333 340 341 346 347 349 354 356 359 360 363 372 373 375 379 383 384 385 387 392 394 395 397 398 420 422 423 427 430 432 434 435 
54 147 149 154 155 159 160 162 166 173 175 176 179 184 189 190 197 200 202 204 205 221 229 238 244 250 254 255 260 268 269 270 275 277 283 284 288 291 293 298 303 304 311 316 321 328 334 336 339 342 345 346 348 349 353 357 363 365 367 368 369 376 379 398 403 407 415 416 420 421 428 430 
246 149 155 201 218 237 295 400 406 411 423 426 
163 211 231 263 307 320 338 351 418 
84 1 153 170 171 172 173 174 176 182 185 203 211 228 233 239 246 259 263 264 270 272 273 277 287 299 303 308 310 317 318 323 324 334 347 348 361 365 369 372 376 381 397 403 409 419 420 425 433 435 
297 153 154 159 163 164 167 168 170 171 175 180 187 192 193 195 199 200 203 208 211 215 222 225 244 245 254 262 271 278 284 287 288 292 296 300 303 304 308 314 316 322 329 330 342 350 352 356 360 361 364 365 368 370 372 374 377 384 393 396 403 407 416 425 429 
268 151 152 153 154 159 160 167 171 172 173 176 177 178 179 182 185 186 187 192 193 196 202 204 207 214 215 220 221 222 225 233 235 236 244 245 246 260 261 262 269 270 271 273 279 281 287 288 290 291 294 295 297 300 309 311 312 314 315 316 318 322 323 324 327 329 335 337 338 339 340 343 344 345 352 353 354 358 361 362 363 366 367 368 369 372 376 378 380 388 393 394 395 396 400 404 405 406 407 409 412 418 422 424 425 426 431 433 434 
128 1 165 178 182 195 196 197 198 200 202 204 206 210 211 219 220 225 229 231 234 242 243 244 245 248 249 252 256 259 260 266 268 275 280 285 291 293 301 303 307 311 312 313 320 331 348 356 357 358 359 362 365 366 380 382 384 386 388 390 395 399 400 402 405 413 416 419 429 433 435 
255 1 184 189 195 201 204 208 219 221 223 232 234 237 243 244 250 256 267 273 279 280 284 290 291 294 307 308 309 319 336 340 352 354 356 360 381 384 386 387 388 390 395 401 403 406 407 420 421 431 
23 147 150 157 159 163 166 177 182 196 198 199 206 209 210 214 217 226 228 229 231 233 238 247 248 249 258 259 261 265 268 269 273 275 277 287 290 297 303 307 310 315 316 323 326 336 337 339 342 360 361 362 369 371 372 384 387 394 404 407 411 427 429 432 434 
38 154 158 170 183 188 193 200 201 208 210 213 214 217 222 224 227 233 237 241 243 245 246 247 253 254 257 262 264 273 288 291 295 300 307 310 312 316 319 328 334 335 336 346 354 356 374 376 387 393 399 433 
29 153 184 192 193 206 231 240 253 261 265 269 301 326 329 332 333 344 365 367 372 377 384 396 400 402 409 419 434 
200 1 147 148 151 152 155 156 160 163 164 177 178 182 183 185 186 187 194 195 198 199 201 205 206 207 209 213 215 217 220 222 225 226 230 232 239 242 243 245 247 251 253 259 263 264 266 267 269 273 275 276 277 278 283 284 285 286 287 288 290 292 294 295 296 298 299 300 301 306 308 311 312 314 320 322 323 330 334 336 338 340 347 348 350 363 364 366 367 369 370 372 374 375 376 377 379 382 383 384 386 392 394 395 396 397 398 399 400 404 407 408 418 423 424 427 430 432 433 435 
226 160 166 175 180 185 189 190 218 222 232 237 245 258 262 264 268 275 282 283 291 294 310 319 321 329 331 332 335 338 344 351 353 357 358 360 362 367 374 375 383 405 408 417 419 423 425 426 432 
83 148 157 190 212 223 226 243 258 272 302 309 311 315 319 335 346 354 356 371 372 393 394 396 397 416 419 426 
35 147 148 149 152 156 157 161 163 167 171 172 175 182 187 192 193 196 197 198 201 205 207 208 209 214 219 222 223 228 229 234 238 239 248 251 252 253 254 260 262 265 267 270 274 280 282 284 285 286 289 293 294 296 298 308 322 324 325 337 341 343 347 349 351 362 364 365 375 377 379 383 395 397 399 400 409 411 412 414 418 419 420 423 
288 1 146 154 159 160 161 174 178 191 192 193 196 198 210 213 214 215 220 221 228 230 231 236 238 243 244 249 250 255 259 266 267 268 269 276 281 287 288 289 292 293 296 297 298 301 307 308 317 318 319 320 321 323 330 333 334 336 338 340 344 348 349 350 351 353 358 361 365 369 376 379 384 401 403 406 409 410 412 417 427 428 431 432 435 
85 154 155 158 162 178 185 186 192 194 204 211 215 219 238 242 246 257 267 268 273 279 284 285 288 290 294 299 304 305 312 317 324 325 330 333 335 343 353 354 357 360 364 368 377 379 383 386 391 397 399 401 410 411 414 416 423 433 435 
257 146 150 160 188 192 195 205 214 216 219 227 228 240 241 251 261 272 275 296 300 326 329 330 344 346 352 361 367 373 395 405 416 
61 150 151 231 232 262 282 286 288 312 330 384 387 394 399 429 433 
59 146 147 150 153 159 161 162 166 167 169 170 172 173 178 180 181 184 185 188 189 190 194 196 201 202 203 212 213 217 219 220 224 226 231 232 234 241 243 244 247 250 252 256 259 260 262 263 264 265 269 270 271 274 278 281 286 293 295 298 299 300 306 309 310 311 312 313 316 319 320 325 327 328 330 335 337 338 345 347 348 352 353 354 355 358 359 360 363 365 366 371 374 376 384 385 388 389 390 391 393 395 396 399 400 401 402 403 406 407 418 420 422 425 429 434 
167 151 152 153 173 179 186 188 193 201 205 210 211 214 215 216 220 222 228 229 231 232 233 238 240 246 247 254 261 262 263 266 274 277 279 284 285 289 290 293 295 296 299 304 311 313 314 321 324 325 329 330 333 341 343 348 351 357 358 359 363 364 366 373 374 375 377 381 384 388 389 391 400 401 419 422 426 429 435 
100 146 147 148 153 155 157 163 164 166 170 171 172 173 175 178 181 184 188 190 191 195 198 199 205 206 209 211 217 218 220 221 224 228 232 240 242 244 245 249 251 255 256 260 261 264 266 267 274 275 277 283 284 287 304 320 321 322 326 329 334 336 337 338 339 341 342 346 347 349 357 359 360 361 362 363 365 366 368 370 371 381 382 385 389 390 400 403 405 408 420 430 431 434 
5 146 149 160 161 165 184 189 197 199 209 213 215 219 234 239 244 258 263 266 271 272 282 283 293 308 310 314 317 319 338 341 345 349 355 360 365 366 376 379 380 382 387 398 409 435 
240 146 148 153 154 155 158 163 164 165 173 174 175 176 180 182 189 199 204 217 218 222 228 230 231 234 239 240 245 246 249 250 256 257 263 267 268 271 273 277 285 286 289 293 295 297 298 304 305 309 314 320 322 324 325 333 339 343 344 349 350 357 359 362 368 379 381 382 383 384 388 390 394 395 398 400 412 414 415 418 421 422 424 426 432 
232 147 150 157 160 162 165 166 167 178 182 187 188 191 192 193 195 196 198 204 205 210 215 218 225 226 237 238 241 242 245 248 250 255 264 265 266 268 270 275 279 282 288 289 290 294 296 298 299 300 306 312 313 317 322 323 327 328 331 332 336 350 355 356 358 360 365 367 370 371 372 373 377 381 382 390 397 398 407 412 413 415 417 418 419 421 423 435 
247 1 147 150 154 157 161 166 169 175 178 181 182 183 185 190 192 194 195 205 210 215 225 229 242 247 250 255 258 263 264 270 274 275 278 280 286 295 303 304 313 315 318 346 350 357 381 385 391 395 404 406 414 415 417 423 425 431 432 433 434 
217 146 148 149 150 153 154 156 158 160 165 169 170 171 174 183 184 189 190 192 194 199 206 207 208 209 212 213 217 218 224 226 228 231 234 244 245 256 258 259 265 269 274 282 285 286 287 288 293 298 300 307 312 313 317 319 321 326 327 329 330 332 338 340 347 350 351 355 356 357 369 372 378 382 386 391 395 399 405 408 414 416 417 418 422 428 430 
61 1 146 147 150 157 159 166 168 172 174 189 192 198 199 201 203 205 207 221 224 231 233 240 241 248 255 257 262 264 274 280 284 286 289 290 296 299 300 301 302 303 305 313 315 320 328 330 331 335 336 342 346 349 351 353 355 357 361 362 365 368 374 375 376 379 381 382 384 389 390 392 393 396 401 403 406 408 410 411 412 415 418 426 431 
133 146 147 148 149 150 152 154 155 165 166 167 168 170 174 180 187 189 191 196 200 201 202 207 208 209 211 216 217 219 226 232 236 238 242 247 249 250 251 253 255 258 259 264 266 267 273 274 276 277 280 283 290 292 293 297 298 303 309 310 313 315 320 322 326 327 330 333 334 339 341 343 344 346 351 353 354 356 367 368 369 374 375 380 382 383 388 389 391 398 399 402 404 405 408 413 414 415 416 417 421 422 430 
289 146 150 151 158 161 166 168 170 171 178 197 200 204 205 208 210 212 218 222 237 242 243 247 259 276 278 300 303 308 319 332 333 337 338 343 349 356 357 364 371 372 380 382 387 403 409 418 419 422 431 433 435 
34 151 159 181 186 221 233 235 254 266 269 270 276 277 309 319 333 334 336 341 342 345 351 370 376 377 386 407 421 428 
39 147 151 160 178 188 205 208 210 218 221 222 226 227 236 247 248 249 254 258 267 272 273 274 279 283 288 302 307 312 316 319 324 326 332 338 343 347 350 352 353 355 361 363 369 373 383 398 400 404 405 418 419 
265 146 150 156 160 162 168 170 171 173 180 183 186 188 189 191 193 194 195 197 201 203 204 207 211 213 226 236 237 241 243 247 249 252 260 262 264 268 269 270 272 275 278 282 288 292 294 299 305 309 310 321 322 326 329 331 335 339 340 341 363 370 371 373 375 377 379 381 383 387 388 389 394 396 399 400 404 414 416 417 418 419 425 428 
57 146 152 155 156 157 165 174 176 188 197 205 207 215 218 219 223 224 229 232 233 239 241 242 245 253 255 259 264 266 268 275 277 278 281 287 289 290 291 295 299 300 301 303 309 310 313 325 328 329 334 337 343 347 348 353 355 361 362 373 376 379 380 384 385 386 389 390 391 392 401 402 403 405 407 409 413 418 421 422 430 432 
253 146 148 153 164 166 169 175 178 185 191 205 207 208 217 218 229 234 236 241 242 248 252 263 278 282 287 296 297 301 306 312 315 316 318 326 329 343 347 352 353 357 365 390 395 405 406 409 415 420 421 424 427 
105 147 155 164 165 166 170 172 180 193 197 198 200 201 212 216 217 218 219 221 222 227 228 232 235 239 241 243 244 245 257 259 264 265 266 267 269 271 272 275 276 280 293 295 300 302 307 309 313 314 315 318 322 330 331 332 334 336 338 342 348 349 350 354 355 364 365 382 389 391 392 399 402 406 407 408 410 412 419 425 426 434 
88 149 160 169 173 181 183 190 191 194 196 204 208 209 213 216 219 224 226 230 235 238 241 244 253 254 263 264 285 301 303 319 328 329 333 342 353 357 369 374 381 382 386 388 398 421 423 
184 146 147 148 153 157 172 177 180 197 198 204 205 210 217 241 245 246 249 251 255 268 282 289 296 302 305 308 329 330 338 342 344 345 358 361 362 369 378 382 387 392 396 402 408 420 
217 164 169 201 204 219 222 225 226 229 242 255 263 273 276 282 283 285 298 302 305 309 337 338 339 342 353 361 365 366 378 379 388 394 404 406 423 424 430 
257 157 160 164 172 173 182 192 196 275 289 294 316 365 370 403 420 432 
51 1 149 150 151 153 159 161 162 163 165 167 171 173 177 181 183 184 194 196 199 201 211 214 221 226 230 231 235 236 237 238 239 245 248 254 255 261 265 271 274 279 281 282 283 285 289 293 294 296 298 300 301 302 304 311 312 313 314 317 318 321 322 323 326 329 330 332 335 338 344 346 348 352 355 359 363 371 372 373 374 375 376 378 381 383 387 389 391 393 399 404 405 406 407 409 411 414 417 419 422 424 428 434 
237 146 148 149 150 151 152 154 155 158 159 162 167 171 172 177 179 183 190 191 193 196 198 200 201 202 209 210 212 214 217 220 223 224 227 228 229 231 233 238 243 245 252 255 258 260 263 271 276 279 281 283 288 294 295 299 301 310 311 312 313 321 322 323 326 328 332 334 336 337 341 342 346 347 349 352 355 362 364 367 368 370 371 373 375 380 381 383 384 386 390 393 396 397 399 408 409 412 413 414 418 422 424 427 428 430 432 433 434 
234 1 147 152 155 156 161 162 165 179 180 188 197 198 199 208 209 210 214 219 220 221 224 225 231 232 235 237 238 244 245 248 249 251 253 254 257 258 259 261 262 264 271 276 279 280 282 290 292 297 300 302 304 309 317 318 322 325 331 333 334 345 347 349 351 352 353 354 355 356 361 362 363 366 367 369 375 379 385 387 388 389 390 394 397 398 399 400 401 403 404 409 411 415 417 418 420 421 423 424 426 428 429 430 431 432 
212 1 146 147 148 153 154 155 156 160 162 164 173 175 179 183 185 195 196 197 199 200 201 202 206 209 210 211 212 214 216 217 218 226 228 231 232 236 238 243 249 255 258 259 264 265 274 279 280 282 283 287 292 294 295 303 306 307 316 320 321 325 326 329 331 334 336 338 339 340 341 342 344 346 348 351 352 353 360 364 366 368 369 372 379 381 383 385 386 387 389 391 394 395 396 398 408 411 412 419 420 421 422 428 430 
33 148 152 153 154 156 161 165 173 177 184 191 192 193 194 195 198 209 210 211 217 218 220 221 222 223 224 225 228 231 232 233 239 244 251 256 260 264 276 280 282 285 294 296 297 299 302 304 305 308 311 315 316 318 320 321 327 332 333 338 343 346 347 352 353 356 367 370 374 377 378 381 383 385 386 394 395 396 399 404 405 407 410 413 415 416 417 418 421 422 425 426 430 435 
3 150 151 154 158 161 164 170 171 173 176 181 187 189 194 196 198 199 205 209 214 215 217 220 221 223 225 226 227 228 232 234 235 240 242 254 256 259 270 272 279 281 282 287 289 300 302 305 310 311 314 316 317 318 336 337 346 352 354 356 361 362 364 374 378 387 388 398 402 403 410 418 420 426 428 429 430 431 433 
127 151 152 154 158 162 163 164 168 169 176 178 187 188 189 190 192 195 196 197 199 202 203 205 206 207 209 210 211 217 225 229 232 240 242 243 249 257 260 264 269 270 275 276 277 281 289 292 294 296 297 301 304 307 308 309 311 313 315 317 319 325 327 331 333 337 339 345 347 351 357 361 362 367 368 370 371 372 376 377 378 380 381 382 388 390 391 392 394 395 396 399 402 404 406 408 409 410 411 412 415 416 417 432 435 
284 1 146 147 158 159 164 166 168 171 176 179 180 182 185 187 188 190 193 196 197 198 202 207 212 217 219 220 221 222 223 225 227 231 235 236 237 244 247 253 256 260 263 264 273 277 279 285 288 289 290 291 293 294 304 305 309 311 312 318 322 326 328 329 338 341 343 345 347 349 350 355 358 359 362 365 367 368 369 370 372 376 377 378 379 382 384 388 394 395 397 398 399 401 403 405 410 414 415 416 417 421 426 427 428 429 433 434 
193 147 155 183 197 203 206 215 217 231 278 316 337 345 348 349 361 381 398 414 418 425 
82 150 151 154 160 165 170 172 175 177 179 184 185 186 187 190 193 197 199 200 201 210 214 216 217 218 221 222 228 237 239 246 248 249 251 253 254 258 261 263 265 267 270 271 273 281 287 289 294 296 300 306 307 309 313 316 318 322 325 328 335 341 345 349 351 358 362 365 367 369 372 380 384 396 397 398 402 404 411 412 415 417 426 434 
154 147 149 152 154 160 166 168 176 179 181 182 185 187 195 196 197 198 199 204 211 214 221 223 225 226 229 232 236 238 239 241 242 243 249 253 254 261 266 269 275 282 284 290 291 294 298 301 303 324 330 334 340 345 349 354 355 356 357 365 366 381 398 399 400 401 414 421 426 429 433 
22 146 147 154 155 156 163 170 171 178 193 197 198 211 215 221 226 230 237 238 239 245 247 255 256 261 264 269 274 276 281 282 286 287 292 302 303 305 308 310 311 312 317 318 328 336 337 338 339 349 360 368 374 381 399 403 409 410 415 422 425 426 432 433 
174 146 147 152 153 160 161 163 166 167 168 171 172 175 178 179 181 184 188 189 191 192 203 205 206 220 224 226 229 231 233 234 235 236 238 239 241 246 248 250 255 257 258 264 266 268 269 271 276 278 279 280 282 286 290 291 292 295 302 303 308 309 311 312 314 319 323 330 333 338 343 344 347 349 350 352 353 356 361 362 363 365 366 368 371 375 377 378 380 384 387 388 393 394 397 399 401 403 404 406 409 411 415 416 417 419 421 423 425 426 428 431 435 
54 1 156 161 166 177 183 201 203 215 243 258 259 299 308 310 319 322 324 333 346 351 368 369 381 382 393 406 412 414 418 420 430 
88 150 152 156 157 167 169 172 188 192 199 204 206 210 212 215 219 230 234 250 255 261 267 270 273 276 277 278 286 298 299 309 313 315 319 327 328 329 330 338 340 341 345 348 351 355 360 365 368 372 378 382 390 397 400 402 403 407 408 410 411 412 419 425 
119 147 153 155 158 168 171 181 182 188 194 196 199 203 204 208 209 212 225 228 234 243 253 257 263 267 282 288 298 299 302 304 309 311 327 335 344 348 350 364 366 368 369 372 373 379 393 421 433 
241 148 150 154 155 156 159 162 164 166 170 171 173 174 175 177 181 186 189 190 192 193 195 198 199 202 210 211 212 213 224 227 228 230 231 233 235 238 241 242 245 250 251 261 262 263 269 271 273 275 276 278 279 282 284 287 292 294 297 300 301 303 304 308 310 316 317 319 324 327 330 333 334 336 337 339 340 342 348 349 351 353 364 365 371 372 374 376 379 383 386 387 388 390 392 404 405 411 413 414 416 420 422 423 424 425 
81 147 151 154 155 156 157 158 159 162 163 164 168 169 171 174 175 177 181 187 188 189 195 197 200 202 204 207 208 210 223 224 226 228 230 231 232 233 234 235 236 238 242 244 247 248 253 258 260 261 265 272 274 275 278 279 282 283 285 290 291 292 293 294 296 298 300 303 306 310 314 317 319 338 341 342 345 350 351 353 354 356 360 363 367 368 371 374 377 378 379 387 400 401 403 405 408 409 410 416 420 422 425 426 429 431 432 433 435 
162 1 148 155 160 162 163 164 168 171 174 178 180 184 191 192 198 202 203 208 213 214 220 222 225 229 231 235 237 248 256 258 259 262 264 268 269 273 275 282 284 288 290 294 297 302 303 320 321 329 337 338 340 347 351 356 357 358 362 379 382 389 391 407 412 417 420 425 429 431 
237 1 146 148 150 151 152 161 162 165 168 169 170 172 177 178 187 188 190 192 195 196 198 203 211 212 219 226 227 231 232 235 239 240 241 244 245 254 255 260 262 266 272 274 279 282 284 288 289 292 302 305 307 308 311 314 316 321 323 329 331 333 334 336 340 341 343 345 346 348 349 352 354 362 364 365 367 368 372 377 378 379 384 386 387 389 391 392 394 397 398 399 404 405 407 410 412 416 419 420 430 
168 160 208 235 244 253 316 327 344 363 403 
161 147 148 152 153 163 164 167 173 175 177 183 184 185 187 191 192 196 198 199 205 209 211 212 219 220 221 222 225 227 230 234 237 241 242 243 244 250 252 255 256 266 270 274 281 284 288 300 301 308 312 314 319 320 325 331 332 333 334 340 341 344 347 357 363 364 365 366 370 371 376 385 386 388 389 390 391 399 400 401 402 403 405 407 411 413 415 417 418 421 423 426 427 428 429 433 
62 156 185 200 222 234 235 238 281 317 370 379 416 425 428 
50 146 148 149 154 157 158 161 162 163 165 166 173 174 175 177 182 183 184 186 190 191 194 202 206 207 208 209 210 211 213 217 219 220 223 224 225 226 230 235 236 240 241 244 245 247 248 249 250 251 253 257 259 266 269 270 273 274 276 278 280 282 284 286 287 290 291 293 294 295 296 299 303 309 311 320 325 326 331 333 334 340 345 346 349 355 356 357 358 364 367 368 369 370 377 381 385 387 388 389 398 401 402 403 407 409 410 414 415 419 421 422 423 428 431 432 433 435 
240 162 168 175 181 183 185 194 201 223 231 258 260 278 282 291 300 301 323 340 345 347 381 384 385 396 418 432 
240 154 158 159 167 178 186 194 196 202 209 211 213 228 231 232 233 234 241 243 245 249 250 255 275 277 284 294 295 310 323 330 336 337 338 344 347 348 351 353 368 371 379 380 381 385 391 395 405 407 410 412 414 416 417 421 429 
254 149 152 164 166 169 175 176 177 182 187 188 190 193 195 198 210 234 249 256 266 270 280 281 284 288 290 304 324 336 337 343 349 351 352 360 365 368 372 377 382 383 390 392 399 409 410 417 418 421 430 
53 192 218 286 315 332 358 377 410 421 
50 148 151 153 155 157 159 161 163 164 166 169 175 180 187 189 191 197 198 199 200 201 202 204 208 210 211 214 215 219 223 225 227 231 232 235 236 239 241 242 243 244 245 246 248 257 258 266 269 276 278 281 282 283 284 292 294 295 296 298 302 303 304 305 310 314 315 317 324 325 327 328 331 332 335 336 337 340 342 344 347 352 353 357 363 366 369 371 373 374 376 382 388 389 391 394 395 403 405 406 408 423 424 425 426 428 431 
248 1 147 148 152 155 156 158 161 164 165 168 170 179 180 186 189 190 192 193 194 195 197 198 199 201 202 203 211 217 225 227 228 229 231 233 236 237 238 240 241 242 245 248 249 255 256 261 263 267 269 272 276 279 280 285 293 295 297 307 308 311 314 320 323 325 326 328 329 332 336 338 340 341 342 343 345 351 352 353 354 355 360 362 363 364 367 368 370 381 382 388 394 395 396 397 398 399 400 401 402 406 407 408 414 415 416 419 420 421 424 426 430 432 
239 1 149 151 152 153 156 160 164 165 172 174 175 178 179 190 191 192 194 195 196 199 202 208 210 211 218 221 224 227 230 231 234 238 240 242 244 249 250 254 255 259 262 266 267 269 272 275 277 278 280 281 282 283 284 287 290 291 293 294 312 314 315 316 317 320 323 324 328 330 332 333 337 338 339 342 343 347 350 351 357 359 362 365 366 367 368 371 372 373 376 377 378 384 385 387 395 399 403 409 412 414 415 419 420 421 425 427 428 429 430 431 434 
92 150 154 156 161 167 171 174 180 182 188 197 200 203 209 210 211 213 216 220 221 229 230 246 247 250 252 256 257 258 259 260 261 263 267 271 272 275 280 283 285 288 290 291 292 295 297 298 300 301 302 307 310 313 320 324 325 328 331 339 341 342 345 348 351 352 354 355 356 358 359 360 363 364 368 369 371 373 375 379 380 382 385 386 387 388 389 391 393 397 398 400 401 402 403 404 405 407 408 409 412 413 414 415 416 420 424 428 431 433 434 
62 1 147 149 150 152 154 157 164 167 168 170 172 173 181 184 187 188 192 194 196 201 205 209 210 216 220 229 235 241 242 249 255 263 264 265 269 273 278 283 284 286 287 293 300 304 305 306 308 309 311 312 318 319 325 327 335 337 338 341 347 348 349 350 351 353 354 355 363 364 371 373 377 382 383 385 393 394 397 398 402 403 404 411 414 416 417 419 420 421 425 427 429 432 433 435 
61 146 147 149 150 156 161 163 166 170 173 175 179 180 182 183 187 188 193 194 198 200 202 203 207 210 212 215 221 222 224 226 231 244 245 254 257 260 269 280 283 284 286 287 289 290 293 295 299 304 305 307 312 313 315 321 324 336 337 342 343 347 348 355 356 359 360 365 371 376 379 380 382 383 384 385 388 392 402 407 419 421 426 427 428 430 432 433 434 
175 153 160 163 164 166 169 173 175 180 188 189 190 191 192 197 199 206 214 218 221 224 226 232 235 237 238 240 243 247 253 254 255 256 257 264 266 267 269 274 275 279 280 281 283 285 286 290 291 292 293 295 304 308 314 315 318 320 325 327 329 330 334 336 337 338 343 350 352 353 356 359 361 362 363 364 365 368 370 371 372 373 374 375 376 377 378 383 385 387 388 392 393 395 396 404 407 410 411 412 414 416 420 423 427 428 429 431 434 435 
187 149 151 155 157 161 162 165 166 169 171 175 177 179 188 191 192 194 195 201 203 204 207 214 216 217 218 219 222 226 227 229 233 235 248 253 255 257 258 259 262 263 264 280 286 289 291 292 307 314 320 321 325 329 332 341 342 343 345 347 350 356 359 360 364 368 371 372 374 382 385 386 391 394 396 400 401 410 418 420 428 431 
138 161 177 180 183 188 191 205 217 224 226 239 243 244 257 268 271 272 284 288 291 293 297 298 301 316 318 319 322 323 326 370 374 382 383 386 390 397 416 419 
4 152 153 154 156 164 167 182 184 187 188 191 192 199 201 207 211 217 219 223 225 226 227 230 232 235 236 242 244 246 247 249 251 272 276 278 279 282 284 288 294 297 298 300 303 307 313 315 317 325 329 337 340 350 357 359 361 363 365 372 374 379 387 388 399 400 405 406 408 412 415 416 422 424 425 426 430 431 433 434 435 
202 147 152 155 159 160 168 169 171 173 178 179 180 183 187 188 189 199 210 214 219 221 222 225 235 239 240 241 246 247 251 253 256 258 264 270 272 273 279 282 287 293 298 299 306 307 313 314 316 317 322 324 326 327 330 332 333 334 335 336 341 342 346 347 348 351 353 356 359 361 362 367 369 370 373 374 376 379 380 381 385 391 399 402 404 405 412 415 416 420 421 423 424 425 432 433 434 435 
135 151 165 183 240 250 256 262 287 294 312 359 387 393 394 
97 146 150 151 160 161 162 165 167 168 170 173 177 178 179 180 183 184 188 190 191 192 196 198 200 204 205 206 209 220 221 222 228 230 236 237 238 248 253 255 257 258 259 260 261 262 263 264 268 270 271 273 280 281 282 284 287 288 289 290 291 298 304 306 311 312 316 322 326 328 333 334 335 339 340 342 344 345 350 354 358 361 363 366 368 371 374 380 385 386 387 388 389 391 392 396 398 399 406 409 413 423 425 429 431 433 435 
104 147 149 151 153 154 155 156 158 159 165 172 180 185 187 190 195 202 203 210 211 212 216 217 218 221 227 228 229 231 232 234 239 243 244 246 255 262 264 266 269 271 275 279 285 301 307 308 311 312 313 314 317 320 321 326 327 328 329 331 347 350 354 355 362 372 374 376 379 381 387 397 398 403 406 407 408 410 420 421 423 425 428 
190 1 148 150 158 159 162 163 165 167 175 178 179 180 183 184 194 198 200 202 206 208 210 211 212 215 218 222 223 226 231 232 236 239 240 241 242 243 251 256 262 264 265 267 268 275 276 277 278 280 291 293 295 296 298 301 302 303 307 308 309 312 313 315 316 317 318 319 321 327 329 331 335 338 340 341 345 346 348 352 353 355 356 358 361 362 369 370 372 374 383 391 392 394 397 398 399 400 401 405 409 410 414 416 417 419 421 431 
155 1 150 154 160 162 165 167 168 170 171 174 181 186 188 190 191 193 196 205 210 211 212 216 223 225 228 229 230 234 239 240 245 247 249 256 260 271 273 274 276 277 280 282 283 284 285 288 290 295 315 318 319 322 323 327 330 332 336 341 342 344 348 355 357 359 361 364 367 370 373 379 381 385 387 395 398 399 404 409 416 417 418 420 424 427 430 432 434 435 
296 147 148 150 155 156 159 166 175 178 180 187 190 196 202 211 214 215 220 224 225 250 261 262 263 268 270 271 274 275 278 292 293 297 306 312 320 337 341 351 359 362 367 377 379 403 405 413 423 
75 1 156 157 168 170 172 186 189 191 202 204 208 209 213 214 215 219 221 228 229 230 234 237 247 250 251 254 257 267 275 276 286 293 294 301 302 309 312 316 332 343 357 359 367 373 381 384 386 387 398 404 411 412 413 414 421 423 427 433 
116 153 154 161 176 185 186 196 199 201 203 207 209 215 218 223 231 233 249 250 253 262 266 277 279 283 285 290 292 297 298 303 317 320 321 331 334 341 347 359 362 363 372 373 374 378 382 385 389 390 392 401 402 413 419 423 424 435 
262 1 147 153 154 156 160 161 168 170 175 177 190 200 207 208 210 212 213 217 218 220 221 222 223 226 234 236 246 247 253 254 255 256 260 262 263 268 270 271 272 274 278 286 287 290 291 293 294 295 296 298 301 302 303 307 311 322 325 327 329 334 335 338 342 343 345 350 352 353 356 360 361 362 367 370 372 382 385 386 388 393 395 396 401 402 403 413 415 418 419 423 424 425 426 428 431 432 433 434 
142 156 161 167 189 203 219 241 261 286 309 316 319 325 348 363 402 404 427 
51 148 173 174 179 193 194 207 212 218 256 325 332 341 352 358 423 424 434 
294 1 147 148 150 151 154 155 157 158 159 163 165 166 168 169 171 177 178 179 181 184 185 186 187 189 190 195 196 197 198 199 211 216 217 220 227 228 230 235 236 238 241 242 243 251 259 262 264 266 270 271 272 276 281 282 284 285 286 293 294 295 299 302 303 304 305 311 315 317 319 322 324 331 344 351 352 353 355 360 362 365 367 368 370 372 377 378 379 380 381 387 391 395 397 400 404 405 406 408 411 415 420 423 429 431 432 
90 148 155 168 174 201 203 215 220 222 235 255 276 277 278 280 294 295 298 304 314 318 326 339 357 370 386 398 403 413 426 431 
229 1 146 153 157 159 172 173 176 180 206 208 209 215 221 225 234 237 240 248 255 258 266 267 271 273 275 286 295 301 307 317 319 322 327 333 338 351 354 359 360 367 368 379 386 397 403 416 417 418 420 432 435 
270 146 150 153 155 161 162 170 175 177 178 184 185 191 194 202 204 207 211 213 217 222 224 234 235 236 237 239 240 242 243 244 247 248 249 251 253 254 255 258 261 262 263 266 268 270 271 272 274 275 276 281 284 285 286 287 288 290 294 296 300 302 306 310 312 314 318 321 326 327 328 329 331 334 340 343 350 351 354 355 356 357 359 360 363 366 367 369 371 373 376 380 381 383 384 388 390 392 396 398 399 402 413 417 418 419 420 424 426 431 435 
114 146 147 149 153 155 160 161 162 164 165 167 171 173 176 180 181 183 186 187 189 191 193 207 211 219 220 222 223 225 227 232 233 241 242 244 247 250 251 255 256 257 259 262 268 270 282 284 285 294 300 302 303 304 305 309 313 314 315 318 319 321 324 325 326 331 333 335 336 337 338 339 340 341 343 348 349 351 356 373 379 381 382 383 384 385 387 390 394 395 397 398 399 401 405 408 411 414 415 416 417 420 424 427 430 432 433 434 
127 151 154 159 165 174 175 181 184 194 195 215 223 226 229 232 235 244 246 247 252 256 260 262 268 272 275 276 283 286 288 303 312 315 322 328 339 355 367 369 372 383 388 392 394 402 403 416 423 425 428 
182 1 146 147 150 154 155 158 160 161 167 171 172 179 181 187 188 189 190 192 193 198 200 203 207 218 228 229 231 234 242 244 246 250 251 252 256 259 263 282 284 285 287 288 297 299 300 304 305 306 307 310 311 314 321 330 332 335 338 340 351 352 357 358 360 366 371 377 378 382 386 388 392 394 397 398 399 402 403 406 408 413 419 424 426 428 431 433 
20 156 159 160 161 164 166 171 172 175 177 179 182 188 192 193 197 198 199 200 204 207 215 216 225 228 231 234 235 237 238 246 248 250 251 254 256 258 264 265 267 271 272 277 278 281 283 284 285 288 290 292 300 301 302 303 307 308 310 312 313 314 315 316 320 321 323 324 327 330 331 332 334 335 336 339 340 341 350 355 358 361 368 373 374 375 379 382 383 387 388 389 393 395 399 401 404 406 407 408 414 416 419 420 424 425 428 430 434 435 
15 146 151 152 154 157 166 169 176 177 181 184 185 198 202 207 212 214 219 223 225 228 229 230 235 236 237 240 242 247 249 252 257 260 262 265 266 267 270 271 274 275 286 290 291 294 299 300 308 312 314 316 321 329 330 333 339 341 342 344 345 348 353 354 355 361 363 366 369 373 374 375 391 392 396 398 400 401 403 406 407 408 411 415 419 421 428 431 432 434 435 
263 156 157 160 166 167 168 173 178 180 181 182 190 192 193 194 206 210 213 215 218 219 222 229 231 232 234 238 244 250 256 262 264 267 268 270 272 273 274 275 276 280 282 287 289 294 301 305 312 319 328 337 342 346 350 351 364 373 374 378 381 385 386 387 400 401 402 404 405 406 413 414 420 422 423 424 428 429 430 434 435 
238 207 224 241 295 325 333 353 366 381 408 412 432 
296 158 160 162 163 167 172 173 176 183 188 191 194 195 200 202 208 210 212 214 217 219 221 227 228 229 233 236 240 241 245 250 254 255 259 260 268 272 274 275 277 279 281 282 286 287 288 297 298 300 304 305 310 313 314 321 323 329 331 338 340 344 352 353 358 361 365 367 370 372 374 375 376 377 381 382 383 388 392 397 403 405 408 410 414 416 418 425 427 428 430 434 
102 1 152 154 162 164 168 176 180 181 188 192 195 196 201 208 211 223 235 244 246 272 277 279 288 292 296 297 299 300 306 307 321 324 334 335 347 351 358 364 366 367 376 377 380 381 392 399 405 407 408 418 420 428 435 
133 148 151 152 158 161 163 165 167 168 169 172 177 186 187 193 194 198 201 203 210 212 218 220 221 227 229 230 232 233 243 247 256 257 260 261 263 267 268 270 272 277 283 285 286 289 292 293 311 312 315 317 320 324 331 332 333 337 338 341 348 358 359 360 362 364 366 370 371 372 373 376 378 380 384 386 388 389 391 393 397 398 399 405 406 410 411 414 421 422 424 425 433 434 435 
235 150 151 153 154 159 169 173 180 183 185 186 196 202 212 217 220 225 226 230 243 245 251 257 258 259 262 264 267 274 281 289 290 291 293 295 296 302 305 308 310 315 318 320 323 326 330 332 338 344 358 360 364 368 378 382 383 384 385 390 393 397 398 399 402 408 413 424 427 431 432 434 
214 1 147 149 159 160 161 167 169 179 180 185 188 191 192 194 196 202 203 209 211 213 215 218 222 223 228 234 236 244 245 246 247 249 252 255 264 268 275 277 278 283 286 289 296 298 299 304 306 310 316 323 328 332 333 339 340 348 352 353 354 355 362 364 367 372 384 391 393 395 399 405 406 411 415 416 420 423 425 427 428 432 
216 146 149 150 153 157 158 161 165 168 174 178 181 186 188 191 192 194 201 215 218 219 225 236 239 241 243 246 247 248 253 254 255 256 264 268 270 271 280 285 287 289 290 292 293 301 303 306 317 318 323 324 333 338 340 342 343 349 351 352 357 365 368 370 373 374 379 380 384 385 388 389 391 397 405 407 412 413 415 416 417 418 423 428 429 430 433 434 
214 156 158 160 161 165 172 175 183 184 187 190 194 196 202 205 206 207 208 212 213 216 217 220 222 227 232 236 240 241 247 248 250 251 253 255 258 259 260 262 266 267 268 276 280 281 282 287 288 289 291 294 296 298 300 309 311 312 314 319 320 325 326 328 343 344 347 349 354 356 360 363 365 368 370 373 375 378 381 390 392 393 397 398 401 403 406 415 418 420 423 427 428 429 433 435 
79 146 147 151 152 155 156 160 161 165 168 172 180 181 183 190 195 196 199 201 202 204 213 215 217 218 220 222 224 225 226 229 230 235 237 238 240 241 242 243 245 248 249 254 257 259 261 273 277 288 289 290 291 294 295 297 300 302 306 311 315 323 326 329 331 332 334 339 344 348 349 356 357 360 363 364 366 368 369 370 376 379 381 383 384 389 390 397 402 404 407 414 422 424 429 430 431 
296 146 147 148 149 157 158 163 166 169 172 175 176 192 197 198 199 201 216 219 231 232 238 241 247 249 252 254 263 264 269 271 285 293 294 295 296 303 305 307 323 329 332 335 336 340 342 344 347 362 363 372 383 385 390 391 400 405 406 407 410 419 430 431 433 
38 1 146 147 148 149 150 153 154 161 162 163 165 166 169 174 186 190 192 193 195 196 197 198 199 201 202 203 205 209 211 212 215 216 220 222 223 225 229 238 239 241 242 245 249 250 251 255 256 259 260 262 268 270 279 282 288 292 293 294 298 300 301 302 305 307 308 313 314 315 317 320 323 329 330 338 345 348 349 358 359 360 362 366 367 372 375 378 389 392 395 402 406 409 410 411 415 416 417 418 419 425 426 428 432 433 435 
182 1 149 153 158 159 163 164 171 173 174 177 187 188 191 192 193 196 200 206 207 208 212 220 221 224 226 227 230 232 236 239 241 243 246 249 251 255 265 268 279 282 285 289 293 298 301 303 305 308 309 310 311 312 321 322 324 326 327 332 339 341 342 343 344 347 352 354 355 357 358 366 371 375 377 379 382 385 388 389 391 392 400 403 404 405 406 409 411 420 425 427 429 430 
249 217 
167 153 158 159 164 167 173 175 183 189 190 203 215 223 236 240 243 252 255 261 297 315 333 354 361 362 368 380 392 394 412 418 421 422 434 
66 147 156 159 165 174 181 195 203 206 214 218 222 225 233 236 237 239 242 244 245 248 250 254 259 262 265 269 270 272 279 283 286 287 289 293 296 298 304 309 310 311 314 316 320 326 329 332 339 340 342 351 352 365 366 368 378 392 393 394 399 403 414 421 422 431 433 434 
138 148 149 151 157 159 160 169 172 178 179 180 181 182 186 188 193 194 197 201 202 203 206 208 209 210 213 214 216 221 228 230 232 233 243 245 249 250 251 253 255 256 257 258 264 274 280 282 285 286 288 292 293 308 309 310 314 317 318 324 325 327 329 330 331 337 344 348 353 354 355 356 357 358 359 363 365 366 369 372 373 378 380 385 386 391 396 401 403 404 405 413 419 423 425 426 430 435 
160 154 155 160 164 166 174 177 185 188 195 197 205 207 212 213 215 218 226 235 266 271 282 288 301 307 310 315 320 323 333 336 340 342 343 351 353 362 367 368 377 381 385 410 420 422 423 432 
12 149 150 151 152 154 155 158 163 164 165 167 168 177 178 179 188 191 192 193 194 202 204 205 211 215 216 217 219 220 221 227 231 233 234 238 240 241 245 249 254 258 259 267 271 272 277 278 279 285 286 289 291 293 295 296 301 303 306 309 310 313 314 316 317 319 322 325 328 330 331 332 333 335 336 337 342 343 346 347 348 351 352 354 357 358 361 363 366 367 369 371 372 378 379 381 385 386 394 395 401 405 406 408 409 419 425 427 429 432 434 
71 146 147 152 154 160 161 166 167 168 170 177 184 185 186 187 190 192 193 194 196 197 200 204 205 206 207 209 210 216 217 221 222 223 226 227 229 230 233 234 236 238 243 245 247 250 251 253 259 264 265 266 273 274 279 284 286 287 293 296 297 298 303 305 306 308 314 317 318 326 328 329 333 335 337 340 343 346 348 351 352 355 358 359 361 363 367 368 369 375 376 382 383 384 386 390 392 395 397 398 400 401 403 406 407 409 411 412 418 420 421 422 424 425 427 431 434 
60 151 157 162 165 170 171 175 177 183 187 189 190 192 194 207 227 236 237 239 240 242 244 255 260 262 264 267 269 270 291 292 294 314 315 318 323 328 333 334 338 339 341 345 357 360 365 372 375 381 382 383 386 388 389 391 393 399 402 406 408 409 410 415 421 422 426 430 
188 154 158 166 168 172 182 184 189 191 192 205 215 224 227 232 243 246 258 263 265 266 270 275 282 286 295 296 298 312 314 315 321 322 330 336 343 348 350 354 357 359 364 366 369 372 373 394 397 410 422 426 428 431 
118 148 149 150 153 156 157 158 161 164 175 177 179 183 186 187 188 196 198 201 202 204 207 208 210 216 220 222 230 233 234 237 243 244 250 252 263 270 271 281 283 284 290 292 296 297 301 302 305 307 309 312 314 318 322 326 328 332 340 343 345 350 357 362 366 374 386 387 388 392 396 399 404 409 413 414 415 420 423 425 430 431 
199 1 147 153 155 158 159 161 168 171 175 177 178 179 180 181 182 183 184 192 197 199 200 201 202 208 211 218 220 236 241 244 247 257 261 263 265 267 269 272 299 300 314 319 321 322 323 328 330 336 337 343 345 349 356 360 366 370 372 375 376 379 383 396 398 401 418 419 424 
137 149 151 156 157 158 164 169 175 185 187 188 193 199 200 202 209 212 216 218 220 230 231 235 237 239 243 260 262 264 266 268 275 279 280 284 290 300 302 304 305 314 316 318 326 334 338 340 342 343 346 352 353 354 358 359 362 364 370 380 381 382 383 384 386 388 403 412 415 416 417 421 428 430 432 433 
203 1 148 149 150 154 156 159 161 162 166 173 174 180 181 182 183 187 188 196 197 200 206 207 208 209 212 217 219 223 226 238 240 247 251 252 254 255 262 264 265 268 269 271 272 277 279 280 283 287 288 293 301 303 304 305 308 314 315 324 327 328 330 331 342 344 349 353 356 360 361 363 364 366 371 373 376 377 382 386 387 392 401 403 404 406 409 410 413 415 420 421 424 428 429 435 
268 150 152 153 161 166 170 171 172 185 186 188 191 193 194 196 200 207 212 245 250 261 262 265 267 269 273 274 276 278 279 285 286 296 297 303 309 316 317 323 332 333 334 354 355 380 382 383 388 397 402 403 404 408 413 414 418 420 424 426 430 
4 147 153 188 196 198 204 205 233 238 240 243 252 266 269 279 281 282 283 288 294 300 313 318 319 320 349 353 373 374 384 385 413 427 
120 1 154 155 159 160 161 163 168 170 171 172 177 180 181 184 186 187 188 189 192 198 200 201 213 214 216 217 226 229 231 232 236 238 239 241 244 246 248 253 256 259 261 262 263 264 266 272 275 278 279 280 288 299 306 310 313 315 316 319 321 326 327 329 331 341 344 349 352 354 355 356 360 362 366 371 378 379 383 384 385 389 391 394 396 398 403 404 405 408 413 414 415 416 420 421 423 425 427 428 431 434 435 
183 242 251 257 279 287 298 308 312 324 362 369 390 392 415 419 
29 163 185 212 217 227 228 237 239 274 276 312 385 387 390 410 415 421 430 
231 146 152 155 159 170 173 180 186 191 194 197 200 204 214 222 228 231 232 233 243 247 249 251 255 265 266 267 274 288 311 314 318 319 331 332 343 345 355 363 373 375 378 385 390 391 397 403 409 412 421 427 
230 146 147 148 149 150 151 157 158 161 166 172 173 174 181 183 187 190 192 198 202 204 210 212 214 221 223 227 228 233 238 240 241 247 251 252 262 264 272 276 278 279 282 283 292 295 296 298 300 302 304 308 310 317 323 324 329 331 337 339 341 343 351 354 355 360 366 367 379 383 396 397 404 407 410 412 413 414 415 416 418 422 424 429 435 
56 147 149 150 154 163 170 179 181 184 185 194 195 196 199 201 205 208 209 210 212 215 220 226 227 229 233 234 239 240 243 245 249 253 254 256 259 263 275 277 278 279 283 293 294 296 302 306 308 309 310 311 313 314 315 316 319 321 325 329 330 334 335 336 338 340 344 348 349 355 356 363 364 365 367 369 371 379 380 381 385 391 395 401 402 405 406 409 412 413 414 415 419 420 421 424 426 431 434 435 
151 1 146 151 153 154 155 156 160 161 165 166 167 169 171 174 175 180 183 184 186 187 189 192 194 196 198 199 200 202 205 210 211 217 218 219 227 228 229 230 232 233 234 236 237 238 239 240 242 246 248 249 250 252 255 260 261 263 264 267 269 272 276 280 281 282 288 289 291 293 296 298 300 301 302 309 320 323 324 325 332 334 335 336 337 340 341 342 345 349 351 354 359 362 366 367 376 384 386 388 389 390 393 394 395 402 403 405 407 409 410 412 414 416 417 424 427 430 435 
143 1 150 152 157 163 164 166 173 174 176 177 178 186 187 189 192 193 199 202 206 207 208 214 228 229 230 234 237 241 242 243 248 251 257 259 261 265 268 270 273 278 284 290 292 297 299 300 301 307 309 310 317 318 321 326 331 333 337 339 343 345 348 351 353 354 357 359 360 361 371 373 374 378 382 383 389 391 394 401 402 406 418 420 423 429 431 433 
220 150 153 155 156 160 163 169 172 175 178 180 181 186 188 195 196 198 202 208 210 214 220 222 223 224 226 234 236 241 245 253 256 258 263 267 277 279 283 284 288 295 306 307 309 312 314 316 318 323 324 331 332 337 340 342 355 356 360 363 365 369 375 381 382 386 392 396 398 399 404 407 408 411 412 416 421 423 427 428 429 431 435 
146 151 155 173 182 188 201 202 203 210 221 238 248 249 255 258 266 297 298 324 326 350 354 356 363 384 388 400 401 402 418 421 
41 146 151 153 154 155 156 166 168 169 182 183 185 189 190 191 193 194 195 197 201 205 212 217 222 223 227 230 235 237 238 239 241 243 244 247 248 249 250 253 258 260 262 275 277 281 285 287 288 289 292 299 303 305 307 308 309 312 315 322 323 332 333 335 336 337 344 345 351 352 353 355 356 364 365 368 369 374 376 377 379 380 381 384 386 393 401 406 407 409 410 411 415 418 419 420 422 423 425 426 429 430 433 
119 165 166 167 212 224 246 250 256 257 266 275 307 361 362 380 404 415 
148 146 154 155 156 158 159 162 164 166 168 171 175 178 182 183 184 186 189 191 192 195 199 207 211 212 216 219 221 222 231 237 238 241 243 244 250 251 252 260 263 265 269 271 272 273 281 290 291 294 295 296 300 304 308 309 310 313 314 315 324 334 335 336 338 340 341 343 344 345 350 351 353 356 357 360 361 367 371 373 379 388 389 390 391 392 393 396 400 410 416 417 418 419 424 434 
254 1 146 149 156 158 159 164 165 171 172 173 175 176 180 184 185 186 187 190 191 195 199 200 202 204 210 212 217 226 234 236 240 242 243 244 246 247 248 251 256 259 261 270 273 276 280 283 286 287 290 294 295 301 302 303 306 307 308 313 315 316 320 321 322 327 330 331 335 336 343 344 345 347 354 358 359 361 363 367 368 370 374 381 382 384 387 390 391 399 405 407 410 419 421 424 425 426 427 431 433 
294 1 149 150 151 154 155 160 166 173 175 180 181 183 188 199 205 209 211 212 214 219 221 225 231 232 233 236 237 238 239 243 248 255 256 257 259 264 269 270 274 280 284 285 290 292 294 295 296 298 303 305 314 319 321 325 328 331 332 333 335 337 341 342 349 357 359 362 364 365 366 374 381 383 386 393 400 401 402 404 407 409 413 420 423 426 428 
164 147 154 159 162 169 170 171 173 174 176 179 182 186 189 191 192 193 194 196 199 203 205 206 209 210 211 213 218 231 236 242 244 248 249 251 252 257 262 263 264 267 270 271 272 275 279 282 285 286 291 293 294 302 304 306 308 312 313 314 316 318 320 322 324 327 330 334 338 340 343 346 347 349 351 353 359 360 365 366 367 368 373 374 377 378 382 383 385 386 388 393 394 395 398 403 410 412 414 417 418 419 422 426 427 428 429 430 
49 151 154 155 160 161 169 172 175 176 179 182 184 186 187 188 201 205 210 213 219 221 226 228 230 232 238 239 240 241 242 243 247 251 254 256 258 259 263 265 272 279 280 290 293 294 298 299 300 307 310 312 315 324 327 331 332 334 336 338 343 344 346 348 356 358 362 365 368 370 375 376 379 381 383 384 385 389 391 392 404 413 415 417 419 424 425 426 427 428 432 433 434 435 
111 156 178 181 182 194 218 237 244 250 279 289 296 309 313 319 321 328 338 341 343 346 350 358 360 362 379 387 391 393 399 405 419 420 424 432 
88 152 163 166 167 170 172 187 189 192 194 201 206 221 224 225 226 232 234 244 246 255 256 274 276 297 300 307 309 327 331 334 338 339 367 372 379 380 381 382 389 396 401 403 409 410 414 422 426 428 429 434 
273 147 151 155 157 168 170 171 174 187 191 196 199 202 206 207 208 214 215 219 223 226 234 236 239 243 249 255 256 257 262 268 272 274 279 280 283 287 307 308 316 318 327 335 349 351 352 354 360 362 372 380 383 384 396 398 406 408 409 411 415 417 
21 164 203 213 229 240 245 257 271 275 280 306 321 326 330 352 419 433 
240 150 151 156 157 159 160 164 166 167 180 183 187 188 193 196 201 202 204 206 211 215 219 226 228 229 241 242 244 247 254 266 272 274 276 279 282 292 296 297 303 305 309 314 319 320 321 329 332 334 335 344 345 347 350 357 362 364 365 368 373 375 376 377 382 384 387 388 389 390 392 401 403 404 405 407 408 412 418 419 420 422 423 424 427 429 431 433 
275 147 154 155 158 160 169 181 184 185 187 189 193 194 201 202 203 213 217 219 223 232 233 237 240 245 246 254 257 258 261 262 263 265 271 278 287 288 289 297 300 301 303 306 313 315 316 317 319 321 322 325 327 339 342 343 351 354 358 363 392 393 402 406 407 408 410 414 417 422 426 
210 1 148 151 152 156 161 169 174 187 188 191 196 202 204 212 213 215 228 244 248 254 255 256 261 262 264 266 267 269 270 271 281 285 287 305 308 311 312 316 319 320 326 327 328 330 331 333 336 337 342 343 348 352 355 359 363 365 366 368 369 370 371 373 379 380 381 386 393 395 397 403 404 419 426 432 
118 1 146 147 149 153 158 169 170 171 177 182 184 187 192 193 196 202 206 208 209 210 211 213 215 216 217 219 225 226 227 233 242 246 249 250 256 259 262 266 269 272 277 281 282 288 291 292 294 298 299 304 305 308 311 312 314 326 328 331 335 340 343 346 349 350 357 362 364 366 371 377 389 403 413 418 426 428 433 
74 147 150 152 157 164 165 167 168 170 175 178 182 185 187 188 189 190 191 194 200 202 203 205 206 207 208 210 215 219 239 242 244 246 247 248 257 260 261 264 270 271 272 273 277 283 284 288 290 293 294 296 298 299 301 302 305 307 311 313 315 317 330 332 333 334 336 348 350 352 357 358 360 363 364 367 371 377 378 388 390 391 397 399 401 403 408 411 415 416 417 418 419 422 427 428 434 435 
168 158 195 199 204 225 231 232 247 298 314 317 330 334 346 396 414 427 
296 156 159 160 163 166 170 180 183 185 186 192 195 198 215 220 221 227 236 244 247 252 254 256 259 260 270 275 277 278 280 284 291 293 296 303 304 311 314 317 320 328 334 342 343 350 352 358 371 376 379 383 394 396 399 406 407 408 409 413 414 415 417 420 429 
170 146 148 149 151 153 156 164 165 167 168 171 174 175 177 178 180 181 182 185 186 187 188 191 192 197 200 201 204 205 209 210 212 216 217 218 224 236 238 246 249 253 254 256 257 258 262 264 265 268 269 270 271 278 282 284 285 286 290 298 299 303 306 307 309 310 311 314 315 316 319 325 328 329 332 333 334 335 341 342 343 346 349 350 353 355 356 358 359 360 363 366 367 368 369 371 375 379 380 386 388 389 390 391 394 398 403 404 406 409 414 419 422 425 426 428 430 
220 146 160 161 164 168 173 177 179 185 186 189 191 192 201 202 203 207 209 211 215 216 218 221 223 224 229 231 234 236 240 251 252 255 257 258 263 264 274 288 294 297 298 300 302 306 309 313 316 320 323 327 331 334 335 336 339 343 345 352 354 355 357 365 366 368 382 385 386 387 388 391 395 402 409 412 428 432 435 
102 148 149 159 161 169 173 174 178 179 188 191 193 205 211 217 219 224 225 229 239 240 250 251 254 257 268 269 272 274 278 282 284 285 287 290 292 293 295 303 304 307 309 312 313 315 316 317 323 326 329 331 332 334 337 338 339 340 353 357 363 364 367 368 370 371 374 376 378 382 385 387 390 391 394 395 396 402 407 408 411 412 413 414 418 423 425 429 433 
42 152 155 156 160 161 163 169 171 174 175 180 183 187 190 199 202 204 207 208 212 214 217 221 225 228 230 238 242 243 244 246 251 252 254 256 262 265 271 275 277 279 281 289 293 295 296 301 304 306 308 309 312 318 319 321 324 325 327 328 329 330 332 334 336 340 341 342 344 346 347 350 352 353 354 355 357 359 360 364 365 367 371 372 378 379 380 381 384 387 388 395 396 398 400 401 404 405 406 409 416 424 426 427 
30 146 151 154 155 157 160 167 170 173 175 176 183 189 191 205 213 221 225 226 228 229 235 239 244 246 250 253 256 260 274 279 280 282 290 294 300 301 308 310 320 328 331 332 340 353 355 357 359 368 376 377 379 381 385 388 399 403 404 408 419 420 422 431 
276 148 149 157 160 162 166 171 173 175 176 180 195 197 203 204 217 232 259 265 266 268 271 276 278 285 290 295 311 318 322 335 336 340 345 349 361 369 370 396 406 408 415 421 426 427 
298 1 154 164 166 173 176 182 187 188 189 191 197 199 201 204 206 207 208 212 215 220 222 224 229 230 233 234 237 242 243 248 259 260 263 267 270 271 273 275 276 279 281 282 283 284 287 288 292 293 298 309 312 315 318 325 343 345 346 352 353 360 361 366 370 373 375 376 381 382 394 396 397 398 399 400 403 415 417 422 425 426 430 432 433 434 435 
80 155 175 202 214 240 280 334 346 350 353 366 381 382 396 407 433 
229 149 154 161 162 165 166 172 173 175 176 177 179 181 182 183 185 186 188 189 193 194 196 197 198 199 200 202 206 210 211 212 213 216 218 219 220 223 224 225 227 228 235 236 238 241 242 243 245 246 249 253 257 262 263 265 267 270 275 277 281 282 284 285 295 301 302 307 308 309 311 312 314 315 317 320 321 322 323 324 325 326 327 334 335 336 344 346 349 351 353 355 356 357 361 363 365 366 372 374 378 379 380 387 389 391 392 396 399 402 404 405 407 412 413 416 417 419 429 431 433 
200 148 150 151 157 158 161 164 171 173 177 181 182 186 188 191 196 202 206 209 213 217 219 222 227 230 232 240 243 254 256 262 267 268 273 274 278 279 281 282 283 285 289 297 302 303 313 314 317 318 319 320 329 330 331 338 341 346 347 359 360 366 377 383 388 394 401 404 405 410 417 425 435 
216 146 148 149 150 152 156 159 161 162 164 167 168 169 170 180 185 186 188 197 205 208 215 221 227 229 230 231 232 233 235 237 242 244 245 250 253 254 255 256 258 259 260 261 265 269 271 275 280 282 287 289 291 292 295 296 299 301 302 307 308 309 310 311 314 317 325 326 327 328 329 330 331 332 334 335 336 341 343 346 350 351 352 355 360 362 363 364 365 371 375 377 379 380 381 386 388 390 391 392 395 397 404 407 409 410 413 414 415 427 428 429 430 431 432 434 
194 146 147 150 152 153 154 157 160 161 162 166 169 170 173 175 188 189 193 194 197 200 204 208 209 211 212 213 220 221 224 227 229 231 232 235 241 251 252 254 255 258 260 261 262 263 265 268 271 274 282 284 291 297 298 300 301 312 314 316 320 321 325 326 327 329 330 332 333 335 336 338 339 341 342 343 348 351 354 359 362 363 370 377 383 384 385 388 390 394 396 399 407 408 414 416 417 426 428 430 431 434 435 
198 162 165 170 190 191 199 207 216 231 240 242 245 246 273 279 280 282 298 304 311 314 316 317 336 344 349 359 367 370 378 384 386 388 394 400 406 416 418 420 423 434 
231 148 150 158 160 163 170 173 177 178 179 181 183 186 187 188 190 192 196 198 202 205 209 212 214 216 217 225 227 232 233 234 238 246 251 252 257 262 263 269 272 273 274 276 281 282 285 286 289 291 294 295 302 303 304 306 307 308 314 315 317 321 323 324 328 329 330 331 332 334 341 347 348 350 356 358 362 365 370 371 374 376 377 381 383 386 389 397 398 400 403 404 406 407 411 412 414 423 424 425 435 
266 168 171 215 238 318 328 409 412 
117 1 146 147 152 154 163 168 170 175 182 186 189 190 191 195 197 204 205 209 211 213 217 219 221 227 232 237 240 242 243 245 247 250 261 268 269 270 276 277 281 282 287 289 291 292 293 295 297 300 309 311 313 314 315 317 320 322 324 329 330 331 332 334 335 336 343 344 345 349 351 355 360 365 366 367 369 370 376 378 388 389 392 394 396 398 403 404 408 409 410 417 420 421 426 432 434 435 
108 148 156 158 159 163 165 176 180 183 184 188 195 201 202 208 210 211 214 222 234 238 241 248 256 263 266 275 276 277 279 294 297 300 301 303 305 311 315 319 322 331 334 348 352 359 360 366 372 378 381 385 390 392 394 395 400 407 410 426 427 428 
201 146 147 148 150 155 158 159 162 164 165 170 173 174 176 179 180 183 184 187 193 196 201 203 205 210 212 218 221 226 229 230 232 233 234 237 241 244 245 247 248 250 251 252 257 259 262 264 265 266 271 272 273 281 285 286 287 288 289 293 297 299 306 307 308 311 313 315 317 318 319 322 323 324 325 331 333 338 340 341 342 345 350 353 357 370 373 375 376 378 382 383 384 385 386 389 390 394 396 397 401 404 406 407 408 410 414 415 426 428 429 
121 1 148 149 152 157 158 161 165 168 173 174 175 177 181 185 186 188 190 191 196 198 203 204 210 212 215 220 221 222 223 227 230 232 234 243 244 246 247 250 251 252 253 254 258 263 264 265 268 270 271 274 277 280 282 284 285 287 291 294 298 299 302 303 304 305 306 317 326 327 330 333 336 339 344 345 351 352 354 357 358 360 363 364 365 367 376 379 380 381 384 388 390 393 394 396 399 401 407 414 416 421 427 430 435 
29 149 155 156 165 170 172 173 177 186 190 193 194 196 198 199 200 208 210 212 213 214 221 226 232 233 234 235 236 243 244 245 246 250 254 255 260 264 268 269 270 275 278 281 285 286 292 294 295 296 298 309 310 312 313 317 319 320 322 323 326 334 336 341 342 345 346 347 348 350 353 355 359 361 367 368 369 375 383 389 390 393 394 395 396 401 403 405 406 407 408 409 412 415 420 425 426 428 430 432 433 
50 148 149 163 191 195 217 222 228 253 258 259 265 266 268 271 274 277 307 317 318 319 324 350 367 369 382 383 384 396 406 411 412 414 416 432 
100 155 173 176 177 178 191 221 236 245 257 265 280 288 290 315 329 334 337 347 352 354 358 365 373 386 389 403 414 418 422 
60 1 149 160 161 164 169 183 189 190 193 207 208 210 212 213 223 225 227 233 235 240 245 250 254 255 260 262 268 271 281 282 283 289 291 294 295 296 305 306 308 310 311 316 317 319 325 327 329 332 334 340 345 348 349 359 362 363 364 368 378 379 385 386 387 388 390 393 397 399 400 402 403 406 413 420 421 425 426 427 430 433 
12 151 152 156 158 160 168 175 176 177 181 189 190 191 194 199 201 204 213 218 223 226 240 242 247 255 256 257 258 262 272 274 279 282 290 296 297 309 319 320 322 325 327 328 330 332 333 337 338 340 346 347 351 352 359 364 366 367 376 387 388 391 394 396 397 398 399 400 404 405 406 411 416 417 418 420 
52 1 153 157 158 159 168 176 180 188 191 227 233 236 241 242 254 256 262 265 268 274 280 281 283 285 292 294 295 296 298 301 302 304 309 315 319 321 322 327 331 333 335 337 342 343 344 347 349 350 352 357 365 376 377 380 381 383 387 390 398 402 408 409 411 412 414 418 419 421 428 432 433 435 
56 184 182 152 83 265 61 55 46 77 279 163 259 240 112 20 4 291 89 295 236 36 230 222 235 99 187 129 187 147 275 106 75 24 248 46 150 240 246 191 256 170 264 190 180 93 291 211 283 38 282 79 257 285 164 258 223 73 149 145 30 29 219 70 36 145 232 115 224 67 205 78 254 295 109 144 15 196 129 280 160 91 143 274 148 269 100 285 231 221 49 269 253 84 136 258 52 86 113 73 201 104 252 267 140 123 138 219 26 119 27 197 115 64 238 225 239 48 163 16 38 19 198 142 81 267 146 175 296 2 147 34 225 189 207 233 36 40 246 159 94 251 8 40 271 48 108 34 110 91 16 189 281 266 245 278 137 58 249 27 263 69 180 279 13 130 250 24 115 61 82 122 62 24 130 35 262 142 175 88 223 295 64 27 33 256 18 194 98 270 112 267 133 195 191 267 183 7 206 210 256 188 265 104 187 188 20 164 213 186 23 218 250 238 271 50 199 212 167 105 73 90 68 171 248 226 191 284 32 91 121 232 266 150 294 244 283 276 90 36 171 243 267 188 16 85 57 248 227 65 280 290 235 86 267 113 160 74 87 116 75 185 49 144 293 122 290 57 292 31 262 153 96 7 244 276 261 195 186 37 291 46 129 120 194 199 277 73 246 112 167 127 257 131 282 198 280 215 41 178 284 79 247 5 100 158 15 167 22 85 180 266 55 277 149 44 67 138 186 110 285 221 98 242 105 152 222 15 166 207 217 16 246 264 59 230 10 111 189 61 141 281 39 211 269 255 40 205 152 19 103 183 197 275 31 198 280 115 241 59 114 235 297 67 275 149 31 271 228 102 163 243 294 129 11 119 226 74 282 99 238 173 146 243 62 103 139 192 215 112 120 56 289 152 114 30 17 201 179 159 252 229 232 106 138 254 213 68 170 166 286 289 132 160 279 20 26 212 140 120 5 146 142 127 215 223 35 139 273 104 222 296 83 48 232 
