292 438
28 267 326 351 403 404 431 
277 152 163 181 183 184 185 188 191 192 196 202 206 208 214 219 221 222 223 228 229 241 242 243 246 250 260 261 270 278 300 305 317 322 325 328 349 360 362 364 376 379 399 411 418 421 429 
93 154 159 160 164 168 170 186 189 193 194 204 209 217 236 241 253 258 259 260 266 273 275 280 286 294 302 304 306 308 310 314 315 317 319 326 330 335 336 337 339 340 351 356 363 374 391 394 395 396 398 399 402 413 427 430 435 
92 156 157 159 161 163 167 169 170 171 177 181 183 184 187 191 194 198 206 212 213 215 221 224 225 226 228 233 234 235 236 242 244 247 258 259 260 265 268 269 272 273 279 284 287 290 291 292 295 297 300 304 305 306 308 309 311 315 317 318 325 333 335 337 338 339 340 343 346 347 355 356 364 375 379 385 388 389 390 401 402 404 405 406 409 412 416 419 425 427 429 430 436 438 
50 147 148 152 154 156 158 162 175 176 177 207 223 236 240 251 252 254 262 264 266 267 268 271 272 275 277 280 283 284 286 306 308 315 324 338 339 343 346 353 355 368 371 372 377 379 384 388 392 421 428 429 438 
78 203 
183 151 152 153 156 157 159 166 172 173 176 177 178 180 182 188 190 191 192 193 197 205 206 208 219 221 224 230 235 236 237 238 239 250 252 253 254 261 264 265 275 277 280 285 288 289 291 292 294 295 297 299 301 305 306 308 313 314 318 320 323 329 332 334 339 342 347 348 350 354 356 362 365 366 367 369 371 372 375 376 377 379 380 382 387 388 389 391 393 394 396 397 398 399 401 404 406 408 411 413 414 416 423 426 431 435 436 438 
1 1 149 151 161 162 163 170 171 172 173 175 178 179 183 184 191 193 196 200 204 208 220 225 235 240 246 248 251 253 256 257 262 265 271 272 276 279 280 284 294 297 300 301 305 306 307 308 310 311 316 318 328 329 340 341 346 347 348 349 357 364 369 379 381 385 389 403 404 409 417 419 421 422 425 428 429 431 433 
296 215 
95 147 148 149 153 156 160 165 169 171 174 180 183 185 196 197 198 205 211 214 223 230 231 235 242 260 266 268 270 272 280 282 294 298 304 305 306 308 309 313 319 325 327 334 337 342 345 347 355 358 359 360 364 365 378 381 382 385 392 394 397 401 407 408 414 426 428 429 434 437 
42 148 149 157 166 167 174 185 186 191 197 199 204 207 213 214 223 228 235 247 248 252 255 257 261 274 280 289 291 293 296 297 298 303 304 310 313 320 324 326 331 334 340 342 344 349 350 354 356 359 362 364 368 375 388 391 393 395 398 410 413 419 422 423 427 428 432 435 437 
70 154 156 158 161 165 166 169 177 179 182 185 188 189 193 197 198 200 201 202 203 205 206 207 210 211 212 213 214 215 223 225 226 230 232 234 236 238 239 249 250 251 252 257 258 260 262 263 264 265 267 269 286 288 289 290 295 302 310 311 313 314 316 318 320 324 326 330 331 332 334 335 337 340 341 348 350 351 354 355 359 361 362 364 365 366 367 370 375 376 377 378 382 387 388 392 395 396 400 403 405 407 409 411 412 413 416 417 419 421 425 426 427 428 429 430 433 435 
161 151 177 193 202 225 248 259 277 354 358 378 395 415 417 421 
122 159 161 164 185 190 201 204 213 238 246 247 250 264 265 281 303 304 311 315 324 325 329 330 346 364 369 377 393 401 406 412 414 415 417 423 
189 1 148 159 164 172 176 177 178 184 188 191 193 195 199 200 204 205 216 217 219 229 230 231 233 234 235 237 248 249 252 254 256 260 262 265 266 267 272 276 279 281 282 284 286 289 293 312 317 319 325 328 333 334 340 347 348 354 359 360 361 367 368 371 372 374 391 392 396 397 399 404 412 413 414 416 418 419 422 432 435 436 
241 147 150 154 157 161 165 166 169 173 177 178 179 181 182 192 193 195 196 197 199 201 206 209 218 219 228 232 236 243 245 250 258 259 261 264 266 268 270 279 294 305 310 312 314 316 317 318 321 323 324 332 336 340 356 360 363 365 367 374 381 382 383 385 392 396 399 401 402 404 409 417 420 423 424 431 433 436 438 
61 392 
283 150 170 174 176 193 215 216 226 227 242 244 257 261 269 294 308 309 310 321 348 364 376 377 378 401 
297 147 158 163 165 176 178 179 183 186 187 191 193 194 199 202 204 205 208 210 214 216 217 218 220 223 225 234 235 236 241 254 257 260 264 265 266 267 270 273 274 278 281 283 284 287 289 292 294 295 296 299 300 301 302 305 307 308 311 321 323 325 327 333 343 344 345 346 347 355 362 364 365 367 369 376 377 378 381 382 388 394 395 396 404 406 407 409 421 425 427 429 430 431 438 
173 1 157 195 206 214 219 222 250 268 277 298 303 330 332 348 373 392 421 
90 177 181 307 346 351 413 436 438 
180 160 162 166 167 175 183 192 207 210 222 235 239 254 257 272 274 291 293 309 310 317 339 344 360 368 404 412 428 
164 1 147 148 149 150 151 156 166 168 170 175 180 182 186 191 193 195 198 199 206 207 210 211 216 217 219 220 222 226 228 231 236 238 242 244 247 248 250 251 253 254 256 257 262 263 264 266 268 269 273 276 279 280 286 289 295 297 304 312 313 331 332 337 342 343 344 351 352 354 362 363 366 367 369 370 371 372 376 378 379 382 384 385 386 387 390 392 393 395 396 397 398 399 400 402 403 404 405 409 410 412 414 419 420 423 424 429 434 437 
178 148 153 155 156 158 161 162 165 166 167 169 174 175 185 188 199 200 202 209 211 214 217 219 220 225 226 228 232 234 237 238 242 243 245 255 257 259 261 262 265 266 271 273 274 276 278 279 280 282 287 289 292 294 296 299 302 303 304 306 307 308 309 310 314 319 330 333 337 341 343 344 345 347 348 351 352 354 356 360 364 365 372 374 376 377 380 382 383 384 385 386 388 392 393 394 395 401 407 410 411 413 417 420 421 427 429 432 433 435 
238 148 149 151 156 161 165 168 171 172 177 179 187 188 189 198 213 215 229 230 238 239 242 250 253 254 256 260 265 269 270 274 278 280 281 282 283 289 292 294 295 296 297 298 301 308 317 321 330 334 336 337 341 343 351 355 361 364 377 383 392 397 403 405 406 408 412 416 432 438 
205 149 151 154 157 158 159 161 168 173 175 177 178 180 181 182 183 186 189 193 194 196 200 202 203 209 217 222 229 230 232 233 249 252 253 254 261 268 269 271 272 275 277 280 282 283 285 286 288 289 293 294 295 301 302 303 305 309 310 320 324 328 332 335 336 338 340 342 343 344 345 346 349 350 352 353 360 361 364 367 372 373 374 376 378 379 382 383 384 388 389 390 393 396 399 400 402 405 407 408 412 415 417 422 426 428 431 434 436 
226 147 151 152 153 165 167 172 176 178 179 182 184 186 190 191 195 197 198 202 203 208 209 214 217 228 231 235 236 237 241 243 244 248 253 257 258 259 264 265 266 269 273 278 285 289 293 294 297 299 309 310 318 320 322 334 335 336 346 351 356 364 365 371 374 375 376 382 385 387 396 401 402 404 405 406 407 410 412 416 420 425 429 433 434 435 436 
51 149 187 189 192 218 219 221 233 243 246 262 276 285 314 332 341 387 406 414 418 424 430 
32 1 151 156 163 167 169 177 180 184 185 191 193 196 202 207 211 215 218 220 222 231 232 233 234 235 236 239 244 251 255 257 266 271 275 278 282 284 290 293 295 296 301 302 306 309 316 318 321 324 325 328 332 336 341 342 343 348 350 358 362 363 364 366 367 372 375 383 392 398 399 406 407 409 413 416 422 425 428 430 433 434 
53 215 217 224 255 257 258 260 261 271 276 284 285 294 306 307 322 329 337 341 351 353 369 374 375 382 386 400 409 419 432 
188 150 152 154 165 167 168 170 182 187 190 194 195 199 216 228 229 235 245 252 254 257 261 267 268 273 274 281 284 287 288 289 291 292 296 299 300 303 317 324 329 333 334 338 341 348 360 361 370 373 389 390 400 403 404 415 417 419 421 427 431 
177 225 319 333 350 
294 147 148 150 151 152 154 159 160 167 168 169 170 175 182 190 198 201 204 208 210 212 213 218 219 227 229 231 232 233 234 235 236 239 242 243 250 254 259 260 262 270 272 273 275 277 282 283 284 288 291 293 304 316 319 320 326 328 333 337 341 343 349 353 356 359 360 361 362 367 371 372 384 385 388 391 397 398 405 407 410 411 412 413 414 415 425 426 429 432 435 436 
168 150 154 164 176 178 182 183 185 188 191 192 200 202 209 213 216 219 220 222 223 228 233 236 244 245 247 253 254 259 263 268 277 285 290 295 298 301 305 309 310 311 320 323 324 325 330 331 333 334 338 340 346 347 349 358 360 363 366 367 371 376 377 385 388 396 402 403 406 407 410 414 415 418 420 421 424 425 427 428 438 
180 148 162 179 193 202 207 227 228 229 238 244 251 280 290 292 303 310 311 315 317 330 340 345 346 349 353 359 360 371 372 376 383 384 387 388 390 399 406 413 420 424 436 
88 147 149 150 152 153 161 164 167 169 170 171 172 174 175 178 180 181 182 189 195 197 201 202 211 212 217 222 224 228 232 233 234 237 238 239 240 243 246 247 248 249 251 252 253 258 259 261 268 271 272 275 277 278 279 280 290 291 293 294 295 298 299 300 303 306 311 315 316 317 322 325 326 331 336 340 342 343 346 349 350 353 367 368 369 374 375 377 382 387 388 392 400 403 405 406 407 408 410 411 413 416 418 425 433 
70 154 155 156 159 163 164 173 174 187 188 192 198 204 215 218 219 220 222 236 239 242 243 256 272 282 287 294 297 302 307 313 314 318 321 328 333 335 337 341 344 346 348 352 353 354 356 365 373 378 380 382 387 392 394 396 397 406 409 417 426 427 428 429 433 434 436 
290 147 150 153 155 158 171 182 186 187 189 193 200 207 219 233 237 238 242 253 288 305 309 332 340 344 347 350 353 355 362 369 371 377 385 387 396 397 413 416 424 425 428 
44 1 149 161 164 171 172 175 182 184 185 188 189 193 194 206 209 213 215 220 221 228 229 230 232 239 242 245 248 251 257 260 266 267 268 279 284 290 291 295 297 304 307 314 316 324 328 334 336 337 340 342 343 346 348 351 353 355 356 362 363 364 386 388 393 403 408 411 413 415 416 417 419 428 430 431 435 438 
148 153 172 176 181 188 191 205 220 227 233 238 241 243 251 253 271 272 274 280 282 291 296 306 307 310 312 314 330 332 351 354 365 390 411 420 437 
149 155 157 158 160 164 170 181 183 209 213 215 217 228 232 237 256 263 266 272 275 279 282 288 289 290 303 309 311 330 334 342 366 373 385 389 390 396 397 405 406 407 411 412 418 429 438 
239 1 148 150 155 158 160 161 167 168 169 174 175 177 178 182 192 193 195 196 201 202 203 204 205 210 213 215 217 218 221 224 225 232 236 237 243 244 254 258 259 260 261 263 274 276 281 282 283 286 288 293 294 302 307 308 313 316 321 322 323 324 326 333 338 345 347 351 354 355 358 363 365 366 370 371 374 380 381 383 386 387 388 389 394 395 405 406 407 413 416 417 418 422 423 426 429 430 431 433 435 436 437 
263 351 
190 1 150 159 164 166 171 172 174 183 184 191 197 199 208 216 236 252 258 274 281 284 299 313 321 324 332 357 370 380 386 390 391 401 404 422 432 
19 154 161 174 181 182 185 196 199 203 210 218 219 224 226 234 235 238 243 244 250 260 263 269 271 280 284 287 290 302 306 311 313 316 319 321 325 327 336 338 342 344 347 350 353 359 361 371 373 376 377 380 386 389 394 397 404 405 406 407 409 410 411 413 415 416 418 425 426 429 430 434 437 438 
46 147 148 151 153 154 157 160 164 166 171 177 178 186 189 192 195 199 200 204 213 214 215 217 218 220 222 224 226 229 232 234 236 238 239 241 244 248 265 266 269 273 278 279 280 285 287 293 299 300 301 307 310 315 316 318 320 321 323 327 332 333 334 335 338 345 348 350 356 358 359 360 365 367 369 371 373 374 376 378 380 383 388 390 393 396 397 402 405 406 408 412 417 424 425 428 432 436 438 
11 159 294 408 
257 148 153 157 158 168 169 170 177 180 182 183 185 187 189 192 197 199 201 203 207 213 215 216 217 220 222 225 226 228 232 236 244 246 247 256 257 262 265 266 274 282 283 285 286 287 288 289 292 298 305 306 312 316 325 330 331 334 345 347 348 349 360 361 362 365 367 377 378 379 382 396 399 401 403 404 412 421 425 426 428 430 432 433 
187 148 151 153 154 156 158 159 167 174 183 184 190 192 195 204 215 216 217 220 223 229 230 233 235 236 237 238 239 240 248 251 256 257 258 260 262 264 265 268 271 274 275 276 279 280 282 288 289 290 292 294 295 296 297 298 303 304 305 308 314 317 324 327 331 332 334 336 338 344 346 355 361 363 364 368 369 370 373 374 375 380 384 385 386 389 391 396 399 400 403 404 405 406 407 408 410 411 412 416 422 425 426 428 435 437 
56 147 148 151 152 167 169 172 173 174 176 178 179 186 188 189 193 194 198 206 210 212 214 218 219 222 225 234 241 242 243 251 255 257 260 267 272 285 292 294 296 297 298 299 301 306 309 312 316 322 329 330 333 335 339 340 341 348 354 359 361 376 389 390 392 393 395 399 400 404 407 408 413 417 422 423 425 427 429 437 
200 153 158 160 163 173 176 177 186 189 215 221 234 244 245 246 277 278 291 295 301 327 329 331 341 350 361 367 370 373 382 392 402 418 426 
4 150 152 156 160 163 164 168 173 174 176 177 182 183 186 189 190 191 192 198 205 207 210 214 216 217 220 229 234 235 236 237 240 248 253 254 257 264 269 270 274 277 282 285 286 288 294 295 296 297 301 304 305 315 316 320 322 323 324 330 336 338 340 342 346 350 351 353 355 357 358 359 360 361 363 382 383 388 391 395 397 406 407 409 410 416 418 419 427 429 433 435 436 
237 148 157 161 163 166 176 182 188 194 195 206 207 208 210 214 226 227 231 233 234 235 238 254 257 271 282 284 292 293 296 297 298 301 306 307 308 315 317 318 320 322 331 334 335 336 340 342 345 353 354 359 362 367 369 377 378 384 388 391 407 408 411 419 423 424 425 428 429 432 434 436 
163 148 302 351 
31 150 162 163 167 171 172 174 179 182 199 205 211 213 217 222 225 232 233 238 244 249 265 266 270 276 281 287 297 300 301 302 305 306 318 321 326 328 333 338 341 352 363 366 369 372 377 384 387 394 397 405 411 415 417 419 427 430 437 
241 1 148 149 156 162 167 171 172 175 176 177 178 185 186 191 199 201 206 215 216 220 230 232 239 241 242 243 248 251 258 259 260 262 268 270 272 277 279 281 282 283 284 285 287 295 299 305 307 308 309 312 313 317 319 327 330 332 333 334 337 340 346 348 350 354 361 369 370 371 376 379 380 382 389 394 401 403 404 411 413 415 416 417 418 422 424 426 429 436 
199 147 148 149 150 151 152 153 157 158 159 161 162 163 164 167 170 171 172 174 176 177 178 182 183 184 185 186 187 191 192 193 194 197 198 200 203 205 211 212 217 218 221 222 226 229 230 232 234 236 241 261 262 263 266 267 271 276 278 279 281 286 289 292 296 299 300 302 305 307 308 315 316 325 329 330 333 335 336 338 346 348 351 352 353 354 357 358 368 369 371 373 374 378 379 387 388 391 394 399 402 407 411 413 414 416 419 420 422 425 427 430 433 435 436 438 
215 1 149 152 154 156 160 163 164 166 169 174 176 177 179 182 183 188 192 196 198 200 204 206 212 217 218 221 224 226 227 234 236 239 244 251 253 255 257 273 275 279 286 288 291 295 301 304 309 316 319 323 326 329 336 337 341 350 352 353 355 362 371 372 379 381 383 386 394 397 407 414 415 423 424 425 429 
292 147 149 150 156 157 161 166 168 169 173 174 176 178 180 183 185 186 188 190 195 197 202 204 207 210 211 215 216 217 219 220 222 223 226 233 234 236 239 240 242 243 245 246 250 254 257 258 263 264 266 272 275 276 281 287 295 306 307 309 315 317 320 322 324 325 328 339 342 343 344 347 351 353 354 355 357 358 362 365 366 368 374 375 377 382 383 388 391 393 399 400 401 403 404 407 408 412 414 415 420 421 422 423 424 425 427 430 438 
133 151 154 158 161 170 171 176 177 178 194 195 200 207 208 209 212 213 229 232 233 237 238 277 280 283 289 295 297 303 304 306 319 324 341 342 350 351 362 363 365 368 378 379 381 383 384 388 391 393 404 415 419 423 425 429 432 
179 1 149 158 164 169 171 173 174 177 180 181 183 184 185 188 191 192 194 195 196 197 200 204 205 208 209 210 213 216 218 222 223 224 225 235 241 246 248 254 257 260 263 264 266 283 284 285 292 299 306 307 308 309 314 319 325 326 333 337 339 341 342 344 346 349 350 352 360 368 370 371 372 382 383 392 395 399 402 406 410 418 421 422 425 427 
64 150 153 155 158 180 182 185 189 191 194 195 199 200 202 203 207 222 224 228 230 233 235 237 238 240 248 256 261 265 280 294 304 307 308 312 313 321 324 327 328 332 333 337 338 340 343 348 349 350 364 367 374 382 404 409 419 421 429 435 436 
127 152 157 165 167 170 173 177 183 187 191 200 209 214 223 226 229 231 235 236 242 244 249 251 252 255 257 258 260 265 268 269 279 283 286 287 288 289 290 292 298 300 303 304 306 307 308 318 321 324 326 328 330 333 343 347 350 352 353 355 356 358 360 361 363 364 367 368 369 373 374 378 379 382 386 388 389 391 396 399 401 407 408 411 414 415 416 419 420 428 433 436 437 438 
174 175 181 196 206 208 215 224 236 246 254 260 283 284 287 289 293 295 296 303 314 319 323 331 337 340 350 352 360 364 372 386 396 399 407 422 
1 148 156 162 168 170 171 177 183 189 190 194 197 201 203 205 209 214 215 226 227 231 251 260 261 265 268 270 277 278 281 286 287 288 289 294 305 306 309 320 324 326 334 338 346 347 349 359 361 365 375 380 381 383 397 406 415 419 420 421 424 428 429 430 432 437 
27 154 177 195 197 206 229 232 240 253 255 267 279 285 287 289 294 296 299 307 314 338 349 368 369 371 389 394 405 412 413 414 424 425 426 433 434 436 
71 1 151 157 158 163 165 167 169 173 178 182 188 205 208 210 214 217 228 230 231 239 242 244 247 250 254 256 261 262 263 266 267 272 277 279 285 291 298 299 304 312 316 320 324 328 333 342 343 344 346 351 354 358 360 364 388 391 393 394 395 399 404 412 413 416 419 429 430 
31 148 159 160 161 168 170 172 173 176 177 178 181 183 186 189 190 193 198 200 202 204 205 206 207 208 213 214 218 219 220 227 229 233 234 238 239 244 245 246 247 256 259 260 261 276 282 284 286 289 290 291 295 297 298 301 302 303 308 312 313 315 316 320 321 322 323 324 326 332 335 336 338 339 340 342 345 350 355 356 359 360 361 363 364 367 368 369 372 373 375 386 387 395 396 397 404 405 408 409 410 413 415 416 422 424 426 433 434 435 
70 1 148 149 152 155 161 163 165 166 167 178 181 184 185 188 189 194 196 199 203 208 209 218 220 224 228 229 230 232 235 237 238 242 249 251 256 258 262 263 264 266 267 269 270 271 274 276 277 279 290 292 293 294 295 296 299 300 304 309 312 316 318 319 322 326 327 329 330 332 335 338 339 343 346 349 350 353 354 358 360 361 362 363 364 366 370 375 377 379 388 389 397 400 403 404 407 409 410 411 415 421 422 431 433 434 
166 170 212 213 215 227 233 248 268 290 317 323 357 363 427 
194 154 156 159 161 162 164 165 166 167 170 171 172 180 181 182 190 192 194 195 200 202 207 208 212 213 216 221 227 228 231 232 233 234 238 239 240 243 244 245 250 252 259 260 262 266 268 271 277 279 280 283 284 288 290 291 297 301 302 307 308 309 312 313 314 315 316 318 319 323 324 325 326 327 331 335 337 339 342 344 345 349 355 357 358 361 362 364 366 368 369 370 371 373 374 376 383 385 394 395 396 402 404 405 407 410 414 417 422 423 424 425 426 427 438 
271 147 148 151 155 156 158 161 163 165 168 170 171 172 174 176 183 184 191 192 195 198 201 203 204 205 217 220 221 223 224 226 231 232 236 240 243 244 250 253 254 255 259 260 265 266 279 283 284 303 305 306 308 309 311 315 320 322 323 324 330 331 334 336 337 353 354 358 366 367 371 374 375 386 387 393 403 404 406 407 412 420 421 422 434 435 437 
73 184 185 200 204 309 322 331 388 400 426 430 
179 149 151 152 156 164 168 169 174 175 191 208 211 220 223 228 229 230 231 233 238 239 241 243 245 246 250 266 270 271 273 274 278 282 288 293 294 296 298 305 306 312 316 317 324 328 329 335 338 339 342 344 350 361 365 367 374 377 387 389 390 394 396 399 400 404 415 417 419 421 424 
126 147 157 160 163 172 176 177 184 188 191 194 206 208 210 213 232 233 236 239 246 254 255 257 270 271 272 280 289 301 309 321 322 326 328 333 335 339 347 353 357 362 365 366 367 370 371 381 388 391 393 401 402 408 413 427 428 432 435 
193 1 152 155 158 161 162 167 168 176 182 186 187 188 193 195 200 203 204 206 216 222 225 227 232 235 237 239 240 241 242 244 249 262 266 267 268 269 273 274 279 280 286 290 293 294 298 301 303 310 312 313 315 320 322 327 336 338 339 341 342 344 345 346 349 350 352 358 362 363 364 365 367 370 371 372 382 383 385 387 388 389 391 394 395 398 401 403 406 411 413 414 417 419 421 423 424 426 428 430 433 435 436 438 
256 150 158 159 164 177 183 186 188 225 232 236 241 250 258 270 275 276 281 285 287 293 295 300 319 323 326 330 338 344 353 363 368 371 388 389 390 395 413 418 428 435 
7 1 147 149 153 160 162 166 169 175 177 180 186 205 211 212 216 225 231 233 236 237 238 241 245 246 251 255 261 263 269 270 271 289 297 298 304 307 308 312 319 322 325 326 327 331 334 347 360 365 367 369 378 385 388 389 392 393 399 407 409 414 415 417 425 426 429 434 435 436 
287 148 152 155 162 166 167 169 171 172 173 174 178 180 181 183 184 186 187 189 190 191 196 198 200 201 202 205 206 208 209 211 212 215 221 223 226 227 229 230 235 239 253 254 256 260 267 274 275 276 277 278 282 283 291 292 295 301 303 304 307 309 310 313 316 317 324 326 327 332 334 338 340 343 345 347 350 353 358 362 364 368 374 376 377 378 381 384 385 388 389 391 394 396 406 411 416 419 421 424 425 427 429 430 431 432 
100 1 147 149 151 153 154 155 157 158 165 166 167 173 174 175 177 182 185 188 189 191 192 193 198 199 200 202 205 213 214 217 219 220 221 224 226 233 235 239 240 246 249 252 258 261 262 267 270 272 274 277 279 280 281 285 289 291 295 302 303 304 307 308 315 319 325 328 333 334 336 339 340 343 345 346 350 353 354 355 357 358 362 364 365 367 369 370 376 378 380 381 384 386 388 389 393 395 396 398 399 404 406 407 412 413 416 420 421 423 424 428 430 434 436 437 
127 147 175 176 180 188 217 223 230 235 238 264 268 276 279 282 285 300 305 320 336 342 348 349 351 352 357 358 360 363 367 369 386 389 406 415 420 422 425 
210 158 166 168 170 179 181 182 186 196 199 207 216 223 224 226 233 237 241 245 258 267 276 281 283 313 318 323 327 330 332 334 337 338 339 348 355 362 376 382 389 392 394 396 405 406 428 436 
213 148 149 150 153 154 156 158 161 166 171 173 177 179 181 185 192 193 196 198 211 228 234 238 240 249 253 260 261 262 270 274 275 279 280 286 301 311 319 321 330 336 340 343 350 359 360 362 368 377 378 386 387 391 394 401 403 406 409 411 414 419 420 427 
140 157 170 178 188 200 201 203 219 222 223 227 238 247 251 253 260 262 282 283 293 316 339 347 356 360 367 385 390 392 405 410 413 422 425 426 434 
242 149 151 156 161 172 173 184 187 191 193 205 215 221 226 227 249 250 251 255 258 261 263 272 275 280 282 313 319 320 339 344 372 377 387 398 403 420 432 434 435 
90 148 153 156 162 184 190 191 194 195 197 198 204 206 213 217 220 230 239 240 243 247 250 256 257 258 262 264 270 271 273 277 297 300 311 312 314 330 334 340 343 351 356 358 370 371 377 381 395 398 410 411 
285 149 151 153 165 176 180 182 184 186 188 190 192 199 203 208 209 210 213 220 233 234 235 236 242 247 254 258 260 267 269 272 277 283 297 298 299 303 308 311 312 326 334 337 346 349 351 355 356 359 365 367 371 372 374 377 381 382 384 388 389 395 396 402 404 408 412 415 417 418 419 426 427 433 437 
264 156 206 217 242 259 272 298 311 320 340 344 359 383 385 388 400 407 416 430 
230 148 152 155 164 168 173 177 180 181 184 185 187 194 195 203 205 206 212 214 215 218 219 220 221 222 227 228 229 230 232 233 236 237 241 242 244 257 259 269 270 271 275 276 280 287 288 292 293 294 300 303 312 317 318 320 321 326 330 331 333 337 338 341 342 344 349 354 362 365 368 370 373 376 382 384 385 386 389 396 398 406 409 410 413 414 415 421 424 427 428 429 431 435 437 
213 178 190 196 211 217 237 245 261 266 271 272 280 282 283 302 308 317 318 321 325 351 363 372 373 387 391 394 406 411 
116 150 163 165 170 177 186 188 189 193 195 201 204 209 216 217 218 227 231 233 234 235 245 247 253 259 261 264 265 273 281 287 288 291 294 295 297 298 301 303 304 305 310 312 315 320 321 326 329 332 342 346 348 351 368 371 373 376 384 385 387 388 389 394 396 399 404 407 412 420 422 423 427 432 436 
105 177 180 184 190 197 232 248 262 268 326 327 353 356 398 426 
80 148 151 156 158 166 167 173 176 180 184 186 190 191 193 194 197 200 203 206 218 222 224 233 235 236 238 244 249 252 255 257 269 270 271 273 277 278 283 285 288 289 291 299 302 303 305 306 310 320 321 324 328 329 338 340 348 352 354 355 356 358 364 365 370 372 373 377 384 385 386 387 399 400 407 412 414 416 417 424 425 428 430 431 432 437 
151 157 163 165 177 193 203 206 222 231 243 256 261 267 271 274 277 288 296 300 302 307 322 331 348 372 394 430 
122 153 172 176 185 252 254 263 280 317 326 354 368 369 372 378 382 390 428 
59 160 165 166 172 174 175 197 202 207 216 235 239 244 249 251 253 259 260 261 263 268 269 270 272 274 280 282 289 299 303 325 329 330 334 339 346 349 356 359 361 374 377 378 383 385 386 390 394 396 397 403 406 412 419 421 423 428 437 438 
214 153 155 165 170 173 183 196 200 202 208 212 213 223 225 226 233 245 248 253 261 262 277 280 285 299 312 317 320 326 327 330 332 341 352 367 385 393 395 408 409 411 417 418 427 432 434 435 438 
244 151 155 161 164 165 170 175 182 200 202 203 204 215 216 220 224 230 236 237 238 251 265 271 278 280 282 289 291 296 299 304 313 315 321 326 328 329 333 334 335 337 342 343 348 351 354 355 359 369 370 371 373 377 378 380 386 405 408 409 418 423 427 428 432 433 434 
28 150 153 154 163 167 187 188 196 198 206 207 214 216 217 221 222 224 226 228 230 231 234 235 236 237 238 242 244 250 254 255 259 270 271 274 275 276 285 289 299 302 308 310 314 321 322 324 325 330 333 334 339 340 348 349 350 354 362 366 369 378 379 380 382 392 393 394 395 396 398 402 405 408 412 421 422 425 427 431 436 437 
233 156 162 174 203 212 224 235 261 270 304 306 310 314 335 358 359 362 372 378 387 388 391 403 408 417 438 
278 149 157 158 178 182 189 195 196 198 202 211 230 234 246 249 257 270 271 279 287 294 303 307 313 320 333 334 342 345 355 360 362 366 370 377 380 383 397 405 425 434 437 
11 151 153 158 159 167 168 169 174 175 177 183 184 185 190 191 196 198 204 212 218 222 225 227 237 239 243 244 245 249 253 254 260 263 265 269 271 272 274 276 278 280 283 295 296 298 300 303 306 307 317 319 322 323 325 326 330 335 339 340 341 344 345 348 350 351 357 358 360 361 367 373 375 376 377 378 388 393 397 399 401 406 410 411 412 413 424 426 427 432 436 437 
182 161 167 177 182 184 187 207 230 243 269 281 284 289 303 357 359 364 372 386 404 405 411 418 424 
7 154 157 158 159 166 167 170 173 174 178 182 185 188 189 190 191 196 198 201 207 216 218 222 225 226 229 232 237 242 243 245 247 256 262 264 265 268 275 288 292 297 298 300 305 326 327 336 337 345 354 356 364 369 384 389 395 398 400 410 415 429 434 435 
87 1 147 153 154 165 169 171 173 174 176 177 178 180 182 193 195 196 197 198 200 203 204 205 208 211 213 218 221 222 223 224 226 229 233 234 237 238 240 241 244 250 251 257 258 259 263 269 270 271 276 281 293 295 297 298 302 304 309 312 315 316 317 318 325 327 328 330 334 335 339 348 352 353 360 361 363 365 375 377 378 379 382 387 388 394 395 396 399 401 402 403 404 405 408 409 410 418 424 426 428 429 431 435 
62 152 162 168 177 178 184 205 228 235 237 239 244 245 248 251 255 260 265 268 272 280 281 283 286 287 291 293 295 308 312 318 325 334 337 339 341 347 348 361 363 364 369 380 392 400 406 411 412 413 415 419 422 424 
176 156 160 162 166 181 182 186 191 204 214 220 236 249 252 262 265 273 280 283 288 330 333 338 339 345 360 374 388 389 391 402 410 415 418 425 430 432 
33 147 149 158 159 168 171 172 183 185 188 189 193 204 206 207 209 211 213 215 222 224 230 234 240 253 263 269 271 277 278 285 309 310 311 313 318 319 320 322 323 326 327 331 334 343 349 351 352 355 361 362 365 374 381 386 391 393 394 403 411 419 429 
109 148 154 156 157 168 169 170 172 174 176 179 180 187 190 192 205 207 210 217 219 220 221 226 228 229 232 234 235 236 239 240 241 243 245 248 250 258 261 267 284 285 287 289 292 294 297 298 300 301 307 315 317 319 324 326 328 330 336 338 341 344 348 351 352 355 357 358 359 360 363 365 366 367 368 371 372 374 375 377 378 384 392 394 398 403 404 405 408 415 417 418 421 426 427 430 433 434 435 438 
151 147 148 154 157 162 163 167 172 177 192 198 210 214 216 219 228 229 233 235 237 239 243 255 257 262 265 283 285 293 294 297 298 301 304 305 311 314 317 318 319 326 331 336 341 364 367 368 377 382 383 385 388 390 394 400 401 402 405 406 409 414 418 419 423 427 428 435 437 
11 147 150 167 176 181 187 190 198 199 207 208 212 226 231 232 237 250 251 254 255 257 259 260 266 272 273 284 292 303 304 306 310 319 326 327 335 341 350 353 358 359 362 369 373 374 375 376 378 381 382 383 385 387 392 394 403 404 409 412 413 414 415 416 423 430 433 435 436 437 438 
128 160 161 169 189 198 204 211 214 222 228 241 242 261 274 299 303 306 316 364 403 405 411 416 434 
141 156 160 161 163 164 165 169 170 171 173 183 184 188 191 198 206 207 209 211 223 226 230 237 239 240 249 254 259 264 265 269 273 279 287 291 297 298 304 305 310 312 318 319 320 322 329 332 334 335 337 338 339 343 348 358 362 365 367 368 369 371 375 377 379 380 383 386 387 391 392 395 398 404 406 410 414 420 425 427 428 432 
161 155 184 200 208 291 298 313 315 324 335 382 385 411 418 432 
289 1 150 155 160 162 169 172 173 174 177 178 183 185 190 194 197 199 202 204 208 211 219 227 229 231 232 233 235 241 242 245 246 249 250 253 255 256 257 259 261 262 264 266 267 272 278 279 280 283 285 286 289 290 298 311 314 315 316 321 323 324 327 328 330 336 337 341 348 350 361 365 373 377 380 382 384 385 388 391 394 395 399 400 402 405 407 408 415 417 419 420 421 422 424 426 427 428 429 431 434 435 436 437 
133 1 149 152 154 155 160 163 164 167 169 171 172 176 179 180 181 185 188 198 202 206 207 209 210 212 213 214 217 219 224 228 234 235 238 240 242 245 248 252 253 262 264 270 273 278 279 282 283 286 288 292 293 294 295 298 300 301 302 303 305 306 308 313 314 315 317 320 330 332 333 342 344 345 347 348 354 355 357 360 362 366 368 369 372 373 375 377 388 389 390 392 393 394 398 401 403 405 408 409 411 413 416 417 420 421 428 431 433 
78 148 153 159 174 188 191 198 204 209 215 221 228 236 237 239 248 280 281 283 295 304 305 312 332 340 347 352 354 358 360 362 363 366 369 383 384 393 395 396 399 420 424 426 427 
111 154 165 173 175 179 180 181 187 191 194 198 199 204 208 209 211 220 222 224 226 235 240 242 248 254 257 260 265 268 272 277 282 283 284 289 294 295 296 298 299 301 303 304 311 312 314 328 330 332 335 342 344 346 350 351 356 357 363 366 368 371 374 376 378 381 391 399 400 413 417 418 421 422 425 426 427 434 437 
240 147 150 151 160 161 162 164 165 167 168 170 179 180 181 183 188 190 191 198 211 217 222 223 232 236 237 238 242 243 248 249 251 256 259 260 261 262 265 273 277 281 291 296 310 312 314 315 316 317 323 326 337 340 342 351 352 356 369 375 379 386 391 397 403 406 410 412 418 423 434 436 438 
59 1 148 149 150 151 155 160 161 164 165 171 173 175 176 178 183 185 188 190 193 206 207 208 210 215 221 222 223 224 225 227 230 233 234 237 241 242 243 244 246 252 256 257 261 269 279 281 291 293 294 298 300 301 303 307 314 317 318 320 331 343 344 347 350 357 366 367 369 377 385 386 387 388 392 399 400 403 405 406 407 413 416 421 422 425 428 429 438 
269 230 259 301 387 
223 1 150 160 162 166 172 189 201 204 212 217 220 223 241 247 248 249 250 251 259 268 277 282 284 290 293 301 307 326 328 331 336 339 347 352 363 370 374 385 387 388 394 395 396 409 412 425 436 438 
139 147 150 154 155 159 161 163 164 167 171 172 173 175 176 177 180 183 187 189 192 199 202 212 213 214 216 219 221 222 225 232 235 246 247 249 252 255 256 258 261 263 270 273 275 276 282 283 285 287 288 290 295 296 299 300 302 306 311 314 319 326 328 330 337 340 345 350 361 363 365 369 371 372 383 395 407 410 411 418 419 421 422 425 427 430 432 435 437 
169 1 150 170 171 176 187 200 203 208 210 219 225 226 235 241 272 276 277 290 307 325 335 357 360 369 370 378 380 395 397 402 405 409 415 418 422 424 436 437 
121 1 149 158 170 171 178 185 189 190 193 195 209 216 226 230 232 233 235 239 241 260 265 271 272 274 275 280 284 297 298 305 311 315 325 330 333 337 343 344 346 349 361 372 376 379 390 391 392 395 398 401 402 411 415 416 418 429 430 
164 148 153 181 185 186 188 191 200 210 211 214 216 219 222 223 230 231 236 238 239 240 241 253 271 272 282 284 286 289 300 301 302 303 313 315 319 321 322 329 330 333 334 338 339 355 362 365 381 384 392 393 395 396 398 404 405 407 408 411 416 419 420 422 423 427 428 436 
250 168 195 220 283 365 367 
106 150 153 154 156 158 159 160 165 168 169 173 174 177 181 184 188 192 201 202 203 206 208 209 213 215 216 217 219 222 224 229 231 235 237 246 249 251 254 255 258 262 263 266 268 271 273 275 277 278 281 282 284 290 291 292 296 299 300 301 305 310 311 313 314 316 318 319 330 333 334 336 338 340 341 343 345 346 347 348 351 353 364 366 367 368 369 372 377 378 379 380 382 383 384 387 390 393 396 400 402 405 406 408 410 411 412 413 424 425 427 429 431 436 437 438 
282 150 155 156 164 173 178 188 189 192 201 203 206 212 213 214 216 222 231 233 234 236 237 239 241 243 244 249 253 257 260 261 269 272 275 278 280 281 282 283 291 293 298 302 305 313 318 323 331 336 337 342 343 345 347 349 359 360 365 372 378 389 393 397 402 406 408 413 423 425 427 435 437 
197 1 149 150 153 154 155 157 159 160 166 179 182 184 185 187 190 194 195 198 202 208 213 218 221 222 225 227 234 238 239 244 245 251 252 254 255 256 263 264 266 273 275 279 280 284 286 287 290 291 292 294 295 298 300 303 311 312 315 319 324 329 331 333 334 335 337 339 340 342 343 344 348 349 353 355 356 361 362 365 369 371 373 374 375 377 378 379 381 386 389 390 392 395 397 399 400 403 404 407 409 410 411 412 415 419 421 422 423 424 432 437 
195 1 148 149 153 154 157 161 164 166 173 174 181 188 190 197 199 202 203 204 207 208 214 215 224 227 228 229 230 236 238 246 252 254 257 264 267 268 269 270 272 277 281 284 285 287 290 295 296 298 299 302 303 307 311 313 314 315 317 322 324 328 333 335 336 337 339 340 343 344 353 361 364 366 368 370 375 376 377 379 385 394 395 397 398 413 414 415 417 421 423 425 429 435 
89 1 148 149 150 151 154 157 158 159 160 165 166 167 168 169 173 176 177 178 183 186 187 192 193 195 200 207 208 210 213 216 219 224 225 226 230 233 238 241 243 244 246 247 250 256 257 258 263 265 267 268 271 273 275 276 279 282 284 291 296 300 303 306 308 311 312 315 316 321 322 327 328 335 337 338 341 342 343 346 359 360 363 366 369 370 371 373 385 391 392 394 397 401 404 410 413 415 417 420 425 426 427 433 434 437 438 
119 1 148 152 163 164 169 180 183 186 187 194 203 211 212 217 223 228 229 232 243 246 247 255 256 258 260 262 269 271 272 274 283 298 311 312 313 318 328 333 334 335 341 349 351 358 363 372 376 377 380 382 390 398 403 404 408 411 423 424 429 430 
45 1 151 152 155 156 157 159 161 166 167 169 170 174 183 185 186 187 190 191 192 194 196 197 202 206 207 210 219 227 229 233 239 242 243 246 247 248 253 258 260 264 265 267 269 270 271 273 275 277 280 288 289 290 292 294 296 297 301 302 304 311 312 315 316 317 321 324 325 326 330 337 338 340 341 348 349 353 357 358 362 373 376 377 378 379 381 382 384 387 393 399 400 403 404 407 408 418 419 423 424 429 430 433 437 
27 151 154 158 160 162 165 167 174 177 178 179 186 195 196 203 205 207 209 210 213 218 219 227 230 233 235 237 239 248 252 254 264 268 269 270 276 277 281 284 292 294 295 296 299 301 302 305 307 309 310 313 314 319 324 326 330 331 333 339 340 342 343 346 349 351 353 354 356 363 365 366 371 380 381 386 387 392 400 402 407 413 414 417 418 419 424 426 429 434 436 437 438 
82 1 154 155 156 157 167 169 171 177 181 183 184 185 186 192 201 202 208 217 220 221 222 223 229 236 240 247 250 254 256 261 262 267 269 270 271 278 279 287 288 293 311 316 319 321 322 324 327 333 345 349 357 360 361 363 375 383 385 386 389 390 394 398 406 407 413 423 
261 172 176 186 194 197 218 219 228 276 314 355 365 382 388 400 407 
281 1 147 158 173 177 178 179 196 197 203 204 227 228 232 246 262 266 280 286 293 305 308 309 313 319 320 321 330 340 344 360 366 370 389 394 409 411 416 421 422 426 429 
214 148 149 150 151 153 156 158 162 164 166 167 168 172 173 191 193 195 198 200 201 202 204 205 209 213 216 218 221 223 226 227 229 237 238 242 243 244 246 251 252 253 257 258 262 263 264 269 271 272 275 278 282 286 287 292 293 298 299 303 307 308 310 313 319 320 326 328 333 334 342 345 348 349 352 354 358 359 361 363 367 370 371 372 373 374 375 380 382 388 389 390 395 403 404 414 416 417 419 423 427 429 432 433 434 436 
95 1 147 152 156 158 160 167 170 171 173 174 178 183 185 186 187 188 189 191 196 198 200 202 203 204 210 212 213 214 219 224 226 229 230 233 241 244 246 247 252 253 260 262 264 284 285 286 287 290 296 300 305 307 311 313 315 317 318 320 321 324 325 326 327 332 335 336 337 340 342 344 346 349 355 356 357 358 359 360 363 370 373 375 378 381 382 387 389 391 395 401 402 403 404 407 411 414 417 422 423 430 431 434 437 
280 150 152 157 158 161 163 165 167 173 176 177 187 192 193 194 200 201 206 207 208 209 211 212 214 215 216 219 230 238 240 248 252 261 262 263 264 269 271 284 288 294 295 297 299 303 305 314 317 331 332 334 335 341 351 354 358 360 362 364 365 374 380 383 387 388 390 393 396 399 401 408 409 411 412 414 416 429 430 431 435 437 
4 148 154 156 159 161 162 164 168 169 173 177 184 186 187 188 191 192 193 194 196 200 204 206 211 217 220 221 223 226 230 233 242 244 246 249 250 252 258 259 261 271 272 274 277 287 288 294 297 302 303 304 305 306 307 311 315 317 318 319 320 324 325 332 335 337 339 342 344 349 360 367 369 372 374 375 382 383 385 386 391 394 396 398 403 405 406 411 413 427 435 436 437 438 
116 147 148 154 155 158 159 163 164 171 173 176 178 184 189 192 195 200 201 202 206 207 209 210 212 214 215 219 222 225 226 227 228 233 237 240 241 247 248 255 257 259 261 263 264 267 269 270 272 275 276 277 282 285 290 293 297 304 305 308 312 313 317 324 331 333 338 346 347 348 351 354 357 359 361 368 370 371 378 380 381 382 390 392 398 400 402 404 405 407 409 413 415 416 417 418 422 425 427 434 
244 1 154 155 157 172 176 184 189 192 208 209 211 236 242 243 244 246 248 250 254 257 259 273 277 279 281 298 302 306 323 324 325 326 329 333 334 335 338 346 350 351 352 354 357 359 369 377 385 386 389 390 394 403 406 409 416 417 419 434 436 438 
120 150 155 156 160 161 162 165 166 171 173 176 179 183 186 187 197 203 210 213 214 215 217 221 223 229 235 241 243 244 247 248 249 254 260 262 265 266 267 268 272 275 279 281 282 287 288 290 294 301 302 303 304 305 310 313 314 323 326 327 329 333 334 335 336 343 346 360 361 364 365 367 371 383 384 388 393 394 405 412 419 422 425 430 434 437 
32 147 156 159 166 167 171 179 181 183 192 193 200 206 212 221 223 224 229 240 242 266 273 286 287 297 301 312 315 332 338 348 350 353 371 387 411 413 418 419 422 424 
190 185 186 
42 147 155 157 159 160 163 165 167 168 169 170 174 184 185 187 188 192 194 199 209 212 216 222 227 233 234 236 247 248 250 255 256 260 266 269 273 274 278 279 280 282 297 299 300 302 305 311 312 314 319 320 326 329 336 339 349 350 353 355 367 372 374 376 378 379 381 382 383 387 393 398 401 403 406 409 412 416 417 420 421 422 423 426 427 429 432 437 
170 149 151 166 219 224 230 237 253 258 265 267 271 275 292 295 297 304 305 318 325 341 345 349 355 362 365 375 377 381 387 391 405 408 423 427 429 
5 150 157 164 174 175 178 187 188 189 193 196 197 198 202 213 218 219 221 223 224 226 228 230 233 234 237 239 241 243 252 258 267 272 276 279 285 286 288 293 294 299 302 305 308 309 311 316 319 320 325 332 337 338 342 349 351 355 363 365 366 367 369 370 371 373 379 382 389 392 395 397 401 408 412 416 422 425 427 428 431 432 436 
125 148 151 154 155 158 162 164 165 171 172 174 181 192 196 203 205 207 221 222 223 226 227 232 237 241 245 253 254 263 272 275 276 279 289 295 298 299 302 304 306 309 310 311 312 313 318 322 323 326 328 331 333 335 337 340 343 345 348 349 353 355 358 362 364 367 371 372 377 383 384 387 391 392 396 404 413 417 419 423 427 
176 1 147 157 162 172 174 175 180 181 186 187 189 190 192 206 207 208 216 218 219 220 224 230 232 236 241 243 246 248 251 252 255 258 261 266 271 277 278 280 282 283 284 286 289 291 294 297 300 307 308 318 322 327 331 341 346 348 351 353 354 359 360 364 366 368 370 372 387 390 394 411 412 414 419 421 423 434 437 
179 152 156 158 161 162 167 171 173 179 181 182 184 189 192 193 195 197 199 204 207 210 217 225 236 237 245 246 252 257 258 259 263 265 272 273 274 277 282 288 293 297 302 304 310 311 312 313 314 318 323 329 334 339 350 352 356 359 363 366 373 376 381 385 387 394 399 401 402 403 404 412 417 422 424 425 427 430 432 
214 149 153 155 162 164 182 183 187 197 205 215 218 237 248 253 256 282 284 291 296 299 303 318 338 346 351 356 362 363 367 372 416 417 422 428 438 
261 147 148 149 151 152 153 158 159 161 162 164 165 174 180 181 184 188 189 190 193 196 198 201 203 205 210 212 213 214 218 222 226 232 233 234 235 241 242 244 247 248 249 250 255 256 262 265 268 272 273 274 276 279 280 287 289 291 295 297 298 303 304 307 310 311 325 330 333 336 340 341 343 344 347 352 354 356 362 364 370 372 374 376 378 380 383 387 392 393 394 399 400 402 403 411 414 415 419 424 426 431 432 433 434 437 
147 149 155 164 185 196 201 206 219 222 224 235 239 263 269 300 330 348 352 360 362 369 393 395 398 412 421 425 427 436 
299 147 152 153 154 155 161 164 166 171 174 177 179 181 182 183 184 186 187 189 192 194 197 198 201 202 203 206 210 211 212 215 216 220 222 223 224 226 229 231 232 233 236 237 244 245 252 253 254 257 260 262 265 266 269 271 272 273 277 279 280 282 293 294 298 299 300 302 305 306 307 311 315 318 321 323 324 327 330 333 335 345 357 358 361 362 365 371 373 375 376 379 380 383 386 388 393 394 395 397 398 399 405 407 409 413 414 415 421 424 427 430 433 438 
220 148 152 153 155 156 158 172 174 176 177 182 183 185 187 188 191 196 210 211 212 213 220 222 227 230 231 234 235 236 241 242 246 247 248 249 251 253 263 265 266 268 272 276 279 281 282 286 287 295 298 299 302 304 308 310 312 317 318 320 321 322 323 325 329 332 333 335 336 341 344 348 350 354 356 357 358 361 365 366 369 371 374 379 382 383 384 388 392 398 399 400 408 414 424 425 429 438 
219 147 182 186 199 227 290 307 322 325 330 335 380 409 421 
114 149 150 155 165 168 170 171 172 175 178 179 180 183 184 187 195 196 199 202 203 206 207 226 227 228 230 237 248 251 252 259 264 273 274 276 280 283 297 305 306 309 313 314 319 321 324 325 333 340 342 346 351 354 356 363 365 368 370 372 375 378 379 383 389 393 398 399 404 405 412 416 419 426 427 432 
27 1 152 153 155 156 162 167 169 171 173 175 178 189 193 196 199 201 206 212 214 223 226 227 231 238 240 247 258 259 261 265 272 276 284 285 286 291 292 293 298 305 320 333 335 340 344 351 356 361 385 387 390 391 397 403 405 414 419 421 423 424 427 428 429 431 
282 1 147 148 149 152 153 157 166 167 169 170 174 177 179 185 186 190 191 194 201 202 205 206 209 215 220 223 224 226 231 232 234 235 237 240 243 249 253 257 258 266 272 274 276 278 282 284 286 290 292 297 302 303 307 308 314 319 321 327 328 331 333 334 340 341 342 346 351 353 355 356 357 364 365 368 369 372 373 375 387 389 391 395 396 399 400 403 404 405 408 412 413 415 417 423 424 426 427 428 430 431 434 436 438 
32 149 150 186 189 197 240 243 247 252 254 255 269 281 291 320 328 334 337 343 347 375 380 414 437 
76 1 158 160 166 171 173 181 182 187 192 197 207 209 220 223 232 240 242 246 251 252 255 269 273 275 277 278 286 295 298 306 311 319 323 327 335 339 340 341 344 347 352 361 372 378 379 384 391 392 404 413 420 423 428 431 
120 148 149 151 153 160 161 162 165 184 185 189 197 204 208 210 213 222 233 245 248 261 263 270 271 278 279 284 309 310 312 313 315 316 318 321 325 329 335 337 338 342 345 346 348 354 357 358 359 367 368 371 373 380 382 387 401 406 417 428 433 436 
241 1 148 159 167 169 171 175 176 180 191 193 197 199 202 203 204 206 208 214 217 218 219 226 233 238 240 244 245 248 250 257 260 261 265 266 269 272 279 285 288 290 295 299 300 304 305 311 314 316 319 327 331 332 336 337 342 348 351 352 355 359 362 367 368 369 370 375 386 388 390 395 397 401 402 404 407 409 411 412 420 421 422 424 425 426 428 
81 147 151 152 153 155 158 161 162 166 175 178 184 185 186 190 192 196 201 218 222 224 229 231 239 240 248 251 258 262 263 265 273 275 278 282 287 290 295 304 307 314 315 322 325 327 333 335 346 347 348 352 355 356 357 360 364 368 370 372 384 389 390 392 401 404 414 428 430 431 433 434 435 437 
95 148 149 162 243 244 246 252 282 331 411 
114 153 193 202 210 233 275 304 326 337 390 403 424 426 434 
160 148 155 161 162 170 180 206 215 216 228 229 233 243 253 260 268 269 301 330 364 377 392 405 415 430 437 
167 147 155 176 184 195 213 252 310 327 344 411 
265 159 163 167 168 171 174 177 179 180 184 185 193 195 196 198 202 205 213 214 223 224 227 229 233 234 237 238 239 245 252 255 259 260 268 269 275 278 280 282 288 294 295 296 301 303 308 310 311 314 315 317 318 320 325 329 330 332 336 339 343 346 347 350 351 354 356 359 362 373 374 377 379 380 384 385 387 389 390 397 400 403 409 410 414 415 419 421 426 432 437 
85 1 152 154 156 160 163 172 175 176 180 185 188 189 190 191 192 195 202 209 216 223 227 234 246 251 253 259 263 265 266 270 271 274 288 290 294 295 297 309 310 315 319 340 344 346 351 359 360 362 364 366 367 376 386 394 397 403 405 406 407 411 412 413 417 423 430 431 434 
153 167 191 242 258 268 295 318 321 
17 390 
30 148 169 170 181 242 305 327 341 367 407 436 
124 153 154 157 158 159 164 167 169 172 175 177 179 183 184 187 192 196 197 201 203 208 211 212 213 215 216 217 221 225 228 229 230 233 237 238 240 247 248 256 257 262 263 267 268 269 273 282 298 302 308 309 312 313 315 317 318 319 327 334 335 336 344 347 352 353 356 367 372 375 376 378 384 385 387 395 397 400 402 414 416 418 422 424 426 427 428 433 437 
88 162 175 193 195 196 205 219 222 226 235 240 245 248 266 269 270 290 296 297 316 327 336 344 355 361 368 370 371 375 379 390 395 397 398 406 421 427 430 
79 171 185 360 404 
198 1 147 150 157 158 159 160 161 165 167 171 174 175 176 183 190 198 203 204 205 212 216 217 218 221 223 224 236 240 246 253 257 259 262 267 272 275 276 277 278 280 282 290 291 294 297 299 307 309 311 312 313 314 317 320 322 323 325 328 333 335 336 338 339 346 351 356 359 363 366 372 375 377 380 381 382 383 385 386 389 392 393 394 397 399 401 403 404 405 407 408 410 413 417 418 419 423 425 427 431 437 
207 153 198 241 311 330 391 394 
246 1 147 148 150 154 156 157 160 164 166 167 169 171 172 175 176 182 189 194 195 196 197 200 203 205 206 207 212 214 216 218 222 223 224 236 240 246 252 256 259 260 264 267 274 275 277 279 280 284 286 290 291 296 297 298 301 306 308 315 319 324 325 327 332 333 334 336 339 340 343 345 346 349 354 355 356 358 374 378 380 384 390 391 392 393 396 400 402 404 406 415 416 417 419 422 425 426 427 434 
243 149 159 175 186 195 201 211 241 253 258 259 266 290 324 339 345 379 385 411 420 428 
254 173 187 378 
2 148 152 153 156 158 161 176 179 180 184 187 192 201 206 207 208 209 211 219 221 222 226 247 252 254 256 257 261 263 264 265 266 268 269 283 287 288 289 290 294 298 299 302 303 304 316 318 320 322 330 331 335 336 340 345 352 356 357 359 360 361 362 363 364 367 370 371 372 374 375 377 378 379 383 385 386 391 392 394 395 396 398 399 400 401 413 415 419 420 423 425 429 431 433 437 
102 1 147 148 151 152 155 157 163 174 179 182 186 193 194 202 203 204 208 212 214 216 217 222 224 226 235 242 243 253 260 263 265 268 283 285 286 293 301 305 308 310 323 337 339 343 352 356 358 361 369 371 378 382 383 384 387 396 403 409 415 417 418 421 424 427 434 435 437 438 
88 156 161 164 166 169 175 176 180 181 184 186 187 188 191 199 210 221 227 238 247 250 253 257 259 268 276 289 291 292 293 294 295 297 301 302 308 324 325 329 331 334 338 339 350 355 367 377 379 385 388 390 399 400 402 403 408 412 422 423 425 429 432 434 435 
126 1 150 153 154 157 158 160 161 164 167 175 177 178 179 181 182 190 191 193 197 199 201 206 207 209 210 212 221 224 225 228 229 231 236 241 244 251 254 256 257 259 260 261 265 267 278 281 282 283 289 292 296 299 303 304 305 307 308 310 311 314 315 316 320 321 322 330 333 334 337 338 342 348 350 356 359 368 370 371 372 374 376 377 379 380 384 385 386 388 392 393 394 397 398 400 404 410 417 419 421 427 430 432 434 435 436 437 
225 151 156 159 161 163 164 166 168 184 188 194 196 209 222 224 225 228 230 231 241 245 250 256 258 259 273 274 276 277 283 290 301 302 307 319 325 328 329 339 360 365 366 373 376 379 381 382 386 391 392 402 408 412 413 415 418 420 426 427 428 432 
120 159 166 173 176 179 180 184 192 194 198 199 203 205 208 209 210 213 221 224 230 237 240 245 250 264 269 276 277 280 281 284 295 303 307 308 321 328 329 331 332 340 343 358 361 362 370 378 380 382 386 390 395 402 405 406 410 416 419 422 423 427 435 
245 160 177 185 189 192 197 209 213 231 240 243 246 247 254 262 294 295 297 302 311 312 313 314 325 339 347 350 353 355 365 371 373 375 378 387 395 403 405 426 428 434 
212 148 150 153 156 157 158 159 162 166 167 168 170 171 180 181 184 188 192 195 198 199 206 209 212 214 231 233 235 238 239 244 246 247 252 253 255 256 258 259 260 261 262 264 265 269 270 273 278 280 282 284 285 288 292 294 296 300 301 304 307 308 310 313 315 316 320 321 335 339 340 341 343 348 355 356 360 368 369 371 376 378 379 381 383 386 387 389 393 396 405 406 407 409 411 412 413 415 418 419 420 429 431 433 434 435 437 438 
221 1 152 153 163 164 166 167 168 172 175 179 181 183 184 185 189 190 191 192 195 196 197 198 200 202 203 204 208 215 216 218 222 223 231 235 236 243 245 247 252 255 257 259 265 273 277 278 282 283 288 289 290 292 298 299 301 302 303 307 310 311 315 316 317 318 321 323 327 330 331 332 339 342 344 345 346 350 353 355 357 360 365 366 367 368 370 373 374 375 376 379 385 395 396 398 400 401 404 409 411 412 413 414 415 417 418 421 423 427 428 429 430 431 437 
103 147 148 153 154 157 158 160 163 172 177 179 185 186 187 192 193 195 197 200 202 206 209 212 214 224 227 229 230 234 236 237 240 241 243 250 251 271 274 276 286 290 293 298 300 303 306 307 309 312 313 314 316 318 327 328 331 332 333 336 347 348 357 358 362 363 365 366 367 368 369 377 378 383 384 389 390 396 399 400 402 404 405 407 412 413 415 422 427 432 434 435 438 
298 165 169 190 194 206 209 237 238 242 243 253 258 261 271 273 278 279 282 283 286 294 298 301 305 306 313 323 324 326 335 336 338 356 357 359 362 372 373 378 379 383 386 391 392 393 396 402 411 415 431 432 436 437 
243 150 154 169 172 182 189 201 202 205 210 216 217 220 224 229 230 232 243 248 249 256 275 277 285 289 291 292 300 302 307 308 310 311 316 325 331 334 345 362 365 373 374 383 384 389 393 399 419 425 427 434 
298 1 147 148 149 157 160 162 164 166 169 176 178 179 180 181 185 186 187 188 190 192 193 195 196 199 202 204 206 210 212 214 215 216 218 223 224 228 231 233 236 237 239 241 245 248 250 253 256 259 262 267 269 270 271 273 274 275 277 279 281 282 283 287 291 292 293 295 296 300 303 310 314 318 327 330 333 335 337 340 343 344 346 350 353 369 370 371 372 374 383 385 386 387 389 390 391 392 394 399 401 404 407 411 412 413 417 420 423 424 425 426 430 431 
4 1 149 152 165 167 173 174 176 178 179 183 185 191 192 195 196 200 209 210 215 222 237 248 255 262 263 273 280 281 284 297 298 299 305 310 313 318 319 327 334 339 341 343 344 345 349 355 359 371 377 387 391 396 398 400 403 417 418 425 427 430 433 
116 1 148 149 154 165 169 173 174 180 184 192 201 206 207 214 218 219 228 229 231 238 239 247 255 260 263 267 275 281 285 294 316 323 330 335 338 341 357 363 374 383 386 389 394 395 407 410 419 422 428 
224 243 344 385 
251 152 156 158 162 163 168 172 173 175 177 180 182 183 191 193 195 197 199 204 208 209 211 213 215 217 218 219 221 225 231 238 239 243 244 248 251 252 259 260 262 267 275 278 279 282 291 292 294 298 301 302 305 307 313 318 326 332 334 335 338 339 342 345 349 356 358 363 365 372 374 375 376 386 388 395 396 402 404 407 411 412 417 419 420 422 428 438 
268 162 168 178 186 208 221 222 254 260 264 277 283 292 305 311 320 328 338 348 358 368 370 416 422 431 
59 160 168 179 183 186 188 189 194 213 215 219 225 232 246 251 261 266 268 275 299 302 306 310 321 332 337 349 356 365 366 368 370 371 381 397 408 421 424 438 
75 149 151 152 156 157 159 160 161 173 177 182 184 188 199 201 204 206 211 223 228 230 235 238 239 240 241 253 260 263 270 275 280 281 287 288 289 292 295 297 298 299 301 302 305 307 310 313 315 322 323 327 328 338 339 344 345 348 351 361 364 365 367 372 375 379 382 383 384 385 391 399 402 404 409 415 416 419 420 423 424 428 429 430 431 
206 147 156 160 164 173 183 196 202 204 209 215 223 228 233 241 250 252 254 268 275 283 285 287 290 303 312 342 361 362 372 381 390 392 401 406 408 425 
221 1 155 168 169 172 186 187 188 190 191 193 194 195 199 202 204 211 219 221 222 233 237 240 243 268 272 273 275 277 280 282 296 305 309 311 313 316 317 320 321 322 324 336 340 346 348 351 362 365 370 371 374 377 387 388 389 394 401 402 407 412 417 421 422 430 432 433 
236 147 154 156 157 159 160 168 172 179 184 191 194 207 222 223 226 230 248 256 265 266 272 274 288 289 303 307 308 310 312 316 322 327 332 333 354 361 365 371 377 381 383 389 397 413 436 
39 147 149 151 164 171 177 181 187 194 201 203 208 213 217 228 233 234 235 247 252 253 258 260 265 268 275 281 284 288 289 292 302 308 309 311 312 314 315 328 329 331 332 340 341 344 349 350 361 362 364 367 373 375 377 380 381 391 399 402 405 420 421 422 425 426 429 433 434 
122 150 152 160 161 164 167 169 173 181 187 194 195 197 203 208 209 216 219 223 224 226 227 228 230 232 233 234 235 236 237 240 243 245 248 249 252 255 259 264 265 269 271 273 275 278 281 282 288 290 293 299 305 307 314 315 316 317 320 324 325 328 331 333 335 344 347 348 350 355 364 365 367 369 372 373 374 375 377 379 381 382 385 388 389 390 391 392 394 396 401 402 403 405 409 410 415 416 418 421 429 434 435 436 437 
236 1 147 151 153 154 155 163 164 165 167 172 175 176 179 182 186 192 193 198 199 200 201 202 203 205 206 212 213 222 228 230 231 234 238 241 242 243 250 253 255 257 260 266 269 270 273 276 277 279 282 296 297 298 310 312 315 316 318 322 326 328 332 336 339 341 346 347 348 349 356 357 359 360 363 366 367 368 371 374 376 377 381 382 400 401 402 404 410 413 414 416 417 425 429 430 
191 155 182 191 211 249 268 316 324 350 370 376 422 436 
186 161 162 163 167 168 180 190 191 199 207 208 210 220 224 228 231 233 242 244 248 251 253 259 268 273 275 277 287 290 295 298 299 300 307 314 319 328 330 335 338 341 343 346 353 358 363 364 367 369 370 374 383 386 393 397 401 419 421 422 426 433 
88 153 
61 151 158 162 212 266 311 316 320 337 345 350 403 433 
147 147 149 150 152 153 157 159 160 162 163 165 167 170 172 173 174 175 176 177 180 181 184 187 188 190 196 199 200 201 207 210 212 213 220 228 229 233 238 239 240 242 243 244 250 252 259 263 268 273 280 284 286 293 296 297 298 304 311 312 314 316 317 322 323 330 335 337 338 340 346 350 352 354 355 356 359 360 361 370 374 376 377 378 379 382 384 387 389 390 392 393 394 403 405 406 408 412 416 418 420 421 424 426 431 432 433 434 435 
259 153 162 171 172 196 199 201 205 206 209 222 223 224 225 226 228 229 230 237 238 246 258 267 286 293 295 296 300 302 306 313 320 323 324 325 333 334 339 352 358 386 395 397 398 401 404 408 409 411 413 420 428 430 433 435 
167 147 148 151 153 155 160 164 165 167 168 169 175 182 185 186 191 193 194 198 209 210 216 219 223 224 225 227 231 235 244 248 249 253 257 258 265 271 273 274 275 277 284 287 295 296 297 301 306 307 309 311 312 321 327 329 330 332 335 336 339 340 344 350 358 367 371 373 374 379 382 385 386 390 395 399 404 407 412 414 415 418 423 424 429 432 433 435 438 
8 149 152 155 158 162 166 169 171 172 174 175 180 184 196 199 202 203 206 209 210 212 219 220 221 224 227 228 229 236 238 241 247 250 253 255 262 263 271 282 291 293 294 300 309 319 322 323 328 330 341 343 344 345 356 361 365 367 369 370 372 373 378 379 381 385 391 392 395 400 403 406 407 408 409 412 414 416 419 421 422 434 438 
281 150 152 167 168 169 170 176 217 221 234 238 242 245 262 278 279 280 286 302 303 307 319 324 329 340 343 349 351 366 367 375 389 390 391 409 412 422 423 431 
34 150 153 154 155 156 163 165 166 167 170 173 178 182 192 194 196 197 198 199 200 202 204 208 209 212 217 218 224 225 228 229 236 240 243 244 245 246 253 259 260 262 267 269 279 283 284 285 289 292 294 295 296 298 302 304 306 313 314 317 319 325 328 329 339 343 346 347 348 353 357 362 370 374 375 377 381 383 387 389 395 400 404 408 409 415 425 433 435 436 
239 1 150 152 153 154 163 164 168 170 173 179 183 187 188 190 200 203 217 225 226 235 240 241 248 251 258 263 265 267 268 269 271 277 279 284 291 292 312 318 323 327 332 337 340 343 373 378 384 386 390 393 405 413 423 429 437 
63 147 148 157 158 159 164 165 166 167 170 172 178 182 184 186 190 191 194 198 208 209 211 212 213 215 216 217 220 225 226 228 229 231 239 240 250 252 257 261 263 265 267 269 270 273 275 276 277 283 284 285 288 289 290 291 295 299 300 306 308 309 310 312 314 316 317 318 319 321 322 326 327 330 335 341 342 348 357 361 362 364 366 367 374 375 378 381 385 389 395 396 398 400 402 406 408 409 413 415 418 419 420 421 424 425 426 427 428 429 430 431 433 
246 147 148 149 150 151 152 154 160 161 165 166 171 176 177 178 182 186 187 191 195 197 201 202 204 206 209 215 216 217 219 221 222 224 230 231 233 238 239 240 241 242 243 248 249 258 261 264 267 275 276 278 283 285 287 290 293 294 295 297 298 300 301 302 312 313 314 320 321 325 326 328 330 339 344 352 354 360 361 362 363 366 368 370 371 372 376 381 382 383 385 388 389 390 394 395 398 408 411 416 419 423 425 427 428 429 430 435 437 438 
195 159 160 168 173 181 185 197 198 203 207 211 212 220 225 240 248 261 263 264 271 277 283 284 300 302 303 304 307 308 309 310 311 313 326 334 337 338 339 340 345 346 350 351 352 359 360 361 363 366 369 374 376 391 392 396 401 403 405 415 418 424 425 426 433 
69 209 223 229 246 257 258 259 292 295 298 308 332 346 354 355 380 403 405 413 427 430 432 
252 153 156 164 166 167 169 171 185 201 208 215 222 231 232 244 245 262 264 285 288 289 297 300 301 321 336 377 391 398 409 412 426 428 429 430 
274 1 148 155 157 159 163 165 166 169 170 172 175 180 181 189 190 192 194 196 197 198 208 209 214 215 218 219 221 224 226 231 235 238 247 248 253 255 259 267 271 274 276 282 283 286 288 289 294 295 305 308 309 314 322 327 332 335 337 339 340 345 347 375 376 378 379 385 391 392 393 397 406 416 422 423 425 426 430 431 436 
13 149 150 153 155 156 167 168 178 182 185 186 192 194 195 203 210 211 212 214 218 223 230 233 237 240 242 243 254 258 260 261 273 279 288 291 292 307 315 319 327 328 332 339 344 363 365 367 370 372 375 376 377 382 386 390 391 394 396 399 407 408 411 414 415 416 419 424 425 426 427 
33 149 159 170 171 186 187 207 213 215 225 251 261 271 273 282 300 302 320 340 344 349 361 370 375 384 395 429 
135 148 150 152 153 155 158 166 169 171 174 176 178 179 186 192 202 203 205 212 219 230 235 237 239 242 246 247 248 249 254 255 256 259 264 265 270 271 272 275 276 277 280 281 285 287 288 289 296 308 312 313 315 316 318 319 320 321 324 327 333 334 337 338 339 340 341 343 346 347 350 351 352 353 357 364 365 373 374 376 378 383 384 386 389 390 396 403 404 405 406 409 412 415 416 417 419 420 421 426 427 429 430 431 432 435 437 
213 1 147 148 157 160 162 163 164 167 169 175 176 177 181 187 195 198 205 213 214 215 218 219 225 226 227 232 233 234 237 246 249 251 259 260 264 272 277 279 286 289 291 294 300 302 306 311 316 317 318 323 335 340 342 343 348 354 356 363 370 372 377 388 389 391 395 406 410 411 422 423 
163 147 148 152 154 157 158 168 175 180 190 212 217 223 225 227 236 238 239 240 242 244 246 257 262 268 271 273 275 278 282 287 308 310 316 317 325 326 330 332 336 342 351 352 357 364 365 373 380 387 393 398 405 410 413 419 423 427 437 
294 1 150 153 157 159 166 169 175 178 182 183 193 194 197 202 205 208 210 213 216 220 225 233 234 237 244 246 249 252 253 254 256 257 260 261 262 266 270 272 277 282 283 290 292 296 299 302 305 313 315 317 321 324 328 329 334 341 344 350 354 357 362 365 372 374 375 376 383 385 387 392 393 396 398 402 403 406 408 417 419 427 437 438 
44 1 151 157 166 167 175 176 177 182 187 188 189 194 197 199 206 212 213 214 216 218 222 225 226 234 236 237 244 250 252 253 256 257 258 259 261 271 276 278 279 286 301 308 310 314 318 323 324 325 326 327 330 332 338 343 351 355 358 360 363 364 365 367 370 377 384 386 389 397 399 406 411 414 415 417 419 423 424 428 434 436 
3 1 152 155 157 161 163 165 171 179 183 184 185 192 193 196 197 198 199 202 205 206 211 216 222 223 224 226 227 228 229 230 231 251 256 261 262 263 266 268 270 273 275 283 285 293 296 301 305 321 327 331 332 334 338 342 347 348 350 356 363 364 368 370 377 378 379 384 390 392 394 395 400 405 406 408 409 410 414 415 416 417 418 425 431 432 435 
113 148 151 155 164 165 166 169 172 182 191 196 199 200 202 206 209 211 215 217 218 220 222 223 224 225 248 254 261 266 267 270 272 273 275 277 278 279 287 292 294 296 298 301 310 323 327 329 330 336 338 342 344 356 365 366 375 383 385 393 398 401 411 413 414 417 426 429 432 434 435 
266 151 158 165 174 178 203 207 235 238 239 272 274 300 305 314 319 322 336 358 360 404 406 427 434 
207 148 150 162 164 165 167 181 186 192 195 204 208 212 222 224 225 226 243 249 251 254 263 265 266 269 276 282 285 287 290 293 295 298 299 300 306 313 315 320 321 337 338 339 341 342 347 350 356 359 364 365 376 380 381 387 398 419 431 
218 149 150 151 152 155 158 161 162 163 168 170 171 172 175 178 179 181 194 195 196 197 199 201 204 205 210 214 221 222 223 224 225 228 230 231 234 235 236 240 242 244 247 248 251 254 262 264 267 271 276 280 281 282 287 291 294 303 314 326 330 331 335 336 338 339 341 345 349 350 355 359 360 362 363 369 373 376 378 379 380 387 390 392 393 398 399 401 406 408 414 417 421 428 431 434 
234 147 149 150 151 154 156 161 163 164 168 169 170 171 173 175 180 181 183 191 197 198 199 206 210 211 215 216 217 220 225 232 237 239 249 252 253 254 259 261 265 273 274 277 281 282 283 284 285 288 289 291 296 297 301 305 308 310 312 313 314 316 317 321 323 330 338 339 340 346 348 349 357 358 359 362 365 366 368 371 372 373 377 381 386 389 393 395 397 398 399 400 405 407 408 412 419 421 424 425 426 430 431 433 436 438 
159 1 150 158 159 165 169 172 175 176 177 180 181 182 185 186 189 191 195 196 205 206 207 209 210 214 229 230 231 233 235 236 240 245 248 249 250 251 252 253 255 264 265 274 275 283 285 287 288 297 299 301 304 309 311 318 320 322 325 327 330 333 336 338 344 352 353 367 369 373 375 377 378 386 387 388 391 392 395 404 406 408 413 414 415 416 418 421 424 426 429 431 436 
290 1 151 152 153 154 159 162 166 172 177 181 182 183 184 186 190 191 192 197 204 205 206 209 211 215 216 217 218 221 223 228 233 237 241 244 245 250 254 256 263 271 272 275 276 278 280 282 283 290 292 293 294 297 298 304 308 312 315 316 317 323 326 330 331 334 335 339 340 343 344 345 347 348 352 356 357 358 361 364 367 369 370 374 376 377 378 381 385 390 397 399 401 402 404 406 408 415 417 422 425 426 434 
41 152 159 182 184 185 194 206 208 215 229 232 245 249 254 292 294 300 308 315 318 343 350 402 405 434 
55 1 149 161 167 174 177 181 184 198 200 203 204 208 212 216 220 230 237 239 259 269 277 283 293 296 298 306 307 310 315 318 322 326 336 339 349 351 353 357 359 360 371 379 385 390 391 395 396 401 404 415 424 430 431 
272 1 151 153 155 156 159 160 162 163 164 169 170 172 174 175 179 181 186 187 191 195 197 198 200 203 205 207 209 213 214 216 221 222 223 226 227 229 232 233 241 243 244 246 247 250 251 255 256 258 259 264 265 268 269 271 274 280 281 284 285 286 288 291 293 301 311 316 318 322 323 325 329 331 338 339 340 343 344 345 347 348 349 350 351 353 355 357 358 359 360 361 364 371 373 375 377 382 383 384 389 390 393 399 401 402 404 407 408 410 413 415 419 428 430 433 437 
227 148 151 153 154 155 157 159 160 165 168 169 171 172 176 180 186 188 190 193 195 197 200 201 203 209 214 216 218 219 220 224 225 228 232 234 238 242 244 248 257 258 260 261 265 266 268 274 275 276 280 281 282 283 286 287 291 293 294 295 299 302 303 308 314 319 320 322 324 327 328 329 330 331 332 333 335 338 339 341 343 352 354 358 360 361 363 364 365 366 368 371 372 373 374 378 379 382 387 390 394 395 399 402 405 406 407 408 409 412 419 423 428 431 437 
1 148 152 153 158 159 160 167 168 173 178 179 180 188 194 198 201 202 204 205 214 217 218 221 231 232 236 239 249 252 253 258 259 264 266 268 270 272 273 278 279 287 299 302 303 304 312 317 324 326 330 339 347 348 350 351 359 362 364 365 367 368 369 371 376 378 379 382 392 393 395 397 398 407 410 412 418 425 428 433 438 
15 147 149 156 164 165 173 176 177 180 186 187 195 197 200 205 213 218 220 222 224 230 238 244 245 246 247 250 255 256 257 258 261 270 273 276 283 286 290 293 297 298 301 310 312 317 318 321 325 329 330 331 334 335 339 341 349 352 355 356 359 360 362 366 368 371 374 375 378 380 383 385 389 390 395 396 397 400 403 408 414 416 418 422 425 426 428 431 433 434 
227 147 149 151 162 171 176 183 188 194 195 196 202 204 216 218 221 225 230 237 238 255 257 262 269 274 275 281 286 287 299 300 304 311 321 325 327 328 346 354 359 369 381 383 385 389 402 409 410 414 422 423 438 
263 149 150 155 160 162 167 168 171 174 175 177 178 179 181 193 197 202 204 205 209 212 213 218 219 222 226 228 230 232 235 236 237 239 242 252 253 254 255 262 264 265 266 271 273 277 278 282 287 294 296 297 298 301 306 311 317 318 322 325 337 338 342 343 348 352 355 362 367 372 373 374 376 377 380 381 382 384 386 388 390 398 399 400 405 406 407 408 409 410 412 416 417 418 419 420 425 428 430 431 
174 150 161 163 167 175 185 187 191 192 194 196 197 200 205 207 211 219 220 225 231 238 242 243 246 252 261 263 265 270 275 289 295 302 316 318 324 326 330 333 344 346 347 351 355 367 369 370 382 386 391 392 395 408 417 419 427 
226 165 168 169 170 178 189 192 210 215 221 223 225 226 230 231 241 243 244 253 254 259 266 268 273 276 280 283 284 285 286 292 293 294 295 299 301 303 307 315 317 318 323 324 325 326 335 336 337 347 355 356 357 360 362 364 368 371 372 373 377 380 384 387 390 397 398 399 403 404 409 412 417 429 436 437 
189 147 149 150 151 154 155 161 165 167 175 180 184 185 194 202 204 205 208 212 213 224 225 226 228 229 235 240 248 249 250 251 252 256 259 260 268 272 273 284 289 291 294 298 301 303 304 307 311 315 317 321 323 326 329 333 345 347 349 352 353 359 369 370 375 379 383 387 397 401 402 403 408 421 426 433 435 438 
289 148 152 157 161 182 184 188 205 206 213 223 228 246 249 250 251 256 261 262 268 271 274 276 285 313 319 321 322 332 344 345 351 361 363 379 381 387 394 395 401 408 419 438 
106 148 151 153 154 155 159 161 162 167 170 172 173 176 177 178 182 184 190 195 198 207 209 212 213 216 217 218 228 231 232 233 240 243 245 246 249 253 256 259 261 265 266 269 270 271 273 274 279 283 291 294 295 303 304 306 307 308 312 318 323 330 337 341 344 348 357 359 365 367 368 369 373 375 386 390 391 396 400 401 402 406 408 409 411 414 415 418 419 421 423 428 437 
100 148 169 174 182 186 189 194 204 214 215 224 225 227 244 248 256 257 261 266 269 270 271 273 287 288 296 300 308 312 314 317 318 325 346 349 351 353 364 370 371 372 377 399 404 411 413 421 425 428 429 435 
248 153 154 160 163 184 187 192 196 202 211 224 225 229 236 239 246 248 255 274 289 297 304 310 311 322 349 352 355 357 370 371 372 386 387 394 396 404 405 423 427 436 
196 147 152 155 156 157 158 160 161 165 169 172 174 175 176 177 178 185 187 191 192 196 201 202 207 211 214 219 220 228 230 234 238 241 244 245 246 247 250 255 260 261 266 267 282 285 287 290 292 298 301 302 304 305 306 309 313 316 318 323 324 325 327 328 331 334 336 340 345 347 348 356 358 362 366 367 368 373 374 376 378 382 383 386 388 390 396 401 403 405 406 409 410 411 414 416 417 420 427 428 432 433 434 
191 148 152 163 164 166 167 169 175 178 179 191 195 198 199 200 206 213 219 220 225 229 245 251 254 257 260 283 289 291 297 298 303 304 307 321 328 337 340 341 344 353 359 362 364 365 366 373 389 391 392 397 398 399 400 414 415 424 431 434 436 
287 152 159 168 171 173 176 186 193 213 218 221 234 239 247 248 251 264 278 279 291 292 314 322 324 325 348 357 362 363 364 366 376 385 397 401 408 420 423 430 
269 161 171 203 205 286 302 303 313 317 327 338 390 392 430 437 
65 153 160 161 162 170 175 185 187 191 194 196 199 200 203 205 209 211 215 220 221 226 232 239 250 253 256 262 268 270 272 284 289 294 295 308 309 310 323 325 330 331 333 335 337 345 362 363 366 380 382 389 399 406 412 413 418 419 422 423 427 435 
94 148 149 166 169 170 171 172 182 183 188 189 192 197 198 203 206 207 210 215 216 217 218 223 224 227 232 233 234 235 243 244 245 246 252 257 259 269 271 273 274 278 280 288 291 296 299 301 311 314 315 317 319 324 343 344 345 347 352 358 361 369 370 377 379 380 387 394 399 410 418 419 426 431 432 
159 157 160 162 168 172 175 176 185 189 198 202 203 207 209 210 213 214 218 224 229 240 241 244 249 256 257 259 264 267 269 271 275 284 286 303 305 306 308 312 313 327 328 330 336 343 346 349 353 355 362 366 369 373 374 375 378 386 389 392 394 395 397 399 401 402 409 417 427 429 430 436 438 
56 151 153 156 158 163 164 169 173 174 178 179 180 183 185 186 189 190 194 195 200 201 203 204 205 208 210 215 217 222 225 226 228 230 232 234 239 240 241 242 243 247 248 249 251 252 253 255 257 260 263 265 269 272 274 277 280 282 283 285 293 294 298 302 303 305 307 310 312 317 318 320 323 325 327 328 330 331 332 334 335 341 344 347 349 351 355 359 361 366 369 371 372 374 375 379 380 381 387 393 396 405 409 412 414 415 417 420 421 423 426 427 429 430 433 437 
54 148 152 159 175 180 192 197 198 201 206 210 213 214 217 227 228 236 246 247 250 255 256 264 265 268 272 285 286 292 297 303 304 309 331 333 341 344 345 346 348 352 355 358 366 376 384 386 411 414 417 420 423 425 426 428 429 438 
197 151 152 153 155 158 163 169 173 175 176 177 179 181 186 188 189 193 201 202 203 204 207 209 211 213 216 218 220 225 227 230 231 234 235 237 240 245 247 252 255 262 263 266 270 272 273 276 277 279 280 284 286 287 290 297 299 304 305 311 316 319 322 340 341 342 345 349 351 354 355 356 361 363 369 371 373 386 388 389 393 402 403 405 409 412 413 417 418 419 420 421 428 431 436 437 438 
176 156 157 162 166 167 170 177 187 195 197 202 204 216 218 220 233 246 249 260 261 264 268 269 278 286 291 293 294 300 304 307 315 324 329 333 335 341 345 349 350 356 367 374 378 380 386 389 400 402 405 410 411 420 425 426 429 434 
165 1 149 150 152 154 156 161 162 170 175 179 180 190 191 195 198 200 204 209 212 216 223 225 231 245 247 250 251 252 255 256 257 264 267 268 271 278 279 282 284 289 295 298 299 315 319 327 328 329 330 335 337 342 343 346 350 354 355 356 359 361 362 368 371 372 376 387 390 392 393 402 406 407 408 410 414 417 420 421 423 425 427 431 433 436 
8 1 151 157 158 159 162 167 169 176 177 191 194 196 200 205 212 216 220 222 223 226 227 229 238 247 248 252 257 260 261 262 264 265 268 272 276 277 279 280 281 290 296 312 315 321 322 324 326 330 339 346 347 350 351 368 373 375 377 378 379 381 384 387 388 394 396 406 410 411 412 417 419 423 424 425 429 432 438 
182 347 
37 155 163 173 178 186 190 199 222 238 242 250 252 254 269 286 295 319 329 330 338 348 349 359 365 366 369 370 429 
200 148 149 150 152 167 173 174 183 191 208 209 216 224 231 232 235 244 251 263 283 285 288 290 292 295 300 302 310 316 325 326 343 345 358 365 366 367 373 375 381 382 387 391 392 404 407 409 423 428 430 432 438 
265 1 204 214 220 244 257 259 270 302 340 346 364 419 
24 150 151 155 161 164 166 169 170 172 174 185 191 202 209 215 234 238 240 241 243 244 252 256 260 264 272 278 290 303 306 313 324 325 328 331 333 340 344 345 347 348 353 357 358 372 377 382 384 388 395 397 404 426 436 438 
279 147 148 153 155 157 160 177 179 182 184 187 188 201 202 203 204 207 208 209 211 214 218 220 228 229 232 233 234 235 236 238 239 240 241 245 256 257 258 259 261 265 266 267 269 270 272 273 279 281 283 285 293 294 298 302 303 304 305 307 310 311 314 315 316 319 321 322 326 329 330 338 339 342 344 356 359 360 365 366 367 373 377 378 381 384 385 387 389 392 393 394 395 398 401 404 405 408 409 412 414 418 420 421 422 423 424 425 427 429 435 438 
28 1 147 149 154 157 160 161 162 165 172 173 174 177 181 182 184 193 195 197 198 200 205 206 208 211 213 214 216 217 223 226 229 230 240 241 242 243 247 251 252 253 257 259 264 269 272 275 276 277 278 279 285 286 287 288 290 293 301 302 305 306 308 310 314 320 329 330 332 335 337 344 345 349 350 358 361 362 364 369 370 371 373 375 376 377 378 384 385 386 387 388 392 393 395 396 399 400 402 404 405 407 408 410 421 427 429 431 436 
222 150 151 156 159 164 165 166 184 186 204 217 223 231 240 248 259 260 276 285 287 314 344 348 350 379 395 410 419 422 433 436 
236 1 151 157 190 203 237 248 261 273 279 284 324 342 343 346 355 366 371 384 391 418 419 423 433 
118 157 159 164 169 180 199 218 233 238 244 249 250 251 254 286 289 320 321 343 361 385 390 399 427 433 
103 152 162 163 164 168 171 176 180 191 198 199 204 205 210 220 221 224 229 238 247 252 253 254 255 265 280 286 287 299 336 337 343 348 355 362 368 372 374 375 378 379 396 405 406 411 415 424 
31 156 177 225 297 305 316 323 351 365 377 378 382 388 436 
66 152 156 161 173 179 180 187 199 202 206 211 215 216 221 228 230 232 233 235 237 238 240 245 252 257 260 263 267 271 286 287 289 293 301 304 305 307 310 316 319 321 323 327 328 332 339 341 343 351 352 362 363 368 369 370 372 374 375 377 381 383 384 387 392 393 399 402 406 410 411 414 416 418 422 425 426 428 429 431 
216 152 158 168 169 199 206 209 214 217 229 234 237 238 256 263 277 279 285 290 297 298 300 303 305 311 322 326 327 334 342 348 350 351 357 360 373 387 392 416 426 428 432 
170 248 280 363 
214 1 158 159 164 165 166 171 173 177 181 187 189 190 196 199 200 203 216 223 225 227 229 233 234 236 245 252 256 258 259 264 266 270 271 277 278 283 290 292 297 298 300 304 310 312 316 329 334 335 337 343 346 351 356 358 359 365 368 372 378 379 382 385 390 393 394 400 409 417 420 422 428 429 434 435 437 
129 274 
192 148 153 157 160 161 165 166 169 175 181 184 185 186 189 194 201 202 204 205 214 217 218 230 231 234 235 238 239 242 244 246 249 253 263 264 265 269 270 271 272 273 275 277 281 282 284 288 296 297 298 302 305 310 311 312 315 318 321 323 324 325 330 335 338 347 349 351 353 354 355 356 360 367 368 369 371 374 382 396 397 399 401 404 405 407 408 410 411 412 415 416 418 421 422 429 430 432 435 438 
264 154 155 161 172 176 177 178 180 185 191 192 203 205 210 215 217 218 220 221 224 230 235 240 241 242 252 255 256 257 259 261 264 268 274 275 279 284 285 286 293 298 304 305 306 310 314 316 317 327 328 329 330 333 338 339 340 342 346 348 350 352 353 356 360 363 368 371 374 380 381 382 389 398 399 400 405 407 410 415 417 418 420 424 425 426 430 432 
131 1 147 151 155 189 197 202 204 208 236 239 256 258 264 267 271 272 276 279 284 323 336 357 358 360 361 363 366 369 372 375 382 388 394 414 419 430 436 
112 1 155 164 208 211 212 213 216 225 231 241 248 255 266 268 271 280 286 288 289 292 306 316 330 332 343 347 348 354 360 361 365 400 420 425 429 
224 170 189 193 208 232 242 254 273 296 309 380 400 416 421 438 
77 22 198 281 85 154 10 49 162 128 177 290 154 178 236 194 113 176 232 20 187 254 239 46 91 115 283 187 231 180 2 97 7 167 32 284 148 59 244 191 8 24 122 154 245 238 148 84 146 90 154 77 192 253 278 51 281 256 112 185 217 33 180 125 16 300 220 181 208 131 295 189 12 82 240 225 46 186 293 64 17 161 39 70 203 177 114 6 4 260 271 231 45 63 300 44 101 217 26 143 38 203 182 299 137 27 36 230 135 219 138 214 249 194 275 23 10 41 235 121 13 21 250 68 17 185 165 251 219 235 22 233 129 211 122 285 134 99 236 239 145 261 168 71 59 101 76 250 187 70 157 254 92 21 45 208 214 188 214 32 270 257 221 120 68 284 25 279 201 14 213 243 20 29 174 62 207 118 45 238 30 116 288 144 280 3 223 136 262 36 247 77 26 16 12 64 204 231 223 159 268 215 60 150 261 269 147 185 242 203 124 127 286 94 278 104 13 245 92 235 260 149 77 218 270 104 50 178 194 42 49 204 172 263 226 52 223 210 157 95 271 258 191 206 229 127 297 240 149 282 80 113 189 241 155 160 252 111 268 263 153 208 133 270 44 14 218 120 2 262 188 186 73 124 19 120 169 16 241 201 60 97 199 59 100 157 176 258 143 163 103 45 207 170 159 226 206 110 128 54 260 200 105 272 100 267 54 171 144 121 177 167 185 33 1 269 259 151 259 120 61 104 28 288 289 40 125 176 25 207 141 32 160 258 198 67 265 224 298 55 122 161 166 17 236 295 187 152 259 195 178 166 135 118 86 12 181 259 157 180 37 172 182 4 48 36 89 28 148 29 10 125 70 255 117 11 206 207 65 37 171 129 108 261 132 97 296 138 180 200 115 19 107 132 225 200 161 11 87 31 53 280 42 237 39 87 71 243 96 189 288 283 189 107 256 145 233 157 63 67 99 163 119 287 12 71 252 232 59 249 218 124 28 125 300 123 117 150 
