294 441
208 149 150 156 157 159 160 163 174 177 178 179 181 182 185 186 187 190 191 194 197 198 201 204 207 208 209 211 215 216 219 221 224 227 229 230 231 240 241 244 245 250 252 254 255 256 257 258 261 269 272 273 278 280 281 284 286 292 295 296 305 306 307 308 312 314 316 322 326 327 330 332 335 338 339 344 345 347 354 357 358 359 361 365 366 368 369 372 374 375 376 377 380 381 382 383 387 391 393 395 398 402 406 417 419 420 427 430 432 438 
107 153 156 163 173 174 176 178 180 186 190 200 203 210 213 217 230 235 245 249 250 257 265 273 285 287 301 302 310 316 320 322 332 337 338 340 341 343 347 350 361 362 363 370 392 403 404 422 429 431 440 
271 176 199 200 230 242 258 272 288 316 317 319 333 385 388 396 399 403 432 434 439 
212 149 154 157 159 162 164 181 183 184 189 190 197 200 201 203 210 211 218 219 222 227 231 239 241 243 244 245 249 253 269 270 271 274 291 293 299 307 309 311 313 314 315 317 318 319 320 321 325 327 329 332 339 343 347 348 353 355 357 363 365 369 374 379 388 393 394 399 404 411 413 416 418 422 423 425 436 
44 154 155 162 164 165 167 169 172 175 176 178 179 185 189 195 197 198 200 201 206 208 209 211 214 216 218 219 221 223 226 232 236 237 242 244 247 249 251 253 260 261 262 263 265 266 269 272 275 276 280 282 291 292 293 295 299 302 303 304 307 310 315 318 323 326 327 331 332 333 336 338 347 350 352 356 362 364 366 369 371 374 375 377 381 382 383 388 389 391 394 395 400 401 404 407 408 409 411 413 417 421 427 429 431 436 437 439 
265 152 154 155 162 173 175 181 193 207 219 220 222 241 260 267 273 293 301 305 321 340 341 343 357 364 376 386 389 403 414 415 418 419 430 431 440 
121 153 163 164 165 166 170 178 181 182 184 190 198 201 202 209 213 215 216 218 224 225 227 231 232 235 236 240 241 243 244 246 247 251 253 254 255 256 257 264 268 269 273 276 280 283 284 285 288 289 292 294 296 300 304 305 318 323 327 330 331 342 343 344 350 356 364 365 367 370 371 372 374 376 381 390 392 393 394 398 399 405 410 412 415 420 421 422 423 427 428 429 432 435 438 440 441 
182 151 152 153 159 164 166 168 179 185 196 202 203 205 212 216 217 220 221 226 228 229 231 232 235 237 240 242 244 253 255 256 262 267 268 269 271 273 277 281 282 285 286 289 294 298 303 304 305 308 309 312 316 319 320 325 328 334 337 338 339 341 342 344 348 349 354 357 359 364 367 374 376 377 379 387 393 394 400 405 408 411 420 426 431 435 437 
126 150 157 161 177 178 179 184 189 191 192 194 195 198 203 205 208 212 217 218 222 223 225 226 229 232 242 244 245 247 251 256 260 263 265 266 267 270 271 273 275 283 285 288 293 294 307 309 313 314 315 316 317 319 322 323 325 327 330 331 338 345 346 348 350 354 359 361 366 369 377 383 384 386 390 391 395 398 400 405 407 410 411 412 414 420 421 423 424 427 430 431 433 436 439 440 441 
27 1 157 158 159 164 170 177 181 183 189 190 191 200 203 210 214 216 222 228 229 233 234 235 239 242 248 253 254 255 258 265 267 268 274 276 278 284 285 289 294 296 301 302 309 313 316 317 318 321 323 324 325 326 327 329 334 336 338 339 342 344 348 355 359 361 365 368 369 377 380 381 383 386 390 394 402 404 408 411 412 417 419 421 428 437 
300 153 154 157 160 179 188 193 195 196 208 218 221 225 234 251 257 262 266 267 273 283 287 289 302 308 315 334 340 364 397 399 406 408 410 414 417 420 
213 153 155 158 184 186 191 192 198 202 203 213 215 216 218 223 225 231 234 235 238 239 247 250 257 289 295 296 297 298 301 303 308 312 336 341 350 361 375 393 405 412 420 425 431 432 
238 153 154 156 157 160 161 162 163 164 166 169 170 171 172 173 179 181 184 185 186 187 190 191 192 194 196 198 201 203 204 209 215 217 218 220 221 224 228 233 234 235 237 239 242 244 246 253 256 257 259 260 264 266 271 272 273 278 279 285 287 290 291 293 298 301 303 307 310 312 314 318 327 330 332 335 336 338 339 340 341 344 347 349 354 355 363 364 374 380 385 386 388 394 399 402 404 405 409 410 412 416 420 421 422 424 427 428 431 433 440 
234 148 152 153 156 157 158 161 163 164 168 172 174 178 180 181 185 189 191 194 195 197 200 202 206 208 209 213 218 220 221 222 223 231 233 236 245 250 252 253 255 264 265 266 272 276 279 284 289 291 292 294 296 297 298 299 300 301 303 308 312 313 319 323 330 333 334 337 339 341 343 344 352 354 355 357 361 364 365 375 379 384 385 389 396 397 398 400 401 403 405 406 408 415 416 417 419 420 421 423 429 435 438 441 
215 226 
240 157 162 178 199 205 212 231 234 253 268 270 276 280 282 286 300 331 341 366 369 381 403 409 429 433 
231 151 153 154 155 160 162 171 174 175 177 178 181 182 183 186 188 192 195 196 205 209 212 215 218 219 220 222 223 226 229 233 236 237 238 239 240 243 245 246 251 254 259 260 261 264 266 268 270 271 275 284 286 288 290 291 292 295 299 304 308 312 316 325 326 329 332 338 339 341 347 350 352 354 355 356 358 359 360 361 363 367 369 371 378 380 384 388 389 390 392 393 394 406 413 415 416 419 424 425 427 429 433 
42 149 152 164 165 178 179 182 183 189 190 192 193 212 213 214 215 216 217 220 222 224 227 230 236 238 240 241 245 252 254 258 263 267 271 280 281 285 286 288 290 291 295 297 302 303 305 306 313 314 315 316 317 321 322 328 332 335 337 340 343 345 346 349 354 358 359 367 374 377 378 379 380 381 398 402 403 406 412 416 420 426 432 435 437 438 
292 1 149 151 152 163 166 167 172 174 178 184 187 197 199 200 201 202 205 207 214 222 227 228 229 232 241 247 251 252 259 260 263 264 265 270 273 279 285 290 294 306 309 311 315 316 317 321 323 324 325 327 335 342 345 349 356 358 363 373 377 381 385 389 394 396 401 403 409 410 411 412 417 421 425 426 432 433 434 435 438 440 
36 1 148 151 152 159 162 163 166 171 172 174 175 180 183 186 189 191 192 194 195 196 197 201 203 205 206 209 211 213 216 217 218 219 221 222 223 227 228 229 234 236 241 242 244 247 251 252 254 255 256 257 263 264 267 271 272 273 276 277 278 279 282 291 296 300 303 307 310 311 319 323 327 329 330 331 332 335 336 339 341 346 347 350 351 353 358 359 363 366 368 369 372 375 377 389 396 398 399 401 409 411 412 414 418 419 427 430 432 434 436 437 438 440 441 
219 1 150 156 157 161 163 166 167 168 173 175 176 180 181 184 185 194 202 204 206 208 209 210 213 217 219 220 221 224 225 230 234 242 243 247 248 253 254 258 259 260 261 263 268 269 271 272 274 281 284 285 287 293 296 297 298 299 300 301 302 303 305 307 310 315 316 319 325 326 336 338 341 344 357 362 365 366 368 370 371 374 378 382 383 386 387 400 401 402 403 404 407 409 414 417 418 423 426 427 430 431 434 436 437 
26 160 163 169 171 175 178 181 185 204 226 230 239 253 255 256 258 261 263 269 272 283 286 287 288 292 293 295 296 300 305 306 309 316 317 318 322 323 324 327 335 336 350 357 361 369 374 377 380 384 399 402 406 410 415 416 417 419 420 428 429 431 437 
287 152 157 159 171 180 181 183 184 189 191 197 202 208 209 223 232 249 256 258 260 269 272 281 295 297 306 308 332 334 338 347 348 355 365 371 375 378 385 388 395 402 404 416 422 423 428 433 435 440 
2 151 155 156 157 158 161 163 165 166 168 170 183 186 188 192 193 197 198 199 200 202 203 207 208 209 211 217 219 223 225 226 227 228 230 231 236 238 239 242 243 244 246 251 254 255 258 259 274 280 281 282 283 285 286 289 297 299 301 303 305 307 308 309 310 311 312 313 314 317 319 320 321 337 338 348 351 352 353 355 360 362 363 370 371 374 378 380 381 382 384 387 392 393 395 397 398 401 402 404 410 411 416 417 418 422 423 427 428 436 437 439 441 
21 181 206 230 287 359 425 
251 153 163 168 177 182 183 186 193 195 199 202 204 206 213 217 221 223 229 233 237 239 243 250 258 260 265 266 277 289 292 301 306 307 309 314 320 321 325 332 337 338 341 345 351 352 357 358 363 365 369 377 387 389 390 393 395 402 405 412 422 426 435 436 439 440 
99 148 149 152 155 157 159 162 163 165 166 171 173 177 178 183 185 186 188 195 198 199 200 201 203 205 208 214 216 217 219 223 229 231 235 237 241 242 247 249 250 252 256 257 259 260 261 266 269 270 274 277 282 283 287 288 289 291 296 298 301 303 305 310 311 315 334 340 346 349 356 358 360 361 362 364 369 374 378 381 389 392 396 400 402 404 407 416 417 419 420 426 430 437 438 439 
128 151 152 158 162 163 168 174 175 182 184 185 186 187 188 193 199 202 206 207 211 212 213 214 217 228 229 230 231 233 236 237 239 246 247 250 253 255 258 264 265 269 270 282 285 286 287 289 290 291 295 296 299 301 302 303 306 308 312 314 320 321 322 323 324 326 333 337 338 340 346 351 354 359 361 365 367 370 371 375 376 379 380 382 389 391 392 396 397 398 403 405 406 408 409 417 423 424 425 426 428 430 431 433 435 436 438 439 
263 152 157 158 159 162 165 181 184 186 187 191 192 193 195 196 198 199 200 201 208 213 215 216 217 220 221 225 227 228 230 231 232 236 237 239 240 241 242 248 250 254 257 258 261 262 269 270 275 277 282 283 284 287 293 294 295 297 300 301 303 304 311 312 314 315 322 323 328 330 333 334 335 339 345 346 349 350 356 357 359 362 369 373 376 377 379 381 385 389 391 393 394 397 401 403 407 408 409 411 412 416 417 419 426 430 434 436 437 438 
103 1 151 152 161 162 164 170 174 176 186 196 198 200 203 220 224 225 230 231 239 243 255 259 264 268 269 276 281 285 287 296 300 302 320 325 339 340 341 355 356 360 361 362 363 366 367 370 371 372 375 378 382 409 411 418 419 434 438 
284 1 148 149 155 162 169 170 171 176 177 181 182 186 191 194 199 202 205 207 209 216 219 221 222 227 232 233 235 238 242 248 254 256 259 261 263 266 267 269 272 273 274 278 279 280 282 287 290 297 298 304 308 310 311 312 324 328 329 331 333 337 338 339 341 343 344 345 346 348 350 354 355 357 361 367 368 372 375 377 379 382 384 385 388 391 394 397 400 414 416 418 422 424 426 428 429 432 433 434 438 
3 151 153 155 160 174 179 181 187 188 197 198 200 202 203 205 206 208 209 211 214 215 220 225 226 227 229 231 234 236 238 240 242 244 246 250 251 253 257 258 259 260 266 273 274 276 279 281 287 295 304 309 312 313 314 316 320 321 323 324 325 328 332 333 334 335 336 339 342 343 345 347 348 351 353 357 360 362 365 366 367 370 377 379 381 383 385 386 390 398 400 402 403 404 406 409 410 414 416 418 421 426 427 428 433 434 436 437 441 
29 156 158 162 164 169 179 183 194 196 202 204 206 208 211 212 213 214 215 216 219 229 234 235 236 238 240 251 253 254 255 256 258 264 269 270 278 279 283 284 288 290 291 294 298 301 306 310 312 313 314 318 321 322 326 328 329 335 337 339 345 347 349 350 355 358 360 361 364 366 368 371 374 375 378 380 381 386 387 391 392 393 395 396 400 402 407 408 411 418 419 420 421 424 425 426 430 432 436 
191 150 152 154 157 167 169 170 172 179 180 183 189 191 196 197 198 199 200 205 206 207 209 215 219 222 225 227 229 230 235 240 243 245 258 260 261 262 263 272 275 278 281 282 284 286 287 290 292 300 303 307 309 311 317 319 321 323 329 334 347 348 350 354 358 362 365 366 367 376 379 381 384 388 389 391 392 395 400 406 412 414 416 417 419 422 423 425 426 430 433 434 436 438 
69 1 150 152 154 155 157 162 164 166 169 170 174 175 177 181 183 184 185 187 188 192 195 198 199 201 202 203 204 207 210 214 215 216 219 222 226 227 231 234 236 237 238 240 242 248 250 253 264 280 287 293 294 296 297 298 299 300 301 302 304 310 312 314 315 318 321 323 327 328 332 335 337 338 339 344 354 356 357 358 361 363 365 366 369 375 385 386 387 388 389 390 392 394 398 399 402 403 410 418 420 422 423 424 427 430 431 433 434 436 439 
280 148 150 152 153 156 157 159 164 165 169 170 194 196 202 203 206 219 222 225 228 238 242 250 251 253 254 256 257 260 263 269 270 272 274 275 276 279 283 292 293 297 299 300 304 306 307 310 318 319 320 321 325 328 331 335 340 347 348 349 350 352 355 362 365 366 376 378 380 383 384 385 386 387 391 403 404 408 409 410 414 415 419 428 429 430 431 436 439 440 
193 150 165 178 179 196 212 235 236 248 250 252 254 262 266 275 284 300 313 329 348 361 378 391 412 
155 1 150 153 154 162 166 185 186 195 199 201 203 206 207 209 211 212 213 214 216 219 221 224 232 233 236 239 240 241 246 251 261 264 265 267 269 277 281 282 287 289 290 292 296 298 305 307 310 311 315 319 320 321 324 326 330 334 340 344 347 352 356 360 361 362 374 375 376 380 382 388 392 395 396 402 410 417 421 429 430 431 432 435 439 
221 1 149 151 157 158 163 166 169 172 176 196 197 199 204 206 212 214 219 220 221 224 226 228 231 232 233 235 236 240 241 243 246 247 250 252 253 257 258 259 261 263 270 271 272 273 275 280 283 285 286 287 288 289 291 294 295 301 302 310 314 316 317 318 319 322 326 329 330 332 333 338 342 343 346 347 348 351 354 356 358 361 365 376 377 379 382 383 385 387 390 392 394 397 402 403 404 405 408 411 414 415 416 418 421 429 430 431 436 438 440 
160 157 168 172 192 195 210 211 219 224 236 242 244 246 248 249 254 256 290 312 320 327 330 334 335 349 359 363 371 382 386 389 402 419 
160 173 181 184 197 204 211 213 222 228 230 234 245 248 249 251 263 271 291 298 302 307 326 333 336 337 344 350 352 361 363 401 402 407 417 
148 1 148 149 154 164 170 171 176 182 187 190 196 206 207 219 221 225 229 241 243 248 252 256 261 265 276 279 282 291 293 296 303 308 309 310 311 314 315 334 338 343 352 355 356 363 367 369 373 375 382 383 387 395 396 405 406 410 415 418 424 430 432 437 
99 148 150 151 152 156 158 159 162 164 165 167 168 171 172 174 180 181 184 186 188 190 192 193 204 205 207 212 213 215 219 231 233 238 239 240 241 244 245 246 247 248 252 257 265 273 284 293 295 296 297 300 307 319 322 325 326 331 333 334 337 338 342 344 345 349 350 355 359 360 362 366 367 368 379 382 383 384 387 389 390 397 400 401 402 404 407 408 410 411 415 417 419 422 423 424 427 428 430 432 435 436 
131 177 214 276 280 337 347 353 364 407 433 
81 151 154 156 157 158 160 161 165 174 177 178 179 182 184 185 186 187 189 195 196 201 203 206 207 208 209 213 214 215 217 220 223 225 227 232 235 238 239 243 244 250 254 256 258 259 263 265 267 269 270 272 273 274 275 276 278 284 288 292 293 298 299 300 303 305 312 313 315 321 322 329 332 335 341 347 351 356 357 358 359 361 363 365 369 371 373 374 379 382 387 390 391 392 393 394 398 400 402 403 407 408 412 413 415 421 426 428 431 440 441 
165 149 164 167 172 209 222 229 233 257 264 267 268 272 281 283 291 292 311 321 344 400 407 432 441 
142 153 176 182 192 198 207 210 215 228 238 239 253 287 299 322 328 330 338 342 346 354 409 427 438 
121 162 305 320 389 406 416 426 
21 159 162 164 168 172 175 180 181 193 219 226 232 244 250 253 255 277 278 281 301 327 334 336 363 368 369 370 409 411 418 422 423 437 
197 152 155 157 162 165 168 175 177 183 189 191 194 199 224 242 255 259 284 297 306 309 311 337 339 352 363 371 373 374 378 384 388 389 390 392 395 404 414 418 421 429 431 435 441 
79 148 157 162 209 214 228 239 246 250 268 273 282 292 293 297 301 304 324 332 334 336 340 341 366 379 381 392 394 398 401 403 412 440 
283 149 162 166 179 183 186 192 194 210 211 213 217 218 223 226 227 229 234 236 239 242 243 256 258 268 276 280 289 292 296 309 318 320 324 329 334 335 342 345 349 352 369 383 384 392 399 401 413 423 428 438 440 
54 151 152 161 164 167 172 174 178 183 184 185 188 202 204 208 210 213 215 216 219 223 228 232 233 243 245 249 252 254 255 259 264 269 270 271 279 281 285 286 287 292 294 295 297 304 312 313 323 328 329 337 340 344 345 346 359 362 366 368 373 376 396 400 407 408 410 421 427 428 430 
233 149 153 162 164 171 173 176 177 185 186 187 188 193 196 200 204 209 212 213 215 216 219 222 224 226 227 229 231 232 238 243 246 250 253 254 256 258 259 262 263 264 268 270 274 275 289 294 299 300 308 316 318 322 325 328 332 333 334 345 347 350 351 353 357 358 368 370 371 373 381 387 389 390 391 397 399 404 405 406 407 409 417 420 424 427 431 433 435 437 438 439 441 
149 149 152 157 161 164 175 176 181 184 186 187 190 194 196 199 200 204 206 208 211 212 215 220 224 228 229 232 233 241 244 247 253 254 255 259 260 262 263 265 266 267 270 271 278 279 282 285 287 288 289 290 291 293 294 296 300 301 302 304 305 311 313 320 321 326 328 332 335 337 338 343 351 354 356 361 364 369 370 371 377 378 379 380 382 386 396 397 402 403 405 409 426 428 433 435 436 440 
120 149 154 155 156 157 164 167 172 175 176 179 183 185 187 191 193 195 197 199 201 202 208 218 226 227 228 233 235 240 244 246 249 251 252 261 263 269 272 273 278 283 289 298 309 319 324 330 331 340 342 343 345 351 358 362 365 366 369 371 376 377 380 382 387 396 400 401 403 407 408 412 415 420 428 434 436 439 
263 149 152 153 155 156 158 159 161 165 166 167 169 172 177 182 185 186 187 189 191 193 196 199 204 205 209 212 213 220 221 229 232 234 236 243 247 248 250 257 259 260 263 264 270 274 280 286 288 291 297 299 307 309 312 317 319 320 323 327 328 330 334 335 341 342 345 346 348 350 351 357 358 359 361 363 373 378 381 384 395 396 399 400 402 408 409 413 415 417 418 419 420 422 426 427 430 432 433 436 437 439 440 
5 153 163 188 196 201 202 217 221 236 243 249 253 265 270 278 282 296 300 303 324 325 331 337 386 390 417 421 426 427 429 434 435 436 437 440 
158 148 151 154 164 169 175 186 197 200 202 207 208 211 218 223 227 232 233 235 252 253 255 256 259 263 264 265 268 280 284 292 302 303 307 314 315 322 329 331 333 335 342 347 349 374 375 379 380 384 387 395 409 423 429 430 439 
189 154 164 172 173 175 185 189 190 195 200 202 203 204 206 207 213 215 216 217 220 226 231 235 238 253 256 257 259 262 265 268 270 279 283 286 289 294 295 298 304 307 317 319 322 324 331 335 338 339 343 345 346 348 352 353 358 359 361 369 375 376 377 380 383 388 395 398 401 402 405 414 415 417 422 427 431 434 435 438 
222 149 153 155 157 159 164 166 173 176 178 180 185 188 193 194 196 198 200 201 207 214 215 216 217 218 219 221 228 230 231 236 238 242 248 251 252 254 256 261 262 270 271 275 280 284 288 292 295 303 310 317 318 325 328 329 331 334 337 338 342 344 346 347 350 352 356 357 361 366 368 371 375 377 382 387 389 392 394 395 401 403 404 405 406 408 412 418 426 429 431 432 437 
26 153 154 160 168 175 178 181 191 202 204 205 211 224 225 227 228 229 235 236 237 244 252 254 255 258 273 277 282 293 294 296 300 304 307 312 317 318 321 330 338 339 341 345 346 349 351 353 356 359 363 367 390 395 397 401 407 409 414 420 421 424 425 431 438 
212 182 201 220 222 244 261 263 267 281 287 320 337 351 354 359 414 
265 151 152 153 154 158 165 170 172 175 179 182 184 187 188 192 193 195 207 208 214 216 223 225 231 234 238 243 244 246 249 251 254 255 261 263 265 266 268 276 277 278 283 284 288 289 290 291 293 301 304 305 307 314 326 327 329 334 336 338 339 343 346 348 349 351 352 357 361 362 363 365 368 373 376 377 379 380 384 385 386 389 392 400 404 405 408 409 410 412 413 419 423 424 426 429 433 434 435 436 437 440 441 
28 148 150 152 160 165 171 174 177 179 180 181 188 191 193 196 197 198 202 203 207 209 210 216 218 219 221 223 226 228 231 232 235 242 248 251 252 253 259 265 273 274 275 276 277 279 280 283 286 288 291 292 293 294 296 305 315 316 317 318 319 323 329 332 333 334 341 342 344 346 350 352 354 355 361 362 363 369 371 372 373 374 376 377 379 389 394 399 403 404 408 409 410 411 413 419 423 430 432 434 
87 152 156 165 168 169 170 172 176 179 180 181 190 192 196 198 202 204 206 209 212 213 221 224 226 235 238 240 244 250 264 270 285 286 287 290 291 293 297 299 303 305 306 307 308 316 317 318 321 322 323 346 359 361 362 368 371 374 377 378 389 394 397 406 411 413 418 419 420 421 423 425 426 428 441 
256 153 155 180 187 190 192 197 229 244 255 256 266 271 295 296 297 343 344 353 357 361 373 387 391 396 403 409 417 418 428 429 436 
164 1 150 156 162 163 174 177 184 186 191 199 203 219 231 232 233 236 243 245 246 247 251 256 259 263 281 282 283 297 298 300 302 304 307 309 313 315 318 319 321 323 324 327 329 331 333 334 349 353 360 361 367 381 389 405 412 413 414 417 418 425 434 438 439 
200 164 166 174 182 183 202 215 218 226 251 268 276 277 291 324 325 370 396 399 413 417 419 423 425 440 
208 148 152 153 154 165 167 168 169 173 177 180 187 190 192 199 202 204 208 211 212 214 215 218 220 225 227 230 235 242 245 246 247 248 260 264 280 281 290 291 292 293 294 299 303 308 309 315 316 317 324 327 332 335 337 343 345 355 359 362 363 372 384 386 389 393 395 399 401 404 409 413 414 418 426 427 430 435 438 439 440 
126 150 158 180 182 192 197 198 222 226 232 236 243 247 248 262 275 289 306 317 328 331 345 346 347 349 378 385 386 391 403 407 410 415 418 421 426 427 
34 149 153 154 158 159 166 167 168 170 172 175 180 182 184 188 190 194 197 198 199 200 204 205 207 221 224 231 232 233 234 235 246 248 249 251 254 257 261 263 265 268 269 283 285 286 287 289 294 296 298 305 313 314 315 316 319 325 330 332 333 334 339 342 344 346 351 354 356 363 366 367 369 370 375 380 381 389 392 396 398 399 400 402 415 416 417 421 423 428 432 434 438 439 440 441 
134 160 166 168 175 178 192 194 202 205 208 209 222 226 230 234 236 248 254 258 264 267 275 280 283 287 303 323 338 341 343 355 359 374 387 420 429 
52 159 207 228 296 318 331 
116 152 158 159 161 162 163 164 169 172 173 175 177 180 183 187 191 202 203 204 206 207 210 216 217 222 225 231 234 235 236 238 240 242 244 249 253 256 262 267 270 276 277 279 285 286 290 297 299 301 303 305 308 312 315 317 318 320 322 323 333 334 336 342 343 344 348 349 350 358 359 360 374 375 377 379 380 381 382 384 385 392 393 394 400 403 411 415 417 421 422 423 424 426 427 428 429 431 432 438 
203 148 149 150 155 157 163 165 169 176 178 179 181 185 187 195 198 201 207 210 217 225 226 227 230 232 233 238 240 241 244 246 250 253 257 261 269 276 278 293 299 303 304 309 311 320 326 335 344 349 355 358 359 363 373 374 381 388 391 393 397 408 409 415 426 432 
221 174 191 195 197 212 248 252 272 286 289 300 312 317 351 368 370 374 406 409 413 432 434 436 
135 152 156 157 158 161 166 178 181 184 189 193 200 201 204 206 211 212 217 219 225 226 232 233 239 241 243 250 252 261 264 265 270 276 279 282 287 290 294 297 299 305 308 309 316 326 327 330 331 336 340 342 345 352 353 356 358 362 373 375 382 389 393 394 396 411 415 422 424 437 
297 153 157 160 166 172 174 177 188 199 201 206 207 209 219 221 233 238 240 243 257 262 264 267 271 273 274 282 284 287 290 297 302 315 319 322 325 326 338 342 343 351 352 361 362 371 376 377 379 388 394 410 412 413 417 419 423 430 
235 165 187 195 203 213 214 225 265 279 319 325 367 372 400 412 424 
100 1 151 156 157 159 162 163 172 179 184 187 188 189 190 191 192 193 194 195 196 199 201 204 205 207 209 213 215 229 237 241 246 247 251 255 257 259 260 261 263 267 268 269 270 271 277 278 280 283 293 299 302 304 306 308 312 313 315 316 318 320 324 325 326 327 332 333 337 338 341 343 347 350 352 355 358 359 363 366 367 369 372 374 375 376 377 381 383 385 386 387 389 390 394 395 396 399 402 408 411 413 415 423 424 432 435 440 
39 148 154 155 158 162 164 165 166 167 172 174 177 182 187 189 190 191 193 198 200 202 205 206 210 217 218 221 224 228 230 231 234 235 236 237 240 247 251 259 260 263 264 265 269 270 274 277 288 289 292 293 296 297 305 311 312 313 314 317 319 320 321 322 330 332 336 338 343 347 350 359 360 367 368 370 371 378 380 382 383 384 395 396 398 405 406 410 414 418 421 427 428 432 434 435 436 438 
104 173 177 181 194 195 199 207 212 222 228 250 251 252 257 261 272 285 287 314 316 357 358 360 365 386 388 399 405 421 423 425 429 433 
289 148 149 150 151 152 154 156 158 159 162 163 166 168 169 172 176 177 178 182 185 193 199 202 203 205 206 210 211 216 219 221 222 224 229 233 234 238 240 242 249 250 255 256 257 270 271 273 280 281 283 285 287 288 294 295 300 301 302 305 306 308 310 314 316 318 319 320 322 325 328 329 333 336 341 344 347 353 356 364 367 373 374 376 379 385 387 389 391 392 393 394 401 402 403 404 408 409 412 414 416 417 418 419 422 423 429 431 433 434 437 438 440 441 
237 148 156 157 158 159 162 164 166 168 169 170 175 177 179 184 189 191 192 197 203 205 206 208 211 214 216 217 218 222 230 235 239 241 245 263 268 271 272 273 276 278 282 309 312 323 326 330 333 337 339 342 348 353 360 366 369 372 374 377 387 388 392 397 398 399 400 405 408 427 428 434 436 441 
186 152 154 155 156 157 162 167 171 175 176 184 187 189 192 193 199 202 207 208 211 212 219 220 227 228 236 239 240 243 246 253 260 270 273 275 276 287 293 294 296 298 300 307 311 314 320 324 325 326 327 331 343 346 349 352 353 357 361 364 366 368 370 372 375 377 382 384 387 390 392 395 396 398 399 400 403 406 408 419 420 422 432 433 435 437 
277 149 151 154 160 163 168 170 177 178 180 188 193 200 205 219 220 222 224 247 262 266 271 277 279 295 298 306 309 313 322 325 326 343 350 353 364 366 367 375 387 400 404 407 422 433 438 440 
37 160 174 176 178 179 183 187 189 190 191 192 209 210 217 220 223 226 240 248 251 256 266 271 272 283 286 290 292 294 309 311 314 327 329 332 333 338 344 347 348 353 356 365 369 370 382 398 402 409 415 417 425 431 434 441 
110 149 151 156 157 165 199 211 213 214 216 228 245 268 275 276 284 289 294 297 308 309 312 325 347 348 354 362 382 392 404 418 419 420 424 426 428 431 434 440 
77 156 162 163 165 167 175 185 186 193 206 217 222 234 247 254 260 261 262 265 273 274 278 280 312 314 326 328 333 335 350 355 356 361 378 383 387 388 393 405 406 410 415 419 433 
283 1 149 156 217 222 234 259 271 289 307 319 325 335 350 367 380 
19 1 148 152 157 161 169 174 178 179 181 183 185 186 188 189 190 191 197 199 200 203 204 205 206 207 208 210 213 215 218 222 224 227 228 237 241 242 243 244 251 252 254 256 257 265 267 269 275 277 279 280 282 284 290 291 295 298 304 312 316 318 322 324 327 328 330 333 336 339 340 342 343 347 348 349 354 356 360 361 362 370 374 376 381 385 389 392 394 396 402 403 408 410 412 415 418 420 423 425 426 429 434 435 436 
183 150 152 153 162 163 164 168 170 180 181 183 189 207 209 220 229 230 235 237 239 240 246 249 250 252 253 254 255 256 258 262 263 264 265 266 274 276 279 280 282 285 288 290 292 293 297 299 303 305 306 307 310 311 312 318 322 326 331 332 335 339 343 344 346 347 348 355 359 364 366 367 368 376 380 387 391 394 395 397 403 405 406 407 410 411 413 416 419 420 423 425 428 430 432 437 440 441 
154 157 159 162 166 170 173 178 194 202 223 224 226 229 231 233 237 242 247 248 251 255 263 264 283 289 299 304 306 312 318 319 329 341 351 366 375 376 377 380 387 392 397 400 402 403 406 415 418 421 424 426 436 439 
2 168 186 187 192 196 214 225 232 251 252 256 260 268 271 273 275 287 299 302 304 309 311 326 328 329 338 342 353 359 362 380 393 399 407 411 412 415 426 
240 1 156 157 161 162 167 169 175 188 190 191 194 196 197 198 199 202 208 211 213 219 220 222 225 230 234 235 244 246 250 252 253 254 257 258 259 260 261 268 274 275 279 282 284 288 289 291 294 299 300 303 305 306 311 323 326 338 343 346 352 354 355 358 360 364 370 375 377 379 380 381 384 387 390 392 405 406 407 409 416 417 421 422 423 427 431 436 437 440 
108 1 148 150 154 156 158 160 161 166 167 168 169 173 174 177 182 183 187 189 192 193 200 205 212 213 214 219 222 223 227 228 230 231 233 235 237 239 240 245 247 253 256 261 262 263 265 267 269 275 276 280 282 286 292 295 296 306 308 310 311 312 318 320 321 322 326 333 337 343 345 351 355 360 366 368 372 373 375 378 379 380 383 384 393 397 399 400 401 406 411 417 418 425 427 430 431 432 434 436 440 
190 148 153 158 165 167 171 174 177 182 183 191 201 216 220 223 226 233 243 250 267 273 274 280 294 295 298 313 318 321 330 331 337 342 344 349 351 353 361 363 366 375 379 401 403 408 412 424 
222 215 231 250 273 290 292 306 311 316 341 348 352 357 359 372 389 396 434 439 
253 1 152 153 156 157 172 173 181 182 192 195 196 198 199 202 209 210 211 213 214 215 217 220 222 227 230 232 234 236 237 239 243 244 252 255 262 269 270 277 280 281 285 287 291 294 299 310 312 314 320 324 327 333 335 337 340 342 347 348 352 353 362 363 364 365 372 386 387 388 390 398 400 405 407 408 413 417 419 421 424 427 428 431 433 438 439 441 
219 150 152 153 154 157 158 160 168 176 177 178 180 181 183 185 186 188 189 190 193 194 195 198 200 206 212 216 219 223 224 226 229 235 236 239 245 247 248 252 256 260 261 262 263 273 274 281 286 288 289 295 300 304 307 309 311 314 315 320 321 323 332 335 342 343 346 347 351 352 361 366 371 372 374 378 381 382 385 389 390 391 395 397 398 399 403 405 406 408 411 414 417 419 421 423 425 427 434 436 437 438 
221 151 159 173 176 179 180 184 200 202 203 205 210 216 219 220 224 227 235 236 241 244 280 281 283 284 292 295 296 304 306 307 322 333 334 340 354 363 364 366 369 372 377 381 382 385 393 395 400 409 411 417 418 428 439 
213 148 150 153 156 157 158 161 163 166 167 168 169 170 174 178 179 180 182 186 187 197 208 211 219 221 223 229 231 232 234 235 239 246 249 255 262 271 274 281 283 284 286 290 295 296 303 307 308 317 320 325 326 329 332 334 337 339 342 349 350 352 356 368 370 373 382 387 390 392 396 398 401 409 410 413 418 419 420 430 431 432 434 435 436 441 
179 149 155 160 162 164 171 172 182 187 199 206 209 210 213 218 227 230 231 237 246 251 254 255 261 271 274 277 287 296 305 309 312 316 318 319 326 330 337 346 354 359 360 362 364 367 368 375 378 379 380 396 397 407 415 420 430 436 
238 1 156 180 185 198 220 275 277 292 338 355 404 
278 160 162 164 167 168 175 181 187 195 199 200 201 205 206 222 229 234 235 236 237 238 239 253 258 263 264 268 269 270 274 281 285 286 287 289 290 293 295 296 303 308 325 328 335 340 343 346 347 351 355 356 357 381 387 392 413 414 416 417 418 425 437 
275 152 153 154 155 160 163 165 166 167 168 169 176 177 181 183 184 197 203 205 206 209 215 219 223 227 228 234 236 240 241 242 244 257 258 259 262 263 265 269 273 274 280 281 282 287 288 293 294 296 300 301 302 304 307 308 310 311 312 315 317 318 321 322 326 329 332 333 344 347 348 350 351 353 356 358 359 366 370 373 378 379 385 388 389 390 391 392 393 402 405 406 410 412 415 416 419 420 427 428 436 438 439 440 441 
36 150 152 153 157 167 168 170 173 184 186 187 193 194 195 196 198 203 209 211 212 214 220 223 224 225 228 229 235 240 241 242 247 255 258 259 260 268 271 273 274 275 276 279 284 285 287 289 290 294 296 298 303 310 316 318 321 323 327 335 336 338 340 342 348 349 351 354 361 362 364 365 369 371 377 381 382 390 392 400 402 404 406 409 415 417 419 423 427 429 430 
160 1 152 156 158 159 168 169 170 172 174 175 176 179 181 182 188 191 194 195 198 199 202 205 206 209 212 213 214 217 220 221 222 224 225 232 238 243 248 251 256 262 264 266 272 274 279 280 283 287 288 291 292 293 296 298 299 300 304 306 310 311 316 318 322 325 331 334 335 340 344 346 350 355 356 357 366 367 368 369 385 387 388 389 391 401 402 406 414 416 419 420 429 434 439 
68 150 153 157 158 167 173 176 186 188 189 190 199 200 207 216 224 230 240 243 245 248 257 258 267 272 273 274 283 286 303 305 309 319 326 327 328 332 334 337 341 343 344 345 348 350 359 362 369 370 372 375 378 383 386 391 393 395 400 410 413 423 426 434 435 436 438 
194 154 159 160 161 162 164 169 178 179 180 181 186 190 194 209 211 214 217 219 221 224 232 233 237 239 243 247 252 260 262 266 267 271 274 279 280 281 285 290 291 297 309 312 316 319 320 321 325 328 331 335 337 344 347 348 355 357 362 366 370 371 376 384 387 388 389 392 394 402 407 414 415 418 426 427 428 430 432 433 435 437 439 441 
9 152 155 159 162 164 183 198 208 215 223 227 230 238 242 246 249 261 265 271 275 280 281 287 303 314 315 322 339 342 346 349 353 356 363 365 375 380 385 386 394 395 402 403 404 411 419 426 433 434 438 441 
125 153 156 162 164 166 168 171 173 176 184 198 207 220 224 228 236 239 247 248 254 262 267 269 270 274 276 280 284 301 303 306 307 320 322 335 359 371 381 384 399 408 410 424 437 438 439 
247 150 153 154 155 160 164 174 183 193 197 201 204 213 217 219 220 223 224 227 228 240 241 250 252 258 264 273 284 288 293 298 313 314 316 317 326 334 335 337 338 342 343 348 350 355 357 359 366 370 374 375 376 381 394 396 399 407 424 428 434 435 440 
249 161 169 223 270 287 290 341 379 394 400 415 
80 220 222 230 237 238 376 422 424 
271 151 165 174 175 215 225 228 229 237 252 254 256 268 272 289 290 298 301 303 312 324 326 336 337 341 347 357 359 360 375 384 386 392 398 399 413 419 422 427 435 436 
61 161 186 202 208 210 213 231 243 250 252 253 264 294 297 315 319 338 340 344 345 347 359 360 366 377 381 382 394 397 402 404 405 406 418 428 439 
77 1 149 151 152 155 159 164 165 170 171 175 176 190 191 193 195 197 202 206 212 214 215 222 223 225 226 228 233 235 237 238 243 244 246 247 249 250 254 255 256 257 263 264 266 267 272 275 288 289 298 304 305 307 315 318 320 321 330 331 332 334 335 337 338 344 346 350 354 359 363 372 374 375 376 378 379 387 388 396 399 400 403 404 405 406 407 412 415 416 418 421 430 433 
225 151 153 157 163 166 171 174 187 189 198 201 204 208 213 215 218 231 236 239 241 242 246 253 255 259 260 262 267 269 273 274 278 279 287 289 290 300 307 309 313 316 322 325 326 327 328 331 352 354 355 364 371 372 375 381 383 401 403 404 407 408 414 415 416 418 423 432 433 434 435 
262 148 153 154 163 165 167 168 175 176 184 185 191 192 195 201 208 214 221 223 225 228 229 239 240 245 250 254 260 262 263 269 271 272 276 279 280 281 284 288 289 291 294 297 306 311 313 319 322 326 330 334 338 343 347 355 366 370 373 374 376 377 378 380 388 389 390 392 394 401 402 406 409 410 416 419 421 427 431 433 435 436 438 440 
257 1 151 156 165 166 169 170 171 184 192 197 203 207 216 221 235 240 241 244 246 247 249 252 255 256 257 258 263 265 266 270 271 277 280 292 295 302 303 304 307 312 313 321 326 328 329 333 353 368 369 371 379 386 408 416 419 420 423 425 427 429 432 
207 155 157 161 166 174 175 176 180 183 184 185 198 202 203 206 220 222 223 231 232 247 255 256 258 259 260 266 267 280 281 286 289 291 300 304 305 311 313 314 337 340 341 343 359 360 364 368 377 382 387 389 393 394 412 414 415 416 417 423 429 438 441 
240 148 150 156 157 160 167 179 187 188 191 201 205 206 211 218 257 259 260 283 284 288 312 313 314 321 322 334 337 349 368 374 387 401 402 403 409 417 420 421 437 439 
55 148 167 169 174 180 181 183 185 189 200 201 211 213 217 220 222 228 245 246 256 257 258 264 267 269 271 274 285 288 296 297 306 317 323 324 336 340 348 350 370 371 372 373 377 378 383 392 411 415 417 424 430 433 439 440 
267 149 151 154 155 158 160 162 163 164 165 168 169 171 175 176 178 182 184 185 187 188 192 193 197 198 209 214 217 218 219 220 221 227 229 231 234 237 240 243 246 252 260 262 265 267 274 281 284 287 289 294 300 301 302 309 310 314 315 317 318 325 327 333 334 337 342 343 344 348 352 355 356 364 368 370 372 377 380 384 386 387 389 390 402 407 412 416 417 420 422 423 425 427 441 
62 226 262 396 399 413 439 
195 149 154 157 160 162 171 174 181 182 184 189 191 192 193 197 202 207 212 214 215 221 228 234 236 237 241 242 247 253 258 259 260 261 287 295 297 299 315 316 317 318 323 324 328 330 341 342 343 344 346 347 350 352 358 360 367 370 371 372 378 379 383 387 392 399 400 404 409 410 411 412 415 441 
268 1 149 150 152 153 156 170 171 172 179 183 184 186 187 193 194 196 202 203 205 207 209 211 214 217 219 221 222 223 224 228 240 241 243 244 250 251 252 253 254 257 259 260 266 268 272 273 275 276 279 280 284 288 292 293 304 305 309 313 315 317 318 319 320 322 323 327 331 332 338 339 342 343 352 355 356 358 359 361 362 364 369 372 376 379 381 382 387 388 398 400 401 402 403 404 407 414 417 420 421 422 424 425 427 429 434 435 439 441 
163 1 154 155 157 161 165 167 170 181 182 183 186 187 190 191 192 194 195 198 200 202 204 209 211 212 213 219 228 230 232 234 240 242 243 245 253 257 261 264 266 272 273 278 283 285 292 293 294 295 299 300 301 304 307 309 310 313 315 316 320 322 325 326 327 330 331 333 334 339 341 345 346 355 359 361 362 365 366 368 369 371 381 382 383 385 387 389 393 394 395 397 398 400 403 405 408 411 412 414 415 416 418 421 422 423 425 426 428 430 433 434 438 441 
247 148 151 152 153 157 161 168 172 173 174 175 182 183 185 190 191 206 210 218 222 224 227 230 235 240 246 248 252 254 256 263 266 269 271 277 279 281 286 301 311 317 320 321 322 324 329 330 338 351 353 364 365 367 369 372 382 383 385 386 390 398 399 404 406 411 412 413 416 425 428 438 439 440 
77 152 155 156 158 160 162 164 168 172 181 183 189 194 198 199 201 204 205 207 208 209 213 215 218 219 220 223 225 230 245 250 253 256 260 261 267 270 273 274 276 277 280 291 295 301 305 306 308 310 314 315 318 319 320 325 328 334 340 343 344 346 347 349 350 356 357 362 363 364 365 366 367 371 374 385 390 391 399 402 403 404 405 418 419 420 421 426 427 434 438 440 
234 1 149 153 162 163 167 168 169 171 174 177 182 183 186 188 189 190 193 202 209 210 216 217 220 221 226 227 228 232 234 236 239 241 248 254 255 261 263 266 269 273 276 282 284 286 287 291 307 308 313 314 315 319 322 323 331 334 335 341 342 347 349 350 358 361 362 363 364 365 369 373 375 383 384 388 392 393 394 397 398 401 402 404 413 414 417 419 421 423 424 426 427 432 437 438 439 440 
134 155 156 160 164 186 191 200 201 203 206 210 212 217 223 225 232 235 241 244 253 262 265 268 271 273 274 276 283 288 298 299 302 308 309 310 320 321 322 323 327 329 332 338 339 342 349 350 353 360 364 367 372 373 380 382 383 388 389 391 398 400 406 410 418 421 422 423 430 
132 180 245 277 286 306 361 398 418 
187 149 152 154 156 158 159 160 162 164 168 169 170 175 176 177 181 185 188 195 202 204 214 217 221 223 224 226 228 229 232 235 237 242 243 246 248 249 256 260 266 272 276 280 281 284 285 286 289 291 297 300 301 305 308 309 310 312 315 317 320 326 327 328 330 332 334 337 343 347 349 350 351 352 354 355 357 360 362 365 371 374 376 380 381 385 388 389 395 397 399 401 405 410 411 415 417 418 428 429 432 438 
21 151 154 157 159 163 168 170 171 172 173 174 176 182 185 198 199 200 203 209 212 216 222 224 228 229 235 238 239 242 245 257 267 268 270 271 273 276 277 278 280 284 286 289 296 297 301 310 312 316 319 321 327 332 334 336 337 342 344 345 346 349 356 358 362 368 371 372 377 378 385 386 388 390 405 407 409 412 414 415 429 431 432 433 440 441 
295 167 175 189 191 227 234 249 255 259 275 307 312 326 328 350 351 368 370 371 372 375 385 394 396 403 406 
87 152 154 159 161 172 174 175 182 186 189 191 194 197 208 213 218 220 230 231 234 235 243 247 248 254 260 264 265 266 267 268 275 281 289 300 303 317 320 323 324 332 333 334 337 341 360 361 362 371 392 394 396 397 400 405 406 407 409 411 438 440 
238 151 152 166 173 193 194 198 245 250 286 344 358 410 420 426 429 432 441 
225 1 152 154 157 159 161 164 165 171 172 174 176 180 181 190 192 194 199 215 220 226 227 228 229 230 232 237 242 243 248 251 255 256 265 267 272 275 276 277 278 281 282 283 286 289 293 295 297 308 312 314 321 324 327 333 338 345 347 351 360 364 366 367 371 372 375 376 377 391 393 394 396 397 405 406 407 408 410 411 414 419 435 437 
143 151 157 186 200 223 227 266 307 346 352 381 392 435 
167 1 150 151 152 154 156 157 159 164 173 174 177 179 180 186 189 190 193 201 204 206 210 212 213 214 216 227 233 236 252 256 257 258 265 275 278 280 281 283 296 297 298 301 307 314 315 324 325 326 333 337 338 341 343 345 349 352 356 364 365 376 380 386 393 399 400 404 405 409 410 411 418 424 429 434 437 438 441 
131 1 157 161 166 170 187 201 203 207 212 217 221 245 252 254 268 269 273 280 285 289 292 298 303 340 350 361 370 372 373 379 380 402 403 413 417 423 429 
86 1 149 151 152 158 163 165 167 168 170 171 177 179 190 191 193 197 198 200 207 208 209 210 211 212 213 215 218 219 221 222 224 226 229 233 235 236 237 239 240 245 246 247 254 255 256 257 259 263 265 267 271 272 273 279 282 284 285 293 294 298 300 303 311 315 323 325 327 328 330 332 334 335 337 339 341 346 348 349 350 354 355 358 360 361 366 369 372 374 378 383 384 395 398 399 403 404 405 409 412 413 414 416 418 420 425 426 427 429 430 432 435 436 439 
66 148 151 154 156 157 160 161 166 167 168 169 173 174 178 182 186 187 189 196 200 203 204 205 208 211 215 216 219 222 224 225 227 230 234 235 236 241 243 244 247 248 249 251 257 263 266 268 275 279 288 291 292 295 296 297 300 303 304 306 308 309 311 312 316 322 329 333 336 337 342 343 344 345 347 353 355 356 361 364 365 369 376 379 380 381 383 384 386 387 390 393 396 398 399 401 402 404 407 410 416 417 418 421 423 425 426 429 430 434 436 438 439 440 
119 148 149 155 161 172 179 181 184 189 190 193 194 200 206 207 209 213 214 216 217 218 221 226 227 228 229 230 233 237 239 241 242 248 250 251 252 254 256 257 260 262 263 265 266 267 271 274 275 279 283 284 289 290 291 292 294 297 298 299 303 306 308 310 311 313 316 328 330 332 335 336 342 347 350 351 354 355 356 358 361 362 364 366 367 368 371 378 380 385 386 387 388 392 393 395 401 402 403 404 410 412 417 420 421 423 427 428 431 432 433 435 441 
121 156 160 177 199 215 225 229 243 283 289 292 306 350 393 419 
269 1 152 155 170 173 191 196 219 225 230 232 240 253 259 267 289 311 313 314 323 347 365 366 389 391 398 412 420 431 
266 150 157 165 167 173 199 203 220 223 236 239 250 253 255 256 266 271 287 293 296 298 307 312 331 340 347 354 359 361 363 369 373 382 387 391 394 398 404 420 427 428 431 434 439 
84 152 192 194 199 214 235 240 274 308 315 317 321 354 360 373 382 389 410 411 413 415 425 
19 155 156 158 175 179 183 190 218 221 225 230 237 243 248 250 267 278 279 282 290 294 304 305 314 315 317 321 325 342 343 354 360 366 378 379 393 397 410 431 437 440 
147 149 151 154 157 158 159 160 172 174 175 179 180 183 186 199 200 203 204 206 207 213 217 222 224 225 226 228 229 232 237 249 251 259 260 262 263 265 268 270 273 276 283 289 292 293 294 296 301 302 303 307 316 320 321 324 330 331 342 343 348 352 364 373 375 380 393 396 397 398 401 402 403 407 410 416 417 421 426 432 436 439 441 
258 1 153 155 158 159 160 165 169 174 175 176 177 180 183 186 188 192 195 197 200 201 204 207 210 211 217 221 230 232 233 235 242 245 246 248 251 252 253 255 256 258 262 263 264 269 272 273 274 275 277 281 282 285 287 288 294 295 296 297 298 299 303 305 306 315 320 321 325 326 327 328 331 332 333 335 342 344 347 348 350 351 354 355 361 362 365 367 368 369 372 375 377 382 383 393 394 395 396 404 408 416 417 418 421 423 437 440 
113 158 159 165 172 181 186 194 196 197 198 200 203 209 213 214 218 220 222 224 237 240 250 253 261 263 267 268 270 273 280 286 289 290 305 307 331 338 339 342 343 346 356 362 364 366 372 376 379 381 382 388 390 392 395 396 398 399 401 403 417 420 421 422 431 433 434 
9 153 154 159 169 172 175 177 178 179 183 188 189 198 199 200 203 204 205 206 207 212 218 223 235 237 241 253 255 258 264 267 270 271 275 278 279 283 291 294 295 299 300 303 304 306 330 333 336 341 342 343 346 350 353 354 357 369 371 372 374 379 384 385 391 397 405 406 410 412 414 416 422 423 427 431 432 433 434 439 441 
148 150 161 173 178 181 182 198 207 209 213 215 219 220 222 226 234 237 250 266 270 275 307 313 330 332 342 345 347 348 349 350 352 353 354 359 362 371 374 380 387 394 397 400 402 404 411 412 415 417 418 425 429 
46 148 154 156 160 162 163 164 165 170 178 182 183 184 186 189 190 192 194 200 202 209 210 211 218 221 223 224 230 231 232 233 235 242 248 251 252 255 257 259 260 262 268 272 274 276 277 282 286 288 290 297 303 312 316 317 319 321 322 324 325 329 330 333 334 335 338 339 340 342 343 344 345 346 347 348 349 357 360 361 368 369 376 378 379 380 381 384 388 391 392 393 400 401 404 406 409 410 416 417 418 420 422 424 429 430 435 439 440 
168 152 154 155 158 160 161 168 171 180 181 182 184 185 194 201 203 207 209 217 218 224 225 230 238 249 272 275 276 278 281 283 285 287 290 291 302 303 305 311 316 321 322 337 338 349 354 358 369 370 376 377 385 386 390 395 400 403 404 415 419 426 427 433 438 439 
171 189 221 272 283 309 341 366 372 376 416 425 
245 149 151 159 161 163 168 170 185 194 195 198 200 203 204 206 213 215 216 217 220 225 229 231 232 235 240 244 251 252 257 259 261 262 264 271 272 273 274 280 288 289 290 291 301 306 311 315 316 321 324 331 337 338 342 350 351 354 360 363 366 367 371 373 386 388 392 393 404 406 407 410 411 414 415 418 420 422 425 426 427 433 438 
144 221 283 306 395 421 441 
26 153 156 160 162 164 168 178 179 190 214 224 235 236 241 248 251 266 278 279 280 288 293 301 303 307 312 315 320 333 342 347 348 352 354 358 364 380 390 392 395 398 403 406 407 413 417 419 423 427 428 430 434 439 440 
107 149 150 153 154 159 162 166 169 176 181 182 183 184 185 186 187 197 201 204 205 209 210 213 214 217 219 221 227 228 229 231 238 241 244 245 248 251 256 268 275 280 282 286 288 290 299 300 302 303 304 305 307 308 309 311 314 317 321 322 323 328 329 338 341 342 344 349 358 359 360 363 364 365 366 367 374 376 379 380 386 389 394 397 398 399 404 408 413 414 415 418 424 428 437 440 
198 168 247 276 293 308 337 344 
45 149 152 158 176 178 183 197 216 235 237 242 246 255 259 279 287 292 310 320 326 329 345 348 376 397 400 415 416 425 427 440 
183 150 151 153 161 164 165 170 176 178 186 196 211 214 220 222 224 226 227 240 243 245 261 268 272 284 288 294 296 303 305 307 315 329 338 352 354 360 367 372 375 383 400 402 403 404 406 412 423 425 426 427 431 433 
67 1 153 156 158 166 172 175 176 181 182 191 198 199 211 216 222 223 225 227 228 229 231 233 237 247 248 251 259 260 264 267 272 274 276 279 281 287 291 308 311 313 314 315 319 323 327 329 337 344 350 354 357 358 360 374 377 399 405 408 418 436 441 
255 149 156 158 173 184 186 190 192 197 198 201 204 207 218 219 224 225 231 232 235 236 245 249 251 266 267 269 273 277 282 290 297 298 305 309 314 316 317 319 320 325 332 341 342 346 347 348 351 356 358 367 370 375 385 388 389 392 397 398 402 404 410 413 414 418 
147 150 162 163 166 167 170 171 172 174 178 181 182 185 186 190 196 197 205 209 211 212 216 218 219 221 222 223 224 228 230 233 236 241 242 244 248 250 253 254 257 260 266 269 271 273 275 279 283 284 287 288 293 295 301 304 305 309 311 312 319 322 326 330 334 336 337 339 343 344 353 354 360 361 363 364 372 375 377 380 381 383 387 390 391 393 394 397 398 400 401 402 405 408 410 411 414 415 416 417 418 419 421 423 425 436 438 439 440 
105 155 158 161 170 171 184 187 189 191 196 209 216 233 234 235 236 239 253 261 262 274 275 287 300 308 321 325 357 358 360 362 364 366 367 381 413 419 424 426 439 
238 1 159 162 165 166 168 170 187 195 199 202 210 216 222 232 245 247 251 256 265 269 277 293 297 302 303 308 313 320 321 323 328 337 339 357 359 369 373 381 385 388 391 398 403 411 421 422 423 426 429 441 
24 1 150 155 156 162 163 170 173 176 178 179 182 186 188 191 196 197 198 201 202 208 214 215 216 220 229 230 237 238 240 241 243 245 248 257 261 264 266 268 269 272 277 278 281 294 297 299 300 305 306 313 319 324 325 326 329 338 351 362 365 368 369 371 373 374 376 381 382 385 388 391 396 397 398 401 403 404 413 419 421 422 427 434 436 437 
300 1 148 150 153 154 157 162 165 166 167 169 171 172 174 180 187 188 190 191 193 194 196 197 200 201 203 205 206 207 208 209 210 216 217 220 221 222 225 227 232 234 236 239 244 248 253 255 257 262 263 268 269 273 275 276 279 282 284 285 287 298 303 307 308 309 313 314 318 322 323 324 325 327 332 333 339 341 345 346 347 348 350 353 355 356 357 358 363 364 365 367 373 374 379 382 384 386 388 397 398 399 400 401 406 407 411 412 413 414 419 420 424 426 427 433 434 436 438 440 
38 164 165 171 175 176 187 192 240 242 260 263 267 285 298 304 309 313 314 316 319 320 321 323 328 347 351 376 395 423 426 431 435 
204 148 152 160 161 162 167 178 179 181 189 190 203 205 208 218 219 220 223 224 231 244 247 250 259 266 278 280 294 304 308 311 312 313 314 316 329 332 339 342 346 348 359 367 368 374 375 378 384 385 388 391 394 396 397 408 413 414 416 418 419 421 423 430 433 437 440 
215 314 
195 148 151 162 165 172 177 189 203 208 210 219 225 227 228 233 244 246 247 257 260 265 269 288 291 299 305 321 340 349 356 359 371 379 412 413 414 435 439 440 
174 159 160 174 208 228 230 233 237 242 253 260 277 279 296 314 315 316 322 324 325 334 338 355 356 359 366 373 376 383 384 390 412 425 426 432 
213 148 149 156 163 174 177 186 197 208 210 212 215 216 218 227 235 236 238 249 254 260 263 265 268 272 275 276 279 293 296 297 308 309 315 331 334 347 372 375 378 386 395 403 421 424 427 430 
106 149 152 154 164 173 175 176 182 191 212 213 221 244 251 252 255 268 269 273 282 286 300 302 303 306 307 308 309 312 314 317 322 328 335 336 338 351 356 361 362 365 371 376 379 382 389 392 393 396 401 403 404 415 420 424 428 439 
130 216 227 228 272 276 322 335 336 348 369 376 378 398 
252 1 149 153 154 155 166 170 177 178 179 180 181 184 186 190 200 212 213 216 221 225 235 237 240 241 243 244 245 257 265 269 273 275 277 284 288 293 294 298 302 314 319 321 323 329 332 334 341 342 345 347 349 358 364 368 369 373 375 379 381 384 386 387 388 391 393 395 398 399 400 401 403 409 410 412 415 418 420 421 423 425 430 431 433 434 438 439 441 
253 199 217 226 232 261 265 275 314 320 380 407 
214 148 159 177 178 188 199 202 204 210 219 243 245 250 252 260 274 315 324 329 330 361 366 376 377 379 383 408 432 436 
291 151 152 155 156 157 158 161 162 165 171 173 178 179 180 181 187 190 196 197 209 210 211 215 219 223 225 230 236 237 248 254 257 258 266 267 268 270 272 275 277 278 280 281 290 298 299 300 301 302 304 306 310 314 316 317 319 321 322 327 329 330 334 335 336 339 347 350 351 352 353 356 361 366 367 369 370 372 374 376 379 380 384 385 387 388 394 396 397 399 403 406 407 412 417 418 421 423 426 431 436 437 438 440 
45 154 167 173 183 185 186 217 225 235 254 255 258 261 264 268 283 308 320 342 353 361 367 368 370 376 387 395 402 416 428 436 
142 157 166 168 171 172 179 194 211 217 218 227 233 242 247 248 252 267 271 279 285 288 289 299 307 329 331 333 341 345 359 360 362 363 370 371 375 378 385 391 394 399 402 404 405 406 409 410 416 427 441 
228 1 154 166 177 192 196 199 202 219 222 236 255 261 264 274 278 281 285 295 298 303 304 320 321 325 331 346 347 352 371 378 397 400 412 421 423 429 
23 1 149 150 159 165 166 168 173 174 180 184 185 187 188 190 191 193 195 201 204 205 206 208 212 215 217 221 223 227 229 232 240 241 245 247 248 249 250 251 253 254 258 261 265 272 275 277 279 280 281 282 290 292 293 298 299 300 303 307 311 312 315 319 322 323 324 327 328 330 334 335 336 340 341 343 345 347 350 351 361 365 366 367 368 369 370 371 372 375 377 378 381 386 387 389 393 394 395 398 399 400 401 402 405 410 411 412 414 417 422 428 429 435 
51 158 165 176 178 188 192 195 196 200 203 206 207 219 222 224 232 234 236 244 258 284 287 288 289 291 297 302 309 313 330 331 332 333 342 348 351 358 369 385 394 395 396 399 403 405 407 410 412 415 416 429 438 
64 158 160 161 162 163 166 168 171 172 176 183 189 198 199 202 204 205 209 212 216 218 219 220 223 227 228 229 230 247 250 256 259 262 268 272 279 283 287 292 297 300 301 302 308 309 312 319 321 328 334 336 339 340 347 350 353 354 357 366 367 370 371 373 374 377 387 392 393 394 396 398 407 418 419 434 
129 155 162 177 181 187 188 199 205 206 216 217 218 222 238 239 242 246 252 253 254 262 267 282 284 305 306 316 320 322 324 328 329 352 368 371 374 378 391 393 404 405 420 422 423 424 426 437 
287 149 151 160 162 163 164 166 167 170 173 180 181 184 196 200 210 215 226 227 236 238 247 250 255 263 265 266 268 272 273 284 285 291 310 316 318 320 321 322 323 326 327 328 331 334 341 344 354 358 366 368 371 374 387 388 397 399 401 402 403 405 408 412 413 419 420 422 423 429 436 437 439 
60 1 151 152 164 168 173 177 190 208 209 215 224 259 262 285 286 296 299 300 301 303 309 310 319 322 331 338 352 358 374 377 391 395 398 405 407 408 417 423 428 435 439 
66 154 157 158 159 160 165 167 171 173 176 181 183 190 192 193 195 197 199 201 206 207 213 222 226 228 230 231 237 238 240 241 242 244 247 249 250 252 254 256 260 261 264 266 273 275 278 279 285 286 288 295 300 303 305 306 308 311 312 327 330 333 334 342 344 350 351 352 354 357 358 359 364 366 367 369 371 373 382 384 385 386 388 389 393 395 397 398 399 403 408 412 417 420 421 430 431 432 438 
76 148 156 157 162 163 165 166 167 170 184 185 192 196 206 207 208 213 217 218 221 222 236 243 249 252 258 259 272 277 280 282 293 304 319 326 331 341 353 354 359 366 375 378 386 397 417 419 424 425 426 429 430 431 432 435 438 439 441 
35 1 150 152 153 155 169 170 186 196 202 211 216 220 221 228 239 251 259 260 262 271 274 277 278 287 297 311 312 313 323 324 328 329 337 338 340 349 350 357 361 374 379 383 384 385 386 403 409 415 419 421 424 431 435 437 
224 1 148 149 153 157 166 175 179 182 183 185 195 198 199 204 216 217 221 226 236 240 241 243 246 247 250 253 256 258 259 260 265 268 272 280 282 286 287 292 293 296 297 298 301 310 314 317 318 322 327 330 334 339 342 344 345 347 351 352 354 355 358 364 365 367 370 371 375 379 382 383 388 392 399 404 407 410 414 420 422 431 436 437 439 
245 149 151 157 159 163 166 167 168 173 174 176 189 192 195 198 204 205 206 208 210 212 214 216 227 228 229 234 242 251 252 257 258 261 266 268 273 280 283 287 288 296 297 300 305 307 309 310 316 318 321 323 326 330 335 336 337 345 346 347 349 350 351 354 362 365 367 371 377 383 390 392 395 400 402 405 411 412 416 417 418 419 420 421 426 427 430 434 
245 148 150 151 157 166 177 179 182 188 191 192 195 200 216 222 225 231 232 238 239 246 247 249 252 259 265 266 271 272 274 281 283 285 286 288 297 300 302 303 304 312 313 315 316 318 323 325 336 342 343 349 353 355 359 362 363 365 374 377 378 393 397 402 404 405 413 426 427 431 434 438 
269 1 149 153 157 158 174 183 196 208 213 215 218 221 228 233 239 254 257 270 275 282 283 288 292 293 302 305 307 317 318 324 328 331 335 339 346 353 355 356 360 361 365 379 384 387 402 404 409 416 421 422 425 433 434 437 
3 1 154 159 160 163 165 168 169 173 177 179 180 181 182 185 187 188 195 202 207 208 209 212 213 215 219 220 222 223 228 232 233 235 237 238 239 240 241 243 249 250 252 255 256 268 269 271 272 273 275 280 282 283 284 286 290 293 296 298 303 305 307 308 310 313 319 320 323 330 335 336 342 351 360 361 363 364 365 368 375 380 383 386 389 390 394 397 405 408 410 415 416 417 419 422 423 424 435 436 439 
98 151 153 155 156 157 161 164 168 170 172 174 177 179 184 192 200 203 211 219 221 223 224 227 228 231 233 234 238 241 244 247 250 256 257 258 259 260 263 267 268 269 272 274 275 279 285 287 289 293 297 298 300 305 309 311 313 314 315 316 318 320 321 324 325 329 330 331 336 337 339 344 345 346 348 350 352 359 364 366 368 372 378 379 380 382 385 386 388 389 390 391 392 395 399 402 410 418 419 423 425 426 429 430 433 437 438 440 
148 149 185 209 213 222 229 263 268 271 283 344 374 375 429 
173 149 151 153 156 157 158 160 161 163 167 174 175 181 184 186 187 191 193 201 205 208 209 211 213 216 218 220 223 225 226 231 232 235 236 237 241 244 249 252 253 256 264 265 266 267 270 272 273 275 282 284 288 296 302 303 309 312 315 317 322 323 324 325 332 333 334 339 342 346 347 351 354 355 358 359 360 365 373 375 376 378 381 382 384 385 386 390 397 398 401 403 404 412 414 417 418 419 429 430 435 437 438 
95 1 148 150 152 153 154 157 158 160 163 165 167 169 170 178 180 184 185 191 198 201 205 207 215 216 222 225 227 228 236 237 238 239 240 241 244 246 249 251 252 253 256 257 260 261 269 270 275 278 281 282 298 299 300 301 302 303 309 312 313 314 317 318 319 322 329 331 334 335 338 342 343 348 352 353 357 363 365 366 369 373 375 376 380 382 393 397 398 399 400 401 402 406 411 412 413 414 419 423 425 430 435 436 440 
272 158 167 180 191 198 243 246 270 291 297 302 303 304 334 336 369 378 390 394 421 
228 1 149 151 152 154 158 161 162 166 180 192 194 199 200 205 206 219 221 223 224 235 238 249 251 256 258 270 276 285 292 297 299 303 306 316 320 323 341 351 356 361 368 370 383 386 388 399 400 405 412 421 427 432 433 436 441 
188 148 154 155 162 163 165 169 173 178 179 183 185 186 188 190 195 198 206 208 212 214 219 221 223 234 237 238 240 241 246 247 249 251 254 258 259 264 268 271 290 298 299 306 308 312 316 317 321 323 325 326 328 331 333 334 336 356 360 364 367 368 370 378 384 385 387 389 399 401 403 407 408 411 413 415 417 418 424 425 427 431 433 436 
129 149 150 153 162 165 166 168 178 188 227 228 232 241 246 263 266 270 271 272 281 283 290 293 301 304 308 319 325 341 342 345 346 349 358 374 397 404 409 423 433 
265 150 151 152 154 156 160 162 169 174 175 176 177 178 183 184 185 186 188 193 196 199 209 211 213 215 219 221 223 225 227 228 232 233 234 237 238 241 246 247 249 250 255 258 272 273 277 278 279 280 281 282 285 291 295 298 299 304 305 309 310 312 314 317 330 331 336 338 340 343 344 349 350 351 356 358 359 360 366 373 374 376 377 380 383 387 391 394 396 399 401 402 405 407 413 414 418 422 424 427 428 429 430 435 436 437 439 
268 148 152 162 165 169 172 175 177 182 183 190 198 201 202 205 206 207 209 218 224 225 228 230 233 239 242 243 244 253 255 258 259 260 263 266 267 268 271 276 277 280 281 290 291 297 301 303 307 311 312 315 322 324 329 330 331 340 342 344 347 349 350 355 356 357 358 359 361 368 371 380 385 390 396 400 403 404 408 411 422 423 424 426 428 430 433 435 439 441 
163 151 156 161 163 169 173 174 177 180 192 208 211 212 213 216 218 224 228 232 233 236 242 249 251 259 260 263 267 270 271 275 283 285 290 292 297 303 304 307 312 313 315 321 324 325 332 333 339 341 343 362 372 375 379 384 385 387 390 391 400 403 411 423 427 428 431 441 
288 1 149 151 158 159 166 169 170 172 173 179 181 182 184 185 186 187 188 191 192 193 198 205 207 209 211 213 217 224 226 227 228 233 238 239 240 241 252 253 257 258 261 263 268 270 274 275 276 283 284 289 293 294 299 304 305 306 308 312 319 320 323 330 333 335 336 338 341 347 350 351 354 357 367 368 370 372 373 375 376 381 385 387 391 393 395 401 403 409 415 416 417 418 419 422 423 430 431 434 435 437 440 
57 390 391 
142 150 152 155 156 161 165 167 170 174 178 180 184 186 188 189 190 194 197 198 200 206 209 215 216 217 218 219 220 223 225 226 227 230 231 232 233 235 237 239 242 243 249 252 253 255 259 263 264 265 268 269 270 276 277 279 282 289 291 292 293 296 298 300 306 307 311 317 318 330 336 337 338 341 346 349 351 355 360 361 365 369 372 376 377 380 381 383 391 395 396 398 403 406 410 411 417 418 423 426 427 436 437 440 
210 152 155 157 161 163 164 166 168 169 174 176 182 191 196 197 201 207 210 212 218 223 224 226 227 229 232 233 235 237 241 248 259 262 268 271 272 274 276 278 281 283 288 298 304 305 310 314 321 322 324 325 327 333 336 350 351 358 365 369 370 372 373 375 379 380 381 383 384 385 388 390 391 392 393 394 401 402 405 411 415 419 423 424 426 430 432 433 436 437 438 
250 151 153 154 157 166 173 174 175 176 177 178 179 184 185 188 189 190 191 192 196 197 199 200 205 209 211 212 214 215 218 225 231 235 240 244 246 249 253 254 260 261 263 264 265 267 268 275 277 278 281 287 290 298 301 309 312 315 317 319 321 322 323 324 327 328 330 331 332 335 340 344 345 346 348 350 351 353 354 359 360 365 367 368 374 388 394 401 402 403 405 410 411 424 426 427 428 431 432 434 438 439 440 
109 148 151 153 162 163 171 173 179 181 182 184 188 199 201 206 208 210 212 213 218 220 228 233 238 242 243 247 250 251 255 259 260 267 271 273 275 276 284 292 298 306 315 322 331 338 341 342 345 353 358 367 371 372 374 375 378 384 386 388 393 399 404 405 407 418 422 424 427 
19 159 166 168 176 179 185 190 193 200 234 235 236 237 240 247 251 258 260 265 267 287 288 314 328 331 334 342 358 364 371 404 410 411 412 418 420 424 432 435 
54 150 153 155 165 168 171 175 177 182 183 194 207 210 222 229 233 235 238 239 247 254 257 259 263 266 271 273 274 283 288 291 297 300 302 309 310 313 316 321 327 336 337 339 341 343 349 351 354 355 357 368 370 391 405 414 416 420 
39 149 153 156 157 159 161 166 169 172 174 175 176 177 185 186 188 192 198 202 203 204 208 215 217 220 227 228 229 232 235 241 242 243 248 250 251 255 258 262 265 266 271 279 282 283 286 287 289 292 293 298 301 304 309 311 313 317 323 331 332 333 340 341 344 347 348 352 354 355 356 362 364 371 373 381 383 387 394 396 399 400 406 408 409 411 412 413 418 422 427 430 431 434 435 436 440 
189 150 152 180 189 197 198 223 236 237 252 255 263 281 289 295 304 306 307 337 340 344 356 380 399 409 419 422 437 
255 157 160 166 167 168 171 172 178 186 191 194 196 203 212 213 216 217 223 229 231 235 238 239 240 243 248 250 252 253 258 259 261 263 268 275 276 281 282 288 296 298 300 301 302 312 317 318 321 323 325 328 338 342 362 363 364 370 376 377 380 381 388 393 397 398 401 403 407 408 412 422 423 426 430 431 433 435 437 441 
263 148 149 154 155 157 161 169 177 178 180 185 186 187 189 195 204 207 209 214 216 217 222 225 229 232 240 249 252 254 255 264 265 266 268 271 272 275 277 278 287 289 292 295 297 300 305 306 307 309 310 311 312 313 314 315 320 330 331 341 342 343 347 351 352 355 361 367 371 372 373 374 378 379 383 386 393 396 398 400 401 402 403 405 406 407 413 414 415 426 431 434 437 439 441 
284 156 159 170 171 175 177 196 200 203 214 215 216 229 249 263 270 301 312 314 336 338 374 384 391 398 402 405 412 413 
227 152 159 162 170 182 198 211 218 227 229 238 247 249 264 276 282 283 294 302 318 325 328 332 349 355 362 380 385 395 396 401 408 418 426 432 438 
48 148 149 150 153 155 161 162 163 165 167 171 175 182 187 193 198 201 202 204 207 211 212 213 217 218 221 222 224 228 232 233 234 237 238 243 245 249 254 255 256 261 265 268 270 274 275 276 284 287 291 293 302 304 305 310 320 326 327 331 334 335 338 345 349 356 361 363 364 367 368 370 372 374 380 381 387 389 391 400 402 404 409 412 418 419 422 429 430 432 437 439 441 
148 1 148 149 152 155 160 161 162 165 173 180 182 185 186 188 191 192 193 194 199 200 202 204 205 211 212 214 215 217 218 219 220 221 225 227 228 231 235 242 245 246 251 252 254 260 262 264 270 278 279 280 283 284 286 293 295 297 299 300 306 311 318 319 321 322 323 324 325 334 335 338 343 344 347 353 364 366 371 373 375 376 377 380 381 383 384 385 387 390 394 395 398 402 407 408 409 410 412 413 414 415 416 417 421 422 423 425 430 432 435 437 
179 1 148 153 156 157 158 166 167 181 182 183 192 195 208 213 218 219 220 225 240 241 244 248 255 263 264 266 268 276 277 279 280 282 284 287 291 304 314 325 329 332 340 346 352 355 360 366 371 383 386 400 403 404 407 409 418 420 426 434 435 
6 155 157 159 183 202 214 219 231 238 239 258 281 330 336 338 363 389 408 
81 150 185 188 189 275 301 318 364 366 374 420 437 
286 1 154 162 165 170 188 200 207 219 220 241 252 258 266 284 309 312 318 321 334 340 343 346 364 367 382 419 421 425 429 438 439 
191 160 184 209 223 251 288 329 334 351 359 398 416 
37 1 148 153 154 156 157 159 161 163 167 169 171 179 181 188 190 191 192 193 194 196 199 203 204 208 209 210 212 215 217 219 220 221 222 224 225 226 228 230 233 238 239 240 254 255 256 259 260 263 269 274 276 286 287 288 290 292 293 297 298 300 305 307 310 314 315 318 319 324 326 327 332 337 343 344 345 362 365 374 375 379 381 386 389 393 394 398 400 405 407 408 411 413 417 420 426 428 432 438 439 
10 148 155 161 163 165 166 168 170 171 172 173 176 177 178 179 185 187 188 192 197 201 206 209 210 216 219 221 222 223 225 226 230 231 232 235 237 239 246 255 257 260 267 268 276 279 280 281 286 292 297 300 301 304 311 313 316 322 324 326 328 331 332 333 334 335 336 337 338 342 345 346 348 352 354 361 366 368 372 374 375 377 378 382 383 385 387 390 391 394 397 400 401 402 403 406 407 414 424 426 428 432 435 437 439 440 441 
4 151 155 186 214 223 246 267 269 292 293 294 299 315 339 350 368 387 409 413 432 
128 159 160 171 179 180 183 184 185 190 197 199 202 208 212 215 217 229 232 233 237 254 260 262 264 265 266 267 271 273 274 275 289 295 297 302 305 306 314 316 318 325 327 331 336 339 340 341 347 350 360 361 368 370 375 381 388 394 395 398 405 411 412 414 417 426 431 434 
25 1 149 150 151 154 157 158 163 165 167 169 170 171 175 181 183 184 185 188 193 195 199 204 208 210 213 217 220 222 224 225 226 227 235 239 240 241 244 251 252 255 259 261 264 269 270 272 274 279 280 281 282 284 286 288 289 300 303 305 307 313 314 319 323 327 333 336 339 341 346 348 350 354 358 367 370 372 374 376 378 380 381 386 388 389 391 395 396 398 400 401 404 405 408 409 411 415 416 419 420 427 429 430 434 436 439 441 
199 153 154 177 187 193 199 216 229 257 264 273 278 282 283 285 311 315 317 327 370 372 376 381 385 387 407 412 424 440 
49 152 157 158 159 161 164 165 168 169 171 173 174 175 176 178 182 193 194 197 198 202 204 205 208 209 211 213 215 217 219 229 233 239 241 243 247 252 253 258 259 262 263 265 269 270 274 275 278 281 282 284 288 292 293 294 297 301 306 307 312 316 317 320 325 326 329 331 332 333 334 336 337 339 343 348 351 356 357 359 361 362 368 369 371 372 373 376 383 386 388 389 394 399 400 402 405 412 415 416 419 420 423 424 428 430 433 437 439 441 
112 149 153 181 185 201 205 213 223 224 234 235 245 246 254 265 273 276 284 294 296 299 303 304 305 311 312 321 333 339 342 348 349 350 353 356 365 368 372 380 384 388 391 394 406 410 413 437 440 
215 152 156 161 164 170 172 181 182 183 189 190 195 196 203 206 214 220 221 223 226 234 235 237 238 242 243 245 246 248 250 251 252 254 257 258 259 261 263 265 268 271 275 276 277 279 286 288 293 294 295 301 302 303 306 313 316 319 320 322 324 325 328 335 340 341 343 345 346 348 350 351 352 353 354 358 361 362 367 372 373 375 381 384 385 387 389 390 392 393 395 396 398 401 403 414 418 419 426 431 435 438 
297 1 148 163 176 184 226 236 246 248 258 271 279 302 307 340 348 350 352 356 360 361 364 391 399 412 431 434 438 
145 1 149 150 153 155 159 160 163 165 168 172 173 175 176 178 180 182 183 185 189 190 191 197 199 202 203 205 208 211 213 216 222 224 226 228 229 232 235 237 239 241 242 243 245 248 249 253 254 255 258 260 261 262 265 270 272 273 274 278 279 285 286 291 297 299 301 303 308 309 310 314 315 318 319 320 322 327 328 331 335 336 340 341 348 350 352 362 366 374 381 384 387 388 389 392 394 395 399 400 401 403 404 409 410 411 412 416 421 422 424 425 432 433 437 438 439 
55 153 155 159 197 212 222 224 230 253 263 313 320 336 337 357 365 372 376 382 397 406 427 429 
134 153 156 157 159 160 164 167 173 176 178 180 184 190 191 197 200 201 204 205 207 208 210 212 213 214 217 218 221 225 226 227 231 232 234 237 238 240 241 243 244 246 250 251 252 255 262 267 268 271 272 277 280 282 284 288 290 295 296 297 301 306 307 309 310 312 313 319 323 324 328 329 330 332 335 336 337 341 342 343 344 346 348 350 352 355 358 364 366 370 374 375 380 382 383 386 388 389 396 397 398 399 400 404 415 419 420 425 429 433 434 437 438 439 
249 1 148 149 150 151 156 158 159 160 164 169 176 178 179 180 181 183 186 188 190 192 198 202 203 204 207 208 209 210 212 213 217 218 221 228 233 235 240 241 243 244 245 247 248 249 254 261 265 267 270 274 278 280 282 283 287 289 291 292 296 301 302 303 306 310 313 314 315 316 317 318 319 320 322 324 332 334 336 340 341 343 346 349 350 354 355 356 359 360 361 366 372 375 377 382 383 401 402 405 412 415 421 425 429 430 431 434 436 
104 1 152 160 163 164 172 173 174 185 192 199 204 224 226 228 230 236 238 241 242 251 252 253 255 256 276 278 282 283 285 286 290 305 313 318 319 320 328 333 337 338 339 343 345 348 352 353 356 361 362 364 367 372 386 387 396 407 412 423 429 432 437 439 441 
182 150 152 155 160 164 171 176 187 190 191 195 197 203 204 207 213 225 226 227 235 236 237 240 242 245 246 247 250 251 253 254 256 260 261 262 264 266 268 269 271 272 273 276 279 281 284 288 294 300 302 309 311 312 315 316 318 321 324 327 329 333 339 341 342 344 348 355 363 364 368 371 372 373 383 393 394 395 396 401 409 410 415 416 417 418 424 431 434 439 440 
61 154 239 241 262 328 433 
8 148 149 154 155 161 165 173 176 178 180 181 184 187 190 191 192 197 207 211 215 220 224 234 240 241 242 245 252 253 264 270 271 274 276 280 281 288 290 294 299 304 307 310 314 315 316 317 322 331 336 341 343 347 353 364 368 373 376 381 383 384 387 389 391 397 400 401 404 408 410 422 429 431 432 433 434 440 441 
261 149 151 153 154 157 158 159 162 163 166 170 171 172 173 179 181 182 190 193 197 203 204 208 209 210 222 224 225 237 238 239 244 249 251 252 256 259 264 266 268 282 283 284 294 297 301 302 304 313 316 317 318 320 321 324 326 328 332 334 337 338 339 343 345 354 367 370 372 374 376 388 399 400 406 408 409 410 411 416 424 425 426 428 434 435 436 
63 1 152 154 159 160 165 168 182 190 201 212 241 256 259 273 281 292 294 311 316 327 341 345 354 367 370 386 391 392 401 405 409 431 
32 158 178 186 239 276 426 427 430 
105 173 195 223 242 319 322 326 368 380 402 416 437 
285 150 151 155 163 167 170 171 175 178 183 187 190 192 193 196 197 202 204 205 207 210 212 214 218 220 223 228 230 235 236 239 244 245 247 248 249 255 259 265 270 271 272 273 277 278 280 289 290 291 293 294 296 300 305 312 313 316 318 319 336 337 339 340 341 344 345 346 348 349 351 352 355 362 366 368 369 371 373 375 377 380 388 389 390 393 394 405 414 424 428 430 431 435 436 440 
281 152 156 157 159 162 163 169 170 182 185 187 188 189 200 201 203 207 212 217 220 225 235 239 243 245 250 252 253 259 261 268 269 270 273 274 277 278 279 296 299 310 317 321 323 329 333 337 342 344 346 358 360 365 383 393 396 397 400 403 412 413 417 418 419 425 426 431 433 434 439 
204 150 154 158 162 168 175 178 181 182 192 193 198 199 200 203 207 219 221 224 226 228 231 239 240 241 242 243 253 259 260 262 264 266 269 291 296 301 303 313 319 335 336 350 368 387 392 397 403 404 405 406 410 431 433 438 
25 148 150 153 156 165 166 169 170 172 173 174 175 176 178 187 188 190 192 195 196 197 198 211 216 219 221 222 225 227 228 231 234 236 237 238 239 241 246 248 252 254 256 262 266 267 271 272 277 281 285 288 290 291 299 305 307 308 309 310 312 318 329 331 337 342 347 349 350 351 352 353 354 356 357 359 360 361 362 372 376 380 383 384 385 386 393 394 397 400 401 403 408 412 415 417 418 420 421 425 427 436 438 439 440 
237 153 155 170 181 193 200 215 231 236 274 326 330 349 354 366 377 383 384 392 397 402 406 414 421 431 436 437 
238 426 
65 1 148 161 165 180 181 183 188 190 191 197 205 206 214 216 217 218 221 223 227 229 233 237 240 244 247 264 265 266 273 276 277 279 283 284 286 288 301 307 312 319 324 328 329 336 339 341 347 358 367 375 377 378 380 383 385 386 391 404 410 414 422 424 428 433 434 
140 149 150 156 158 160 166 167 172 186 189 196 203 207 211 213 216 221 222 232 238 248 254 261 270 275 280 282 286 290 292 293 294 298 299 304 305 308 309 315 316 318 319 329 331 335 337 338 341 343 345 347 351 356 358 359 362 366 368 371 374 379 382 392 396 397 400 403 414 417 418 424 432 433 
36 158 165 168 184 185 193 194 203 206 209 211 215 216 223 226 228 230 237 238 239 244 255 256 259 264 281 287 288 299 306 312 324 328 329 333 348 358 363 364 377 384 386 392 395 397 405 410 428 437 438 441 
91 1 149 152 156 158 159 162 165 166 167 170 171 178 180 181 192 193 203 206 208 209 213 217 219 221 224 237 239 245 246 249 251 253 257 260 261 266 267 270 275 277 279 284 291 297 298 300 306 309 315 316 317 320 324 327 328 333 334 335 338 340 342 345 347 352 355 360 363 365 367 370 373 374 378 379 383 387 390 391 392 394 399 403 407 409 410 412 414 415 416 418 423 439 440 
89 1 150 157 158 161 165 170 172 174 180 182 186 187 188 189 191 192 193 197 200 203 204 205 206 211 212 216 220 222 224 231 232 234 244 246 247 252 257 263 266 269 277 279 285 286 291 294 296 299 307 309 312 313 317 320 321 322 327 328 335 341 345 348 352 356 357 364 371 372 380 381 382 387 389 392 396 399 404 405 408 409 411 414 418 420 423 424 427 429 434 439 
224 1 151 159 160 161 167 168 169 170 171 172 175 187 191 195 197 198 218 219 225 226 231 234 235 236 237 238 244 245 246 248 252 254 259 261 262 268 270 273 276 282 287 291 297 307 309 312 313 317 318 320 324 327 329 336 346 351 353 355 356 358 361 363 366 371 385 393 398 400 401 404 419 422 425 426 427 428 431 433 
221 150 159 163 170 175 196 200 204 209 212 215 216 218 219 220 227 229 239 242 243 244 245 250 251 252 258 271 296 297 300 305 306 314 315 316 325 327 334 337 342 345 346 352 356 357 358 364 365 366 367 372 373 374 382 389 395 397 406 407 411 412 416 420 425 430 431 434 435 
88 164 184 206 248 323 327 339 346 374 407 
60 149 185 195 198 223 237 247 248 257 272 274 276 316 330 332 338 350 352 353 358 376 377 378 379 426 439 
162 161 162 166 175 182 188 189 202 204 207 208 209 217 218 219 229 238 247 250 257 259 260 263 266 273 279 283 284 288 292 311 316 321 337 338 341 349 352 355 360 361 362 370 371 372 374 386 389 395 396 397 400 405 417 424 429 433 
244 155 161 162 163 165 168 169 171 173 174 177 181 183 185 191 195 197 207 210 211 212 213 216 217 221 223 227 229 230 231 233 240 241 243 245 248 250 253 255 257 259 260 275 281 283 284 291 299 300 301 302 303 307 309 314 315 316 319 322 323 324 325 326 327 329 335 339 341 348 352 358 359 363 364 365 367 376 380 381 382 383 386 395 396 404 405 408 412 413 414 415 421 422 425 427 428 431 433 436 438 439 
100 149 151 159 160 167 191 192 196 199 205 212 236 243 244 250 251 253 258 259 263 280 292 294 302 303 305 310 316 321 323 329 332 346 347 349 366 385 398 412 418 432 
16 1 148 150 151 155 160 164 166 168 169 170 171 174 176 177 187 189 195 197 200 201 206 208 217 218 219 223 224 226 227 229 233 234 241 244 249 251 256 257 260 262 265 266 267 269 270 271 277 279 280 283 288 290 291 293 296 305 307 311 314 316 320 321 327 329 333 339 341 342 344 347 350 352 356 362 363 365 366 367 369 371 373 375 377 380 385 387 389 390 392 396 397 398 399 400 401 404 409 413 415 417 418 419 421 423 424 425 430 432 435 437 438 440 
8 150 156 160 165 167 178 180 182 190 197 212 219 222 228 231 233 239 243 252 264 266 268 274 276 279 286 297 302 310 312 316 322 328 336 355 365 372 373 375 389 400 402 404 406 424 426 429 440 441 
253 152 157 163 164 167 172 173 176 177 186 187 188 191 193 195 197 200 204 205 206 208 210 211 212 217 219 222 223 226 227 230 231 237 238 241 245 247 251 252 256 257 262 264 269 270 272 276 280 282 284 286 291 294 295 296 297 299 307 308 311 316 319 326 334 339 340 342 345 349 352 366 367 372 375 377 382 386 390 394 395 402 405 410 412 417 419 420 421 424 428 440 
42 153 154 155 165 178 179 188 194 197 201 202 208 215 218 219 221 222 224 228 230 232 237 238 241 242 245 246 251 252 254 255 257 267 273 276 277 278 280 284 292 293 295 296 300 307 312 313 316 317 320 321 324 327 329 330 334 338 340 342 344 345 347 348 349 353 354 359 361 367 368 373 374 375 377 387 390 391 393 399 401 406 409 412 418 424 425 426 428 431 434 437 441 
154 150 152 153 157 159 160 161 162 169 170 176 183 184 188 194 196 197 199 203 204 207 210 211 214 221 222 223 224 225 230 237 239 242 246 247 249 250 251 257 259 261 264 272 275 277 278 279 287 288 289 290 291 295 296 298 299 302 305 307 311 315 321 322 323 325 327 328 334 335 337 340 341 343 348 352 354 359 364 365 366 369 370 371 380 382 390 392 396 398 401 402 410 412 415 420 423 435 437 438 
157 149 152 153 155 157 159 161 164 165 171 172 174 181 182 183 184 186 188 198 199 201 202 204 206 208 209 211 216 221 231 235 237 238 240 243 246 249 251 254 258 259 262 264 269 279 284 286 287 292 294 296 310 311 313 317 321 322 324 330 331 334 338 341 344 345 359 360 371 374 377 378 382 384 390 392 401 403 406 408 415 437 
178 149 152 160 162 171 172 177 180 181 185 187 197 201 208 211 217 220 227 229 241 243 244 246 249 258 259 263 274 276 283 286 303 312 315 318 319 322 330 336 337 338 340 346 350 352 363 365 367 369 370 371 372 373 374 375 379 380 381 382 384 388 389 390 394 398 400 403 404 406 412 414 417 419 424 427 430 431 432 433 435 438 440 
278 151 153 158 163 164 169 170 172 173 175 178 181 182 184 185 188 190 191 192 195 196 197 202 203 206 207 213 215 221 223 229 230 232 233 234 235 238 240 244 246 248 249 251 255 256 258 260 261 262 263 265 266 272 277 278 281 282 284 288 290 295 297 300 308 309 310 315 317 319 321 325 326 328 333 336 337 338 339 340 341 342 347 348 351 354 357 359 360 363 364 365 367 368 372 376 381 382 383 384 388 392 393 395 396 400 404 406 407 409 417 419 423 424 427 429 431 432 435 438 
99 149 164 185 190 236 243 248 254 278 287 334 335 340 350 375 
34 209 268 
216 150 154 155 157 170 171 172 173 177 191 195 197 203 228 232 235 236 250 251 262 263 269 272 275 284 290 295 301 308 310 328 329 332 333 335 337 338 352 377 381 382 386 389 395 401 402 403 404 408 414 420 423 
24 149 156 163 166 167 168 170 171 173 178 179 180 189 190 195 203 213 215 217 222 224 225 226 227 228 232 234 240 241 242 245 248 249 250 254 258 261 263 267 287 289 292 294 297 302 303 309 312 317 318 319 322 325 331 334 340 341 342 344 345 347 348 352 353 355 356 357 364 365 368 373 380 382 384 387 391 392 398 400 402 403 406 407 409 410 413 414 419 423 430 432 433 
15 148 149 154 156 157 159 164 168 169 170 175 176 177 187 191 192 194 200 202 206 213 215 217 219 223 226 228 233 234 236 239 241 250 259 260 272 280 281 285 288 291 293 299 304 310 312 315 318 320 322 325 327 333 334 338 352 354 355 365 370 372 376 379 380 381 382 389 390 400 407 408 412 414 415 423 424 430 435 436 438 440 
236 150 152 160 161 168 172 176 192 195 197 198 205 208 216 219 222 223 231 234 236 237 240 241 245 248 254 266 267 269 281 287 288 289 292 298 300 307 311 315 319 322 338 339 351 353 355 367 370 372 380 394 395 397 399 401 408 416 417 418 423 433 438 
241 170 172 174 194 205 206 207 261 267 279 290 296 302 310 322 345 358 365 380 405 406 412 438 
243 428 
34 152 157 163 168 173 174 183 189 190 199 206 210 213 215 216 217 228 237 243 255 263 269 270 284 304 311 314 319 323 331 332 335 336 339 351 352 353 359 375 379 380 381 386 389 390 391 393 395 399 402 422 431 437 
176 1 150 153 158 172 183 190 196 197 200 201 202 203 211 218 220 222 225 228 229 232 236 247 251 257 258 272 277 280 281 283 289 291 293 295 296 302 304 305 313 315 317 323 329 340 341 348 349 350 366 369 374 375 376 389 393 394 395 405 406 408 412 415 426 427 429 
94 152 154 163 174 179 180 185 191 197 229 238 242 265 286 304 316 326 329 335 339 340 341 356 368 387 390 395 405 408 413 420 424 
45 80 121 172 277 238 145 62 11 107 217 200 82 180 163 230 20 82 150 251 21 280 172 264 100 232 194 82 300 195 185 109 138 131 44 289 114 25 260 22 246 21 94 67 98 19 233 270 294 226 220 118 290 294 133 76 13 75 194 60 45 108 102 275 196 193 86 151 117 248 287 46 233 45 212 238 201 164 260 53 242 216 63 216 165 14 67 9 211 122 75 146 113 20 153 119 47 174 269 94 22 44 9 179 282 72 183 210 32 261 49 35 107 45 66 151 273 259 92 253 294 94 203 140 25 215 223 103 138 48 109 246 109 22 95 37 246 59 240 189 11 285 15 27 135 31 51 269 28 2 132 262 46 266 259 111 287 48 265 71 12 128 260 79 251 141 52 66 264 229 259 172 109 153 148 162 160 109 229 232 238 261 74 163 23 250 120 153 30 214 249 232 85 277 200 146 224 256 104 173 170 224 26 29 217 258 80 125 266 226 88 60 148 161 214 151 253 89 262 170 183 284 102 41 278 270 205 151 182 208 223 65 61 47 81 130 63 115 83 117 27 24 202 192 179 278 183 169 260 273 33 60 133 84 185 86 51 33 127 98 286 182 279 298 197 48 61 166 238 2 226 9 13 115 252 194 250 162 3 121 240 145 148 170 145 173 277 77 255 123 162 198 121 17 222 270 139 21 190 115 130 143 107 180 149 46 276 137 254 243 199 12 47 74 24 285 48 22 257 256 197 1 245 101 209 212 222 41 66 133 137 59 225 59 50 207 50 211 255 159 84 129 141 255 131 115 297 251 99 131 77 267 225 100 83 212 154 248 138 233 117 62 273 222 3 281 135 252 113 139 114 230 37 61 71 83 49 17 158 138 238 297 211 39 199 169 129 226 186 185 98 158 57 3 142 222 17 47 36 184 157 184 178 43 223 111 127 218 28 243 66 273 54 63 271 99 175 114 222 208 101 256 4 76 236 68 74 177 171 48 271 201 146 154 84 182 62 57 102 277 38 
