296 444
244 149 151 152 158 159 164 167 172 177 178 179 180 184 186 187 196 202 207 211 218 219 220 223 226 230 237 239 245 248 251 260 262 263 264 268 272 273 274 275 287 288 290 292 303 304 308 324 328 332 342 345 347 348 349 354 360 363 365 372 374 375 379 385 386 390 394 405 427 429 430 432 439 443 444 
154 1 171 205 213 220 221 227 236 244 248 249 272 302 326 338 341 344 348 354 366 382 397 412 427 440 
182 150 153 158 163 164 171 179 181 183 184 207 208 211 215 216 218 219 220 221 225 227 228 229 232 234 238 247 255 256 258 265 266 275 279 280 285 287 290 298 299 300 302 306 308 312 314 320 326 330 331 334 336 337 338 340 341 343 346 347 357 365 369 370 376 378 382 385 386 389 390 396 398 400 401 404 406 407 416 417 421 422 426 429 432 435 439 443 
130 1 154 155 158 169 172 182 183 192 198 202 205 206 214 226 229 232 239 240 244 245 247 248 249 252 255 256 258 266 268 270 276 277 279 287 290 296 299 306 309 311 325 326 329 330 332 338 341 358 359 361 362 368 372 376 380 386 394 404 411 417 419 422 426 427 434 
201 1 149 151 154 158 159 160 163 167 169 182 189 190 191 193 197 199 201 203 208 212 213 214 215 221 223 229 231 236 237 240 243 245 247 262 264 265 268 271 272 274 275 277 279 281 290 305 306 307 312 313 315 323 332 333 335 337 341 342 350 361 366 367 373 383 393 394 395 396 399 406 407 414 416 418 429 431 432 434 435 440 443 
238 152 153 154 155 161 166 167 169 171 174 178 179 180 185 187 188 189 190 193 202 204 205 211 212 215 218 220 225 227 231 232 233 234 235 236 239 240 241 243 245 247 248 253 254 256 259 270 271 272 278 288 291 292 296 298 299 300 307 308 309 313 315 316 319 321 323 325 330 339 341 360 363 384 385 388 391 400 401 404 414 415 418 420 421 425 426 427 429 434 442 444 
47 186 246 248 328 383 
210 1 150 152 153 170 171 174 177 178 184 191 195 201 207 215 219 221 223 224 226 228 229 234 236 238 241 244 245 251 253 254 255 258 276 278 284 286 293 294 297 299 300 305 309 311 319 321 322 333 337 339 345 346 350 359 362 365 366 367 370 371 373 375 378 384 385 396 404 409 415 419 429 435 436 
102 153 173 174 177 183 184 192 193 197 201 204 206 210 222 228 229 230 238 247 250 252 253 265 268 275 279 280 282 283 296 297 298 299 301 308 310 313 316 334 335 337 344 350 359 366 370 371 372 374 378 379 382 383 389 401 409 413 414 415 420 426 431 434 436 443 
297 151 160 161 163 165 172 173 177 178 182 187 188 189 198 200 203 213 215 219 223 225 227 237 247 250 251 263 268 275 281 282 292 295 301 302 304 305 320 328 332 337 352 353 372 374 375 383 384 390 396 397 399 407 408 413 414 425 430 435 
43 161 162 166 168 191 197 202 211 221 227 238 241 243 248 250 251 259 271 275 282 292 302 326 327 334 338 362 372 381 383 387 392 400 410 432 436 437 
184 169 312 365 427 
91 1 151 155 157 160 163 167 168 169 171 173 178 182 186 190 191 194 196 199 200 203 204 205 207 213 216 217 219 220 226 227 233 236 238 241 243 250 251 252 256 260 262 263 265 271 274 275 281 284 286 289 293 294 296 298 300 302 307 311 316 318 321 323 324 327 328 330 335 340 341 348 350 352 354 357 361 363 369 370 371 376 380 381 382 389 399 414 417 421 424 425 430 433 437 439 440 441 
254 149 152 157 163 168 177 179 195 196 205 207 217 226 232 243 244 246 248 254 260 269 271 277 279 284 288 298 313 319 320 332 333 335 336 351 358 367 368 374 378 385 402 403 405 407 408 418 420 424 434 
30 152 154 156 161 163 166 167 168 172 175 178 180 182 183 187 189 193 195 200 202 203 204 206 212 216 217 219 221 227 232 250 251 253 264 265 267 273 275 288 292 293 295 296 298 299 302 304 306 309 313 314 321 324 325 326 331 333 334 335 336 337 346 347 350 351 352 358 359 363 368 369 372 373 374 381 386 387 390 391 393 395 398 401 405 420 422 427 428 429 433 436 441 442 
67 149 154 167 181 184 188 193 207 209 213 225 244 263 268 277 281 282 283 285 289 292 317 318 340 343 344 346 356 359 365 368 370 381 395 399 404 418 427 
188 165 177 189 209 214 217 221 235 241 249 255 293 301 314 338 343 360 362 378 385 392 403 414 424 431 
96 150 154 162 163 170 172 195 201 222 223 232 242 250 257 258 263 270 273 294 295 305 307 309 321 326 328 331 342 357 362 392 395 409 426 434 438 444 
93 150 185 207 231 246 261 284 290 331 375 386 
171 151 162 172 186 191 198 207 211 224 239 247 256 258 271 280 294 304 318 354 386 414 436 442 
22 156 158 160 171 176 181 183 184 187 193 197 200 206 207 208 212 214 220 223 237 243 244 247 251 255 256 259 261 264 266 280 289 290 292 297 305 313 318 324 334 340 342 347 348 352 358 361 362 372 375 376 382 383 385 386 387 391 393 402 405 407 417 419 422 429 436 438 440 442 443 
238 160 205 208 241 267 289 290 308 335 344 410 414 426 443 
104 149 158 192 203 218 219 222 233 239 254 276 285 303 328 363 369 371 374 375 382 383 384 402 439 
247 152 155 156 157 164 168 169 170 173 174 175 178 184 185 188 193 195 196 199 201 204 206 210 212 213 219 220 222 224 228 230 231 236 244 247 248 249 258 260 266 269 273 275 289 290 294 301 307 308 310 311 316 320 326 332 334 338 340 342 348 350 354 357 361 363 364 372 374 377 381 382 383 385 390 394 400 403 407 408 411 412 416 423 424 426 428 437 440 441 442 443 444 
201 155 164 165 175 181 193 198 205 219 224 230 232 243 244 248 251 273 283 286 300 302 305 306 309 313 332 340 351 359 378 392 393 403 409 412 417 422 427 444 
299 163 172 174 183 189 196 197 200 202 221 230 243 251 262 264 268 271 276 278 290 299 302 304 307 315 319 321 342 363 388 390 395 396 398 403 415 442 444 
134 154 191 223 248 266 350 353 370 
100 1 149 151 153 154 155 157 158 168 170 171 172 174 180 183 186 194 199 200 202 205 207 211 214 219 220 224 225 226 227 228 235 241 242 248 255 257 260 263 264 266 269 270 273 276 277 280 281 286 287 288 291 292 295 298 303 308 309 319 320 323 333 335 336 338 349 350 352 356 357 359 371 372 375 379 385 387 394 397 398 399 403 408 414 416 423 425 427 429 430 431 433 
176 199 212 213 226 229 271 273 279 325 333 349 380 403 404 434 437 
285 1 150 152 153 154 157 160 161 163 164 175 181 185 191 192 194 199 203 205 206 212 213 216 220 226 228 233 235 238 242 246 254 255 260 264 269 272 275 281 282 285 287 292 295 296 298 303 308 315 316 318 319 320 324 329 331 335 336 337 341 349 350 354 357 359 362 366 370 372 374 379 388 391 392 394 396 397 401 403 409 411 415 416 419 420 422 429 432 434 438 441 443 
299 178 187 193 204 219 226 241 251 267 274 304 311 330 348 361 374 387 397 401 417 422 425 436 
5 153 159 164 166 170 175 180 182 187 188 189 192 195 197 206 209 210 213 216 222 224 226 229 235 246 248 249 256 262 266 268 269 273 275 276 277 278 280 284 288 292 295 309 311 316 318 319 320 322 324 329 332 337 340 345 347 348 351 356 359 360 364 367 369 372 375 376 377 379 382 383 388 389 392 397 398 400 406 410 412 416 417 420 421 424 426 434 442 
270 152 159 162 163 164 165 168 169 170 184 185 186 189 190 193 198 204 206 209 210 215 218 221 227 228 231 241 244 253 256 262 267 275 277 279 282 283 284 285 291 295 296 301 302 304 305 307 312 314 316 317 318 321 327 329 330 332 335 340 341 342 350 353 355 356 361 367 368 370 372 373 374 378 380 382 384 386 389 391 392 398 401 405 409 411 412 415 417 420 422 426 434 435 436 437 439 
236 1 149 152 153 155 157 160 164 166 167 174 175 177 182 183 186 187 188 190 196 198 200 203 205 214 225 227 228 229 230 231 233 235 238 240 247 250 252 254 256 258 261 264 265 268 277 280 281 284 290 293 294 296 299 303 305 315 317 318 319 320 321 322 323 337 338 350 352 355 359 361 368 369 375 378 379 380 383 385 387 392 394 396 400 403 404 408 411 415 416 419 422 438 440 441 
281 159 160 166 168 212 218 224 231 233 239 251 300 302 305 330 337 339 340 344 406 411 414 417 418 420 422 424 427 428 439 
229 163 166 174 183 193 200 213 214 217 221 222 225 226 228 232 240 246 249 253 255 259 269 274 275 281 291 299 307 310 329 333 338 344 359 364 368 374 375 388 393 396 403 412 417 433 439 
68 155 159 161 163 171 173 175 183 190 201 203 208 219 224 228 232 237 244 245 247 248 258 269 272 276 279 284 291 296 301 306 310 320 321 325 326 328 330 332 334 350 356 359 361 375 376 379 380 384 385 386 387 390 391 394 401 404 406 415 416 427 433 438 439 
274 150 154 155 159 162 163 169 178 184 186 187 190 191 192 196 199 204 205 206 209 211 214 218 220 223 227 233 240 243 246 248 251 254 257 264 276 277 278 284 287 290 295 296 302 303 305 307 320 324 327 328 330 331 332 333 337 343 346 348 350 352 353 354 360 361 365 370 375 376 379 384 385 386 387 388 392 399 400 401 402 403 407 408 410 411 416 418 419 420 421 423 426 427 429 430 432 434 437 438 442 
96 150 151 156 180 190 203 205 228 234 287 317 330 370 371 372 405 409 418 428 443 
168 167 186 194 199 205 211 212 214 221 227 239 243 260 264 276 280 281 287 289 294 301 316 323 324 326 334 345 350 371 384 398 418 426 427 434 443 
75 153 155 163 167 168 174 179 186 190 195 198 200 202 203 206 207 209 211 212 213 214 217 218 223 224 225 226 229 231 232 234 235 239 241 246 249 257 262 265 269 270 271 277 281 289 290 294 296 297 299 302 305 313 314 315 318 321 331 337 347 349 350 354 355 361 367 368 369 370 371 376 380 384 390 391 393 399 401 403 404 405 407 417 418 420 424 426 427 428 434 439 441 442 
291 156 159 161 163 164 166 173 175 181 182 184 185 198 207 209 210 213 218 219 220 222 223 224 228 231 234 239 247 252 261 264 266 267 269 270 271 280 282 287 289 293 296 297 302 303 310 311 312 321 323 324 325 329 330 333 339 342 345 346 348 360 362 363 371 372 375 379 383 388 389 391 394 400 408 412 413 414 416 417 420 423 436 438 441 
167 149 156 162 163 168 170 171 173 174 183 184 187 189 192 195 200 205 214 218 220 225 228 232 237 240 243 246 247 248 250 253 256 258 263 264 267 269 271 272 276 277 289 294 295 297 300 301 304 307 308 310 313 315 317 325 328 329 332 334 336 345 349 351 353 360 362 367 392 395 399 400 405 411 413 422 424 426 431 433 435 
158 151 159 173 190 213 223 241 251 266 284 309 320 321 368 372 379 396 412 435 
52 149 151 153 155 158 162 173 174 179 181 185 189 197 199 200 201 204 206 208 215 216 218 219 221 223 224 225 226 227 228 237 239 240 241 243 250 252 254 255 256 257 260 262 263 265 270 271 272 273 277 280 282 285 286 287 290 296 300 301 302 305 309 313 315 317 321 322 323 327 328 329 332 334 335 340 341 347 355 359 362 363 364 365 370 371 375 376 378 379 381 382 387 388 394 398 400 403 405 406 409 410 412 413 414 415 416 417 418 422 427 437 438 440 441 444 
155 151 169 174 178 183 186 189 194 195 201 212 217 223 228 245 251 263 268 279 283 288 289 294 295 306 314 321 327 331 337 340 346 355 356 357 363 369 371 376 381 386 390 395 399 400 402 417 422 425 426 435 437 438 441 
228 271 284 377 
269 157 158 161 163 164 166 167 168 169 170 173 175 176 186 192 194 197 202 203 209 218 220 223 227 229 232 236 238 244 253 257 258 261 270 279 280 290 291 293 296 298 299 301 302 303 313 317 320 329 331 332 333 338 348 349 350 353 354 356 378 386 391 395 399 402 406 409 415 416 420 421 425 440 443 
265 271 
133 157 160 168 171 173 180 183 186 188 189 190 191 194 197 210 211 218 223 225 226 227 232 233 237 240 247 248 252 262 264 269 271 273 274 276 277 280 282 283 285 290 299 304 307 310 311 313 317 319 321 333 343 344 347 349 358 359 361 365 366 367 372 373 381 382 385 389 391 393 404 405 408 414 415 419 429 437 438 440 444 
176 150 152 162 168 172 183 184 189 194 198 210 215 222 223 227 236 241 246 247 249 267 274 281 283 284 299 301 304 305 307 309 310 315 320 321 326 335 338 348 353 355 362 364 366 368 369 375 379 381 388 396 403 409 411 418 419 422 427 428 434 436 437 
150 179 187 191 193 214 218 225 237 246 252 253 281 327 338 365 367 410 417 418 438 
3 158 166 169 178 180 181 192 199 208 209 223 229 239 250 260 268 276 277 294 300 306 311 314 321 333 345 347 348 349 353 354 360 363 364 388 389 397 400 402 413 421 423 425 426 443 
220 151 177 182 189 200 202 205 208 220 225 259 280 287 295 305 315 323 337 351 354 392 393 399 402 414 418 431 438 
97 149 156 168 176 188 198 201 202 236 253 279 281 283 288 299 327 343 344 351 354 358 363 377 379 392 396 407 414 426 
72 149 150 152 166 170 174 181 183 185 189 195 197 198 212 225 266 270 277 281 289 291 297 304 321 322 327 332 333 336 340 342 345 347 348 354 361 368 370 382 393 402 405 415 418 420 422 424 428 433 434 441 442 
275 1 152 157 176 181 185 188 206 215 219 252 253 254 274 283 291 309 315 319 320 324 341 349 380 381 385 386 399 400 403 417 430 432 435 
172 169 173 224 238 247 318 350 371 395 397 
118 150 151 156 160 169 170 171 172 173 175 177 178 182 184 185 187 189 190 196 197 198 200 207 211 213 214 215 216 217 220 222 224 225 226 231 232 234 238 240 243 247 249 251 252 254 257 259 268 271 276 282 290 293 298 299 300 303 309 312 313 314 315 320 327 328 331 333 335 338 339 340 342 343 347 349 351 353 356 359 365 367 369 373 375 378 382 391 393 401 404 405 407 408 409 414 418 419 420 422 423 424 430 432 436 438 441 443 
260 1 154 155 157 160 164 173 175 176 185 188 189 191 194 196 199 207 208 209 211 214 218 220 224 227 230 231 232 234 241 243 246 248 250 251 259 263 275 276 278 287 290 298 302 305 307 310 314 318 320 326 331 336 337 338 339 343 351 360 365 372 374 377 379 393 395 396 398 401 403 406 407 411 413 417 418 420 422 426 431 432 436 437 438 442 
296 150 159 164 165 166 168 172 178 179 180 181 183 185 188 189 195 197 198 199 200 202 204 205 208 213 214 217 218 219 221 222 223 228 233 236 243 244 246 248 252 253 256 262 263 264 270 272 274 279 282 283 285 286 287 288 292 294 295 299 301 305 307 313 314 316 318 322 324 326 331 333 338 343 348 352 353 354 356 359 364 366 368 370 371 373 374 375 388 390 404 405 409 410 411 425 426 430 432 433 435 436 437 443 
52 1 149 150 151 158 161 165 167 168 175 180 189 190 191 192 194 196 198 200 201 202 209 216 218 219 222 225 230 231 234 235 238 239 240 248 255 261 266 267 269 272 275 285 292 295 296 300 332 333 335 338 339 341 349 352 355 357 358 359 362 363 366 368 369 371 374 376 382 383 386 393 394 395 398 401 407 409 422 426 431 434 435 440 444 
53 149 157 160 162 163 165 171 176 181 184 190 194 196 197 200 201 203 208 218 225 227 234 236 238 239 250 254 256 264 266 267 270 273 274 275 279 280 282 284 285 290 291 292 300 328 333 336 340 342 345 346 352 356 360 361 363 365 366 374 387 390 394 395 398 399 400 404 415 416 418 421 426 431 433 442 
9 1 151 164 165 167 168 169 174 176 181 182 183 184 187 190 192 194 201 202 206 207 209 212 215 216 217 220 222 223 226 230 232 233 239 243 245 250 252 253 255 256 258 260 261 262 263 268 272 273 275 276 280 282 283 288 289 290 291 292 295 299 303 306 309 311 312 313 315 317 319 321 322 325 326 327 335 336 338 346 347 354 356 357 360 363 365 369 375 376 377 393 395 396 397 401 404 410 412 413 419 421 422 425 426 427 429 431 433 435 438 
285 170 198 201 209 210 243 281 287 335 372 373 414 436 439 
18 153 156 161 163 168 173 178 181 184 194 201 206 208 209 213 214 216 219 231 232 238 239 244 245 254 258 262 264 265 271 277 281 282 283 287 292 293 294 295 298 299 300 303 304 310 311 312 316 318 324 325 327 330 333 334 342 345 349 352 353 359 363 365 367 369 370 372 377 384 388 390 399 402 406 408 410 413 416 418 420 425 427 429 434 442 444 
55 1 149 154 155 159 161 162 164 165 169 170 171 175 176 178 179 181 182 186 192 196 198 199 201 203 205 206 212 214 218 229 235 238 244 248 249 253 257 260 263 266 270 272 281 286 288 292 298 299 304 310 312 321 323 335 338 339 343 346 351 353 355 356 358 360 368 373 375 376 382 389 391 397 398 403 404 409 410 412 413 417 421 422 423 424 427 430 
93 159 161 171 174 192 194 196 204 206 215 228 234 264 265 266 269 270 279 283 294 299 302 314 315 327 340 345 347 349 360 363 366 373 376 380 381 402 421 428 430 431 433 438 
286 149 155 158 160 161 166 176 177 179 180 181 182 187 188 189 193 195 196 197 198 206 213 219 229 230 231 245 255 256 257 262 263 264 266 267 268 271 272 281 285 289 290 291 293 299 302 306 308 311 317 322 323 326 329 336 343 344 345 348 350 351 357 360 364 365 374 378 380 381 386 389 391 392 395 399 401 408 410 415 416 418 422 427 430 432 435 437 439 440 
91 149 150 152 154 160 161 163 164 167 170 171 173 174 175 181 183 184 188 189 194 199 200 204 210 211 213 214 217 218 220 222 227 228 229 232 233 234 235 238 240 241 246 248 250 252 254 255 258 262 264 268 270 274 280 288 291 298 300 302 303 304 306 309 310 311 314 316 318 321 327 339 342 345 346 348 349 361 362 369 379 383 384 387 391 392 393 401 403 407 409 412 419 420 422 427 428 431 433 435 441 444 
256 181 192 198 205 217 228 272 273 304 315 333 378 381 415 419 441 
70 153 155 157 158 164 169 180 182 186 188 196 207 211 215 216 225 233 236 246 266 267 268 271 274 276 280 292 293 294 296 303 312 320 329 344 347 349 360 365 369 377 388 389 392 398 404 405 415 417 419 422 425 433 435 
27 1 151 156 157 159 164 165 167 168 169 172 173 175 176 181 182 183 186 189 192 197 201 202 206 207 208 210 212 213 214 215 219 229 231 234 236 240 242 244 247 249 250 251 252 254 255 256 257 260 262 264 266 269 272 275 277 278 279 280 282 288 292 293 294 295 300 301 302 304 310 312 313 315 317 319 321 327 328 331 332 335 341 342 343 344 348 349 352 355 360 362 364 368 370 371 372 379 381 382 384 388 391 393 394 396 397 399 400 410 413 414 415 416 424 425 431 436 441 443 
232 151 152 155 162 163 168 169 172 174 176 178 182 184 188 189 197 199 203 208 209 213 214 216 219 228 229 230 237 239 241 246 249 251 254 255 257 261 262 263 265 269 272 275 278 285 287 289 291 304 315 317 322 324 325 326 329 331 332 333 336 339 341 343 345 349 351 353 358 359 360 361 362 363 365 370 373 377 380 384 386 387 391 392 398 401 402 413 414 415 419 421 422 427 431 437 438 439 440 441 442 444 
207 149 159 163 168 169 172 179 180 185 186 191 198 199 213 216 232 237 240 241 243 259 265 276 294 299 303 308 322 323 330 331 333 334 338 342 345 367 383 387 394 399 401 402 404 405 416 417 433 435 436 444 
24 1 149 155 162 163 176 177 180 181 187 196 198 201 207 219 223 225 234 240 242 247 249 256 266 270 272 274 275 279 281 283 285 290 295 300 304 320 321 325 327 330 334 339 343 344 347 352 357 360 362 365 366 368 384 387 391 394 400 410 413 415 416 417 425 426 428 429 430 431 440 441 
8 1 149 150 151 154 156 159 163 167 168 171 172 184 185 187 193 194 195 196 198 202 203 204 210 220 225 226 230 240 242 247 252 253 254 258 260 265 266 271 272 274 280 281 283 288 291 293 294 302 305 306 308 315 316 318 321 324 327 333 340 344 346 348 351 352 354 356 362 363 366 367 374 377 380 381 388 393 394 396 397 398 399 403 407 412 413 418 419 421 429 430 431 436 437 438 439 440 443 444 
182 151 152 158 160 164 165 168 169 170 171 172 174 175 189 192 193 197 199 200 203 205 206 207 208 211 212 213 217 224 225 226 230 231 236 239 243 248 254 256 258 259 262 263 265 266 268 271 272 276 277 281 282 283 284 287 288 296 297 299 305 311 315 317 320 323 325 328 329 331 333 338 344 346 347 349 352 355 357 359 361 364 366 367 369 373 374 375 376 377 378 383 385 391 394 395 397 405 406 409 410 412 414 417 418 419 423 427 430 436 437 440 441 444 
286 157 160 168 183 197 214 217 229 230 246 298 325 342 345 350 352 353 372 380 383 411 418 420 423 428 431 
220 160 162 198 202 208 215 218 235 238 240 241 242 243 247 252 253 270 271 290 294 297 299 314 321 326 333 355 357 363 366 373 374 382 388 407 413 426 429 444 
227 154 162 163 164 166 172 177 180 187 191 194 201 202 204 209 212 213 214 222 225 226 227 230 231 233 235 237 240 242 243 247 250 253 254 257 259 260 261 263 264 267 269 275 276 280 281 283 284 287 289 291 294 296 298 304 305 307 308 310 312 315 317 322 327 330 331 334 336 341 345 351 356 357 358 367 372 373 375 378 383 385 386 388 390 397 399 403 405 407 408 411 414 417 419 420 421 425 431 433 436 440 444 
286 149 152 153 154 163 173 174 177 180 183 184 196 198 200 209 215 218 223 230 245 249 251 280 288 290 294 301 302 303 304 314 323 325 326 335 336 343 347 350 368 370 376 382 390 394 395 396 400 404 409 417 419 426 429 437 439 442 
153 149 150 152 155 157 162 166 173 174 178 186 190 191 193 196 197 206 207 210 211 220 224 230 233 235 236 237 240 243 244 253 258 260 261 262 265 268 275 276 277 278 280 281 282 283 285 287 288 291 296 297 302 304 306 307 309 311 317 318 319 321 324 325 327 336 337 339 343 345 350 354 361 364 365 366 368 369 374 378 379 380 388 397 400 401 402 403 405 408 411 414 415 418 419 421 422 424 425 426 430 434 435 439 442 
9 159 185 194 196 201 202 209 215 236 239 246 251 272 279 287 292 299 321 355 366 368 374 386 391 412 420 426 432 437 438 439 
257 150 160 162 166 173 176 191 192 200 231 235 236 240 245 247 265 271 274 280 292 320 325 341 350 362 369 370 385 386 389 394 396 397 401 402 403 409 412 415 425 431 435 
18 149 158 159 160 162 165 168 173 174 180 182 185 188 189 190 192 194 198 205 208 209 210 212 218 219 220 223 229 230 234 235 239 240 241 248 249 250 254 255 259 260 261 268 272 273 274 276 278 282 285 286 288 291 293 295 300 302 308 310 311 319 323 337 339 340 343 347 348 350 355 366 368 373 375 376 377 379 381 383 385 387 388 393 394 396 397 400 403 415 419 421 422 424 428 429 436 438 441 443 
51 150 157 168 171 172 179 180 181 186 190 191 200 201 202 205 225 230 231 235 238 240 246 269 272 273 276 277 283 285 286 290 295 298 299 301 304 319 321 326 333 342 346 351 354 358 360 362 365 366 371 372 379 381 382 383 390 394 398 399 405 410 412 420 423 427 428 430 434 
28 152 155 164 176 182 184 194 203 204 211 224 229 235 244 245 249 252 266 270 275 278 280 286 289 301 304 315 321 323 333 334 339 342 347 355 365 368 372 393 395 411 417 425 
165 1 149 152 155 156 157 158 160 162 163 165 166 173 174 175 176 178 179 180 183 184 188 191 196 204 205 207 214 218 219 221 224 229 231 243 244 250 252 253 255 260 263 264 265 266 270 271 275 278 279 282 296 297 302 307 309 311 313 316 318 323 331 333 335 336 340 341 342 343 344 345 349 353 354 357 358 360 362 367 370 375 376 377 384 386 389 391 395 396 397 406 409 414 416 419 421 426 428 430 434 436 437 444 
248 152 155 156 162 163 165 167 169 171 172 177 180 184 185 186 195 200 202 206 231 234 235 248 257 266 269 274 283 289 298 300 303 304 307 310 313 320 328 329 333 334 338 339 359 363 370 371 375 376 390 398 399 404 406 407 414 421 429 442 
212 150 152 156 157 158 163 168 173 176 177 178 190 191 196 199 206 207 209 211 214 215 216 217 223 229 231 232 236 238 248 255 257 266 277 284 286 289 292 309 311 313 319 320 321 327 333 335 340 345 346 349 353 360 361 368 370 374 385 387 392 393 398 400 401 402 412 415 423 424 435 438 439 443 444 
74 149 156 159 161 170 178 179 181 183 187 189 199 214 221 222 235 238 243 244 247 250 252 257 272 278 281 288 289 290 299 303 304 307 316 317 319 325 326 328 329 333 338 340 341 346 347 348 353 355 356 365 373 387 393 398 400 401 408 410 425 426 437 439 440 
7 261 273 320 323 401 
52 151 165 186 188 190 203 266 305 317 319 349 440 
68 149 152 154 155 164 169 170 177 189 191 194 196 198 207 213 214 229 237 242 243 246 250 251 268 269 280 286 293 294 311 312 319 320 325 328 334 335 337 340 343 344 346 348 349 354 357 363 368 371 388 395 400 402 403 408 409 410 413 418 420 421 424 434 
250 1 150 152 176 178 183 189 192 195 199 201 203 205 207 211 219 223 232 237 242 243 251 253 258 261 262 263 264 266 270 271 276 283 291 295 303 305 308 315 319 322 325 327 328 329 333 336 338 343 344 354 368 372 373 374 375 379 390 392 400 402 405 412 414 416 420 425 426 435 437 438 441 
138 152 155 157 158 162 164 169 170 180 182 185 186 187 191 193 196 197 201 203 204 205 206 213 221 224 229 231 232 233 236 237 242 252 253 257 258 259 260 261 263 265 266 269 271 274 275 278 279 281 282 283 284 293 294 301 302 306 307 311 312 318 319 321 325 331 333 335 336 340 346 349 354 357 365 369 374 375 377 380 388 394 396 398 401 402 406 411 412 413 414 415 420 422 426 432 433 437 440 441 
76 151 167 175 188 189 198 199 215 217 225 249 258 274 289 299 312 317 340 341 367 370 385 405 407 410 419 424 425 426 442 
240 150 156 158 159 162 172 173 178 179 181 186 190 192 194 202 213 214 216 219 229 232 233 234 237 246 249 250 256 260 265 270 280 283 287 290 296 298 300 301 308 313 315 318 321 327 333 339 343 351 353 354 356 359 368 371 379 382 386 388 393 396 402 405 414 417 422 425 426 430 432 433 436 441 
59 149 157 158 165 172 181 188 193 196 212 219 221 233 234 236 238 240 242 245 246 249 252 255 269 272 277 279 291 294 301 314 317 318 321 327 331 335 340 342 344 345 350 354 356 359 372 377 378 379 386 388 394 400 408 409 410 413 414 419 422 423 431 434 439 441 443 
238 150 151 153 155 157 158 160 161 162 163 168 169 170 175 176 180 183 184 187 188 193 194 195 196 202 203 207 211 212 213 216 218 221 222 228 233 243 244 247 249 253 256 257 258 259 264 265 266 267 268 272 274 277 278 279 280 281 282 287 288 292 293 294 295 296 297 298 304 305 306 309 314 315 317 318 319 324 331 337 338 340 341 343 344 346 350 352 355 358 359 364 365 366 370 371 382 387 388 389 392 395 396 398 400 402 403 410 411 412 417 419 422 426 429 430 433 434 436 438 440 443 444 
286 162 168 169 175 176 177 178 179 184 188 189 194 199 201 202 204 206 208 214 219 223 228 232 233 237 240 241 243 257 263 268 275 276 278 290 295 304 305 310 316 323 325 342 359 370 379 382 383 384 386 388 404 407 411 414 415 416 418 423 442 
269 159 166 171 179 181 185 195 198 199 204 205 208 216 235 238 243 245 251 253 259 263 273 285 286 300 305 309 321 322 323 328 330 333 346 347 348 349 353 365 368 376 395 399 403 414 415 431 435 438 440 442 
210 150 155 173 176 179 183 184 187 189 192 195 207 210 213 215 218 234 239 240 242 248 255 258 259 263 266 271 273 274 275 276 279 291 300 310 316 324 326 328 331 335 341 346 347 349 362 364 372 377 379 383 385 389 392 394 397 398 408 409 411 418 423 428 438 441 443 
188 150 151 152 154 155 161 162 164 166 167 170 171 176 177 180 183 187 188 190 192 198 199 200 206 208 209 211 214 217 222 232 235 236 238 241 245 248 250 252 256 258 259 261 277 279 284 285 287 289 290 292 294 300 307 317 319 320 323 324 327 331 336 338 341 342 344 345 346 350 356 360 361 362 366 369 370 371 375 377 384 387 388 389 392 393 399 403 405 406 408 409 414 417 418 419 420 422 423 424 426 428 433 437 438 439 442 443 
277 149 155 159 162 164 166 168 172 174 176 183 188 196 204 206 212 214 215 219 222 225 231 232 235 238 239 242 244 245 247 253 254 264 267 275 277 279 280 285 288 303 309 314 325 326 327 344 346 347 355 357 358 359 363 365 367 368 374 376 377 379 382 383 387 389 392 395 396 397 398 401 403 404 409 411 413 420 424 425 426 430 432 433 434 435 439 
160 149 156 188 199 200 213 231 261 267 268 308 339 345 359 374 379 380 387 391 401 407 414 416 418 422 
28 151 153 157 168 169 173 178 184 206 207 216 223 226 229 231 233 241 246 249 250 254 262 278 284 285 287 300 301 306 312 315 326 332 342 344 350 379 381 386 389 390 391 395 397 399 400 403 405 406 411 413 425 427 431 440 
248 169 182 186 199 206 217 220 227 232 233 262 263 280 301 305 312 316 326 330 331 335 336 347 351 358 363 371 402 414 415 417 423 441 
250 155 175 183 184 185 191 195 199 200 203 204 206 208 213 237 248 249 258 261 265 277 294 302 307 310 311 336 339 343 347 348 349 350 351 366 372 376 377 381 382 401 404 409 411 412 421 428 443 
58 1 149 166 175 181 184 186 187 189 192 195 196 199 205 206 209 217 222 226 231 236 241 242 245 247 262 265 272 289 292 294 298 300 302 312 324 325 327 331 351 354 363 368 385 393 401 402 434 442 443 
97 1 164 168 169 177 180 184 190 191 194 195 200 203 207 211 212 213 227 232 235 240 247 255 275 276 278 279 280 281 284 287 291 295 299 303 305 306 309 316 321 327 335 338 344 350 351 362 367 373 379 381 383 391 394 395 407 408 411 415 416 428 439 441 442 
13 149 152 155 158 164 165 166 167 172 173 179 180 182 183 189 190 194 195 196 207 208 213 217 221 230 235 245 255 258 260 262 267 269 271 272 276 281 284 285 292 293 295 296 306 311 313 316 317 324 325 329 331 333 336 341 342 345 348 353 359 360 361 362 369 379 380 384 389 390 397 404 405 410 415 419 426 427 433 434 440 
65 160 163 166 184 193 215 222 224 257 284 296 299 318 326 350 353 364 366 371 376 377 388 401 405 416 423 440 441 
252 178 179 201 226 228 234 243 244 256 260 262 269 278 286 289 292 300 302 329 338 340 383 390 406 408 418 425 430 
286 152 154 156 158 160 168 175 179 180 185 186 189 200 204 208 211 219 220 227 231 232 233 235 238 244 246 251 256 259 265 267 269 271 272 273 275 278 280 281 282 283 295 298 301 308 312 315 320 322 325 326 328 334 335 340 341 342 344 347 350 352 355 366 367 373 377 382 383 387 395 396 397 399 400 402 409 410 411 414 418 419 423 424 428 435 438 440 441 442 
289 149 155 157 161 162 168 169 170 172 176 182 186 187 189 198 203 205 207 209 212 213 221 222 223 225 226 227 231 232 234 235 238 240 243 244 245 246 248 252 258 264 265 269 274 281 282 283 286 289 292 294 298 300 301 304 305 306 307 311 313 320 322 325 326 328 333 336 340 343 344 345 346 347 348 350 355 356 357 358 360 361 362 364 373 374 379 381 382 386 388 393 396 397 398 399 403 406 409 412 414 417 423 424 425 433 434 439 
7 150 154 156 158 162 163 164 166 168 170 172 173 174 177 178 186 199 202 210 213 216 222 224 231 235 237 245 247 248 250 256 260 264 270 275 278 282 285 286 294 301 302 307 313 320 334 341 347 354 357 363 364 368 369 371 380 383 387 388 390 392 410 414 415 417 418 426 431 436 
66 165 172 180 182 187 188 193 202 208 210 214 219 224 226 227 235 247 249 260 263 268 272 273 278 284 285 289 290 291 295 296 302 305 306 310 311 314 316 324 326 337 340 345 347 350 352 355 366 368 381 382 388 393 394 395 419 434 439 444 
210 150 151 155 168 181 187 188 189 196 206 207 208 209 217 218 229 230 234 250 268 270 280 286 296 297 298 301 306 308 314 320 321 323 331 335 339 340 344 355 356 357 359 368 369 385 397 401 405 407 409 412 416 420 421 425 438 440 443 
294 151 154 155 157 158 160 163 165 168 169 173 174 175 177 182 183 184 186 189 195 204 208 210 211 217 221 222 223 224 227 230 233 235 236 238 244 259 260 261 266 267 271 277 278 279 282 283 284 285 290 296 297 298 300 304 306 312 314 315 326 327 331 332 333 335 337 340 343 344 353 354 355 358 359 360 362 363 370 371 376 377 378 382 388 393 395 400 403 405 409 410 413 416 422 430 431 438 440 
276 150 151 153 154 156 161 165 166 167 169 174 177 178 180 184 185 186 187 198 205 214 218 220 233 245 250 253 254 275 277 280 281 287 288 290 296 300 309 313 315 316 317 325 326 333 334 336 340 351 352 353 355 361 369 370 374 380 386 391 393 397 398 401 407 409 416 417 426 428 429 435 440 441 
22 150 151 152 156 162 165 166 168 174 178 180 182 185 186 190 192 193 196 199 202 205 206 207 214 215 217 218 221 225 230 231 234 235 236 242 244 248 251 252 257 259 264 265 269 273 276 283 285 292 293 295 297 300 301 306 307 308 310 312 320 321 322 323 325 329 332 336 339 340 341 346 348 349 350 352 353 354 356 357 361 362 365 368 369 370 371 373 374 377 381 385 391 396 400 403 404 405 407 419 420 421 423 424 425 426 429 430 432 436 441 443 444 
288 150 156 195 202 221 231 265 279 303 335 345 372 378 382 383 402 429 
19 279 299 
25 152 166 176 191 195 201 208 214 218 219 234 242 249 251 253 254 256 261 262 265 267 276 278 281 289 295 299 301 307 309 313 315 319 320 321 331 339 345 349 364 369 371 384 385 390 400 404 405 408 411 415 419 425 427 433 434 
100 1 149 153 155 159 165 167 168 169 170 172 174 175 176 182 189 191 193 194 210 213 214 220 227 233 234 235 239 249 253 259 264 268 272 279 283 284 285 289 292 295 298 306 311 313 314 315 316 318 326 329 330 332 336 337 338 340 342 348 352 354 357 364 368 372 374 375 377 383 389 391 392 395 396 403 410 411 415 416 418 419 420 424 425 426 428 443 444 
209 154 156 159 169 172 186 203 206 213 232 240 286 288 309 329 343 344 346 357 382 391 395 406 422 423 426 431 434 441 
84 335 355 376 
274 149 159 165 169 174 178 180 201 202 208 218 226 243 247 248 254 257 266 269 276 280 283 291 301 302 305 314 318 321 323 325 329 338 344 348 354 357 360 367 388 391 399 401 418 421 432 435 439 
203 173 178 190 191 202 221 249 268 272 310 316 354 356 390 402 415 438 
277 151 157 158 175 177 182 187 188 194 201 204 214 217 220 221 223 225 226 228 229 231 232 234 235 241 245 250 267 269 277 278 279 280 281 283 285 289 291 297 298 308 309 312 313 315 316 321 323 328 329 330 332 334 338 339 340 341 345 347 348 352 353 355 364 365 367 372 373 376 377 378 379 384 387 396 402 408 412 413 414 415 427 429 430 431 432 436 437 438 440 
95 161 176 185 189 205 221 225 238 254 263 266 267 276 278 282 288 290 291 292 296 297 301 303 304 305 306 310 315 316 330 333 339 341 342 343 344 354 360 371 373 374 380 381 387 389 390 391 397 398 401 405 408 409 418 423 436 442 
187 152 155 157 159 161 165 169 172 180 184 187 188 190 195 200 202 209 214 220 224 227 233 235 239 240 245 249 250 260 266 268 286 287 292 294 297 300 301 304 305 313 317 321 327 328 330 333 334 339 340 350 353 354 355 356 363 364 368 376 382 384 386 388 393 394 398 399 400 401 403 406 410 415 417 418 419 420 421 425 430 434 435 444 
152 154 158 163 167 168 170 175 181 182 204 206 215 216 217 224 228 234 236 238 240 242 244 246 269 273 277 283 289 292 297 308 316 317 321 323 343 351 357 360 362 364 373 377 378 381 385 387 390 395 396 397 400 406 414 420 427 428 432 435 440 442 
209 161 166 172 203 225 260 394 398 429 
1 1 156 159 165 170 173 177 180 183 188 192 223 226 237 239 248 254 267 269 275 277 282 284 290 292 296 311 316 321 324 327 333 346 355 370 376 402 406 418 425 428 433 444 
291 149 153 156 157 172 176 181 185 189 190 192 194 195 196 197 198 199 200 201 209 216 217 219 225 229 232 241 244 245 248 250 252 256 257 261 267 270 273 274 276 277 278 279 281 286 288 293 294 305 307 313 314 316 317 320 325 335 338 340 341 344 345 347 351 352 355 356 360 365 368 369 374 377 386 387 406 413 414 417 418 423 425 427 428 429 437 443 
189 1 150 153 155 160 165 182 191 201 203 205 208 212 233 245 249 251 257 260 262 264 266 268 272 275 276 280 281 289 297 304 314 316 319 320 327 328 330 331 336 338 344 346 351 354 357 358 359 362 364 367 371 391 396 400 403 408 409 412 415 422 431 435 444 
81 1 164 176 186 192 197 201 204 205 206 208 210 211 217 226 233 236 237 242 261 264 265 267 268 271 272 274 275 276 288 290 293 296 309 315 316 322 327 328 329 332 333 337 342 349 350 366 384 387 397 399 405 407 431 432 433 439 
144 153 154 155 156 165 166 171 172 176 196 197 200 211 221 222 224 226 228 235 241 242 256 269 277 293 295 298 310 312 313 320 325 326 333 335 339 340 345 349 367 368 369 378 383 386 388 391 399 400 407 410 415 416 435 436 438 
33 157 158 167 168 178 182 185 195 197 198 205 214 221 225 228 233 236 243 245 251 252 263 270 275 278 282 287 294 303 306 308 311 320 322 333 336 337 341 342 343 348 353 354 360 362 364 374 376 379 384 386 394 399 408 425 434 435 438 439 444 
196 169 221 225 279 307 323 387 435 442 
59 1 149 151 152 153 159 162 163 170 172 173 174 177 181 183 185 191 203 204 209 212 217 218 220 221 222 224 226 233 235 236 239 240 244 247 248 251 253 255 256 260 262 263 267 268 269 278 280 283 286 291 292 295 297 298 300 302 305 310 317 321 322 324 325 327 328 332 335 336 338 340 342 347 348 353 371 377 378 381 384 387 388 391 392 398 405 408 413 415 418 419 423 426 427 431 433 435 436 437 
166 150 151 157 159 160 161 162 169 170 173 175 190 191 194 206 207 211 213 217 218 220 221 224 225 227 228 231 233 236 238 241 247 256 257 260 262 263 264 265 267 269 273 275 276 277 280 281 282 283 284 285 289 293 303 305 306 309 313 319 321 323 328 332 337 339 341 345 351 354 360 365 366 367 369 370 371 374 375 376 379 380 384 387 388 390 392 394 398 399 401 402 403 404 405 409 416 417 420 421 423 426 432 433 434 435 442 
112 151 153 161 163 166 172 190 200 204 206 207 215 216 221 232 235 240 243 252 257 259 268 277 286 288 294 296 308 316 332 339 347 356 370 372 374 407 408 418 419 424 427 430 431 433 438 
133 156 163 166 180 207 222 264 282 284 291 299 300 304 316 324 332 333 342 347 373 408 438 
168 153 175 180 196 207 214 220 238 256 298 306 312 315 326 332 336 345 350 377 381 382 389 391 414 432 
10 150 152 156 159 161 163 165 167 168 169 177 179 185 186 188 189 190 191 192 198 207 208 212 217 218 220 222 224 228 229 232 238 239 241 242 245 246 252 257 259 262 267 268 270 271 273 274 275 276 279 280 282 285 286 290 291 294 295 298 299 301 302 303 305 306 311 316 318 322 323 324 325 326 328 330 331 334 337 341 346 347 349 354 356 357 366 368 373 377 378 379 382 391 393 395 397 398 401 403 405 406 407 408 409 411 413 416 420 421 422 425 436 438 441 442 
227 150 151 154 160 161 167 170 175 176 179 182 198 200 206 207 213 219 221 223 225 229 235 236 237 239 240 243 244 245 254 257 261 269 270 275 276 278 284 290 291 294 295 296 297 300 302 308 318 319 320 321 323 329 339 342 343 352 353 355 356 359 365 366 367 378 379 381 383 389 401 403 404 406 410 415 416 418 428 429 439 442 
258 149 151 152 155 158 159 162 163 168 171 175 177 178 180 181 184 187 189 190 192 196 198 207 208 213 217 222 223 224 225 228 233 235 239 240 242 247 251 253 254 255 258 261 263 266 267 271 273 274 280 281 283 286 289 291 292 293 296 297 310 319 320 321 324 325 327 329 335 339 340 342 344 346 349 350 353 356 365 368 370 371 375 377 378 382 383 388 389 391 392 393 395 396 406 407 408 409 412 414 417 418 421 423 427 435 437 442 
223 155 156 158 165 167 172 174 175 189 191 197 203 205 209 214 216 217 219 221 248 250 253 255 265 268 278 280 281 284 295 300 305 308 319 321 322 323 324 325 327 329 333 336 337 344 347 348 349 350 359 367 373 378 380 381 382 384 385 386 388 395 398 402 409 415 422 423 430 433 440 
79 151 159 167 168 178 195 196 213 227 244 253 254 255 259 265 266 271 282 290 298 299 326 338 344 345 346 348 350 354 355 363 366 381 384 388 398 399 411 414 421 
73 1 155 162 163 164 169 170 173 175 179 182 184 186 188 197 204 207 210 211 212 217 221 228 230 232 235 237 243 248 249 253 258 261 264 265 266 267 276 277 285 287 289 290 293 305 306 310 313 315 320 328 332 338 340 341 345 351 357 360 361 364 370 374 385 389 391 393 400 405 408 410 419 422 424 425 427 431 433 434 440 443 444 
169 152 154 158 159 161 164 170 173 175 176 180 186 190 192 194 195 199 201 206 208 211 214 223 225 226 227 228 229 230 231 232 234 238 240 242 244 245 246 250 251 252 255 257 258 260 262 264 265 267 270 271 274 278 279 284 288 291 292 298 300 301 303 307 308 311 314 315 316 317 323 325 326 327 328 329 331 332 336 338 340 353 354 359 364 368 370 372 378 384 392 394 398 400 402 407 409 420 424 432 434 437 441 442 443 
291 1 154 155 156 158 160 174 176 180 182 183 185 198 199 200 207 209 210 212 223 228 229 231 241 243 246 249 250 251 256 264 265 272 274 277 278 281 288 289 291 293 294 295 296 297 300 302 303 315 320 331 333 334 335 338 341 343 344 346 354 356 357 359 363 366 372 375 376 378 381 385 387 391 394 398 399 410 414 420 430 431 439 443 
278 196 232 247 261 263 297 377 438 
200 152 154 157 162 167 177 179 185 186 191 197 199 204 205 206 208 210 216 218 228 229 236 237 239 241 242 243 254 257 264 266 270 271 272 273 275 278 281 289 290 291 298 301 303 311 312 314 315 320 322 324 329 332 334 337 343 344 345 347 348 350 352 353 354 355 360 368 369 371 372 375 378 379 380 381 382 383 386 389 391 392 393 394 395 396 398 399 402 406 410 411 413 415 416 417 418 419 420 421 424 425 426 427 430 431 433 435 
11 149 162 169 177 190 193 246 251 254 260 275 285 293 304 309 313 315 330 335 337 355 357 371 380 384 399 400 401 416 423 
181 1 157 159 161 167 170 171 174 176 178 182 185 186 188 194 197 209 210 211 216 217 220 221 222 223 225 227 229 232 235 241 246 251 263 270 272 277 283 286 290 292 294 297 299 306 307 308 309 311 313 314 318 319 320 323 325 328 330 334 339 341 343 345 346 349 353 359 366 368 369 371 373 376 390 391 392 399 405 409 415 416 418 419 429 431 438 439 440 443 444 
282 236 253 263 270 275 296 318 328 333 349 351 359 362 372 380 383 391 405 428 444 
168 151 152 156 162 167 169 178 182 200 211 216 218 235 236 241 250 256 269 273 277 283 288 290 295 303 305 307 315 316 320 328 331 337 338 343 344 348 350 354 356 377 381 386 391 392 393 396 398 399 402 422 432 437 442 
71 149 151 152 156 157 158 161 166 167 168 174 180 181 182 184 185 189 191 197 198 200 205 206 211 212 213 214 216 217 219 220 223 224 226 231 232 234 240 246 250 252 255 256 257 259 260 263 266 270 273 274 281 284 285 286 288 290 293 295 296 297 298 300 305 306 309 312 314 316 319 320 323 324 325 327 328 331 333 335 336 339 341 342 347 348 349 353 356 357 365 368 372 373 374 375 377 378 382 384 386 393 397 402 403 406 407 411 416 417 421 422 426 431 433 437 438 442 
51 155 156 159 174 183 206 212 213 219 222 225 227 228 231 241 242 246 255 257 258 263 270 277 278 280 283 284 288 289 291 296 297 300 307 310 314 322 328 329 332 335 341 346 352 354 364 371 381 382 383 392 401 404 418 419 421 426 427 428 434 440 443 
60 157 159 160 164 172 173 178 180 185 189 192 194 195 198 200 203 205 206 207 209 213 217 221 222 229 231 232 233 238 239 240 242 243 244 248 249 250 251 252 253 257 259 263 264 267 272 273 279 280 284 286 288 292 295 296 307 310 315 316 319 320 324 325 326 329 333 336 340 341 343 345 348 349 356 357 358 359 360 361 362 364 365 366 367 372 373 374 375 377 379 380 381 382 383 392 397 398 399 400 402 409 413 416 420 422 423 429 430 434 437 438 440 444 
69 156 175 183 205 210 225 256 259 278 281 314 332 367 
300 151 157 158 161 166 168 173 174 181 186 189 190 193 194 198 200 204 208 210 212 216 218 221 225 228 232 236 245 249 256 258 266 273 275 278 280 281 284 292 301 304 313 315 326 327 329 334 348 352 372 378 382 384 389 394 396 397 398 405 406 408 414 421 431 439 440 444 
274 1 159 179 238 259 314 317 318 342 353 355 384 411 415 
271 269 
215 151 153 154 158 159 163 164 169 170 171 173 175 177 183 184 186 190 191 193 199 200 201 203 205 211 219 223 225 228 231 232 238 243 247 251 255 256 257 259 260 262 264 266 269 271 284 294 298 299 302 303 307 311 313 315 319 320 321 322 326 331 333 335 340 342 346 347 348 355 356 359 364 366 367 368 369 372 373 375 380 382 384 389 390 393 394 396 403 406 411 412 414 419 420 425 426 427 432 435 437 439 443 
46 152 159 160 163 171 175 177 178 179 187 189 192 193 199 201 211 212 214 223 225 228 236 237 240 241 246 257 258 260 267 269 270 271 272 277 279 282 285 287 288 293 301 302 304 308 311 319 320 321 325 327 330 332 338 344 346 347 350 351 353 364 374 375 381 386 387 391 393 399 405 412 416 417 418 419 423 429 435 443 
229 164 167 169 170 173 179 180 188 201 209 211 212 214 218 225 228 230 253 255 263 270 284 311 315 328 335 340 344 346 350 355 356 364 365 371 376 377 384 392 399 400 405 406 408 410 433 443 
257 150 153 154 155 158 160 161 165 169 175 179 184 193 202 206 207 210 212 226 227 228 231 232 233 239 251 254 257 259 264 265 270 280 299 307 310 312 330 341 351 353 360 363 372 378 395 406 409 411 412 415 425 427 437 438 441 
63 1 149 155 157 158 163 169 170 174 177 181 182 183 184 187 192 194 196 198 199 200 202 205 206 207 211 212 213 214 222 223 228 229 231 243 245 247 248 252 253 257 260 263 270 271 277 280 281 283 285 286 287 288 289 290 298 300 307 309 310 311 318 323 327 333 334 335 338 344 352 357 358 359 360 367 368 371 372 376 378 380 384 385 387 388 390 391 395 398 401 415 419 420 421 422 423 427 429 432 433 437 444 
230 150 153 154 156 157 163 167 168 172 174 175 177 178 189 191 192 194 202 209 212 224 225 229 233 239 243 250 253 262 263 268 270 271 272 279 281 290 292 298 300 302 304 308 309 310 314 315 320 321 328 330 338 344 346 350 351 352 360 365 367 369 370 371 372 375 377 382 384 386 391 394 395 402 405 406 408 410 415 419 420 422 427 430 431 435 436 438 442 
277 1 154 158 160 163 191 197 199 202 203 207 212 214 216 219 222 226 234 236 237 238 240 249 251 252 263 268 269 271 274 277 278 280 283 288 292 295 305 309 314 324 326 329 333 336 339 344 346 351 357 360 365 369 371 380 382 384 385 391 396 406 407 411 417 426 429 430 431 432 434 435 436 437 440 441 442 
207 149 156 169 195 196 198 225 231 241 314 325 328 329 340 357 359 365 370 375 378 388 404 420 430 431 439 
55 1 149 162 169 172 179 180 181 188 197 210 212 222 226 231 232 235 256 260 262 268 269 273 275 277 278 284 293 294 317 331 334 335 342 343 344 345 347 350 356 358 359 360 366 367 368 373 398 405 406 409 411 412 419 424 428 434 439 440 441 443 
115 181 258 274 280 302 325 345 356 366 398 411 
88 1 156 158 161 162 163 165 166 167 168 169 170 173 177 179 184 189 191 197 203 206 207 214 215 219 226 230 231 233 241 242 246 248 249 250 251 254 255 259 260 261 263 276 280 284 290 292 299 300 303 304 305 307 308 311 313 315 316 321 329 333 338 340 345 350 351 355 357 361 370 371 373 374 379 381 383 385 386 388 392 395 396 398 399 401 402 405 413 416 418 422 427 431 433 435 437 439 443 
236 1 151 160 162 171 176 181 183 185 187 188 199 200 204 208 209 211 216 217 218 219 223 224 229 235 236 242 244 246 248 250 252 253 256 257 260 262 265 266 267 268 270 271 274 277 281 282 283 284 287 289 292 294 295 300 303 304 305 306 308 309 311 314 315 319 320 321 324 327 333 335 337 338 339 342 345 347 350 353 355 357 358 360 366 367 368 369 375 376 380 383 385 390 391 392 393 395 400 401 405 406 412 414 415 416 419 421 422 423 427 428 435 437 
52 149 151 157 175 194 202 204 231 247 255 257 268 272 291 314 319 354 362 366 376 389 391 404 410 425 427 433 435 
85 151 157 159 160 170 171 172 174 181 184 191 195 197 198 205 208 209 212 214 220 221 228 235 236 241 246 247 249 252 253 254 255 275 281 286 287 291 293 299 304 306 310 312 316 319 321 322 328 333 335 338 347 348 349 350 352 353 374 377 378 380 384 389 390 392 394 402 408 411 413 417 426 431 435 437 438 441 442 443 444 
294 1 152 154 157 162 165 170 171 173 175 178 182 185 191 192 194 195 197 198 201 205 206 208 209 210 211 212 213 214 216 221 222 223 230 231 234 236 238 244 245 246 247 248 254 255 259 261 266 270 273 276 278 282 283 284 289 290 291 294 297 298 299 300 301 302 312 314 316 318 320 321 323 325 326 329 332 334 340 342 343 346 353 355 358 359 362 363 369 371 372 377 379 380 383 387 388 389 391 396 397 399 401 405 410 412 415 418 421 422 423 426 433 437 438 441 444 
147 150 152 154 181 189 193 198 214 236 249 256 259 265 271 277 280 299 302 306 310 312 320 344 355 360 363 371 377 379 381 387 396 397 398 399 400 419 421 422 428 431 435 
251 159 186 195 245 304 391 425 441 
193 152 154 162 167 168 171 175 176 178 179 182 183 184 201 203 209 211 215 224 229 235 236 237 242 247 252 255 265 267 270 275 289 290 294 299 302 304 310 317 324 330 334 336 341 345 354 364 365 368 383 386 388 395 396 397 399 407 408 410 411 412 417 421 423 424 425 426 433 437 438 440 441 
260 156 167 198 212 213 232 237 245 253 277 279 286 317 342 354 366 388 394 400 421 424 435 
100 175 180 183 189 196 199 214 230 231 233 234 268 271 274 278 288 293 296 324 336 340 343 353 362 370 375 379 383 397 400 407 
56 1 150 151 152 154 158 159 161 165 166 167 170 172 177 183 188 190 191 194 198 201 202 204 207 208 210 211 212 214 215 219 220 227 228 235 240 244 246 250 252 254 257 259 261 265 266 267 268 269 272 274 275 276 285 286 289 291 296 298 301 303 309 317 321 323 327 329 332 334 338 345 347 348 350 353 356 359 360 361 366 375 376 380 381 382 383 384 386 387 392 396 397 405 410 411 412 422 424 427 428 432 435 437 440 441 444 
163 1 155 160 167 168 175 188 190 209 210 215 222 229 236 238 252 264 265 269 271 274 277 280 286 289 291 294 295 302 303 307 311 312 313 320 327 330 334 341 346 350 351 352 370 374 379 384 435 439 442 444 
94 161 185 195 208 216 237 241 245 247 256 260 282 285 301 311 315 325 329 337 341 342 343 348 369 382 394 405 418 422 
253 150 157 159 170 174 182 201 204 205 209 210 213 217 218 221 224 235 239 244 253 255 257 258 261 262 265 267 268 274 277 280 283 285 286 287 290 298 305 306 308 310 312 318 322 325 329 332 333 334 337 339 341 343 347 352 356 359 360 361 363 365 367 370 373 374 375 377 379 386 387 392 401 404 406 411 413 417 419 420 423 425 426 427 430 432 436 437 440 443 
102 162 164 167 168 170 172 182 183 199 201 202 205 206 207 209 216 221 229 234 237 238 245 251 252 256 259 260 266 271 275 278 280 283 289 290 301 303 304 312 317 318 341 346 349 351 353 355 356 357 361 362 363 364 365 369 372 374 377 381 383 384 391 392 397 405 407 408 410 411 427 428 430 431 
300 150 152 153 157 158 159 161 163 166 175 177 178 188 189 190 191 205 210 211 212 225 226 231 237 238 239 242 244 246 251 256 260 265 267 269 271 274 277 285 291 293 295 297 298 307 308 315 316 318 320 323 329 332 339 340 359 363 369 376 381 382 385 386 389 393 400 404 411 418 420 422 427 432 435 439 
226 150 152 153 156 158 162 164 169 170 174 177 179 182 183 185 186 190 192 193 194 196 197 198 207 214 216 219 220 231 234 238 243 252 253 259 272 273 280 288 298 299 302 312 314 322 324 325 326 333 334 349 351 359 360 372 373 383 388 389 391 392 393 394 395 397 398 401 402 404 405 410 412 415 416 418 421 425 427 439 
2 149 159 188 193 194 197 199 200 214 226 232 241 243 245 247 267 274 284 298 304 307 341 344 355 357 367 373 405 416 418 419 426 436 
114 151 156 163 166 176 177 178 181 184 185 191 193 194 195 198 211 216 219 221 228 230 234 238 239 247 248 249 250 251 253 258 259 264 269 279 282 289 297 310 313 316 319 321 325 330 332 333 335 336 337 341 343 349 357 362 370 371 374 379 386 389 393 397 400 402 404 406 408 413 415 417 418 420 424 425 433 435 
88 160 164 166 167 176 184 189 193 194 196 198 205 208 210 214 216 217 221 222 228 231 237 248 256 257 259 260 263 264 266 268 273 277 278 282 285 286 290 297 302 308 310 321 322 327 335 336 339 340 347 352 353 357 358 359 363 364 367 375 376 379 380 387 389 394 397 399 400 404 405 411 414 415 418 421 425 436 443 
209 149 152 155 156 159 162 163 174 178 181 182 185 189 190 191 192 194 196 197 200 202 204 205 215 217 220 221 222 225 235 242 244 250 253 256 259 269 272 274 275 276 278 280 281 282 284 285 287 289 293 295 296 297 301 305 307 310 311 313 316 325 326 327 328 330 337 338 342 345 347 348 349 353 355 357 359 361 363 369 370 371 374 377 379 380 381 382 385 386 388 395 396 398 404 405 406 407 409 413 415 417 418 423 425 426 427 435 439 440 441 443 
273 149 150 152 156 160 161 163 168 170 178 182 183 184 186 188 193 194 195 197 199 200 201 204 210 221 223 226 228 232 235 239 245 251 258 259 260 265 275 280 284 286 290 292 299 302 304 305 306 307 308 310 313 318 321 322 326 328 331 333 336 340 346 348 353 354 357 365 367 368 369 371 372 373 377 380 384 387 388 390 394 396 398 400 401 402 403 404 405 408 411 414 418 420 423 427 428 429 431 435 436 437 438 439 440 442 443 444 
136 150 156 186 187 203 204 222 226 227 237 244 258 260 276 277 287 301 306 311 316 322 331 350 353 357 364 383 386 387 399 402 420 421 430 436 439 
213 1 149 152 158 163 169 172 177 185 186 187 194 197 203 205 206 207 211 212 214 215 217 230 232 234 236 239 241 242 247 248 252 254 257 269 272 275 276 278 292 296 305 311 317 342 347 351 355 364 366 370 375 376 386 392 394 397 403 406 407 419 421 427 434 
103 149 150 151 158 161 163 166 169 171 172 176 181 185 186 187 191 193 194 201 207 208 212 216 221 222 225 227 231 232 237 238 239 249 250 254 255 264 271 275 277 278 280 282 287 288 292 294 300 303 307 310 314 315 317 324 326 328 329 330 336 344 348 351 352 353 354 355 360 361 362 365 368 369 375 376 379 380 382 387 397 405 409 410 413 415 418 421 422 425 426 437 438 443 
68 149 152 155 158 161 164 172 174 175 180 183 186 190 191 192 195 197 198 199 202 204 206 207 208 209 210 212 214 217 218 220 221 224 228 232 233 236 238 239 243 244 246 247 250 254 258 262 265 267 270 271 272 278 279 280 281 283 284 286 289 290 292 293 297 303 305 313 314 317 321 323 330 333 334 340 342 343 345 346 347 351 353 355 356 358 359 360 361 363 364 365 366 368 371 374 375 376 377 379 380 382 383 386 392 393 396 399 403 404 411 413 416 418 419 422 423 425 427 428 434 436 438 
73 1 149 150 151 153 163 167 172 173 176 177 180 182 195 196 198 199 200 203 206 213 217 218 221 228 229 233 236 239 246 248 249 259 261 263 265 268 269 274 276 278 282 287 289 292 293 297 302 306 307 309 318 319 327 330 332 344 347 349 354 358 359 366 369 371 373 374 377 382 383 385 395 397 400 402 404 405 407 424 427 429 432 433 436 437 440 443 
17 149 151 154 156 158 163 168 169 172 175 182 192 193 203 205 208 213 220 230 233 234 236 242 246 252 253 267 272 276 292 293 298 300 304 305 312 316 318 332 339 348 352 353 362 363 364 367 369 371 372 373 377 378 381 382 392 396 397 403 417 426 430 440 
113 1 152 153 154 157 159 161 166 168 170 173 181 184 189 190 191 193 196 198 199 209 215 223 224 229 230 234 250 253 256 264 272 273 274 278 280 283 287 288 291 294 298 306 309 313 319 333 334 335 341 344 345 351 352 357 365 367 369 373 376 380 382 387 389 390 394 395 396 402 409 410 411 419 420 425 430 431 439 441 442 
258 152 153 158 159 160 161 167 168 169 175 177 180 181 183 187 191 193 198 199 203 207 208 209 210 212 214 221 222 224 225 226 230 231 233 234 237 239 244 249 252 253 258 259 267 271 272 277 278 284 288 289 292 293 297 298 299 300 301 308 311 312 320 322 325 326 330 334 337 340 342 346 348 349 350 352 360 361 363 369 371 372 374 375 377 380 392 393 398 399 400 407 414 421 422 423 424 425 431 432 433 438 440 442 443 
252 211 214 215 249 251 259 279 284 287 299 329 330 400 408 432 
134 163 165 168 173 177 180 193 204 243 248 250 254 266 267 270 277 284 286 288 289 290 299 301 302 303 305 311 313 314 315 318 329 331 334 347 348 350 361 381 386 390 394 397 421 422 429 430 431 438 
140 1 149 157 158 167 187 211 221 228 235 237 240 241 251 252 260 283 297 300 320 326 348 349 350 380 392 405 413 436 444 
54 1 153 157 159 161 171 172 175 178 181 184 185 188 189 191 194 196 199 201 202 204 205 209 211 212 213 215 216 222 229 230 231 232 235 238 242 245 246 250 254 260 269 270 272 273 274 276 282 290 291 293 295 300 302 303 310 315 317 329 335 337 341 345 348 354 361 364 366 371 377 379 380 383 385 386 390 399 400 405 406 408 412 422 423 424 425 427 433 435 438 439 440 444 
240 158 162 163 165 166 168 171 172 176 180 181 191 192 194 205 206 208 211 212 215 216 217 218 222 227 228 229 231 232 242 243 244 245 246 247 250 255 260 262 270 274 279 282 286 291 292 293 306 307 308 310 316 317 321 325 326 335 336 342 346 347 348 361 364 365 366 372 374 375 376 381 383 387 388 390 393 396 409 420 423 429 434 440 443 
127 1 149 151 152 153 159 161 162 170 177 179 183 186 190 194 196 200 202 203 204 206 208 210 212 213 216 217 218 220 225 226 227 228 229 230 231 232 235 236 237 239 241 242 243 246 247 249 250 254 259 261 262 264 265 267 272 281 284 285 287 289 296 301 304 305 309 316 317 318 319 324 327 328 330 331 333 335 336 337 339 340 341 346 348 349 351 355 357 359 360 366 367 372 373 374 378 383 384 387 389 390 392 393 395 396 404 405 406 412 418 419 421 422 425 430 431 434 435 438 
300 320 368 
247 155 171 188 206 235 245 270 296 313 330 332 340 345 360 363 376 383 401 
17 1 149 150 153 155 157 162 166 169 175 186 189 190 198 200 202 204 206 212 216 222 230 231 235 238 240 241 247 249 252 255 256 267 274 275 276 281 284 286 293 299 304 315 317 319 326 327 335 337 350 355 356 367 388 389 395 403 404 408 418 419 422 423 426 432 434 438 444 
112 150 151 157 159 161 172 173 174 177 178 179 181 185 194 195 196 198 203 206 209 210 212 215 216 219 220 222 223 224 225 227 228 234 238 239 240 241 252 254 262 264 266 275 277 278 280 283 288 296 299 300 302 317 318 319 320 323 325 327 331 333 337 339 351 354 355 358 359 362 367 368 370 371 374 375 377 384 388 392 400 403 405 406 410 413 415 418 422 428 429 
8 152 157 161 166 167 179 181 182 185 189 190 194 195 198 203 204 205 207 210 216 217 219 222 225 229 230 231 232 235 239 242 255 259 262 263 264 266 267 269 272 275 276 277 278 279 280 287 288 292 294 296 300 301 303 305 306 310 311 314 315 317 319 328 332 333 335 336 338 342 344 351 352 354 360 362 365 366 376 381 382 383 388 390 392 393 400 406 407 408 409 410 412 413 415 418 419 420 424 426 429 430 431 432 433 435 437 439 442 
229 152 171 174 192 197 199 201 205 227 231 237 268 277 278 284 285 292 300 335 337 342 346 362 364 366 393 399 400 401 411 412 418 421 423 428 434 436 442 
247 165 197 208 260 267 287 292 324 326 335 388 396 397 430 
264 197 212 234 244 264 278 393 420 
26 199 200 281 285 307 356 369 441 
119 160 178 202 228 234 253 268 271 281 300 301 307 308 313 316 320 325 329 331 342 344 360 373 400 401 404 427 
256 152 158 167 168 173 175 177 190 196 212 216 218 219 221 224 226 230 234 236 237 244 248 252 255 257 276 289 290 298 302 305 312 313 317 320 322 326 328 329 333 336 342 350 360 361 368 380 381 388 402 409 410 412 418 436 442 444 
265 150 153 154 155 158 160 165 168 169 173 174 180 190 192 193 198 199 201 203 204 211 214 215 221 225 228 229 233 234 238 240 241 244 246 247 251 256 262 266 267 268 269 270 271 272 276 279 280 282 286 287 292 294 296 299 300 301 303 305 307 308 309 315 316 320 321 322 325 327 328 329 330 333 334 335 346 347 348 360 363 369 372 373 374 376 384 389 390 392 393 399 408 410 413 430 432 433 435 440 441 
79 157 166 168 174 178 195 201 202 204 207 209 222 234 256 264 265 266 267 268 269 273 277 278 279 283 301 310 311 317 320 321 339 351 354 358 362 363 367 370 385 396 403 404 424 443 
80 151 153 154 156 173 183 184 193 198 208 217 230 232 238 244 252 256 257 259 275 279 300 302 305 308 314 316 323 324 326 327 329 339 340 343 349 357 358 366 372 386 388 390 394 408 412 415 422 427 437 439 440 444 
1 155 156 158 193 198 245 370 
38 158 168 170 174 176 177 180 183 184 185 187 189 204 207 208 210 214 218 220 224 227 235 238 240 249 251 254 255 259 260 261 268 271 275 295 296 307 308 312 315 318 321 326 328 332 336 339 345 351 360 361 364 370 374 386 389 399 400 410 413 416 426 429 430 434 437 440 442 
22 1 154 155 156 160 166 171 180 190 193 198 212 214 215 219 239 244 246 252 260 264 278 306 314 317 319 327 333 337 341 342 344 348 350 378 387 399 405 408 417 442 
177 150 152 153 155 157 158 163 166 167 170 174 176 193 195 196 197 198 201 202 205 212 218 220 223 226 228 231 235 239 241 252 256 259 274 276 278 294 298 304 307 311 312 313 315 319 323 331 332 335 339 345 356 357 360 361 386 388 389 393 394 403 405 406 415 419 424 431 435 436 438 
183 149 150 151 153 156 159 161 162 163 165 168 171 174 177 180 187 190 195 197 206 208 211 214 220 225 230 235 236 238 241 246 252 253 254 256 257 260 262 265 266 267 268 271 273 274 277 278 283 287 290 291 297 298 305 308 312 313 317 318 327 331 332 334 339 340 341 343 344 345 349 351 363 364 366 368 369 372 376 379 382 384 385 390 391 392 393 398 400 403 404 407 409 410 413 415 416 417 419 421 425 427 429 430 431 433 434 443 
123 1 149 157 159 160 161 163 170 175 180 181 190 194 195 197 205 206 208 211 216 217 219 223 226 230 231 235 240 242 243 245 248 252 253 255 259 260 262 263 264 265 266 267 268 274 276 278 286 288 292 294 299 300 301 309 313 314 318 326 328 330 331 332 333 334 337 339 340 342 347 348 350 352 355 357 358 360 361 364 368 369 372 374 379 382 385 398 401 407 412 413 426 429 430 432 436 439 440 
183 152 155 162 167 174 175 176 182 186 188 191 197 199 201 202 208 209 211 223 226 229 231 232 234 235 238 239 244 246 252 256 259 266 267 268 269 270 271 272 280 286 287 288 289 290 291 296 297 304 305 307 310 315 316 317 318 322 324 325 330 331 337 339 343 344 345 349 362 364 367 368 369 373 374 376 378 379 385 386 395 397 400 405 406 407 411 413 416 418 421 428 430 431 433 434 437 441 442 443 
257 149 153 157 158 163 169 179 180 181 184 190 191 195 199 202 203 205 215 216 219 221 223 224 232 235 237 242 246 247 248 250 259 268 278 286 287 288 295 297 301 303 306 309 313 315 317 323 326 330 332 336 340 346 353 354 365 367 374 380 382 389 394 400 401 412 420 423 425 433 435 438 
176 1 151 154 166 170 173 175 176 181 182 183 195 196 197 200 201 203 204 206 212 213 217 218 219 220 222 223 224 225 228 230 235 239 240 242 245 246 247 248 250 251 255 256 258 261 262 267 269 273 279 282 295 301 308 319 320 325 330 331 333 334 336 339 340 342 343 348 351 352 353 356 362 364 368 369 370 372 375 378 384 392 393 395 397 398 399 400 403 404 406 407 410 412 421 423 431 432 436 439 440 443 444 
28 1 150 155 156 160 161 165 170 175 178 184 186 189 190 191 198 199 200 201 202 203 205 206 207 211 212 216 217 219 220 222 225 231 236 237 240 241 243 255 256 257 259 261 262 264 269 270 275 276 279 283 285 288 291 296 298 307 318 319 320 324 326 331 337 342 344 349 352 358 372 376 379 387 393 424 425 426 431 433 434 438 444 
111 156 167 368 
163 1 162 169 172 173 174 176 177 181 182 183 184 186 196 197 201 202 204 207 213 215 216 225 229 230 231 239 244 245 261 269 270 276 288 292 293 294 296 297 298 301 303 310 317 326 329 330 332 338 347 348 349 350 351 354 356 358 364 372 375 382 390 391 393 394 399 400 403 406 408 415 
222 159 162 163 165 168 170 178 189 190 192 203 207 210 212 213 214 221 226 227 231 237 243 247 256 257 261 262 265 266 278 287 288 290 297 304 311 312 315 322 325 327 328 329 330 339 344 346 361 369 374 382 384 385 386 393 394 397 399 400 405 416 426 427 428 432 436 437 439 443 
213 149 153 157 158 161 166 173 177 189 195 220 225 227 240 241 242 244 285 292 303 306 310 312 339 341 351 356 361 364 381 394 396 413 420 423 424 426 
197 179 187 205 213 269 274 286 292 298 303 322 396 422 433 
20 149 151 157 160 171 176 177 182 184 186 187 192 199 201 204 206 209 211 213 216 217 221 223 226 243 244 247 249 250 251 257 260 261 264 265 266 267 268 271 281 282 283 286 288 292 293 297 304 305 306 307 309 312 316 321 322 324 325 327 330 331 336 344 345 346 349 351 354 359 363 366 367 369 370 378 379 380 381 382 384 388 390 392 395 396 398 403 405 407 412 414 415 417 427 428 431 432 436 441 443 444 
188 156 158 165 175 179 186 190 192 193 194 195 198 199 209 211 216 222 223 224 225 229 232 233 234 236 237 243 246 248 253 255 256 257 264 270 274 276 277 279 284 289 290 292 294 301 304 309 316 318 320 322 325 331 332 333 338 349 353 357 362 366 368 372 373 374 387 390 395 400 414 418 419 421 422 423 425 432 433 434 437 439 441 444 
34 151 154 158 159 160 161 162 164 170 171 173 175 179 182 185 187 188 189 190 192 193 195 201 204 205 207 209 211 215 216 221 222 223 232 235 238 244 245 251 255 257 258 259 260 263 269 270 272 275 276 284 286 293 298 300 301 303 305 306 307 308 313 317 318 319 320 322 324 325 328 337 339 340 342 353 354 359 363 366 372 373 376 377 380 382 384 385 387 394 397 398 403 404 407 408 413 415 416 420 422 424 425 426 429 431 434 442 
272 149 166 172 176 178 184 185 186 187 188 191 199 200 203 210 213 219 221 226 227 228 231 235 244 246 247 251 253 255 259 261 263 267 269 275 276 282 285 286 289 292 297 298 299 300 301 302 304 307 311 312 315 319 320 323 324 329 330 335 337 341 345 348 355 356 357 358 359 362 363 365 369 371 377 379 382 385 387 392 394 395 396 399 401 407 410 412 415 422 426 429 431 432 435 436 437 439 440 441 
201 149 150 153 156 157 160 161 162 163 167 170 175 183 186 188 189 190 192 198 200 201 209 223 229 234 238 240 243 244 245 246 248 251 258 262 263 266 273 278 279 280 281 288 292 295 296 297 300 301 305 307 308 311 318 321 324 327 331 332 337 339 341 347 348 349 352 354 356 358 362 366 368 376 377 380 384 388 389 391 393 394 395 397 401 405 406 408 410 411 419 421 425 427 431 438 442 444 
90 221 227 228 309 323 344 347 363 398 411 426 439 
62 204 216 222 223 228 237 242 249 254 265 270 279 283 288 289 328 331 369 373 380 388 415 421 429 438 444 
148 154 156 157 158 165 169 173 174 178 179 191 192 198 202 213 222 230 231 233 234 240 254 260 265 266 267 271 276 286 303 306 311 321 323 327 331 336 337 338 341 348 349 351 365 366 368 373 375 385 387 388 389 391 393 396 399 407 412 413 418 419 420 422 423 430 438 442 
166 152 158 161 167 168 171 173 174 182 186 187 188 189 190 192 193 196 197 200 202 205 210 215 216 222 223 232 235 239 240 242 243 244 248 250 252 255 264 267 268 269 271 275 282 287 289 292 295 297 298 302 305 306 310 311 317 319 322 323 326 328 334 337 340 343 344 354 355 356 359 362 364 368 371 373 374 375 376 377 378 379 383 384 388 389 391 392 394 395 397 399 401 416 419 421 423 427 428 430 431 435 438 439 441 443 
148 161 173 184 203 219 231 247 255 308 376 426 429 
93 1 151 157 165 167 172 182 183 186 198 199 206 211 212 214 223 226 227 228 233 236 237 242 243 246 247 252 253 264 282 283 285 286 291 294 317 318 332 333 337 338 345 346 353 358 361 362 365 371 382 384 386 391 396 397 398 404 418 419 421 430 432 434 441 444 
3 151 155 164 170 190 193 197 206 216 217 219 223 225 226 244 250 257 266 273 278 279 285 299 329 332 346 368 370 378 388 409 412 416 426 443 
244 162 184 197 219 225 297 350 352 382 
59 170 171 178 187 224 225 228 230 234 239 243 253 267 273 295 304 306 309 311 314 318 319 321 335 343 367 370 381 389 394 409 438 441 
189 1 173 183 187 190 202 203 212 213 218 226 245 260 262 268 269 272 285 291 297 298 303 305 310 316 325 330 333 334 337 344 348 350 358 362 366 374 404 410 421 425 435 438 
17 149 152 159 160 161 167 171 176 178 184 185 186 187 189 190 191 192 194 196 197 200 204 205 206 208 212 216 217 227 238 245 248 251 254 261 262 264 270 275 277 278 280 284 291 294 297 298 302 307 312 313 317 322 323 332 334 340 346 347 352 355 357 359 364 366 376 377 379 382 383 389 390 392 397 402 404 414 417 422 433 441 442 
48 155 188 313 316 
202 152 153 167 169 178 179 184 187 197 205 206 207 208 212 213 216 225 229 241 244 246 255 257 273 275 277 283 292 294 304 306 308 309 311 314 318 322 323 324 325 329 333 334 337 341 342 351 368 370 372 375 390 391 396 400 403 411 412 416 429 435 443 
77 150 161 162 173 178 180 182 186 189 195 197 202 203 212 215 221 230 247 255 270 273 276 280 283 284 292 301 312 323 325 332 337 339 345 351 356 359 361 364 371 381 387 388 390 408 409 411 416 420 430 434 439 
174 154 156 164 179 181 186 188 192 195 197 200 202 203 204 205 215 226 234 239 240 246 276 279 280 283 295 299 308 311 313 314 318 325 332 339 349 366 367 368 372 376 377 378 381 389 390 407 411 416 417 420 421 424 427 429 433 
241 1 149 150 151 152 159 161 162 164 171 179 180 183 184 201 203 208 210 212 218 220 221 222 225 228 233 241 249 251 252 256 260 261 266 276 277 278 285 289 292 293 294 295 296 297 299 302 303 315 321 329 330 332 335 336 341 348 350 354 355 357 360 366 370 378 382 388 389 390 392 394 398 402 403 404 405 407 408 409 411 416 420 421 422 424 425 433 434 436 440 441 444 
202 165 167 170 173 174 178 182 186 194 196 215 217 227 231 238 240 255 265 273 276 277 281 286 301 311 312 316 325 334 335 351 352 355 356 359 365 366 374 377 378 382 390 392 393 396 397 398 404 415 417 418 420 423 427 428 440 443 444 
188 155 161 163 225 239 255 264 303 307 326 333 335 338 394 396 400 404 405 409 422 426 
193 151 152 153 155 157 166 169 174 180 185 188 189 192 196 198 199 202 208 213 214 216 217 220 233 236 237 242 253 257 261 266 267 268 271 273 275 277 280 281 284 290 295 299 313 314 315 317 318 320 322 323 328 331 335 338 344 345 347 351 353 355 357 362 363 365 373 380 388 397 403 406 412 414 416 420 422 423 424 428 429 436 440 441 442 
232 153 166 189 190 205 206 208 213 218 226 239 253 257 261 275 282 304 320 329 332 338 349 351 363 372 386 387 388 393 400 405 419 
237 1 149 150 151 152 153 156 157 159 160 163 165 166 168 169 170 172 173 175 180 186 192 194 197 200 202 206 208 209 210 211 212 214 219 222 226 228 230 231 234 236 239 244 246 248 250 252 253 259 266 269 276 280 283 286 287 295 301 307 310 311 314 317 318 319 324 325 327 329 333 334 335 337 338 341 342 348 349 350 351 358 366 367 368 372 382 383 384 386 390 392 395 397 398 402 406 409 416 417 420 422 431 435 441 444 
32 149 150 156 158 159 173 183 189 191 196 204 206 208 211 212 217 225 228 239 242 245 250 261 268 270 271 275 280 281 284 285 287 293 303 306 307 308 312 315 316 321 322 323 327 329 332 337 338 347 348 350 356 360 370 381 390 411 412 413 414 419 420 422 424 428 429 430 434 435 441 444 
272 154 156 174 219 220 230 233 266 271 299 307 367 432 
183 186 269 379 414 422 
263 199 226 263 371 393 395 
136 1 150 151 154 155 157 158 159 163 165 166 173 179 180 184 187 191 194 195 197 202 204 207 217 218 219 223 224 226 228 229 231 238 240 244 245 246 249 250 254 255 257 259 260 261 262 263 271 273 276 283 284 285 287 294 302 303 304 308 310 312 315 316 317 318 325 327 329 334 336 338 341 347 348 349 350 354 356 357 358 360 364 370 372 374 375 382 383 384 385 387 389 393 395 396 397 398 399 400 401 403 404 415 416 417 422 428 430 432 433 435 437 441 442 443 
261 152 153 156 158 162 163 165 170 171 172 173 174 176 191 193 196 200 223 229 231 233 234 239 240 241 246 248 257 262 267 272 275 278 279 285 299 306 312 317 321 324 325 327 330 331 336 344 345 349 359 366 368 369 374 383 384 386 387 390 393 397 401 416 422 
71 150 151 152 153 161 164 168 169 171 173 174 175 176 177 185 190 191 192 193 197 198 200 201 204 208 211 214 222 224 225 226 227 229 230 233 238 241 242 243 247 248 251 255 259 261 268 272 275 277 278 285 286 289 290 294 298 299 301 302 304 306 312 313 318 320 322 325 326 327 329 331 334 338 339 357 358 359 361 369 373 380 382 385 388 392 393 396 398 402 404 405 407 414 421 422 423 425 430 434 438 439 442 443 
138 1 152 158 161 162 163 166 169 172 175 177 178 182 183 184 185 186 189 197 202 207 212 217 218 219 221 223 224 225 226 227 228 229 230 233 236 244 250 251 255 262 263 265 275 279 285 286 289 290 294 295 296 302 304 305 311 315 318 322 326 327 329 332 334 337 338 340 341 351 352 358 360 361 363 366 367 369 378 380 385 387 388 389 390 392 396 397 399 402 408 409 416 427 430 432 436 443 
136 155 169 186 215 225 237 238 310 341 344 366 378 381 403 439 
186 149 150 151 152 153 154 156 159 161 162 170 174 176 178 185 186 187 190 191 200 207 208 211 216 217 218 221 222 224 228 232 237 240 248 251 255 269 272 276 289 297 309 321 324 326 330 332 345 347 350 354 368 371 373 376 377 381 383 393 394 395 400 408 409 412 420 425 428 434 439 440 
164 1 151 152 161 167 173 176 183 188 198 200 209 215 221 222 232 233 235 247 263 265 272 279 281 290 293 296 298 310 314 319 321 326 327 329 344 350 353 357 367 381 389 396 399 403 404 408 413 418 426 428 429 432 
106 159 160 166 173 181 189 191 192 196 199 200 208 209 211 214 215 219 225 229 233 240 251 252 259 260 261 271 276 292 293 308 309 310 313 317 318 320 323 324 327 332 335 337 343 357 359 366 369 370 392 394 403 404 414 416 419 441 444 
242 1 157 175 180 183 184 188 193 194 199 205 206 210 212 215 218 220 226 229 233 265 269 272 300 309 310 316 321 324 325 326 328 332 335 338 360 362 366 376 381 384 387 396 408 411 413 419 437 438 
167 153 155 177 178 182 186 195 200 202 217 225 237 241 253 256 265 268 270 273 278 285 292 299 302 303 315 317 338 339 340 352 359 362 380 381 387 388 397 404 409 415 421 433 436 441 
221 149 160 161 178 182 204 211 219 231 242 280 283 286 300 305 314 322 340 366 379 410 418 429 
208 150 154 156 161 162 163 166 168 171 173 175 179 182 192 193 197 200 204 206 211 214 215 219 220 222 225 226 227 229 235 236 243 244 246 249 250 251 253 254 257 263 267 268 269 270 272 276 277 279 283 286 292 293 296 297 300 302 304 305 307 309 310 313 318 320 322 324 326 328 331 337 344 349 356 357 361 362 364 366 368 369 370 371 373 374 381 382 388 391 397 398 399 401 402 404 405 408 409 410 412 414 416 418 419 423 425 427 429 432 441 442 443 444 
157 1 157 161 162 166 170 172 174 176 177 179 184 187 188 190 191 193 195 197 198 199 200 205 215 219 220 221 222 225 231 235 237 240 242 243 245 250 251 252 253 254 255 256 259 261 263 271 272 273 277 280 283 284 286 290 297 298 299 302 306 309 311 315 318 320 323 324 327 328 330 331 332 334 336 342 346 347 349 355 357 359 360 367 368 369 370 372 374 375 379 381 385 387 388 390 391 392 394 395 398 400 402 406 410 411 417 419 421 427 428 439 440 441 
20 154 157 161 163 167 171 178 179 181 189 198 201 217 221 235 242 245 255 257 259 261 267 276 278 293 299 300 314 318 323 326 334 336 337 339 343 349 359 364 372 373 376 377 378 381 384 393 394 395 396 397 399 400 402 408 418 422 425 441 442 444 
36 149 152 153 154 156 160 166 168 170 172 174 175 179 180 181 182 183 186 187 189 194 195 196 202 208 216 217 219 220 221 224 227 229 230 239 240 243 246 247 250 252 253 255 258 259 262 266 269 271 276 280 281 284 286 291 296 297 302 307 316 318 320 328 330 332 334 335 339 343 348 352 354 356 358 362 363 365 366 367 368 369 370 371 373 374 378 381 383 384 385 390 392 394 397 398 399 400 401 406 407 413 414 418 419 421 426 428 431 434 441 
238 153 158 162 173 186 187 194 198 199 204 209 211 213 220 223 224 225 228 239 242 256 257 262 267 293 310 317 320 333 334 340 343 346 347 349 350 354 357 363 373 380 384 395 409 410 427 436 437 442 
265 152 157 159 161 165 166 169 171 173 174 175 177 179 180 182 183 187 188 190 191 193 200 201 202 203 206 211 212 213 214 215 218 221 226 227 228 230 233 234 237 238 241 242 250 254 256 261 270 271 282 287 288 291 292 293 295 300 302 303 304 307 309 311 313 315 318 321 322 324 326 327 331 335 338 341 343 348 353 354 356 358 359 360 363 365 367 375 377 380 385 389 390 395 396 397 399 400 401 404 408 409 410 412 413 415 417 422 432 435 436 438 440 441 442 443 444 
4 1 149 153 155 173 174 186 188 200 201 219 231 232 234 238 239 252 254 262 264 270 273 274 278 279 285 293 298 303 315 316 317 332 333 341 346 353 355 356 358 362 367 371 373 382 390 396 398 405 413 419 426 432 433 437 441 
78 151 153 155 158 162 167 169 170 171 174 176 180 183 186 187 191 193 194 195 201 202 203 204 205 208 212 215 216 218 219 222 225 226 228 230 231 236 249 252 253 254 257 261 264 266 269 271 280 284 288 289 294 295 296 297 299 304 305 310 311 314 315 316 317 321 325 332 333 334 337 342 343 345 352 353 355 359 362 366 367 368 369 372 374 375 379 381 382 383 384 387 391 392 393 397 404 407 408 410 412 413 414 415 418 419 420 422 423 425 426 427 430 433 436 437 441 443 
76 181 213 252 259 274 336 338 358 419 429 433 
50 150 154 156 159 166 170 172 179 187 191 192 196 198 202 206 211 212 215 218 224 226 238 241 244 251 255 261 262 265 266 273 285 286 289 290 291 298 299 300 302 308 313 318 319 321 323 332 333 339 346 348 349 353 359 361 372 377 381 382 392 406 410 412 425 
97 153 161 162 166 171 175 176 181 190 193 194 195 200 201 203 205 208 215 216 219 221 229 231 232 237 238 239 242 246 247 249 250 252 257 258 259 264 265 268 269 271 278 279 281 282 283 291 293 295 299 302 303 310 311 315 316 318 319 327 329 331 332 333 334 336 339 341 346 350 353 354 356 360 365 368 370 372 376 380 384 385 388 393 395 403 405 407 410 411 414 422 425 427 429 432 436 438 440 441 442 443 444 
271 125 57 282 31 248 80 48 256 10 134 154 71 39 94 160 187 101 71 19 64 115 226 1 299 283 75 256 5 57 24 62 208 25 249 50 18 206 273 282 2 80 82 203 234 99 129 122 252 12 159 88 127 173 242 202 171 107 270 65 155 54 251 242 125 258 55 281 202 88 179 60 45 157 152 206 125 4 132 7 36 158 14 256 180 155 25 163 121 13 34 51 211 271 276 182 222 295 107 170 187 129 169 202 195 183 210 166 171 84 202 223 295 246 82 191 11 180 227 222 227 128 156 282 155 174 241 300 197 189 148 144 284 287 240 72 46 65 235 94 166 254 107 295 72 169 283 241 93 9 149 279 167 189 201 254 226 283 214 116 193 159 150 252 8 262 71 104 170 300 224 184 165 62 94 107 262 233 215 173 48 175 263 197 250 163 41 225 206 229 10 237 186 168 119 121 65 20 25 218 298 200 44 114 83 43 212 149 74 116 194 263 178 60 270 41 37 143 50 25 277 264 35 209 299 44 116 87 187 270 172 82 181 278 76 261 251 134 52 63 2 241 39 263 132 100 62 176 207 295 300 121 167 15 63 283 131 154 22 89 169 210 278 100 48 289 151 299 107 259 271 253 171 160 218 247 299 197 297 240 187 265 34 143 106 270 242 53 85 18 51 193 173 120 224 208 258 77 83 108 54 175 288 185 241 113 50 55 211 80 257 242 210 132 126 177 183 180 262 223 134 181 109 245 30 133 300 163 177 120 75 4 131 44 131 248 36 3 22 141 261 151 57 252 26 71 198 67 126 242 206 260 32 137 260 76 11 131 76 102 235 202 79 232 55 232 160 195 74 268 69 221 102 225 248 209 27 80 178 272 50 107 252 24 268 268 102 97 252 230 209 206 175 250 195 272 144 248 175 274 258 274 165 84 138 240 32 62 263 183 243 217 259 247 58 207 186 150 127 133 170 210 120 118 102 257 225 150 265 160 55 96 151 57 140 13 184 245 30 118 288 269 52 229 
