298 447
89 150 168 169 177 178 182 190 200 205 206 207 214 218 226 230 231 233 236 237 243 244 245 246 248 249 259 263 264 271 275 277 278 283 287 291 293 300 303 310 318 323 324 328 331 332 333 336 337 352 354 355 357 358 368 372 376 377 382 385 386 389 391 393 396 397 403 404 411 412 417 418 421 428 436 438 441 442 444 
129 1 150 151 153 156 157 162 163 167 170 171 172 173 175 176 182 186 187 190 192 196 198 199 200 204 208 210 213 214 216 221 224 227 231 233 235 238 240 242 243 250 252 253 254 255 258 262 266 276 278 282 286 287 288 291 293 295 298 302 305 308 319 320 321 324 325 326 330 333 336 337 345 350 356 361 365 367 371 376 379 381 382 386 388 391 392 395 404 405 407 419 420 421 422 423 430 432 434 438 441 444 445 
3 150 152 159 162 165 168 175 182 186 191 194 201 203 206 216 220 222 223 224 236 248 253 264 269 276 278 281 288 290 301 305 310 312 315 317 328 332 358 359 370 379 385 388 402 407 408 412 421 422 427 429 430 433 435 
60 150 151 153 156 158 160 171 174 175 176 179 188 189 202 215 216 217 219 230 235 237 241 254 260 276 298 299 307 311 328 333 336 338 341 344 354 355 363 368 369 383 385 392 396 412 413 414 416 421 423 436 437 444 
129 1 150 169 175 181 188 196 208 224 248 271 273 282 290 297 300 317 324 335 338 344 349 355 356 358 362 363 379 384 385 391 398 404 409 411 417 422 423 440 442 
219 150 151 163 164 165 166 167 171 174 178 179 181 183 184 185 189 193 195 196 203 207 211 215 217 221 222 223 224 225 226 232 234 236 237 242 247 251 252 253 254 257 260 265 266 275 279 283 284 287 288 290 291 294 296 300 301 308 315 319 321 322 324 326 331 337 341 344 353 354 355 358 359 360 368 369 373 376 377 378 379 380 384 388 389 390 391 392 393 400 401 402 408 410 411 415 417 432 439 440 442 
248 158 166 179 189 197 224 238 242 264 266 289 301 309 355 374 378 
102 165 180 183 194 198 201 203 211 215 237 240 243 282 283 302 319 348 417 443 444 
166 168 172 173 178 184 188 190 195 211 222 228 235 245 247 254 255 256 262 271 281 283 287 288 318 323 327 335 344 346 353 369 372 373 377 382 401 446 
132 150 157 158 160 162 167 169 180 186 194 201 202 208 209 213 214 216 217 218 223 226 227 228 234 237 239 240 242 251 253 254 256 260 262 263 269 274 278 285 287 292 293 294 296 298 302 312 325 329 332 337 342 343 358 359 363 367 374 383 384 387 390 393 395 399 400 401 404 407 409 416 429 433 437 438 
281 154 157 158 161 162 163 164 167 172 173 179 180 182 183 184 185 187 188 190 192 193 195 196 197 201 202 207 208 212 214 215 218 221 234 235 236 245 246 248 252 253 254 255 258 260 263 264 265 271 273 284 285 286 289 291 293 296 298 299 301 302 305 306 309 311 316 318 323 325 326 327 329 345 353 356 360 362 363 368 370 375 376 378 384 386 391 392 394 398 401 405 407 408 410 411 415 417 418 420 424 427 429 431 432 436 440 443 445 446 
110 150 157 159 174 178 179 181 182 183 190 191 196 197 198 199 201 202 204 205 208 216 221 223 224 232 233 234 241 242 244 247 251 255 256 258 261 262 266 267 270 271 279 280 282 284 286 290 295 296 297 299 302 303 304 307 310 313 314 316 317 318 319 321 325 327 329 331 332 334 336 338 339 343 347 351 353 354 364 365 366 367 369 371 372 373 374 376 377 382 389 390 391 393 394 399 400 401 404 405 406 411 420 424 425 427 428 429 430 432 433 439 443 445 446 
19 295 
117 1 161 164 167 171 174 183 185 186 189 192 195 198 199 200 202 207 212 214 217 221 223 229 230 231 232 238 241 243 249 251 253 254 257 264 266 271 276 279 280 281 285 286 287 289 292 296 301 303 309 310 312 315 321 323 325 337 340 341 347 349 354 363 366 367 368 370 371 372 374 377 378 380 381 383 386 387 389 395 397 403 404 409 412 413 414 415 423 434 436 441 442 
64 160 162 165 168 170 172 178 180 181 185 187 188 197 199 201 203 205 206 207 212 223 229 230 232 237 238 239 246 247 251 255 260 267 268 273 280 281 284 287 290 291 296 298 301 302 306 308 310 319 320 321 325 328 329 337 340 341 343 345 352 353 354 357 360 365 367 369 371 373 374 376 383 384 385 386 387 388 389 392 397 398 402 412 415 417 420 422 423 425 430 432 442 443 446 
288 255 257 266 269 292 322 323 341 362 365 377 396 400 
223 158 164 167 168 170 173 174 176 177 178 180 183 188 193 195 207 212 214 221 224 225 229 236 253 254 261 280 281 282 302 305 311 314 317 320 326 331 333 335 340 341 343 344 346 347 353 357 359 361 363 366 367 370 372 374 375 381 392 393 398 405 411 417 419 421 422 435 440 
53 1 152 153 156 157 158 165 169 170 179 184 190 193 194 195 200 201 206 209 211 225 227 231 233 238 246 250 258 259 260 261 265 268 270 271 272 274 279 280 284 295 297 298 301 303 305 312 313 314 315 321 322 326 327 329 338 341 347 351 358 363 365 371 376 380 383 389 391 392 396 398 399 400 409 414 418 429 441 
163 160 168 176 194 201 226 246 247 252 254 261 269 296 301 305 307 313 330 333 337 346 355 358 362 378 384 385 394 395 402 414 422 442 443 446 
213 157 170 188 192 208 211 220 257 261 270 278 307 314 325 335 375 397 399 440 
187 158 166 168 172 175 182 186 190 204 209 213 215 217 218 220 221 223 225 231 232 236 237 240 242 252 261 263 265 267 274 275 276 277 281 283 290 293 298 301 303 307 308 310 311 314 315 317 320 325 332 336 338 339 350 352 353 355 366 367 374 375 381 383 386 392 396 400 402 406 408 411 414 430 433 437 441 442 444 445 
121 150 155 158 159 161 162 175 176 190 193 195 196 197 199 201 206 208 214 219 223 231 235 241 242 249 250 251 252 253 256 262 263 264 267 269 272 278 285 287 288 291 295 297 300 302 303 309 310 311 313 321 322 323 326 327 330 331 333 336 337 345 351 353 356 357 362 366 369 377 378 387 394 399 402 404 405 406 410 411 414 415 417 420 422 423 424 425 426 428 431 442 
266 169 191 199 215 257 327 343 349 353 356 360 368 388 
25 151 154 157 158 164 167 172 177 178 184 185 186 193 199 200 201 203 204 206 207 209 211 212 216 217 219 227 230 231 233 240 243 244 245 247 248 250 251 256 258 261 262 264 265 266 268 270 273 275 278 287 289 290 293 306 307 310 312 317 319 320 326 329 333 334 335 338 342 344 346 348 352 353 354 355 361 363 364 375 376 379 381 382 383 385 386 388 394 395 396 402 403 404 407 409 412 414 415 416 420 426 433 441 442 443 445 447 
20 151 180 181 183 185 194 200 201 209 210 211 227 228 238 259 260 267 271 275 276 278 282 285 286 295 298 307 311 313 314 318 327 329 333 337 343 350 353 354 365 375 382 395 401 421 425 436 443 445 
105 1 156 161 167 175 183 195 203 205 206 207 209 210 218 220 226 231 237 243 248 249 250 254 255 257 258 268 277 280 281 284 287 308 309 313 317 321 324 325 328 335 337 342 344 345 350 354 364 367 379 387 393 394 396 402 405 407 420 422 424 426 427 428 429 433 437 440 442 443 
220 201 220 237 239 263 295 391 422 430 432 
297 150 165 170 177 179 184 191 192 193 198 202 205 206 207 208 214 216 219 228 229 230 231 234 244 247 249 258 262 264 270 275 283 296 300 302 305 306 309 311 316 324 328 330 331 337 341 342 357 360 362 365 366 370 372 375 377 378 384 397 401 404 406 409 411 416 417 428 432 436 438 441 
73 1 154 155 156 158 161 163 166 170 173 181 182 184 186 188 191 194 202 206 211 213 217 220 234 238 239 240 241 244 252 254 256 272 275 276 278 284 287 294 303 306 310 315 324 325 326 328 332 333 337 340 342 344 349 351 353 357 361 364 369 373 374 375 376 379 388 394 397 400 402 403 406 409 411 413 415 421 422 426 427 434 439 443 
116 1 151 158 164 165 168 173 175 177 180 188 192 195 199 204 205 217 219 220 221 227 229 235 237 241 244 249 251 253 254 260 264 266 268 276 288 294 300 303 305 318 331 333 337 338 341 342 344 348 349 360 363 364 365 369 373 374 375 376 379 384 387 389 391 415 416 417 422 426 430 437 439 440 
239 150 151 157 158 171 173 177 178 179 182 184 185 186 192 193 195 197 203 213 214 221 226 228 230 231 236 237 240 243 244 246 249 250 251 252 256 257 258 260 272 273 274 275 281 285 288 296 297 298 300 302 303 308 315 319 323 324 330 331 340 341 342 345 352 357 363 365 373 374 376 382 389 391 393 396 397 399 403 405 407 409 411 413 420 422 425 428 434 435 437 443 444 
178 152 165 188 208 220 222 230 236 241 320 325 333 353 365 369 375 413 416 424 432 442 
127 151 152 155 156 158 160 165 168 172 174 177 178 179 182 183 188 189 192 194 195 198 200 201 207 208 211 216 218 223 225 226 232 233 234 237 238 241 242 243 246 250 251 253 261 267 268 272 273 280 281 288 292 293 296 297 301 302 304 305 306 308 310 311 313 314 320 322 323 326 328 341 343 345 347 351 352 355 361 362 366 368 371 373 375 379 380 384 387 390 393 395 396 403 406 408 412 413 416 418 419 427 433 434 436 438 
166 151 153 154 155 156 159 162 163 165 167 172 175 180 181 182 187 194 195 196 197 198 200 201 206 207 211 212 217 221 225 226 230 235 237 238 239 245 248 249 255 256 257 259 262 265 268 271 277 278 283 285 286 287 288 292 297 299 300 306 307 308 311 313 314 317 320 322 323 324 325 331 333 335 336 339 349 357 360 362 365 367 370 371 372 374 377 378 379 383 385 386 388 389 392 395 396 401 402 406 407 409 410 417 421 426 431 433 438 
110 150 156 174 193 202 214 221 237 257 268 269 285 322 330 331 334 339 357 419 420 436 
250 1 156 159 167 170 171 173 179 180 182 183 185 188 192 211 212 213 224 226 231 232 234 259 261 266 267 268 272 275 278 280 286 287 288 292 304 310 312 313 314 321 322 323 325 327 328 331 334 335 337 338 340 344 346 349 353 361 364 367 369 371 374 375 376 379 382 384 387 389 390 391 392 396 406 409 411 413 420 422 423 426 430 431 437 438 439 440 441 443 444 
156 1 152 153 159 160 161 162 164 165 167 172 174 175 178 181 183 184 188 193 194 195 196 198 202 205 209 210 213 216 218 221 222 226 229 232 239 241 243 246 247 251 255 256 263 265 270 278 281 287 288 289 290 293 297 300 303 307 309 310 312 314 321 322 323 324 325 327 329 330 331 333 335 336 338 342 347 351 353 355 357 359 361 365 366 367 369 370 371 373 377 380 384 385 386 388 390 394 396 397 399 401 402 404 406 408 409 412 414 415 420 422 423 425 429 437 438 440 442 446 
243 152 156 160 162 163 167 168 169 170 172 173 174 184 186 189 191 196 206 207 208 209 213 214 221 223 226 227 229 236 241 243 245 246 250 251 252 253 256 260 265 266 268 273 278 282 284 287 289 291 294 295 296 298 299 300 301 302 303 308 312 317 324 326 328 329 332 334 335 336 337 340 341 343 344 347 351 352 353 354 358 359 360 364 365 367 369 370 377 378 382 385 391 393 395 396 398 401 405 406 414 416 420 422 424 426 429 434 437 440 443 446 447 
86 157 171 222 261 294 320 329 363 375 394 404 
38 159 161 171 177 188 190 193 204 257 258 266 267 278 299 311 312 313 323 327 330 331 337 342 356 359 364 375 385 386 394 397 398 400 439 
285 1 151 158 159 169 178 179 183 184 187 188 191 203 205 207 215 227 229 235 238 242 245 249 250 251 252 253 254 258 262 268 270 273 274 277 278 283 284 285 286 288 291 294 298 303 308 309 314 315 316 317 318 320 321 323 324 326 328 329 339 341 344 346 348 349 350 356 357 358 359 361 365 366 368 369 376 382 383 386 388 389 393 399 400 405 410 418 420 422 424 425 428 429 435 436 441 442 444 445 446 
154 1 150 154 156 157 166 175 182 184 197 203 211 215 216 218 220 227 231 236 239 241 246 251 253 268 271 273 274 282 283 291 300 320 321 322 325 327 331 339 348 350 353 354 360 363 371 373 380 388 389 390 391 395 396 398 404 408 412 415 422 426 427 431 437 438 439 442 
254 151 157 159 171 178 179 215 238 256 257 262 264 271 282 283 287 289 298 299 305 361 379 383 397 416 422 444 445 
51 156 158 159 161 163 168 169 172 174 177 187 188 192 194 198 199 200 201 203 205 207 208 209 210 212 214 215 217 218 221 222 225 230 236 237 238 240 242 244 247 249 253 254 255 256 257 258 260 263 265 267 269 270 271 275 277 280 281 288 289 290 291 293 294 295 298 304 307 311 313 316 321 322 328 336 337 339 342 344 346 354 355 356 357 361 366 368 371 374 378 380 383 386 390 395 398 400 401 403 408 412 416 419 420 425 429 433 434 435 440 442 444 446 
187 1 151 152 153 161 162 164 166 167 170 174 178 181 190 192 196 197 200 205 214 215 216 220 221 222 224 227 230 231 236 237 240 241 243 246 248 255 256 257 261 263 265 267 268 275 279 281 282 284 285 286 288 291 294 300 303 304 305 306 312 315 325 327 328 329 339 346 349 354 355 358 360 366 367 370 371 372 373 374 377 385 388 389 390 401 407 409 410 411 412 413 416 424 425 426 427 428 432 439 440 442 
235 1 150 151 153 162 165 166 171 173 174 177 179 184 185 186 187 188 190 191 192 194 199 201 204 208 212 213 214 218 220 221 223 230 231 235 237 239 241 242 248 250 251 252 256 259 260 261 268 273 275 276 281 282 285 288 289 290 293 294 295 297 300 305 307 322 326 330 340 343 345 347 350 351 357 362 363 365 366 368 370 371 376 378 382 383 386 393 396 400 402 410 416 417 418 419 424 426 427 431 432 437 441 447 
81 151 168 171 175 179 185 192 195 201 204 207 213 216 225 226 229 232 233 236 238 243 246 252 257 262 265 270 272 278 287 296 297 301 304 305 307 312 323 333 338 343 347 354 355 357 359 368 369 378 380 381 386 394 398 399 402 409 410 411 415 417 420 422 426 430 436 439 444 
101 1 151 152 156 157 159 163 164 167 168 171 172 174 175 177 178 179 180 182 185 186 191 192 194 198 200 202 204 205 207 208 212 214 220 224 227 228 231 236 239 244 245 249 251 256 258 259 261 262 267 270 272 277 278 279 281 285 287 288 293 296 298 299 301 302 304 307 313 316 319 323 325 326 327 330 331 332 334 337 344 345 347 348 351 352 355 357 360 374 376 378 379 380 382 383 391 393 394 397 406 409 410 414 418 423 426 428 431 434 436 438 439 441 443 444 445 
154 1 156 157 162 163 164 165 171 178 181 182 183 185 191 198 203 205 217 221 222 224 226 227 231 235 236 237 242 249 257 264 269 273 275 277 285 291 292 295 296 303 315 318 319 322 323 328 329 343 344 356 360 361 365 368 369 377 378 385 389 394 396 403 409 414 415 420 421 437 
124 1 153 157 158 159 162 164 167 170 174 176 184 187 189 191 192 194 195 196 201 205 207 208 212 213 217 220 223 226 227 228 230 234 236 237 241 246 247 248 251 254 255 256 259 260 264 267 270 273 275 277 278 279 282 283 284 297 298 301 302 303 305 317 320 322 324 325 329 330 333 339 345 347 353 357 370 374 376 385 387 388 397 400 406 407 411 414 415 416 420 426 428 430 433 438 444 445 447 
181 151 162 167 169 176 181 182 186 187 188 190 191 193 195 199 200 201 203 206 218 224 225 227 236 240 244 245 246 248 250 252 266 267 269 271 273 274 279 280 283 286 289 295 297 301 303 306 307 309 312 313 314 315 317 320 327 330 334 335 336 339 340 341 345 349 354 356 357 358 366 370 371 372 374 379 383 384 386 388 390 397 402 406 409 410 413 414 425 428 429 430 432 437 438 440 444 
269 1 150 151 154 155 157 159 167 171 177 178 179 184 186 187 194 196 197 201 202 204 210 212 214 216 218 219 224 227 231 234 236 237 239 242 244 246 252 253 254 256 258 260 262 265 266 267 281 287 296 297 298 308 311 312 313 314 315 324 325 327 330 334 338 339 342 343 348 350 353 355 356 359 361 363 365 368 369 370 376 377 383 384 387 388 389 396 407 409 410 416 417 418 423 424 425 429 430 433 439 441 444 446 
85 150 152 155 156 165 168 172 176 180 183 187 191 193 197 199 201 206 208 211 213 215 224 228 229 232 234 241 243 256 257 258 259 264 269 271 275 281 282 285 288 290 292 296 297 306 328 332 337 339 346 347 348 352 355 359 361 364 373 382 388 394 403 404 408 409 413 414 430 434 435 
67 158 162 164 167 168 169 170 171 176 181 189 196 208 218 222 235 243 244 249 263 270 271 272 273 275 276 282 287 295 296 302 310 312 314 316 338 343 353 358 374 375 382 383 385 389 399 415 446 
183 153 155 159 160 164 166 167 170 174 175 179 182 185 186 189 190 195 196 201 212 213 215 217 220 222 237 248 251 252 253 257 259 266 268 271 274 277 280 282 283 285 286 287 288 298 301 303 311 312 314 319 324 329 332 334 335 337 338 342 346 348 350 351 357 360 363 365 368 369 372 373 378 384 386 387 389 393 399 401 405 407 411 414 418 419 427 428 429 432 433 438 441 445 
238 154 155 156 160 161 163 167 177 183 185 189 198 201 203 209 211 212 215 219 227 228 238 241 244 245 249 256 265 267 273 280 282 293 302 304 306 311 312 317 318 323 325 327 328 339 343 348 349 353 356 359 366 372 373 382 385 388 393 401 406 408 416 419 425 438 442 446 
193 162 181 185 187 194 198 199 226 241 248 253 264 271 279 285 298 299 300 303 316 319 327 331 337 380 386 394 400 402 405 420 421 424 433 440 442 
41 151 153 155 165 166 173 174 175 177 181 183 184 185 190 197 198 202 207 208 211 212 213 214 215 217 220 223 224 226 228 230 238 240 243 244 246 250 251 254 259 260 263 264 265 266 269 270 277 279 281 290 293 294 296 301 305 307 314 315 316 320 321 328 329 330 337 340 341 343 344 347 349 350 354 356 362 363 366 367 368 369 378 379 380 382 383 384 389 395 397 401 402 407 408 409 410 412 414 419 420 422 427 428 430 436 437 438 440 443 446 447 
297 1 150 151 153 154 155 157 160 161 166 167 171 173 177 178 179 182 188 189 191 194 195 196 207 209 213 216 221 222 242 248 259 266 267 270 273 274 279 281 298 303 304 311 316 318 323 324 325 326 327 334 335 336 340 344 352 357 358 361 367 368 369 374 375 380 384 385 392 397 402 404 410 411 417 418 421 422 424 426 433 443 
136 159 161 162 168 169 172 195 216 228 234 251 261 274 278 292 295 314 327 332 349 357 359 365 371 373 376 377 378 399 401 406 417 425 438 442 
213 154 157 163 164 165 171 172 173 175 176 178 179 181 183 187 189 192 198 200 201 206 207 210 214 218 219 226 227 228 234 235 239 240 243 248 254 255 256 257 258 262 265 267 269 270 275 278 283 285 288 291 301 302 305 306 310 311 312 315 316 319 320 326 328 329 332 334 336 338 339 342 343 344 347 351 352 358 364 368 370 371 372 375 376 379 383 386 396 401 402 405 408 410 414 417 418 419 422 424 426 427 428 430 431 433 439 
81 1 163 166 169 174 175 179 183 184 188 192 201 209 215 216 217 221 224 235 241 246 247 248 253 255 260 264 276 281 283 293 295 297 319 324 327 328 329 333 337 338 345 355 362 365 369 373 379 385 390 398 413 428 429 430 431 447 
223 152 159 162 163 167 170 178 182 184 186 187 190 193 195 201 204 208 212 216 219 227 231 235 238 239 243 244 245 250 252 257 264 265 266 267 268 273 283 286 294 300 302 305 306 308 327 330 334 336 337 343 347 348 351 361 368 373 374 375 376 377 387 393 396 398 399 408 411 413 418 421 423 426 441 443 446 
223 1 152 154 155 161 162 164 168 173 175 177 178 180 182 184 186 187 190 191 192 193 194 196 200 201 202 204 208 209 210 211 212 214 215 216 223 224 225 227 229 233 235 237 239 242 244 247 248 250 252 256 257 259 261 265 266 268 269 271 277 285 290 297 298 307 308 309 310 313 316 318 322 326 328 329 331 333 337 338 340 341 345 347 348 349 350 354 356 366 369 378 379 381 386 387 389 391 394 398 402 404 409 410 411 414 416 420 421 422 425 428 429 430 432 437 440 446 447 
100 161 200 244 247 270 272 283 314 319 320 392 393 431 433 445 
100 1 182 232 248 282 293 319 325 427 445 
53 193 207 276 301 316 329 352 367 377 407 415 
23 1 151 154 155 156 158 161 166 172 178 180 182 184 189 190 194 200 202 203 204 207 211 214 215 216 217 221 230 232 233 236 241 246 247 259 261 266 267 268 271 272 274 280 283 287 288 290 291 295 296 299 300 301 302 306 307 308 309 310 311 312 315 316 320 321 322 325 327 329 330 337 346 347 350 353 357 358 360 365 369 379 382 384 387 388 394 395 396 397 398 399 400 403 404 406 410 411 415 417 418 421 423 430 431 433 434 435 440 
267 1 150 155 164 168 184 190 195 199 202 232 236 247 250 253 256 258 272 277 287 297 310 338 339 342 343 344 347 349 370 374 418 424 426 431 438 
45 1 150 155 161 163 164 165 166 167 172 176 177 180 189 190 196 199 201 206 207 212 214 222 223 224 225 226 228 229 234 235 237 240 242 244 246 256 259 262 264 269 270 275 278 279 281 287 289 293 295 296 301 302 307 309 311 312 313 314 316 318 319 320 321 323 326 328 336 341 343 350 351 362 363 370 374 375 376 378 383 385 387 388 389 393 395 396 398 400 404 406 409 410 411 412 415 418 423 428 433 439 443 447 
261 1 151 152 157 158 161 162 166 167 168 169 175 179 180 181 183 184 185 186 188 192 194 196 198 199 205 207 214 217 218 220 221 224 226 227 228 229 232 238 242 246 247 248 252 254 258 259 264 266 267 268 270 271 284 285 286 288 291 292 295 296 298 299 301 303 304 308 314 315 317 319 324 325 328 329 332 334 335 337 339 340 345 347 349 354 356 361 364 366 370 371 376 377 380 382 383 387 390 391 393 395 396 408 413 415 416 421 422 426 430 432 436 437 444 446 
31 150 153 156 160 173 175 178 183 189 190 193 198 202 203 204 209 222 226 231 233 237 244 245 246 248 250 251 255 258 260 262 269 272 278 279 280 282 287 288 289 291 292 298 302 303 307 313 315 319 323 326 327 329 332 333 335 340 343 344 350 354 357 358 359 360 361 363 364 371 373 374 377 378 380 383 385 389 390 392 395 396 397 400 414 418 421 422 429 432 434 436 437 439 442 443 445 
243 150 152 153 156 157 158 160 169 171 173 177 178 189 191 193 198 204 205 207 208 210 211 219 221 224 225 226 228 232 240 241 242 243 248 249 251 255 264 265 278 279 294 296 298 301 302 306 307 313 316 318 321 324 326 327 329 330 331 332 333 334 338 340 343 348 351 353 354 357 358 359 360 361 364 370 372 373 375 376 384 385 388 389 394 396 399 401 407 410 412 415 417 419 421 422 427 429 431 432 435 436 438 440 442 444 445 446 447 
195 150 153 172 194 217 219 226 231 233 240 257 275 288 298 299 321 326 329 361 367 368 372 379 380 381 383 398 414 421 439 
213 1 150 151 154 157 161 164 166 167 172 177 180 181 182 188 189 196 197 198 201 204 208 210 213 219 220 221 223 226 228 231 237 239 241 243 244 246 250 253 257 258 259 262 264 266 267 274 276 280 281 282 283 284 289 291 293 295 304 307 310 314 318 320 324 328 329 331 333 339 341 342 344 345 352 353 354 360 362 367 368 370 372 373 376 378 382 386 387 388 392 396 398 401 402 403 410 411 415 416 422 424 425 426 427 429 432 434 439 444 446 447 
79 156 157 160 166 176 182 183 192 195 197 199 202 204 214 217 224 230 231 234 236 238 240 242 245 253 255 257 260 265 269 273 274 278 282 283 293 296 300 303 311 312 315 316 317 318 323 324 325 329 330 338 341 342 347 350 351 352 356 357 359 363 367 369 373 386 394 398 404 409 415 422 428 429 430 431 433 434 435 436 443 444 
7 1 151 155 160 163 165 168 169 173 179 180 181 184 190 197 199 202 209 212 214 215 218 222 223 224 226 231 233 236 237 242 246 256 258 262 266 271 272 277 278 280 281 287 290 293 294 298 302 315 317 320 323 324 325 327 330 332 338 341 343 344 345 346 349 351 353 363 366 372 377 378 379 380 382 386 388 402 405 406 408 413 414 416 423 430 435 441 446 
270 1 152 154 156 159 160 161 164 172 175 176 177 179 180 185 186 188 193 194 196 197 199 201 204 207 214 216 217 221 229 232 242 250 253 259 261 274 275 277 278 279 280 281 284 286 289 290 291 294 295 298 299 301 303 306 307 310 312 315 316 317 323 326 329 331 333 334 335 336 339 341 342 343 345 347 349 350 352 355 360 364 366 367 369 370 374 378 380 381 384 388 389 393 394 395 396 404 407 410 412 416 417 421 422 423 427 428 431 434 435 438 441 446 447 
188 151 152 153 155 172 177 182 185 189 191 196 197 200 203 204 213 215 223 227 230 240 241 245 249 254 255 268 274 279 281 282 283 284 287 290 293 295 312 316 317 319 335 337 344 360 363 387 388 407 414 445 
26 1 153 179 185 190 191 193 196 208 223 228 234 237 238 243 244 245 246 247 248 251 257 263 267 275 280 282 286 287 289 294 295 299 301 303 304 310 315 318 331 332 334 336 341 343 347 350 358 363 369 376 379 383 384 388 390 394 402 406 414 418 422 425 430 432 440 441 446 
224 1 150 154 157 165 166 170 172 173 178 180 182 185 188 191 192 195 196 198 200 214 216 223 226 230 237 242 243 245 246 247 248 250 253 258 261 268 269 272 275 277 284 286 291 296 297 307 309 312 313 314 317 321 323 324 326 328 329 330 331 333 336 337 341 345 346 347 352 366 368 373 388 394 395 401 403 412 413 414 419 423 424 426 432 434 435 438 442 446 
49 1 158 160 164 166 168 171 178 183 187 196 197 200 204 205 207 209 216 220 223 230 231 233 239 242 244 250 252 253 260 261 263 265 269 273 276 277 280 284 287 288 296 303 304 309 311 316 318 321 329 340 344 345 350 352 355 359 367 370 371 372 373 376 377 378 379 386 395 406 407 416 422 424 428 429 431 441 443 446 447 
274 153 155 159 160 162 171 173 182 186 189 191 195 198 200 217 218 219 223 225 229 233 245 251 252 254 255 263 265 278 280 281 283 285 287 304 315 317 318 321 324 329 344 345 346 354 355 361 362 364 369 374 376 379 385 390 392 399 402 403 404 407 408 413 414 416 423 425 430 434 
58 151 152 153 156 160 177 185 189 194 200 203 204 205 213 218 221 223 227 236 245 253 259 261 264 280 285 287 289 293 301 303 312 313 317 323 325 326 328 330 340 346 356 358 364 367 375 383 384 386 387 390 394 397 399 401 406 407 409 410 416 425 426 427 428 433 444 446 
259 151 152 156 159 160 161 162 165 167 168 170 172 179 181 182 183 184 185 191 193 194 195 205 206 207 209 211 216 217 218 219 223 227 229 230 240 242 246 248 249 250 251 256 258 260 262 271 272 273 274 277 278 280 282 286 289 291 299 301 311 312 313 322 326 327 332 337 344 352 354 357 358 360 361 362 364 370 375 378 383 387 388 389 391 392 393 397 398 399 403 406 411 419 420 427 432 435 440 441 444 447 
69 165 173 194 213 257 279 297 303 327 350 374 376 389 411 431 
281 151 153 157 162 165 167 170 171 174 175 180 188 192 193 196 201 202 203 205 206 211 217 224 226 229 230 231 237 239 241 242 246 249 253 254 262 264 268 273 275 283 290 296 297 300 307 308 309 311 313 318 319 325 335 337 346 350 352 354 356 357 361 362 363 364 367 372 379 382 386 387 390 391 392 402 404 412 416 417 419 427 432 435 437 439 442 444 446 447 
110 170 174 182 190 191 226 255 258 274 276 284 286 287 307 316 322 326 330 340 342 376 386 389 392 393 400 410 419 441 
56 154 156 159 161 162 163 164 175 176 180 192 202 205 206 207 210 214 218 219 225 226 227 228 231 237 241 243 244 245 247 248 251 253 257 258 261 263 265 273 280 286 290 291 292 298 299 300 301 303 305 306 313 317 319 320 322 324 327 328 335 336 337 341 344 352 357 362 365 366 367 368 375 376 382 383 384 390 392 396 397 398 399 400 405 408 412 416 418 420 421 425 430 431 439 441 442 444 
162 156 165 167 173 177 199 206 213 221 224 231 239 246 248 272 273 278 300 308 312 314 320 330 364 373 388 397 415 445 
260 193 214 216 226 230 276 281 305 388 442 
148 150 153 154 155 159 166 169 174 175 176 179 187 191 193 194 195 203 208 214 220 221 229 232 236 237 242 249 252 254 255 262 265 266 268 269 275 277 278 279 280 290 292 294 296 298 300 304 306 308 309 311 312 313 314 317 321 324 325 326 330 332 341 342 343 344 348 350 351 353 362 365 374 379 381 382 387 389 390 391 395 398 401 404 408 410 419 422 423 426 427 429 433 436 441 442 444 445 
137 1 155 161 166 168 177 179 184 185 194 198 199 202 205 207 211 213 222 223 226 227 231 233 240 247 260 261 262 280 282 287 290 293 297 298 306 308 310 314 316 317 321 322 332 334 338 341 342 356 359 360 361 363 373 374 392 405 407 410 411 413 415 419 421 422 424 426 440 443 446 
72 150 151 170 189 205 223 258 262 278 294 340 341 343 348 352 354 372 434 
217 151 178 181 182 191 193 217 245 246 256 281 285 292 306 320 351 407 418 439 444 
94 152 155 157 158 160 161 165 166 167 168 169 170 173 174 175 176 182 185 186 191 193 195 196 197 198 199 202 204 205 212 219 220 225 228 229 233 238 240 244 250 251 252 255 257 258 259 263 275 278 286 290 295 296 300 302 309 310 311 314 325 328 331 332 333 334 335 336 338 340 341 345 346 347 348 350 361 363 367 368 369 377 380 384 387 389 391 395 402 405 409 414 416 420 423 428 429 433 439 441 445 446 
8 174 288 291 310 311 346 400 417 
100 152 162 169 171 177 181 182 187 192 194 199 208 225 227 228 230 234 236 239 243 245 263 265 271 273 274 275 276 277 280 283 289 323 327 334 336 340 342 345 348 351 358 360 368 389 400 410 411 412 413 422 426 428 443 
55 150 156 160 161 163 165 167 174 176 177 178 180 183 184 187 194 204 208 220 221 223 226 239 240 242 251 252 260 263 268 276 289 291 292 296 300 305 316 323 324 325 326 327 331 335 344 366 372 374 377 384 388 396 405 406 408 410 416 421 424 437 439 441 443 445 446 
39 151 152 169 176 177 178 180 181 182 185 187 194 211 213 214 217 226 227 229 236 240 241 242 243 249 250 257 259 266 269 275 278 279 281 282 283 287 293 299 300 301 303 306 314 320 321 322 326 328 338 345 349 352 354 358 363 364 370 385 386 389 393 394 407 413 417 423 426 431 436 444 446 
50 152 168 184 190 191 198 200 201 205 212 213 219 228 233 241 242 247 253 254 259 273 278 285 288 297 318 323 325 328 331 332 337 342 344 360 362 364 369 370 373 374 377 378 379 382 383 393 403 405 418 423 425 435 437 447 
20 153 155 162 166 171 176 177 178 179 186 195 197 202 204 206 207 211 212 220 230 236 242 247 249 250 253 254 256 258 262 265 266 267 268 278 281 287 293 294 301 304 313 315 316 317 318 322 325 326 337 338 340 342 344 345 348 350 351 356 358 361 377 378 383 385 386 390 391 394 396 400 407 408 413 416 426 431 439 444 445 
174 150 153 156 157 158 160 173 174 175 176 180 186 203 206 207 208 211 213 220 224 239 243 244 250 263 265 268 279 285 291 293 295 297 307 308 311 313 316 319 321 326 332 337 339 341 346 347 357 360 365 375 381 389 395 397 398 399 403 407 408 417 418 420 436 437 439 443 447 
162 1 154 164 168 172 174 175 180 183 197 201 212 214 233 236 248 250 253 262 280 289 305 311 314 321 327 334 338 341 345 353 362 367 371 373 375 379 383 388 390 397 400 403 405 410 419 422 423 424 426 430 447 
55 151 154 158 163 165 166 170 171 173 175 177 178 182 185 186 187 193 195 205 207 211 212 213 216 219 224 237 242 243 258 259 262 270 275 276 281 282 284 289 290 311 314 321 328 332 335 337 347 349 355 357 366 367 373 380 388 392 393 394 395 399 403 406 410 414 419 428 432 436 446 
36 1 151 159 160 163 164 166 174 175 179 181 190 198 200 202 211 212 214 216 223 231 234 236 244 246 247 248 253 258 259 273 282 287 296 305 306 308 309 312 316 317 318 323 324 328 334 337 339 345 351 356 360 372 377 378 379 381 386 396 404 410 412 414 425 427 431 432 435 440 443 446 447 
292 1 155 156 162 163 169 172 175 177 178 180 181 186 187 190 191 192 198 200 201 203 204 205 209 214 217 218 222 227 228 232 242 243 246 256 259 261 262 263 266 268 271 275 276 283 284 285 288 291 294 297 302 304 306 311 313 315 320 323 337 338 340 342 346 353 354 357 358 367 369 371 383 386 389 390 393 398 403 413 414 420 422 423 425 430 431 432 436 437 441 446 
27 156 162 168 171 175 183 203 204 208 209 210 219 220 225 230 233 236 237 245 251 254 258 259 274 276 279 285 292 300 301 312 313 319 322 334 340 358 360 378 389 392 405 411 413 418 422 427 
89 152 155 158 159 160 162 163 172 175 176 177 180 182 183 185 190 191 193 195 196 199 202 205 207 208 209 211 212 214 216 218 219 228 230 231 238 241 243 244 248 253 254 256 257 263 265 266 269 273 274 276 282 283 286 294 299 301 306 308 311 312 315 318 326 327 331 333 343 344 348 354 355 356 359 360 363 364 366 373 377 378 383 384 387 390 391 392 400 403 404 412 413 414 415 417 425 433 434 436 437 438 
197 1 150 151 153 155 156 159 162 176 177 178 179 181 182 185 186 189 190 192 197 201 204 206 208 213 214 217 218 219 220 221 223 224 227 229 231 232 238 239 242 243 244 247 251 253 257 258 259 267 268 271 274 276 278 279 283 284 292 293 295 296 297 301 304 307 308 310 312 315 316 319 322 323 324 325 326 327 328 332 333 337 338 345 351 360 361 362 366 369 372 373 376 379 382 387 390 392 393 395 398 400 403 408 409 411 413 416 421 424 425 426 432 434 437 439 443 446 447 
189 150 154 155 160 162 181 186 188 192 212 215 221 225 226 228 230 233 246 250 254 261 278 282 305 306 317 324 325 327 328 329 330 333 334 340 344 349 354 363 371 372 386 394 395 405 407 426 431 439 
58 155 157 161 186 204 207 210 211 213 237 240 245 262 270 296 315 322 327 329 351 352 361 368 370 376 379 389 391 393 395 396 418 431 434 442 
246 155 156 162 180 183 185 200 223 227 235 236 255 269 280 283 300 307 314 332 335 337 374 381 392 395 401 441 442 446 447 
286 150 151 155 160 165 167 174 175 176 179 180 186 187 190 195 196 202 203 211 214 215 216 218 221 226 230 232 234 236 241 242 245 246 252 256 262 263 267 270 273 274 275 285 287 289 296 298 300 301 304 306 311 312 315 323 329 337 341 342 344 348 353 354 355 357 364 368 372 375 377 378 380 381 383 385 387 389 394 395 397 398 399 402 405 409 416 422 432 433 443 445 446 447 
116 1 151 152 153 156 158 159 163 165 170 180 183 184 187 188 191 192 197 203 216 218 222 227 228 232 233 236 237 239 240 243 244 245 246 247 251 252 257 262 263 266 268 272 273 274 277 282 283 284 287 288 289 293 294 295 297 299 306 308 312 316 317 322 323 331 334 336 338 341 350 351 354 355 359 361 363 368 371 372 376 377 378 387 390 395 396 399 401 402 404 405 406 416 420 421 426 427 431 434 437 445 447 
79 151 155 167 185 190 198 203 205 211 216 218 235 236 240 249 255 256 259 262 263 264 265 278 288 294 309 319 321 331 332 335 344 346 368 377 388 389 393 400 405 407 413 431 434 439 446 
269 1 155 158 159 163 164 176 181 183 184 187 189 190 192 194 199 203 204 207 208 210 212 214 216 217 220 225 227 230 232 237 240 243 247 248 249 250 252 253 259 260 265 266 270 279 281 283 285 288 290 291 295 305 308 315 316 319 320 322 325 328 330 332 335 336 337 341 344 345 346 347 349 350 356 364 365 367 370 373 375 377 378 381 384 387 391 392 397 398 400 402 403 405 407 410 414 415 424 432 437 438 439 441 444 
181 151 157 165 167 169 172 176 182 184 194 200 201 208 210 212 219 220 221 227 232 239 242 254 271 280 283 284 285 286 289 290 291 294 296 299 309 314 316 320 328 329 337 344 347 348 352 363 369 375 387 389 392 393 397 403 404 405 409 411 412 415 416 418 423 427 430 432 434 444 
141 155 165 166 168 169 171 174 183 184 189 192 194 201 202 205 213 214 215 219 220 223 225 228 236 238 242 245 248 249 257 258 260 274 278 279 280 283 286 287 294 299 300 309 310 311 313 317 322 324 328 335 344 347 350 351 355 359 361 364 365 366 367 368 371 372 378 379 384 387 390 392 395 396 399 404 409 414 420 425 430 431 435 437 438 439 440 441 443 444 445 446 
97 152 155 164 167 173 179 182 185 194 195 199 201 221 222 223 227 228 229 233 239 244 254 255 256 263 268 277 282 286 287 299 303 316 317 318 319 320 336 337 341 345 346 354 359 363 368 369 373 377 382 392 393 394 398 408 409 411 415 416 418 426 429 431 434 440 446 
16 150 151 159 160 174 175 176 185 188 191 200 203 206 207 210 233 246 249 269 271 282 286 302 311 312 320 323 345 357 364 367 378 381 387 391 396 402 411 414 417 
254 155 191 264 302 309 315 366 375 378 405 418 421 441 
99 150 151 159 161 174 175 179 184 185 188 191 198 199 205 208 211 212 215 216 217 221 231 235 237 238 240 243 246 248 250 260 262 266 267 273 290 300 310 313 317 326 330 334 335 336 339 345 346 349 350 351 352 353 354 365 368 385 391 395 404 410 411 417 419 427 428 430 432 436 437 438 439 443 
41 158 159 161 164 165 168 169 170 171 179 183 188 189 190 191 194 198 200 201 203 207 208 209 211 217 219 220 221 234 237 241 242 245 248 254 255 256 257 263 264 268 271 275 276 277 282 283 285 287 300 301 302 305 306 307 308 321 326 329 334 340 345 347 349 350 351 352 355 357 372 378 381 388 394 395 396 397 398 399 403 407 408 411 412 423 426 430 431 432 433 434 437 444 445 446 
84 157 162 168 171 172 177 180 181 183 193 197 199 201 206 217 218 219 221 223 227 236 238 239 240 241 244 261 279 285 297 300 307 312 318 328 331 333 335 339 343 347 354 358 364 366 370 371 373 376 379 382 389 391 394 395 404 407 408 412 416 418 419 424 425 434 435 444 
263 152 162 169 177 180 181 188 189 195 207 211 221 236 247 254 277 307 321 329 349 358 361 364 390 396 400 415 423 438 440 442 446 
52 1 150 152 153 158 162 163 165 168 179 180 184 187 188 190 191 193 198 201 203 205 208 210 211 212 216 217 221 224 225 229 230 231 233 235 238 239 240 242 244 245 247 251 254 257 259 260 264 266 271 281 283 285 286 288 292 293 294 296 299 306 308 310 311 314 315 318 321 326 327 328 332 333 335 336 337 338 344 347 348 351 352 355 356 359 361 362 363 364 366 371 376 377 378 379 381 382 387 389 395 396 398 402 404 405 410 412 414 415 416 418 422 423 430 434 438 440 443 445 
89 1 153 154 156 159 172 175 178 181 182 183 185 186 189 190 192 193 196 198 199 203 207 209 215 218 219 224 226 227 228 232 237 238 239 240 241 242 245 247 250 252 253 254 255 256 257 258 262 267 269 270 273 274 275 277 278 282 284 288 292 294 296 298 300 310 311 313 314 316 318 319 322 324 327 330 334 336 337 339 340 346 348 351 353 354 356 360 361 363 366 368 369 373 376 377 380 382 385 388 390 393 401 406 408 409 411 420 421 422 423 426 434 435 444 
273 152 155 156 159 161 163 164 165 167 174 176 177 181 192 195 196 201 205 208 223 229 230 236 237 238 239 241 252 255 267 270 276 280 281 282 285 290 293 299 302 306 315 316 317 321 324 325 327 328 329 330 331 333 340 342 346 352 353 357 358 363 367 368 373 380 382 384 386 388 392 397 399 400 407 408 419 425 428 429 431 432 436 440 444 445 446 
280 1 151 152 153 154 155 156 157 158 159 161 164 166 167 170 174 180 181 188 189 191 192 194 198 203 204 207 211 213 216 217 218 225 231 232 234 235 238 240 242 249 259 265 267 270 274 276 279 283 285 287 288 293 295 296 300 301 304 307 313 314 316 318 320 329 336 338 340 353 355 357 358 359 362 364 382 386 387 392 397 398 403 409 413 419 420 421 422 429 432 433 434 436 443 444 445 
227 161 162 171 173 174 183 187 188 194 199 204 211 212 215 216 220 230 231 232 235 239 242 249 252 254 257 260 263 264 265 266 269 271 272 278 282 284 285 290 294 301 303 306 311 315 316 317 318 320 326 332 338 340 351 352 357 358 364 369 371 372 377 387 393 398 399 402 403 405 410 424 429 430 439 440 442 444 446 447 
114 1 154 165 168 172 173 191 192 209 212 215 224 240 259 264 265 267 268 271 274 280 285 294 300 301 310 315 316 326 337 351 355 362 365 374 375 376 398 411 415 418 419 425 433 436 438 443 
204 157 159 178 192 194 200 204 218 225 227 236 247 256 257 263 280 283 296 301 303 313 342 349 355 357 359 360 362 384 388 397 400 402 411 414 429 432 435 444 
191 151 152 153 156 159 164 167 172 174 175 180 181 193 194 195 196 201 206 207 208 209 225 227 231 232 237 245 247 251 253 254 259 265 266 269 270 281 282 287 290 291 293 295 297 298 301 305 307 308 311 312 313 316 320 321 322 325 334 335 339 340 344 345 352 353 358 361 362 365 370 371 372 379 385 387 389 390 394 399 407 410 416 419 424 428 429 434 440 441 
112 167 168 170 188 190 191 199 204 209 212 217 223 228 229 230 242 246 261 272 276 284 290 300 304 325 328 334 335 336 337 340 346 355 356 364 375 377 396 405 409 410 426 428 429 431 434 441 445 
46 153 154 157 160 161 162 164 165 168 169 170 174 175 177 178 179 183 184 185 187 190 193 195 196 198 202 203 207 208 211 216 217 219 220 231 236 241 244 247 249 252 257 262 266 271 273 277 278 280 284 285 295 301 307 315 319 324 335 338 343 346 347 349 352 357 363 364 374 379 380 383 385 393 395 397 399 402 403 407 408 409 413 418 422 427 428 436 441 
253 150 152 156 160 163 169 170 173 176 191 192 196 197 198 200 205 211 217 220 224 234 235 242 248 251 254 256 260 264 272 280 282 285 293 301 304 305 311 316 324 325 334 335 338 339 340 344 345 351 352 355 356 364 366 367 368 380 385 389 396 400 418 425 430 436 437 438 441 
92 155 156 160 161 165 167 168 169 170 177 184 199 216 226 235 247 274 281 286 302 311 326 354 362 389 393 398 401 402 433 438 439 
38 1 153 166 167 168 170 177 179 181 182 184 185 186 194 198 203 209 214 215 217 225 227 228 232 236 237 241 242 246 249 251 255 260 262 266 267 269 271 273 275 276 278 288 291 296 297 298 299 300 304 305 309 314 315 316 317 321 326 332 337 342 345 349 350 354 356 357 358 362 363 371 376 382 384 396 397 399 405 408 419 420 421 424 425 438 439 443 
75 153 158 180 182 192 206 208 239 245 254 256 263 266 268 271 272 273 283 304 305 318 319 332 354 365 368 377 386 387 390 399 412 420 445 447 
90 158 164 166 171 179 183 185 187 190 200 202 217 224 225 230 239 245 248 263 274 275 276 277 280 284 286 296 298 307 310 319 326 331 342 349 352 359 364 369 378 391 400 410 412 414 424 426 432 433 440 446 447 
89 159 162 164 165 167 172 174 175 179 180 183 197 198 203 205 211 212 213 214 215 219 226 228 229 230 236 237 248 249 253 257 266 268 269 270 277 279 280 282 288 289 298 310 314 333 338 350 353 373 374 376 377 390 399 401 409 410 415 416 417 418 421 436 438 440 445 
61 158 161 176 177 182 193 194 218 222 233 243 257 262 265 267 276 278 279 282 283 284 285 288 296 308 318 323 324 332 336 340 344 345 357 360 362 368 382 386 387 391 395 401 407 410 411 417 427 433 436 437 444 
178 151 160 161 164 165 177 191 192 193 194 205 229 232 242 244 245 249 252 255 256 264 266 267 268 273 275 284 290 291 297 319 329 332 333 348 349 360 369 374 388 390 391 407 413 424 428 430 431 433 439 440 445 
114 152 155 158 163 167 172 173 180 182 191 193 194 196 198 200 201 202 203 205 213 216 219 224 228 231 245 251 257 269 271 285 288 289 295 303 304 309 315 320 321 322 325 332 338 339 343 346 349 357 362 372 373 375 376 383 387 388 390 400 401 406 412 414 418 420 421 427 431 437 444 447 
154 150 156 157 164 167 171 172 176 177 178 181 197 199 210 214 216 217 221 224 233 247 248 262 273 281 282 284 287 289 310 316 317 318 320 327 330 339 344 363 368 379 383 385 392 403 407 418 430 434 435 441 445 
22 1 152 153 155 167 171 178 185 188 193 199 201 202 219 225 244 247 254 260 264 271 276 278 296 301 309 311 315 317 320 321 331 332 346 357 359 361 370 374 378 381 383 392 393 400 401 410 415 416 422 426 427 435 437 438 444 
250 184 209 252 258 260 270 290 335 339 342 345 349 355 371 374 397 435 446 
62 155 163 168 169 172 173 174 177 178 179 189 190 192 198 204 223 225 226 242 244 248 262 266 268 279 286 292 304 306 309 310 318 321 323 325 327 330 333 339 340 345 347 364 376 381 387 394 405 415 424 425 432 444 446 447 
165 155 163 177 180 182 184 185 187 191 194 197 198 203 206 215 220 225 237 238 239 242 244 251 255 258 260 267 271 272 283 284 288 293 302 305 311 318 323 324 327 329 331 335 338 348 352 358 360 363 370 371 390 393 394 403 406 413 415 416 418 426 427 437 442 446 447 
138 155 157 168 174 177 180 186 187 191 197 201 204 211 212 213 216 221 223 225 226 227 232 234 238 242 244 246 247 248 258 259 265 268 275 276 278 280 285 293 304 313 314 323 325 331 333 336 337 338 339 340 353 354 357 363 366 370 371 380 387 392 400 410 412 413 428 429 432 437 439 443 
93 157 160 162 163 168 169 170 179 180 183 184 186 188 189 191 194 196 210 213 220 223 224 230 233 234 236 238 239 242 246 250 251 252 253 256 258 263 266 269 271 272 284 289 302 305 311 313 316 317 321 327 333 337 340 342 345 346 347 348 355 360 366 367 376 381 385 390 396 398 399 403 404 406 410 414 417 419 426 431 435 436 442 443 
224 150 165 173 180 181 189 190 194 213 217 222 223 226 231 245 249 272 273 276 279 302 308 330 340 348 369 373 375 385 388 394 396 399 400 423 427 428 447 
282 166 172 176 179 187 192 194 195 201 209 214 220 236 246 252 283 310 313 318 319 324 331 345 367 382 392 421 422 439 444 
187 153 154 163 164 170 171 175 177 182 185 193 195 199 200 203 206 220 222 223 225 227 229 232 239 249 251 259 261 268 269 270 271 274 275 281 282 292 297 304 316 318 330 348 349 350 354 358 359 363 365 366 368 389 424 426 430 437 444 445 
290 152 153 154 156 157 158 160 162 163 165 166 167 172 178 181 182 185 191 194 195 197 199 203 204 209 210 215 216 217 220 221 222 223 229 231 233 235 238 239 241 244 247 249 250 251 254 257 258 262 264 265 267 274 275 277 278 283 284 287 292 308 309 310 314 315 316 318 327 329 334 335 337 342 344 346 350 352 354 358 359 360 361 364 367 369 371 379 384 385 395 396 402 403 404 406 411 412 413 414 415 418 419 421 422 426 428 429 431 433 434 435 436 441 444 447 
14 150 169 170 190 243 246 254 259 261 264 267 268 275 279 297 307 309 310 317 318 328 330 339 341 350 357 359 365 375 377 379 396 401 413 423 441 445 446 
239 153 156 157 159 162 163 164 165 167 169 174 175 179 181 183 185 186 188 195 199 200 202 203 206 207 211 213 214 219 221 223 226 228 232 234 235 237 238 239 240 247 249 250 252 254 256 258 259 261 263 264 265 267 268 271 272 274 276 279 281 282 283 286 288 290 291 294 298 305 306 308 313 315 316 319 321 322 326 330 332 336 338 339 346 349 352 353 356 359 363 370 376 378 386 391 393 395 396 397 400 405 408 409 424 425 427 429 432 433 434 435 436 437 443 445 446 
219 152 156 159 163 164 171 172 177 181 187 190 194 202 204 207 208 209 227 236 239 240 251 258 259 265 266 280 282 285 298 302 303 304 307 309 315 317 318 319 321 328 332 337 339 340 342 352 354 355 356 361 362 369 371 375 377 378 390 392 393 396 397 400 401 402 411 414 415 420 421 422 423 430 432 441 
291 164 169 187 190 202 204 205 206 208 218 223 227 247 268 271 272 293 294 323 324 366 374 391 392 393 397 406 426 
102 152 153 158 159 168 170 177 180 185 187 192 195 202 205 206 207 208 215 216 218 220 222 223 225 229 234 239 242 247 252 253 257 263 269 270 271 275 278 280 285 287 290 292 293 295 297 298 304 316 323 325 326 329 330 340 344 347 362 363 365 370 371 373 374 375 387 390 391 392 394 398 402 403 405 406 407 416 417 418 421 423 426 427 433 434 436 438 439 443 445 446 
26 1 150 152 156 157 158 169 170 182 186 197 203 206 208 219 221 222 223 224 226 232 236 244 245 247 254 255 268 271 279 287 289 290 291 293 296 297 317 320 331 333 336 362 363 366 371 373 380 382 385 386 388 397 405 408 409 412 414 416 422 430 432 434 442 447 
217 184 206 224 267 285 299 311 330 368 375 377 417 424 
67 1 153 154 158 164 165 167 168 180 181 183 185 190 192 199 203 206 207 212 214 222 232 236 237 238 243 244 247 248 249 252 255 264 266 268 275 278 280 283 284 285 287 291 296 297 298 300 305 306 307 309 310 311 313 314 316 318 319 320 321 322 323 324 326 327 330 332 333 334 338 347 349 355 357 358 359 364 367 368 371 379 384 387 390 393 397 398 401 403 405 414 415 416 419 421 428 433 436 441 
45 153 168 169 175 177 185 190 191 192 194 199 200 208 212 215 219 222 224 228 230 234 235 242 251 258 269 275 280 284 289 291 293 300 305 306 311 313 314 320 323 325 337 355 362 365 366 379 397 404 411 417 430 444 
39 153 155 160 162 163 164 174 178 179 180 183 185 187 190 194 195 199 201 203 207 208 210 211 213 215 217 222 223 236 241 244 245 248 255 256 257 258 266 272 273 281 292 293 295 298 300 301 311 315 316 323 327 329 330 331 332 336 337 343 344 345 351 352 353 361 371 374 379 380 382 383 387 390 396 400 402 405 407 409 414 419 423 432 434 436 440 444 446 
120 154 155 159 160 164 169 175 189 211 222 226 235 255 258 260 261 268 270 277 294 295 297 304 306 308 316 317 324 331 332 335 339 348 357 358 364 368 370 377 381 382 395 397 409 421 428 430 431 432 440 441 
276 1 151 152 157 159 160 165 166 169 170 171 175 176 177 187 193 194 203 205 210 214 216 222 223 225 228 229 235 237 238 242 244 246 250 253 255 258 264 276 277 279 284 287 292 293 296 297 301 302 303 305 311 313 314 317 319 326 328 330 335 338 340 345 348 349 357 361 365 367 368 372 373 374 377 383 384 386 388 393 394 396 401 404 406 407 410 411 414 417 420 422 423 426 427 434 437 440 441 445 447 
130 1 156 159 165 168 171 174 180 183 184 186 188 198 199 200 204 210 214 215 216 217 219 221 234 237 241 243 245 246 247 251 252 255 256 257 258 265 266 267 271 272 276 277 278 282 285 294 295 299 313 318 325 337 346 348 349 354 357 360 368 370 376 377 380 385 387 394 395 401 404 410 412 414 417 418 430 432 435 439 440 441 442 443 
228 1 151 155 158 161 164 167 168 171 179 180 183 186 188 190 194 197 200 201 204 206 208 210 215 220 224 225 226 232 233 234 235 237 243 244 252 267 269 270 273 277 279 283 286 290 292 293 300 306 307 308 309 313 315 316 317 319 321 322 325 328 330 331 334 350 351 352 357 360 366 369 372 373 376 381 382 385 386 388 391 394 401 402 403 411 417 420 421 422 428 430 433 434 439 440 442 445 
161 151 152 153 154 157 160 161 162 163 165 166 167 169 172 173 177 178 183 184 185 190 191 192 194 195 199 200 202 204 205 208 210 212 213 216 218 220 227 233 238 240 241 243 245 255 256 262 263 265 266 267 269 273 276 278 283 284 286 292 293 294 297 299 305 307 308 309 312 315 320 321 322 325 326 329 330 331 333 335 336 338 340 343 349 359 360 364 367 368 374 377 381 383 389 400 402 406 407 409 415 417 419 421 422 427 430 431 432 434 436 437 440 442 443 444 446 447 
268 150 164 168 182 183 189 195 199 200 201 202 226 231 244 264 269 291 292 304 307 314 316 332 334 335 351 361 381 383 404 407 422 423 425 427 433 
44 157 163 186 196 200 213 218 223 227 228 249 253 256 257 260 266 269 273 275 278 291 297 304 316 320 321 322 343 347 358 378 388 389 400 406 411 429 430 444 446 
176 160 166 203 215 237 244 254 307 423 
137 151 152 153 157 161 165 167 175 179 182 184 185 187 188 190 192 194 195 200 201 202 204 206 209 210 218 221 229 234 236 237 238 240 243 248 250 252 260 261 265 266 269 277 282 287 292 304 307 309 317 324 325 329 330 335 336 341 343 352 355 356 358 360 361 362 366 368 370 372 378 379 391 398 399 400 401 407 408 412 427 429 432 437 439 440 446 
155 155 161 163 170 174 175 176 180 184 191 205 206 207 208 213 214 220 229 236 241 242 247 253 267 270 272 287 289 300 306 318 321 324 327 331 343 354 368 369 381 382 384 391 401 405 407 411 414 419 420 423 436 
185 1 150 151 152 155 156 157 158 160 166 172 174 178 184 188 192 199 206 209 213 221 222 223 234 235 239 240 245 250 251 252 258 259 264 268 277 280 286 289 290 291 292 294 295 296 301 303 313 318 319 321 322 324 329 330 333 334 341 346 348 349 352 353 356 361 365 366 370 374 382 383 388 391 392 396 398 401 402 403 404 407 413 414 419 423 430 436 440 442 445 446 
145 151 157 160 173 177 186 199 210 211 217 228 248 249 264 266 271 287 289 294 305 315 322 334 335 340 349 381 409 431 432 433 437 438 
119 151 152 170 171 201 206 209 213 214 215 234 240 242 257 261 268 284 317 345 360 389 400 403 412 416 417 419 421 423 429 430 432 435 436 439 440 441 
127 154 157 159 170 172 173 174 191 192 193 194 205 212 216 219 224 226 228 238 240 241 243 246 248 250 251 254 259 262 263 265 270 274 279 280 283 285 287 288 294 295 303 304 307 308 334 337 348 354 359 362 364 366 374 377 379 381 382 387 388 399 402 412 420 425 434 444 
53 155 173 213 218 239 269 281 286 297 316 349 357 419 436 447 
51 162 167 172 210 211 225 227 234 237 240 249 250 251 252 264 295 307 327 337 343 351 354 362 374 391 395 403 404 408 411 412 415 422 424 443 
159 1 160 172 198 207 213 219 220 226 229 231 238 248 253 254 270 271 279 304 334 343 348 351 370 377 380 383 397 399 401 403 405 416 428 433 439 
229 1 170 179 189 222 227 237 246 297 308 322 337 339 340 355 366 371 374 397 398 
166 152 155 163 165 166 170 176 181 216 233 237 255 269 270 292 309 314 323 335 343 365 371 372 374 377 391 394 404 406 422 423 433 444 
77 152 155 156 164 166 171 176 177 184 188 197 199 206 211 215 218 220 225 227 228 229 230 232 238 242 243 249 259 261 264 265 267 268 269 270 272 273 277 278 280 282 286 290 292 293 298 302 304 305 306 307 308 310 311 312 322 323 326 333 336 338 339 340 344 345 349 350 354 357 360 361 363 365 366 369 370 373 378 380 383 385 392 396 399 400 405 406 409 416 418 421 423 424 425 426 429 431 434 436 438 439 440 442 444 445 446 
110 152 159 160 167 170 172 174 179 181 193 198 199 205 206 212 216 219 220 224 229 234 235 237 239 243 247 251 256 263 269 274 275 288 295 299 301 304 306 309 316 318 322 325 333 342 355 356 364 366 367 369 387 389 398 414 415 416 418 428 433 435 439 444 445 
293 1 154 158 159 160 163 164 165 171 172 173 179 181 183 185 187 190 193 194 196 203 204 205 207 208 210 217 220 228 238 244 249 251 252 257 267 268 269 282 283 284 289 299 300 302 304 306 307 308 309 311 312 320 322 333 334 335 336 339 340 344 349 350 352 358 360 366 367 369 371 374 375 379 381 385 386 387 390 394 404 405 407 408 409 423 427 428 430 431 438 439 442 
242 154 163 171 173 178 185 195 198 210 213 218 219 221 226 229 240 241 244 245 254 257 260 269 271 276 283 284 286 287 295 305 317 320 329 333 334 340 341 344 356 361 366 367 379 381 383 393 395 401 407 410 413 415 425 428 432 435 438 442 443 446 
112 1 150 162 166 170 176 178 201 210 211 213 216 230 235 236 254 255 261 265 269 278 285 286 291 305 315 318 321 334 345 348 349 350 365 369 370 374 378 380 386 388 407 414 434 444 445 446 
231 154 168 171 178 180 181 183 191 193 199 201 202 205 211 212 216 218 221 222 223 226 238 245 249 255 259 264 266 274 278 284 290 294 314 317 325 328 331 332 336 341 342 344 345 354 357 363 367 375 376 380 383 388 402 404 409 413 419 423 426 430 439 447 
287 1 152 155 158 159 162 165 169 170 171 173 174 175 176 178 180 182 183 185 187 190 198 200 203 204 209 212 213 214 216 221 222 224 225 226 227 228 230 231 232 239 241 243 251 252 257 258 259 260 261 263 267 268 273 274 275 280 281 284 287 288 289 293 301 304 305 306 307 309 312 315 319 325 334 337 338 340 343 348 349 350 351 354 356 360 361 369 370 382 383 386 388 389 391 394 398 400 402 408 409 410 412 416 419 425 430 432 434 435 436 437 440 441 442 445 
99 151 153 154 158 160 164 166 169 170 179 181 184 185 189 199 200 203 204 206 209 211 214 217 225 226 228 230 234 237 238 241 250 254 256 258 263 264 268 271 283 286 287 288 292 293 297 305 308 312 316 320 322 330 333 335 336 338 339 340 343 345 349 358 362 366 367 371 376 377 378 381 382 383 384 389 392 395 396 398 400 401 402 403 404 412 413 415 416 418 423 424 430 434 435 438 446 447 
258 192 225 227 236 263 290 319 321 341 357 362 395 409 412 441 
229 150 152 155 156 158 161 162 163 165 170 173 176 177 182 184 188 199 201 204 211 212 214 216 219 227 230 245 252 259 262 273 280 281 283 285 286 290 291 294 299 314 323 328 329 332 335 337 344 346 347 348 350 360 362 364 365 370 373 374 375 382 386 392 393 396 402 404 409 414 416 423 425 433 434 442 444 447 
280 156 158 161 164 174 180 182 185 188 189 195 197 198 199 202 205 210 215 234 235 236 252 260 271 272 274 280 283 284 285 286 292 302 304 310 318 325 337 338 340 341 348 349 353 354 357 358 360 362 363 366 379 381 384 386 398 408 410 414 420 422 426 429 430 431 432 433 436 446 
100 1 151 152 153 154 161 163 165 168 169 170 171 174 176 177 180 181 182 183 184 185 188 189 191 196 197 198 199 200 204 208 209 225 226 227 234 235 236 237 241 243 248 252 258 260 261 262 265 267 277 279 285 286 289 294 298 302 306 311 313 315 322 327 330 337 338 341 344 346 350 351 352 356 357 358 359 362 363 365 368 371 372 376 378 380 382 383 389 393 402 405 407 408 409 411 412 413 416 418 421 422 425 429 432 436 438 441 445 446 
65 171 258 293 326 331 355 369 378 415 418 
296 154 155 158 161 165 180 184 195 199 204 211 217 238 245 255 271 286 297 304 313 336 340 367 376 379 382 393 401 404 406 412 417 421 423 435 441 447 
10 153 157 158 165 176 183 186 188 195 201 214 219 222 223 225 227 235 236 241 242 249 253 256 262 268 270 272 278 289 290 294 295 296 298 299 301 303 310 311 316 318 321 323 331 335 336 342 349 356 357 360 368 369 375 381 387 395 396 397 399 401 404 410 412 418 421 423 424 425 429 433 434 435 436 438 440 
268 151 153 155 160 161 162 163 164 171 173 178 179 183 184 187 192 193 196 197 209 214 218 220 223 229 230 232 234 237 239 242 248 251 253 254 256 257 261 262 268 271 275 278 281 283 285 286 290 297 304 309 320 324 326 332 333 335 349 350 351 356 362 366 373 377 391 397 398 399 401 402 403 404 405 407 408 410 416 418 421 425 429 432 436 439 445 446 
71 154 158 168 169 173 176 179 180 181 182 187 188 189 191 193 197 204 209 211 212 217 224 229 235 242 244 253 254 264 266 270 271 281 283 295 304 306 307 311 315 316 317 321 323 328 331 333 337 341 343 346 348 349 354 355 357 361 363 369 372 385 388 391 394 405 421 425 430 444 
88 156 158 164 176 193 222 224 231 232 234 250 253 256 271 279 280 292 303 311 312 332 353 354 365 372 384 387 391 393 395 399 409 415 434 439 444 445 
85 161 165 170 185 200 209 221 263 280 286 291 297 311 312 316 336 338 343 348 359 362 370 372 376 384 388 395 400 410 427 430 447 
80 152 156 162 163 164 175 186 192 193 199 200 210 211 213 216 217 220 222 226 227 229 230 232 233 236 247 252 254 261 262 264 267 270 275 277 279 280 281 293 296 297 300 305 311 323 331 334 336 340 342 343 345 346 348 351 354 355 356 357 358 361 363 364 368 371 383 385 401 402 404 406 413 416 420 426 429 431 442 444 446 
116 1 152 153 155 160 162 165 167 168 169 174 182 184 186 188 190 191 192 204 217 218 220 221 223 224 229 230 231 236 240 242 246 254 257 258 259 266 267 274 280 284 291 292 297 302 303 304 311 312 314 316 317 318 322 329 330 331 336 339 340 346 347 350 351 352 360 362 364 365 366 367 369 372 373 375 379 381 382 383 386 387 390 391 398 399 400 401 402 406 412 416 421 422 426 432 433 438 440 442 
175 166 182 200 203 238 248 266 276 317 384 422 427 432 
88 153 162 171 174 179 181 192 200 202 204 205 208 219 222 225 226 232 233 234 236 239 240 244 248 249 256 258 260 261 262 264 265 269 270 277 278 280 283 284 290 292 296 298 299 301 302 305 307 308 315 318 320 321 323 325 328 329 333 335 336 344 345 348 354 356 358 360 361 362 368 369 370 373 375 377 381 382 383 384 391 394 397 398 400 401 402 403 406 407 410 418 419 420 423 425 429 433 439 441 442 444 
292 150 157 158 159 166 173 175 192 193 194 204 208 209 213 215 216 217 219 220 222 224 225 230 231 235 237 239 247 249 253 255 259 260 263 265 267 268 282 284 288 293 294 296 297 300 303 305 306 310 311 319 322 323 324 330 337 338 346 347 349 355 356 357 359 360 365 366 373 391 393 398 400 402 403 410 414 415 416 417 420 421 422 424 425 433 435 436 439 442 445 
277 157 165 185 242 245 316 325 398 403 
106 152 153 158 161 167 175 179 180 181 189 198 205 207 214 226 231 232 238 249 260 262 263 264 269 278 285 288 301 303 308 309 310 318 330 332 333 342 348 349 350 355 361 365 366 368 377 380 400 402 406 416 419 422 423 428 430 444 445 
46 150 152 153 158 167 173 187 203 208 209 220 235 250 259 281 298 305 308 319 329 334 342 349 356 358 359 360 369 371 373 376 380 381 408 415 417 424 428 435 437 
63 162 165 223 280 285 358 393 422 424 437 
202 155 158 167 183 184 187 191 203 214 216 224 230 238 249 260 262 269 274 297 298 306 308 313 315 317 319 330 337 341 347 354 370 371 375 377 389 393 395 397 410 416 421 424 427 434 442 444 
134 152 157 182 195 217 226 237 249 273 329 377 379 403 430 
83 220 232 262 274 292 298 337 340 361 380 384 392 409 430 
94 1 151 153 154 155 156 159 161 162 163 165 167 171 173 174 175 176 177 178 182 186 190 197 198 199 200 201 207 208 209 213 219 220 221 224 225 227 229 231 232 235 238 244 246 251 256 257 258 260 266 271 279 280 281 284 285 286 287 289 291 295 300 301 303 305 306 307 308 310 315 316 317 325 326 334 340 345 347 349 351 353 355 356 357 360 362 363 368 371 375 378 381 383 385 386 388 389 390 393 407 413 415 418 419 423 424 429 430 431 433 435 437 443 444 
130 153 157 160 179 182 183 186 188 192 198 202 206 214 215 220 225 229 234 236 244 248 253 254 264 265 268 274 278 280 284 285 287 288 289 295 298 299 305 307 308 309 314 321 322 325 328 331 334 335 338 341 342 348 349 352 356 358 362 366 368 369 371 373 374 375 378 386 396 398 403 404 408 410 417 423 424 425 427 428 437 444 445 
73 159 160 172 174 177 178 179 181 183 191 192 195 207 209 215 218 219 220 221 222 233 234 249 255 262 263 291 293 296 302 305 307 313 315 330 331 341 342 354 357 362 363 366 367 370 374 376 379 382 383 389 392 400 405 406 409 410 420 425 428 429 430 433 434 435 438 445 
261 151 154 156 162 170 206 208 214 217 233 242 253 254 256 263 276 278 288 289 290 294 305 342 347 356 360 364 370 380 383 393 395 397 408 416 418 432 439 445 
36 150 151 152 153 154 159 161 163 165 166 171 173 174 175 178 185 186 188 194 199 202 203 205 206 208 210 219 225 228 234 237 244 246 247 248 251 255 260 264 266 268 270 272 274 277 278 281 283 284 286 287 290 292 296 299 309 310 318 319 320 322 323 326 327 328 331 332 340 342 343 344 349 355 356 359 361 364 367 370 373 376 384 392 396 398 406 408 409 414 417 419 421 428 435 436 438 444 
206 158 168 171 175 181 190 192 207 214 217 228 229 235 237 239 240 249 251 252 255 261 271 285 289 301 313 314 325 330 331 336 342 349 354 365 369 372 375 385 392 394 399 402 410 412 415 417 426 433 442 
287 150 155 158 164 166 167 170 173 183 185 190 194 215 216 220 230 240 253 269 282 296 302 313 333 337 339 345 361 372 374 379 385 403 408 423 425 446 
114 157 166 177 202 204 211 213 218 223 234 238 252 257 258 261 262 263 265 272 277 284 286 287 290 305 308 312 317 330 358 361 362 367 371 372 387 393 398 406 410 414 416 417 419 431 434 436 442 444 445 
279 157 164 166 168 171 185 193 200 240 247 274 305 307 310 320 323 332 402 409 438 444 
300 1 174 181 185 191 193 215 217 226 232 233 260 266 274 276 284 295 299 306 337 342 345 365 375 381 389 393 394 396 430 444 
260 150 155 169 170 172 174 176 178 194 202 206 219 225 226 228 235 240 251 252 253 255 263 265 266 285 296 308 320 322 323 341 347 352 360 361 365 366 370 386 392 397 403 407 414 415 424 438 445 447 
98 150 156 157 161 167 168 173 185 190 191 192 194 195 196 204 205 206 219 228 233 237 238 240 243 246 251 252 254 256 259 260 264 268 273 277 278 280 287 290 292 300 304 305 313 322 323 324 325 326 330 334 345 350 351 355 357 359 366 380 383 392 395 396 400 401 403 404 414 415 416 417 422 424 427 429 432 433 435 437 440 441 443 447 
199 158 159 160 162 164 166 167 169 170 180 183 188 192 194 198 200 204 205 206 232 236 244 246 250 260 264 266 267 269 274 275 279 282 284 287 290 293 298 306 312 320 324 325 334 357 365 366 371 377 383 385 390 394 398 413 429 434 435 436 445 
296 168 169 170 173 178 182 184 186 188 192 193 194 198 214 233 236 244 258 260 265 271 276 280 291 298 300 301 302 303 314 319 326 334 336 337 340 349 350 353 354 355 356 358 371 372 373 375 379 385 386 388 392 407 409 426 433 436 442 447 
271 154 228 247 273 277 280 288 291 302 314 339 370 373 404 
246 153 155 157 160 163 166 172 176 179 183 189 191 193 194 197 202 210 215 218 223 227 228 233 237 243 244 247 248 249 250 252 265 269 280 284 288 291 295 308 310 311 313 314 316 317 319 321 322 325 326 327 330 336 339 345 348 353 357 358 360 361 362 366 367 368 373 379 380 389 393 394 405 406 408 421 423 432 436 445 
1 155 158 159 163 167 169 172 175 176 177 178 179 183 185 186 188 197 198 199 200 207 208 210 214 215 216 221 224 226 229 230 243 248 252 253 255 263 264 266 267 269 271 272 274 275 279 281 283 285 287 289 292 296 299 301 302 303 304 306 308 311 313 314 315 317 320 323 326 328 329 332 334 337 339 344 348 349 351 354 362 364 367 368 369 370 371 372 373 374 377 380 381 384 386 387 390 396 401 404 406 407 410 416 417 419 424 426 427 428 430 432 433 438 440 442 443 446 
164 157 160 169 171 172 173 174 176 178 183 184 190 191 193 196 200 201 204 205 208 212 214 215 216 227 229 232 233 236 237 238 240 244 245 249 250 254 258 259 260 261 267 275 277 278 279 288 293 310 311 312 313 326 327 329 347 351 359 360 362 365 368 373 374 375 377 386 387 388 389 393 396 397 398 399 400 402 406 413 418 420 433 435 436 439 440 444 447 
49 156 176 177 186 191 194 196 198 201 202 206 216 218 229 244 245 251 252 268 278 281 286 289 315 324 326 329 345 353 373 391 415 425 434 443 446 447 
271 156 160 176 180 199 203 206 207 222 227 248 259 282 285 291 292 301 303 308 309 313 315 322 337 355 359 371 376 378 391 396 416 427 428 441 446 
138 151 153 154 160 162 163 165 166 167 178 180 183 186 193 194 199 201 202 205 207 214 216 221 223 225 227 228 229 231 233 237 238 239 244 248 249 250 255 258 262 269 270 272 274 276 279 281 282 284 289 292 296 297 299 301 303 304 315 318 320 325 331 333 334 340 345 348 353 354 360 361 362 363 366 368 372 373 375 378 380 382 384 389 391 393 394 397 400 405 409 413 414 417 418 422 423 427 429 434 439 444 445 
231 157 159 185 203 205 216 218 230 231 250 267 270 305 316 324 334 347 350 353 366 381 390 391 395 399 414 416 424 435 445 
119 151 152 153 156 157 159 163 164 168 173 176 177 185 187 191 193 197 198 199 203 204 207 211 213 214 215 220 221 223 226 229 230 235 239 241 242 247 248 250 255 257 258 273 275 283 284 285 287 288 290 291 293 294 296 304 305 308 313 314 317 320 321 330 333 335 337 339 340 341 346 348 350 351 356 357 361 363 364 365 366 369 370 372 374 376 377 379 380 381 384 391 392 395 396 397 400 402 403 404 405 406 408 409 412 416 417 418 420 422 427 428 430 432 433 435 438 447 
251 166 172 173 191 192 195 200 204 214 216 217 220 229 232 234 236 240 253 254 261 266 270 273 275 281 297 302 316 317 322 327 329 333 335 336 338 340 357 364 366 368 370 384 387 409 411 419 420 422 426 428 432 434 439 443 446 
6 199 200 202 261 275 295 309 405 445 
71 150 156 159 169 171 172 175 179 180 182 183 185 190 191 192 197 200 202 204 210 213 220 222 224 225 226 227 231 236 238 239 240 244 247 253 254 255 256 260 262 263 270 273 274 281 284 288 290 292 293 294 297 298 301 305 309 310 312 315 316 324 328 329 330 331 335 339 342 347 349 350 352 354 355 357 364 366 368 370 373 374 375 380 384 386 388 390 391 401 402 404 405 406 413 414 418 419 421 423 427 435 438 439 445 447 
124 150 152 155 156 159 160 161 162 163 169 171 175 182 184 190 191 193 197 198 200 203 204 205 206 209 210 211 213 214 219 220 221 224 225 226 228 229 236 238 241 245 246 249 250 252 254 256 259 262 264 266 275 277 288 291 294 295 301 302 304 305 306 309 310 312 313 314 315 316 317 318 322 325 331 335 336 340 341 344 345 348 352 354 357 362 364 365 371 374 376 378 383 384 390 391 392 397 399 401 402 403 406 409 414 415 420 423 424 427 432 437 440 443 444 
182 150 152 154 155 156 162 163 165 166 168 171 172 175 177 178 179 180 183 186 192 195 197 199 201 202 203 205 208 211 212 214 219 225 237 239 240 244 248 249 252 254 256 261 262 270 275 278 279 285 287 288 291 292 297 298 307 316 317 318 320 324 333 337 340 342 343 347 348 350 355 356 358 360 362 363 364 368 372 375 377 378 383 384 385 386 389 394 396 402 403 406 411 414 416 419 421 422 423 424 429 432 433 434 440 442 443 444 445 447 
295 1 154 166 168 175 183 197 207 213 217 235 236 237 245 259 263 264 267 268 281 282 283 290 293 296 297 304 313 328 331 332 333 334 344 349 351 355 362 367 372 377 380 381 396 398 407 408 416 420 426 
11 150 160 205 258 274 284 296 309 315 358 373 392 407 
274 150 167 178 211 217 219 221 229 233 250 262 264 265 270 271 281 289 290 295 304 306 311 315 317 322 327 332 336 339 349 350 364 383 386 392 394 396 403 413 415 420 421 430 432 435 438 444 446 
255 151 152 157 158 170 172 176 177 179 181 185 187 188 192 193 196 199 206 207 209 210 211 212 213 216 218 219 220 221 222 229 232 234 235 237 238 239 240 243 244 248 249 254 255 262 269 271 272 273 275 276 278 279 282 283 284 285 288 294 297 299 303 308 314 315 316 317 323 324 325 326 328 333 335 336 339 340 341 343 345 350 352 353 356 365 369 372 377 382 386 387 389 394 395 398 401 402 403 405 406 411 412 415 418 419 420 425 429 431 436 438 440 441 442 444 445 447 
167 150 151 171 172 185 187 199 200 222 225 229 232 233 240 283 290 294 304 316 329 345 363 366 367 381 394 395 412 417 419 430 431 432 446 
123 164 174 214 235 246 266 272 275 280 289 341 354 357 383 386 413 441 446 
181 1 151 152 155 156 157 158 159 164 166 167 169 171 178 180 182 184 187 188 192 195 200 203 204 208 210 211 217 220 222 232 238 241 247 249 250 251 253 255 257 258 259 267 268 270 274 278 279 283 284 285 288 291 292 293 294 295 299 300 301 302 303 306 313 322 323 324 327 328 329 330 331 339 340 343 344 346 349 350 358 360 361 367 372 374 378 379 380 382 385 388 393 398 399 405 412 413 416 417 420 422 429 430 431 432 434 437 441 445 
237 151 153 154 156 157 160 162 164 167 170 171 173 176 177 189 191 192 194 196 198 200 202 204 205 208 209 211 212 215 216 219 220 224 226 229 230 231 236 237 238 239 240 246 248 253 257 258 262 263 264 265 268 270 271 272 273 274 276 282 286 290 301 303 305 306 308 310 315 317 319 322 323 324 331 332 334 335 340 341 344 347 350 352 353 356 357 358 359 364 366 367 368 371 372 374 375 377 380 385 386 389 394 405 406 407 408 410 417 418 420 426 427 428 429 432 434 439 447 
94 164 174 197 212 218 223 226 235 236 237 238 240 251 255 256 263 266 267 277 289 290 291 306 308 309 311 320 325 326 330 331 333 351 354 359 363 365 366 369 377 380 383 385 401 402 409 411 413 416 422 423 429 
47 153 160 161 162 164 167 171 174 177 181 187 195 196 200 203 207 210 211 213 216 218 223 227 230 231 237 238 244 249 256 261 265 268 276 286 290 294 295 298 301 303 305 309 311 314 316 327 328 329 330 333 335 336 337 338 341 342 343 345 346 348 349 353 354 361 366 371 386 389 391 396 402 405 407 408 410 411 416 418 421 428 435 437 444 445 
233 150 156 161 162 163 173 180 181 182 185 190 204 213 216 220 227 228 230 231 244 246 248 254 263 275 284 307 316 317 326 334 338 339 347 357 359 360 363 381 385 392 399 403 406 410 416 425 435 437 
128 1 151 152 156 157 170 171 174 175 180 182 184 189 191 193 194 197 199 203 208 216 220 222 223 224 225 226 227 228 233 235 237 239 245 251 252 253 254 256 257 266 269 271 272 275 279 281 283 284 285 288 289 294 295 298 299 300 304 306 308 309 310 312 314 318 319 324 326 327 332 333 335 336 338 340 341 348 349 352 354 355 357 358 363 364 365 368 369 371 373 378 383 386 388 389 391 392 394 403 404 405 406 407 408 412 415 420 421 422 427 428 429 430 437 438 445 
235 152 155 156 162 166 173 178 181 187 190 197 200 201 202 206 214 218 226 237 238 253 257 262 264 266 279 281 296 309 310 312 320 325 329 344 349 351 360 365 367 375 383 386 393 397 399 401 409 410 414 421 423 425 427 437 444 
154 150 151 153 164 169 170 171 173 181 195 199 207 209 210 215 221 228 240 244 245 246 247 248 250 255 256 268 269 271 272 275 276 286 289 290 293 294 309 310 319 322 324 325 328 333 338 347 348 349 355 356 360 362 364 365 367 369 376 378 385 386 387 394 395 397 398 404 406 407 412 416 417 422 429 432 433 435 437 438 443 444 445 446 
25 151 157 158 162 163 164 165 166 168 169 171 172 174 179 180 185 187 189 196 197 203 207 211 214 216 218 219 221 222 225 226 227 229 230 236 239 244 247 248 255 256 258 259 267 270 275 277 279 290 291 292 295 296 299 300 305 308 313 314 315 328 330 332 338 341 342 343 346 347 356 359 361 362 363 364 365 366 372 373 377 378 379 380 381 385 389 394 405 406 409 417 418 421 422 430 438 441 443 
190 1 150 156 157 159 160 163 169 171 172 173 175 177 189 191 196 201 203 208 215 216 220 223 224 228 229 230 235 241 244 245 247 249 250 251 254 265 268 269 270 273 274 275 276 282 284 285 287 288 296 298 300 301 303 304 308 309 317 320 322 325 328 335 337 338 339 340 342 346 348 353 355 361 366 368 370 372 378 380 381 384 387 389 395 401 402 404 409 413 414 415 419 422 427 435 437 444 
38 155 162 171 173 174 179 180 184 187 191 193 198 216 223 227 244 245 265 271 272 289 297 300 305 311 313 316 322 323 333 336 337 352 353 357 365 373 381 385 390 392 397 401 414 427 430 432 443 
280 161 165 166 180 208 230 232 234 261 268 282 285 286 293 297 299 315 320 325 333 335 341 342 346 350 353 360 363 375 383 390 395 401 410 411 415 418 430 432 440 445 
99 155 163 168 172 174 184 185 201 206 209 221 225 235 257 260 261 271 282 288 302 305 344 347 353 355 360 378 384 392 394 401 410 415 442 
292 152 154 156 158 160 171 173 177 179 180 182 183 184 186 190 192 194 195 197 198 199 203 209 215 217 220 221 223 224 225 234 236 239 241 243 244 249 251 253 255 259 260 267 270 271 273 281 282 283 284 285 286 289 291 293 294 297 300 301 305 307 310 312 313 318 319 323 326 333 334 335 336 337 345 357 363 364 366 367 370 382 386 387 390 393 394 397 398 401 404 409 412 414 415 418 421 423 426 427 436 439 442 443 445 
185 1 150 151 152 155 156 157 158 162 163 164 169 171 173 182 188 191 200 201 202 205 208 210 213 215 217 219 236 239 251 254 260 265 267 268 269 272 275 278 279 283 285 288 293 296 302 305 308 313 314 315 316 317 318 322 330 332 335 336 338 340 341 345 350 351 361 368 376 378 381 393 394 395 398 400 403 404 406 413 414 417 424 426 430 433 444 
158 153 155 157 159 163 164 166 168 169 171 172 178 181 188 190 192 200 203 204 209 211 212 218 219 221 225 226 229 234 235 236 242 243 244 245 247 253 256 260 265 271 273 280 281 283 284 285 288 293 294 295 299 301 302 306 308 310 313 314 315 317 320 321 322 325 336 340 344 345 350 353 356 358 362 377 379 380 384 390 392 395 397 398 399 400 402 405 407 411 412 417 421 422 426 430 432 433 437 438 441 446 447 
271 150 160 163 179 180 187 189 202 208 211 219 231 265 272 305 318 320 322 338 339 344 363 368 382 386 387 389 391 398 399 413 419 422 
91 154 155 161 169 175 177 181 186 194 196 203 207 208 209 212 228 244 248 249 250 253 259 265 266 267 269 282 283 296 307 308 314 315 324 333 373 381 385 391 414 423 
191 154 157 158 165 167 169 170 175 182 184 185 187 188 190 200 204 209 210 213 215 219 220 227 231 233 234 236 237 238 241 250 252 264 265 266 269 271 276 277 278 280 285 286 291 293 300 306 310 314 315 318 325 329 337 340 344 350 353 354 355 358 359 365 366 367 375 382 384 387 388 396 399 406 407 411 412 415 416 422 424 428 429 431 432 437 439 446 
125 152 162 176 203 206 216 224 235 247 255 274 280 307 326 334 351 354 393 426 
191 1 150 153 154 155 156 160 164 165 168 169 173 176 177 178 183 186 189 190 191 192 193 196 197 208 209 213 219 221 222 223 226 236 237 241 250 251 253 255 258 262 264 265 267 270 273 284 285 287 293 295 296 297 298 300 301 304 305 308 313 316 317 323 324 329 330 331 333 341 343 346 347 358 359 360 365 367 375 376 383 387 392 395 397 401 404 405 411 413 420 425 426 434 435 437 446 
184 1 150 151 153 156 157 158 159 166 170 177 178 179 185 190 197 199 203 205 206 209 215 217 225 227 229 231 233 237 249 261 262 269 276 278 279 284 285 289 290 292 295 298 310 313 314 317 319 321 322 328 330 331 335 340 345 358 363 368 370 374 376 378 380 381 386 388 390 393 396 397 398 401 403 407 413 420 429 432 440 441 443 447 
146 181 189 193 194 195 197 198 205 210 220 252 254 261 264 265 273 274 275 282 298 305 324 340 342 346 351 353 367 368 369 376 384 386 401 409 412 416 427 445 
1 151 153 155 157 159 162 164 166 175 176 179 180 182 185 186 188 189 194 196 199 200 201 204 210 214 219 220 225 229 237 238 243 247 255 256 257 261 262 263 270 272 275 276 280 284 288 290 292 297 299 301 307 311 319 320 321 323 324 325 328 329 330 334 336 338 343 346 347 348 349 350 353 354 356 357 359 360 362 363 367 371 372 378 379 383 386 387 388 390 394 396 404 410 411 423 427 430 433 439 442 444 447 
34 160 163 176 233 260 346 360 362 378 412 416 436 
221 150 154 219 228 233 238 241 311 354 407 435 
187 156 159 160 161 165 170 174 188 193 194 204 206 217 223 232 236 237 240 245 249 250 251 252 258 259 263 269 281 286 295 299 300 301 304 313 324 327 336 343 348 349 354 355 359 361 363 368 373 375 377 390 396 399 403 404 415 418 428 429 436 445 446 
169 151 154 155 161 166 168 170 172 193 198 202 209 212 215 216 218 219 223 225 230 233 235 236 237 238 239 244 249 252 257 263 266 269 270 273 278 281 282 284 286 291 292 294 295 300 306 307 308 310 311 312 319 322 325 326 328 330 331 333 335 340 341 345 354 357 359 360 361 366 367 368 370 372 373 377 378 381 385 386 387 388 390 393 394 395 398 399 401 405 406 412 413 415 416 418 421 425 429 431 436 442 444 
169 152 156 161 170 173 181 186 188 198 201 204 205 210 212 223 225 226 229 236 244 245 253 254 256 257 261 264 271 277 280 284 287 290 294 301 308 315 321 324 327 333 338 339 344 352 356 364 370 373 381 383 384 385 390 394 401 405 408 413 416 418 420 424 431 437 443 444 
236 1 151 152 157 160 162 172 175 177 178 181 183 186 188 189 190 191 192 198 200 201 204 207 209 212 216 222 223 228 229 230 233 234 238 240 242 245 248 252 253 262 263 264 270 271 272 276 282 283 286 291 294 297 298 301 305 312 317 330 331 337 341 343 345 346 347 354 358 359 362 368 371 373 378 379 384 385 386 387 392 395 397 398 399 400 416 418 421 422 425 427 429 431 433 434 435 443 
24 151 152 156 157 159 161 174 184 189 194 196 197 199 201 202 203 204 205 206 207 208 215 216 219 229 233 236 244 246 249 258 259 266 267 271 281 284 286 287 288 292 300 302 304 306 310 314 317 328 329 330 333 335 336 341 342 345 347 349 351 354 356 370 371 373 375 378 380 381 392 399 402 404 405 407 409 415 419 422 424 427 428 430 431 441 445 
283 155 156 169 173 177 182 183 184 196 197 200 203 208 216 217 222 228 230 233 236 239 241 248 253 255 256 258 259 262 269 271 280 282 287 290 297 300 301 306 313 314 315 320 322 323 329 332 335 337 339 341 352 354 358 360 361 365 368 371 373 376 381 388 405 407 422 423 428 430 432 434 435 439 443 444 445 447 
151 1 150 151 153 156 158 159 160 162 163 164 166 171 172 176 178 181 182 183 187 188 190 193 194 195 196 199 207 209 212 214 215 216 218 221 224 225 227 230 232 233 239 245 247 251 252 259 261 266 267 273 274 277 278 279 287 290 291 293 299 305 306 309 312 314 316 318 321 324 326 328 331 333 337 338 341 342 344 345 346 363 365 382 383 388 390 394 399 406 417 422 423 424 426 428 433 438 440 442 443 445 
60 151 154 160 162 165 166 167 168 169 174 178 179 183 192 193 197 203 211 214 216 226 229 240 249 250 253 257 278 281 285 287 291 296 306 308 312 320 325 326 341 343 345 347 357 359 368 370 371 375 383 392 399 402 404 416 426 427 431 442 444 445 447 
47 1 151 155 158 159 162 163 165 170 172 173 174 175 177 178 179 184 190 191 193 195 198 207 208 210 211 212 214 215 216 218 225 228 230 231 235 236 239 242 244 256 263 264 267 268 269 270 272 276 278 281 283 284 287 295 296 300 301 303 309 311 312 313 317 319 321 322 325 329 330 332 335 337 341 342 343 352 359 361 366 367 370 372 375 378 379 380 382 385 389 392 394 396 397 398 400 401 402 406 417 422 423 428 429 436 437 439 440 442 
8 154 197 200 227 253 257 278 284 289 331 334 355 418 423 436 447 
166 150 151 154 162 163 168 170 173 178 179 183 185 194 198 206 213 214 223 224 227 234 238 239 241 260 269 270 271 272 273 274 276 279 280 283 285 289 291 295 298 299 302 303 308 309 310 311 312 313 314 316 318 320 323 325 331 333 334 336 344 348 352 356 358 359 361 362 368 376 384 388 389 390 392 393 394 397 398 399 409 414 415 420 423 426 430 438 445 447 
63 1 154 159 162 169 170 171 172 176 180 184 187 191 193 194 205 208 213 215 216 218 228 229 233 236 237 243 250 262 265 267 272 273 275 277 281 283 287 288 295 300 301 309 319 325 327 332 338 348 356 362 364 370 371 373 384 391 395 398 399 406 410 411 423 434 435 437 441 442 444 
50 151 157 159 165 169 172 176 177 178 179 180 181 182 183 185 186 189 194 195 198 200 206 207 214 220 222 225 226 227 234 235 236 237 239 240 242 245 246 251 253 261 264 265 266 271 275 278 280 283 284 285 292 293 294 300 302 303 306 309 310 314 318 320 325 326 327 329 330 333 334 335 336 337 338 339 342 344 347 349 354 361 362 367 368 369 374 375 379 380 382 384 386 387 389 391 392 394 395 399 400 403 411 412 415 416 419 425 426 429 430 433 437 
108 154 156 158 159 169 173 178 179 193 194 195 197 201 207 213 217 218 224 231 250 252 255 259 264 266 273 274 279 280 281 290 291 295 299 306 310 321 324 327 328 333 340 347 351 352 354 355 359 364 365 367 368 370 381 382 383 390 394 395 396 407 410 417 419 440 441 447 
63 150 152 157 164 165 166 172 174 183 185 188 191 193 194 197 202 203 204 209 214 221 222 225 226 229 233 234 240 241 245 246 257 260 276 277 280 291 292 294 298 299 302 308 316 320 322 323 325 345 353 363 366 368 369 377 381 387 389 403 404 405 406 411 415 418 421 423 428 433 439 440 444 
120 159 199 210 225 246 257 274 277 298 305 328 394 410 423 
201 151 153 154 155 161 162 170 173 174 175 176 178 182 185 189 191 197 199 201 202 209 210 217 219 220 221 223 229 231 239 248 251 253 258 261 262 263 265 274 278 286 298 299 303 306 308 309 310 313 315 319 320 321 322 325 332 335 341 349 350 351 354 359 361 371 372 374 376 380 382 383 389 393 395 396 413 421 423 424 426 430 433 434 435 436 438 439 440 441 445 447 
297 1 151 166 168 175 177 187 194 196 198 199 212 215 218 224 242 244 247 252 257 259 261 262 267 274 277 284 298 310 321 327 329 334 335 336 339 352 356 358 368 377 378 389 408 411 426 429 439 444 446 
191 150 151 152 156 157 158 161 164 165 166 175 177 179 181 185 187 188 194 195 196 199 203 204 205 207 208 214 218 222 227 228 229 230 232 236 238 239 240 245 246 249 250 252 254 257 265 266 271 276 277 278 279 281 285 288 290 291 295 297 301 306 307 308 309 315 316 318 319 322 323 324 328 331 336 338 348 349 350 351 352 355 357 358 364 365 369 370 371 373 380 381 384 387 397 398 401 405 406 407 409 411 412 413 415 418 419 421 423 431 435 436 437 440 443 446 
104 150 153 158 159 164 176 177 181 183 187 197 205 207 210 211 216 223 224 230 234 235 236 238 239 240 243 245 258 263 269 280 285 290 291 293 294 295 297 300 307 316 325 335 336 337 341 342 347 348 352 358 361 362 368 371 373 374 375 392 396 397 408 414 432 434 436 442 
121 163 164 168 174 177 180 181 187 188 191 192 200 202 207 223 224 228 235 236 237 241 243 245 249 251 253 254 258 267 268 270 273 274 275 280 283 288 294 296 298 302 305 309 311 312 313 314 316 321 323 328 333 335 337 339 341 345 351 356 357 361 374 375 376 377 379 381 382 386 387 393 399 401 407 409 414 420 424 435 439 442 443 
286 1 157 165 171 181 188 210 215 218 233 237 238 241 242 246 247 261 267 279 280 281 284 289 295 296 315 327 329 338 341 351 354 357 364 372 374 376 380 382 383 400 410 414 419 431 438 441 444 445 
74 204 211 12 296 75 246 174 4 237 61 47 111 27 162 107 106 217 207 169 218 140 275 249 200 287 112 102 274 170 129 299 108 54 282 91 158 48 75 90 158 206 24 277 122 264 127 281 8 28 30 105 124 73 86 263 82 16 259 262 173 118 170 31 202 227 248 45 36 238 113 52 53 243 25 275 13 46 171 282 94 98 298 180 51 106 155 261 132 14 57 78 182 157 74 225 276 250 55 37 175 279 109 7 147 24 275 98 4 175 194 49 242 122 69 78 113 191 219 211 123 202 230 120 84 256 87 250 189 154 39 39 46 51 165 275 232 269 183 35 169 157 44 177 78 87 221 112 158 215 20 213 253 1 262 265 170 287 254 196 208 297 59 223 40 200 230 232 228 56 118 271 261 131 48 200 124 143 233 297 45 298 181 31 216 81 112 156 22 251 10 31 52 103 258 70 190 284 36 220 195 78 43 269 168 184 141 280 261 217 170 50 278 220 134 121 43 223 42 28 241 199 58 87 73 184 244 231 167 50 83 289 226 242 273 214 262 147 244 76 17 195 40 110 241 5 258 244 147 62 239 115 23 255 72 163 163 199 66 152 154 285 291 254 231 291 177 244 26 291 255 172 116 20 88 206 11 96 252 291 143 297 111 230 58 206 297 295 58 61 297 220 107 112 281 178 299 102 86 158 158 237 37 51 247 8 168 149 288 47 155 50 126 283 137 196 70 256 218 267 7 159 18 202 177 254 201 121 142 142 174 248 12 181 240 9 154 274 130 131 29 255 100 247 187 195 79 67 198 205 119 187 76 224 63 66 273 295 244 238 157 212 227 99 146 233 97 220 56 67 277 277 290 160 278 179 83 103 98 168 123 131 76 179 48 213 36 184 277 68 147 170 142 216 25 289 127 276 189 34 70 114 139 108 13 63 112 288 153 208 53 226 278 64 133 149 101 90 97 220 253 61 163 66 201 178 50 172 47 113 289 96 71 270 150 240 215 46 238 57 265 5 275 169 270 56 262 
