30 45
33 26 31 
25 1 17 19 20 21 23 24 26 28 29 36 43 
76 21 23 37 42 
25 1 21 28 31 32 37 39 45 
29 18 
72 16 22 24 31 
16 27 29 44 
7 19 25 33 36 37 40 44 
6 20 45 
72 16 22 23 24 28 29 32 33 34 39 
82 21 23 38 43 
90 16 18 23 26 34 36 37 
60 22 24 25 26 27 33 40 43 
19 19 20 21 26 27 36 37 
4 21 25 27 28 35 
6 1 21 23 24 28 32 34 36 37 38 40 42 
69 19 21 
36 20 24 26 38 40 
31 21 24 29 35 40 43 44 
21 1 16 18 19 22 26 30 34 36 42 
13 1 22 31 32 34 36 37 39 44 
43 18 21 
93 16 20 26 32 37 38 
24 28 37 
48 1 17 18 22 23 32 41 
49 26 27 31 33 34 39 
57 16 17 21 23 26 31 34 35 37 38 39 40 
80 1 16 24 28 31 34 36 39 40 43 
77 22 23 28 33 44 
75 23 24 25 29 32 33 40 41 42 43 
95 21 62 80 72 22 40 65 98 81 37 88 8 51 99 91 50 56 11 42 97 8 33 51 43 55 19 32 18 57 71 11 35 52 28 51 81 77 56 10 68 61 41 42 55 
