302 453
32 167 173 185 217 237 266 296 302 305 356 361 411 413 418 419 433 453 
55 153 156 157 159 161 164 166 169 177 180 181 182 198 199 200 201 205 206 207 208 211 214 215 218 222 225 227 229 240 245 253 257 261 262 263 267 269 270 272 277 278 280 281 291 292 297 300 314 315 317 318 319 323 334 336 338 339 341 345 346 351 352 356 357 358 362 372 376 377 378 380 389 393 395 398 399 402 404 405 407 409 411 412 416 417 418 431 433 436 438 440 441 446 449 450 
127 157 167 172 177 188 190 209 219 222 232 233 239 244 247 266 268 277 286 290 294 301 314 315 316 321 329 342 344 350 362 371 374 383 387 390 408 411 419 423 425 441 442 443 445 446 
222 156 166 172 185 187 195 197 201 203 205 215 220 221 222 224 227 228 232 242 248 256 261 265 273 274 275 278 279 280 281 290 295 306 311 316 328 329 331 335 339 342 346 356 359 363 376 378 383 384 389 391 394 402 407 409 413 429 431 436 437 439 441 442 445 447 451 
134 1 152 153 154 157 161 162 163 165 166 167 168 169 170 171 174 176 178 180 182 183 187 188 190 195 197 200 201 204 214 217 221 225 227 228 232 237 239 245 248 250 252 253 260 264 265 269 271 285 287 289 290 291 293 307 310 312 313 323 324 325 326 327 332 334 339 342 347 348 352 354 361 363 367 369 370 373 379 382 388 389 390 393 394 395 396 398 400 401 405 406 409 411 414 416 424 425 431 432 433 437 439 445 446 450 452 
174 164 167 170 177 181 182 188 189 193 194 200 201 202 205 208 209 210 212 217 221 223 226 228 233 235 238 241 246 250 254 255 263 268 270 271 275 278 279 282 284 285 286 287 290 296 301 304 305 306 309 317 318 320 323 328 329 330 331 332 333 337 338 340 341 342 345 346 352 353 354 358 359 360 367 368 371 375 378 382 383 386 389 391 393 394 395 403 408 410 412 416 417 421 422 425 430 431 432 434 436 438 440 441 444 446 447 449 450 452 
60 294 
73 161 168 171 174 175 184 188 190 202 210 226 244 251 270 272 273 284 292 296 301 306 307 324 331 337 338 346 368 381 392 403 405 415 439 444 
139 154 161 171 182 183 187 189 195 198 201 204 205 215 219 220 223 231 237 242 245 261 267 268 271 277 280 286 294 302 307 311 312 320 323 325 326 333 336 340 341 342 343 344 345 351 356 368 376 385 386 394 406 407 410 412 413 415 421 422 427 434 443 444 445 
212 1 153 154 156 157 161 162 164 166 172 173 176 177 178 179 183 184 187 196 201 203 211 213 214 215 217 221 223 225 229 231 232 233 234 236 238 239 242 243 244 250 256 257 258 261 262 263 264 267 271 272 274 275 276 278 281 283 284 291 292 293 294 310 314 320 321 322 326 327 329 332 333 335 336 337 338 340 341 342 346 349 350 351 354 355 356 357 361 368 371 373 384 386 389 390 391 395 397 400 404 405 410 411 412 414 416 422 423 424 427 429 430 433 435 436 440 443 444 447 450 452 
123 161 167 168 169 171 194 195 198 199 213 225 226 230 232 234 235 245 252 277 280 294 295 296 305 308 322 330 336 341 342 351 356 360 364 378 385 394 395 402 404 411 414 417 418 440 446 450 452 
243 1 154 159 160 164 167 171 173 178 179 180 185 188 196 197 199 202 203 205 207 208 209 211 212 218 224 225 226 227 230 239 240 241 242 245 250 261 264 267 268 272 273 280 285 287 288 289 291 293 298 300 301 303 304 305 306 307 308 313 314 320 323 328 335 336 340 342 343 346 350 352 357 360 362 363 364 365 369 370 371 372 380 384 385 391 394 402 403 411 415 416 418 419 420 422 423 425 427 428 430 431 432 436 441 443 444 445 446 447 448 450 451 
286 153 155 157 163 165 168 181 188 191 197 202 203 205 217 219 220 229 231 233 247 249 260 264 266 269 272 274 277 278 283 293 296 300 307 323 327 332 340 343 358 360 362 372 373 377 379 380 382 383 384 389 394 401 411 416 432 434 437 440 442 447 448 451 
20 152 159 160 161 162 164 169 171 174 175 177 180 182 184 187 190 194 195 197 199 200 201 202 203 204 205 208 211 212 213 214 217 223 224 228 233 234 235 236 239 240 242 243 256 258 259 260 261 263 267 269 270 271 274 276 282 283 285 288 293 295 296 300 304 308 309 315 317 318 321 323 325 326 327 328 334 335 336 337 338 339 340 342 343 347 348 352 354 366 368 371 379 382 383 388 390 395 397 400 401 407 420 427 428 429 430 431 432 435 437 439 442 447 449 451 452 
12 153 154 155 156 157 159 163 173 176 182 186 187 189 194 199 200 201 203 204 209 213 216 219 229 232 237 249 254 257 259 265 266 268 274 275 279 280 286 289 299 306 310 315 316 319 320 321 324 333 336 337 345 349 350 354 357 358 365 369 370 379 383 385 404 406 408 413 428 432 435 437 439 443 446 447 
128 153 154 167 168 181 182 184 185 215 226 249 252 267 269 289 298 303 304 311 318 337 355 359 376 381 409 414 422 425 437 438 448 
243 152 156 158 163 168 169 170 171 172 175 179 182 184 186 191 193 196 199 201 204 205 206 208 209 222 223 228 235 237 238 250 251 252 253 254 255 256 258 265 266 267 268 271 275 276 277 283 284 292 296 298 302 305 306 318 324 326 327 344 347 354 364 376 384 391 397 399 400 403 404 405 413 415 416 422 423 428 429 438 439 440 447 450 451 452 453 
17 152 157 160 170 172 173 176 178 179 181 182 183 186 196 197 214 215 216 219 225 227 230 235 237 243 254 256 259 261 264 265 269 274 275 276 283 284 285 289 290 296 297 298 299 300 302 303 306 307 314 315 316 317 319 326 327 328 330 333 337 339 345 348 352 357 360 366 370 373 381 382 384 391 392 393 395 397 399 401 403 404 406 410 412 413 421 422 423 428 429 434 436 442 443 444 447 448 449 
84 153 160 171 184 190 194 195 197 216 225 242 250 267 268 274 279 281 287 292 296 322 324 325 326 327 332 341 342 343 345 351 363 377 388 389 433 435 
8 153 161 174 187 195 197 199 208 217 222 223 237 241 245 247 255 261 265 268 292 303 315 326 328 335 341 345 353 370 371 372 378 388 390 391 400 402 405 407 413 428 433 436 441 452 
135 159 162 165 169 177 179 181 190 193 201 209 210 211 217 221 225 262 270 272 275 277 278 280 285 286 289 290 293 297 304 308 310 311 315 327 328 332 338 346 347 348 351 353 355 363 371 376 377 384 387 388 392 393 398 400 414 419 424 438 441 445 453 
172 1 161 169 170 172 177 179 186 187 188 189 196 199 207 208 209 214 216 218 219 222 229 231 232 235 241 243 245 247 250 251 253 259 261 262 263 266 267 272 273 274 279 284 287 288 290 296 298 300 306 314 317 318 321 322 325 333 335 336 339 340 342 345 346 348 351 356 360 362 365 366 369 376 379 381 386 391 395 396 397 399 402 403 405 411 416 417 421 422 426 428 434 435 438 442 449 450 453 
94 152 154 160 169 176 189 191 193 194 197 200 201 205 206 207 209 211 219 221 225 226 233 234 250 256 263 267 268 269 273 277 285 288 290 291 299 300 302 313 316 318 328 329 332 357 363 365 376 394 397 406 412 414 415 417 427 435 438 451 
63 162 164 165 178 180 183 184 185 190 194 200 203 205 206 208 211 214 216 219 221 222 224 228 230 231 235 236 240 242 246 250 251 254 266 267 269 274 276 281 289 291 292 295 296 297 302 304 307 310 311 314 316 317 323 325 328 332 343 347 349 350 351 352 354 357 364 365 368 376 378 381 382 383 385 387 388 393 394 395 396 398 401 403 404 408 410 413 414 417 419 420 423 427 428 429 430 434 435 445 446 447 
11 159 163 168 176 195 204 207 218 221 222 223 225 229 232 235 242 250 266 279 288 309 317 326 328 331 334 351 352 386 387 389 407 411 430 431 434 451 
208 152 153 154 157 159 160 162 164 167 170 172 174 178 183 185 190 191 199 205 210 213 215 216 219 220 222 225 226 228 232 234 237 238 240 242 244 246 248 250 251 260 263 265 267 270 271 276 277 280 281 282 285 286 289 295 296 299 302 304 306 307 313 317 318 320 321 322 323 325 326 327 329 330 331 333 334 335 336 340 344 349 361 362 363 365 374 381 383 384 385 388 390 391 392 393 398 399 400 401 403 404 407 409 411 416 417 423 430 433 437 439 442 443 446 449 453 
89 152 153 162 163 164 168 171 178 180 181 182 203 206 208 214 217 218 219 220 228 232 235 236 237 239 240 241 246 247 254 259 260 264 265 270 271 272 275 280 283 285 286 287 288 291 294 295 296 299 303 304 309 311 318 321 322 323 324 329 332 333 341 345 347 352 354 355 360 363 364 365 366 368 372 373 379 383 388 390 393 397 415 416 419 422 423 431 432 434 440 444 447 
1 1 153 155 156 157 166 171 180 190 196 202 206 213 216 230 232 235 239 255 259 265 266 267 274 277 278 285 286 291 293 295 301 303 306 312 314 322 327 328 329 331 337 341 346 351 356 360 366 376 388 393 399 403 410 417 420 427 435 
229 153 156 160 163 168 175 176 180 188 189 193 198 201 204 208 209 211 212 218 225 229 230 234 235 242 249 250 254 265 280 287 292 297 298 299 301 306 310 313 316 317 326 327 333 334 342 344 345 350 351 352 355 356 366 367 371 373 374 381 382 383 384 387 390 392 394 395 396 415 419 420 421 425 429 433 434 437 438 439 440 448 449 451 
209 159 164 167 168 169 173 176 187 189 192 199 203 209 211 217 223 225 226 259 273 283 284 294 295 303 304 306 313 319 323 331 337 348 368 370 373 375 383 392 400 407 410 415 431 432 433 434 
81 156 167 168 171 172 187 203 205 211 224 235 246 252 257 267 272 275 278 279 282 290 294 296 310 311 314 326 331 335 352 354 373 376 378 384 388 398 399 407 408 409 420 442 450 
119 155 156 162 164 168 171 176 177 178 183 185 187 189 194 199 202 203 207 213 214 215 220 221 222 223 226 236 244 246 249 251 254 261 262 275 278 281 285 289 290 298 300 302 309 323 330 331 332 334 336 337 338 340 344 350 354 357 358 361 364 377 378 387 389 395 399 406 407 412 413 415 418 419 427 428 430 434 438 444 446 450 
98 152 209 222 256 281 342 390 393 
150 1 153 158 166 172 173 176 178 179 191 193 194 195 199 202 205 212 214 216 217 218 224 227 234 241 243 244 246 251 259 262 263 264 265 270 274 279 280 286 290 293 304 308 310 321 322 323 326 327 329 330 333 344 348 356 360 363 370 375 379 380 386 387 391 392 404 407 408 411 412 413 420 421 422 433 440 443 445 448 
237 155 156 157 159 161 168 177 178 182 192 215 223 225 260 269 270 273 281 284 285 286 294 301 303 304 316 319 324 329 336 337 341 344 350 367 374 380 384 385 386 391 396 399 400 402 406 410 415 421 422 426 430 434 444 
106 155 156 157 167 169 173 177 181 188 197 199 214 222 223 225 228 229 237 241 245 248 256 257 260 261 263 268 270 271 272 275 278 289 291 301 303 308 311 322 328 329 332 340 347 349 352 355 360 368 379 385 389 392 403 405 408 413 429 430 443 449 
275 1 153 155 159 160 171 172 174 188 190 191 192 193 195 199 202 203 207 208 216 220 221 224 226 227 232 234 239 241 242 244 247 251 255 261 262 267 269 278 279 282 286 290 292 293 294 296 300 301 303 304 308 309 311 316 318 321 322 328 343 345 346 349 351 352 354 359 362 363 368 373 378 380 382 384 385 387 388 391 395 396 397 398 399 400 403 404 408 413 414 416 417 421 422 423 424 428 431 433 436 437 438 442 443 444 447 450 
3 1 152 154 158 166 168 169 170 175 178 180 181 187 196 198 202 206 209 210 212 213 216 217 219 220 223 228 229 230 231 243 246 249 253 254 259 260 269 270 272 275 282 283 284 286 291 296 300 302 307 308 309 310 312 313 315 316 317 318 322 323 324 327 329 330 332 339 345 347 349 350 351 352 357 358 367 369 371 381 382 388 389 391 393 395 396 398 399 400 404 405 406 412 414 416 417 419 422 423 424 426 427 429 436 439 441 444 450 
14 154 157 158 165 168 169 173 174 176 178 183 184 187 191 192 193 196 197 200 201 202 206 209 211 212 213 217 219 220 221 222 224 228 229 231 234 235 236 240 249 250 254 255 264 269 270 272 273 279 282 287 288 293 295 297 298 299 303 305 306 309 310 312 313 315 319 327 330 332 333 337 338 340 342 346 350 353 357 361 362 364 365 371 373 375 377 379 380 390 391 396 399 403 405 406 408 411 413 420 426 428 429 430 433 435 436 438 441 443 444 449 452 453 
201 157 161 168 182 186 211 212 217 252 255 268 270 314 319 335 351 379 384 390 404 424 445 449 
283 1 152 158 160 167 170 171 173 182 199 201 202 207 211 219 220 222 226 227 236 239 244 251 253 255 262 267 271 272 273 278 294 298 301 303 306 309 310 311 312 320 322 327 328 333 341 347 351 360 370 384 391 396 405 408 409 415 416 421 422 436 438 444 446 
174 1 152 153 154 157 158 159 161 163 164 165 166 171 177 179 180 182 189 192 195 197 199 205 206 210 212 214 216 217 218 219 220 222 227 229 233 234 235 239 245 247 251 252 255 256 257 263 265 272 274 276 277 285 288 294 297 298 300 301 305 308 312 313 315 316 317 320 321 322 324 325 334 336 338 341 344 347 358 363 369 370 371 372 376 377 386 388 389 390 391 395 396 398 399 400 405 407 408 411 414 416 417 418 421 430 438 439 442 444 445 446 450 451 
173 153 186 195 207 210 234 242 263 278 279 281 293 295 298 307 309 318 324 337 356 357 372 375 376 389 391 392 400 408 413 426 430 438 453 
18 162 163 164 168 226 231 236 238 244 254 274 291 366 398 401 402 424 
25 1 154 164 167 169 171 174 176 177 178 179 182 183 185 190 199 214 224 230 234 241 253 263 264 270 271 273 275 277 280 281 284 285 287 288 290 291 293 297 298 302 309 315 316 320 322 323 324 325 333 337 338 339 340 344 354 356 359 365 367 371 372 391 405 413 418 420 423 424 426 428 438 439 440 445 447 453 
228 154 156 161 165 168 177 179 183 196 205 208 210 212 214 219 220 223 225 227 229 233 234 238 239 242 246 248 249 251 258 262 263 265 268 270 271 282 284 286 287 297 303 308 313 327 332 339 342 347 349 350 357 359 366 367 372 379 381 382 386 389 395 396 397 399 400 409 411 416 420 426 427 428 429 432 434 439 440 448 
238 161 163 174 181 192 201 207 209 231 242 254 255 260 261 267 274 278 285 295 334 361 364 384 395 407 412 418 424 429 437 451 
197 152 161 167 170 173 178 180 184 191 195 197 200 205 209 210 212 213 217 219 225 226 231 233 236 238 239 240 243 245 247 248 251 256 261 267 271 272 278 279 282 283 285 289 293 294 296 298 301 305 310 312 314 315 317 318 323 328 330 331 339 344 353 360 362 376 381 382 383 386 389 390 392 393 396 400 404 408 413 417 419 421 422 425 426 428 429 432 433 436 437 439 440 442 443 444 445 446 447 
113 163 164 177 193 196 218 220 230 235 247 268 285 301 308 309 326 336 338 352 356 360 361 362 371 377 389 392 407 410 412 435 440 450 
168 154 161 172 175 177 182 188 189 197 198 203 216 217 225 227 228 229 231 234 237 242 243 247 249 253 256 260 261 264 265 266 270 273 279 281 286 293 296 300 302 303 310 322 323 324 326 327 333 337 339 343 345 348 353 356 362 363 366 371 372 374 376 382 385 389 391 400 403 404 408 416 423 424 426 437 443 445 448 451 453 
217 158 163 166 167 168 173 174 175 176 177 178 180 182 187 190 194 201 209 214 217 221 223 228 229 235 239 240 244 248 253 257 260 264 265 266 267 270 280 283 293 298 303 305 307 317 318 323 324 327 331 340 342 345 347 348 351 359 360 363 364 382 383 385 386 389 391 393 394 395 397 404 405 406 412 415 416 417 421 422 429 438 439 441 447 451 
63 155 162 163 169 173 195 199 208 230 239 243 257 265 266 272 277 280 285 290 295 307 308 329 333 349 360 363 367 369 374 377 389 391 394 400 403 408 415 424 425 430 434 438 
96 153 156 160 163 166 168 170 172 175 181 183 184 185 186 187 189 191 192 198 200 202 203 208 211 215 219 226 231 238 239 240 241 243 245 247 249 250 252 253 254 256 259 260 263 268 269 271 279 281 282 287 291 292 293 299 302 303 307 311 314 315 316 318 323 325 328 331 332 337 338 339 341 359 365 368 372 380 388 392 393 396 398 401 403 405 406 409 410 417 419 422 423 426 430 431 432 436 441 442 443 444 446 451 
102 164 172 183 190 197 214 222 237 248 338 363 433 437 
69 154 156 159 167 170 174 175 177 180 183 194 195 197 200 201 202 205 220 224 226 228 230 236 241 243 246 251 257 258 262 270 273 278 281 282 294 311 314 316 318 325 336 339 342 349 359 368 371 375 377 381 386 395 428 430 431 436 438 442 449 
178 154 164 165 171 174 175 186 198 201 205 207 214 221 225 237 238 243 244 245 262 267 271 272 275 292 298 305 307 325 326 362 367 375 378 383 390 395 397 412 414 421 424 430 433 435 436 
143 152 153 154 159 161 167 168 169 171 172 180 201 203 206 210 216 217 223 229 232 237 238 239 254 255 260 263 267 269 273 276 279 280 282 286 288 301 302 308 313 314 315 325 327 332 339 345 361 362 364 365 371 375 378 379 387 389 392 393 397 398 401 404 407 411 415 417 421 423 426 427 433 436 439 444 445 
269 152 160 166 184 214 227 230 249 251 258 259 266 270 271 284 287 290 295 300 334 339 353 361 380 386 393 395 399 427 446 448 450 
85 172 234 262 263 270 340 348 356 359 375 397 406 430 
204 153 156 157 159 160 161 162 163 165 166 172 175 183 187 191 197 198 201 203 204 210 215 219 220 225 232 233 235 236 237 238 245 246 247 248 250 251 253 260 263 264 268 269 270 271 282 286 290 293 294 295 297 302 304 306 307 309 312 313 315 317 323 324 327 329 333 334 337 339 346 347 353 355 356 359 362 367 371 373 376 377 381 382 383 385 392 394 397 400 404 408 414 416 422 423 425 430 431 435 436 442 445 447 450 
217 156 161 171 189 195 226 237 257 266 268 280 282 291 294 297 299 319 322 349 357 363 370 371 382 393 401 402 420 443 452 
85 154 156 157 159 160 167 168 169 174 180 185 187 188 191 200 204 205 209 210 215 216 217 218 225 226 227 230 235 241 242 244 246 252 255 256 258 259 265 269 271 275 282 288 289 293 298 299 303 305 308 310 315 331 335 336 340 342 343 345 348 358 359 362 363 365 366 369 373 375 376 377 378 379 380 381 382 383 384 385 389 391 392 396 400 406 407 408 410 419 424 428 433 439 445 446 447 448 449 453 
53 154 156 159 161 163 165 167 168 169 171 186 187 191 192 193 200 201 204 205 206 213 214 215 223 224 225 229 231 235 236 240 241 243 247 248 251 255 256 264 266 267 269 273 278 279 280 282 292 299 304 306 308 313 314 321 326 327 329 331 335 336 341 342 343 348 349 356 362 366 368 373 381 382 383 385 389 390 392 393 394 397 400 402 404 405 408 409 410 413 419 426 428 431 436 442 444 445 451 
270 1 154 155 156 159 164 166 167 168 171 173 179 181 182 184 187 190 192 196 198 200 201 207 212 214 222 226 229 231 234 236 244 245 248 250 251 257 259 266 274 283 284 285 291 293 295 298 304 312 314 315 318 323 326 337 341 346 347 348 354 355 356 358 364 365 367 368 369 383 384 388 392 395 408 412 413 416 417 418 421 422 427 428 442 443 
213 157 159 162 163 167 168 171 172 176 180 182 183 184 186 190 191 192 196 198 200 206 207 210 211 212 216 221 231 235 236 244 245 246 247 249 251 252 256 263 268 269 270 271 274 275 276 281 284 286 288 290 297 309 311 314 318 320 323 326 328 329 331 332 336 340 346 347 348 350 352 355 358 360 364 367 369 372 378 381 385 387 390 391 392 393 394 396 397 398 404 410 411 414 416 417 420 425 428 432 433 435 436 437 439 447 450 452 
169 158 166 176 180 188 190 192 196 197 212 216 234 239 247 253 268 269 278 281 289 292 294 296 300 305 309 321 325 336 339 348 349 350 354 358 368 369 384 401 407 410 415 417 419 434 446 447 450 
275 155 158 164 166 172 175 176 179 186 190 192 197 201 209 210 218 219 223 225 226 228 229 231 233 234 236 238 240 242 246 248 251 254 256 257 272 275 281 283 284 285 287 291 295 299 308 313 314 318 322 325 331 332 335 337 346 349 351 354 356 357 367 370 372 374 375 381 383 384 385 388 392 396 397 398 401 402 408 411 413 416 420 422 423 424 434 436 437 438 440 443 444 447 448 
65 1 152 183 186 189 208 220 239 245 248 250 251 257 300 302 319 326 329 344 361 370 392 401 405 419 421 440 449 
230 1 156 160 164 168 169 170 178 185 204 206 208 209 213 216 217 218 223 226 228 231 234 242 244 245 269 270 281 288 289 295 298 321 325 326 329 330 334 338 339 341 344 345 347 348 349 363 364 366 367 368 384 386 387 395 397 402 403 407 412 414 418 422 424 426 427 433 435 441 443 448 450 
247 153 157 187 194 201 213 232 237 314 316 329 369 428 
73 154 170 194 197 198 200 211 214 215 232 236 242 247 263 267 278 291 302 303 314 320 335 343 345 350 372 387 388 390 391 396 399 415 444 445 448 450 453 
199 152 159 160 162 163 174 176 178 179 180 184 185 191 192 194 196 197 200 211 214 217 220 224 226 229 230 231 236 238 242 246 255 256 259 263 268 271 275 276 288 295 304 342 354 363 367 374 378 381 384 386 388 403 409 410 417 420 424 425 431 434 439 440 442 444 451 
68 154 156 157 163 172 176 178 186 189 193 195 218 223 224 225 236 241 251 254 256 262 269 270 272 273 275 280 289 296 302 303 306 307 322 329 359 360 361 367 377 380 398 399 402 407 411 412 416 417 420 429 436 441 449 451 
88 1 153 156 161 165 166 168 171 175 182 183 185 187 189 193 196 208 213 223 227 229 230 232 235 237 244 258 261 263 265 268 274 275 283 287 289 292 296 299 300 306 307 309 319 320 323 324 325 332 333 337 341 342 343 350 351 354 359 360 369 375 377 380 381 382 383 388 389 390 397 400 402 403 408 412 413 420 421 424 428 430 431 432 433 435 436 437 439 443 445 450 
287 164 214 233 252 270 279 392 399 402 409 450 
152 156 165 175 177 191 209 214 218 222 223 224 225 233 234 239 250 251 255 258 260 262 266 269 271 276 279 282 286 287 294 296 305 306 308 314 324 325 328 329 341 343 352 353 356 371 385 386 389 407 411 421 424 430 434 435 448 
106 152 158 159 171 173 175 182 190 205 210 213 215 216 226 231 236 237 240 247 248 249 252 255 257 259 261 266 267 269 271 284 289 300 321 324 325 335 356 362 366 373 375 385 386 398 414 419 421 430 431 432 440 447 
57 184 201 206 210 221 231 242 247 257 258 262 268 271 277 280 282 289 298 300 311 320 322 327 331 343 344 345 358 360 365 371 375 381 385 389 391 393 410 419 420 422 423 424 429 430 431 440 442 449 
287 154 158 160 167 173 176 189 197 198 201 213 219 222 223 225 229 248 260 261 268 285 297 299 306 318 320 321 323 327 338 348 351 358 365 369 377 385 392 393 405 421 423 431 441 445 
226 154 162 174 185 200 210 221 225 226 228 232 233 235 251 256 257 272 303 320 325 327 331 336 338 349 350 356 357 361 362 363 378 392 393 399 401 405 420 424 427 431 437 446 448 
115 166 173 175 176 178 179 183 188 189 195 198 200 209 220 221 225 229 230 231 236 239 250 253 255 257 258 259 264 270 271 273 285 290 294 296 301 306 307 313 320 322 329 332 333 340 355 359 366 368 371 396 398 402 404 406 415 421 423 431 434 439 440 447 
189 153 154 159 160 161 162 164 168 172 182 184 200 201 202 204 218 219 222 235 236 237 248 249 251 261 264 269 275 280 284 285 286 294 297 299 303 304 305 310 313 316 319 324 325 326 329 331 332 351 364 366 367 373 378 381 385 389 399 400 405 406 408 410 414 415 418 420 425 430 433 436 441 442 445 447 450 
101 154 157 159 163 170 172 179 188 190 195 196 198 215 224 235 241 242 251 264 268 271 281 282 287 295 301 302 305 306 309 312 323 326 327 340 343 356 359 362 365 367 369 372 373 376 384 385 386 396 399 401 402 411 412 421 422 430 431 436 439 441 444 445 450 
40 157 158 167 170 174 178 179 181 187 200 205 209 211 219 220 225 232 241 244 256 259 260 272 281 296 297 298 300 302 306 309 316 317 319 323 325 328 331 334 336 338 339 343 347 354 359 360 369 371 373 374 378 380 381 382 383 387 388 392 393 395 400 401 404 413 414 419 424 425 432 433 436 439 440 441 452 
166 1 153 168 174 175 177 204 207 210 213 216 218 219 224 231 243 248 265 268 270 275 290 297 298 300 303 308 310 312 313 315 324 326 330 333 334 338 339 340 352 354 371 373 377 380 381 387 392 394 401 403 408 420 421 436 438 441 443 444 445 
126 154 160 168 180 184 187 191 193 195 202 204 207 213 219 222 224 234 235 237 242 246 249 253 258 262 267 269 274 275 277 278 283 284 286 289 299 308 311 313 317 320 322 329 331 335 338 342 345 351 352 354 358 363 371 373 375 377 379 382 391 394 404 406 409 422 425 427 435 436 437 438 446 448 449 450 453 
285 1 153 156 159 160 167 171 172 188 196 202 205 207 217 218 219 220 225 228 232 236 250 252 253 255 259 261 263 266 271 277 278 283 288 297 301 302 303 305 308 316 321 324 329 331 332 333 334 335 336 337 338 340 342 343 344 349 353 355 356 362 363 364 367 370 376 377 380 386 387 392 396 400 405 408 410 413 414 418 424 426 429 430 432 433 443 444 
238 214 271 410 446 448 
2 153 154 155 158 159 163 164 165 169 175 185 186 187 198 202 207 208 213 215 217 219 221 225 230 231 232 233 234 240 242 244 245 249 251 253 258 259 261 262 265 266 270 272 273 275 278 281 289 292 294 300 302 307 309 320 327 328 338 340 342 346 348 349 351 360 362 365 367 372 373 375 376 377 378 381 385 386 388 390 394 396 397 399 400 403 404 405 409 410 412 413 414 416 417 419 420 421 424 425 426 432 433 434 436 437 439 440 442 443 445 448 
161 156 163 165 166 168 171 174 177 183 184 190 191 201 203 209 217 219 223 224 226 231 233 237 243 248 251 252 254 255 262 266 267 269 270 277 279 282 283 284 286 287 291 298 301 302 303 304 307 308 313 317 318 324 325 351 353 354 361 368 371 372 375 377 378 383 384 388 393 394 396 420 422 430 436 440 441 443 446 447 453 
256 160 163 164 174 177 186 189 190 193 197 204 207 209 214 221 225 227 234 237 238 239 240 248 257 260 264 272 276 277 283 292 294 301 303 306 318 326 327 330 331 336 343 347 348 356 360 368 371 373 390 392 393 399 400 401 408 414 415 418 429 435 441 447 
248 153 156 162 169 171 173 175 176 179 199 200 201 203 205 210 217 223 224 228 229 236 239 245 247 250 251 253 261 262 267 270 273 275 276 279 281 297 298 302 305 308 311 313 318 320 325 326 328 334 335 350 356 357 359 360 362 363 364 369 374 391 394 402 408 410 414 417 426 434 435 442 446 450 
122 246 
241 152 158 160 161 163 165 168 194 195 200 203 208 211 215 224 233 239 240 245 248 250 253 255 260 275 276 288 290 292 306 317 325 352 376 381 392 397 399 426 431 438 451 
88 153 155 162 164 167 169 171 173 174 176 182 184 185 187 188 192 193 194 202 203 204 206 207 208 211 214 216 217 222 224 225 226 230 231 232 233 236 239 243 249 250 251 252 256 257 266 269 270 271 272 274 276 277 280 283 298 303 304 306 307 308 309 318 319 324 325 326 327 328 329 330 334 335 338 341 342 343 344 345 350 352 353 354 357 358 359 360 362 367 368 372 373 376 377 382 384 390 392 394 395 397 401 403 405 412 422 428 429 434 437 438 440 441 443 447 
106 152 158 173 179 186 203 223 230 237 267 306 307 312 314 317 364 373 374 378 379 392 406 452 
62 160 161 169 183 184 187 196 201 206 209 213 218 219 221 227 233 239 246 249 250 261 263 267 270 272 273 274 284 286 287 290 294 295 297 298 302 314 315 323 325 331 340 344 352 359 361 363 366 367 370 372 373 382 388 389 395 396 398 410 446 450 
223 1 154 157 158 168 171 172 175 177 186 187 189 191 192 194 198 200 203 207 210 212 216 218 222 223 225 232 233 236 238 248 250 253 254 263 264 265 267 272 275 277 285 287 289 293 297 298 300 304 306 310 315 320 321 322 326 329 331 334 337 344 347 354 355 358 361 369 370 371 374 377 378 386 388 390 395 396 397 399 400 401 402 405 406 407 408 412 416 424 425 429 433 436 438 447 448 451 
89 153 157 158 159 162 163 165 166 171 181 184 186 187 190 191 193 194 199 206 207 209 215 217 219 226 228 231 235 236 238 241 242 244 250 251 255 257 266 269 273 277 280 281 283 285 286 287 295 297 300 301 303 308 309 310 315 323 327 328 331 333 335 336 338 341 342 352 356 359 372 375 377 382 385 396 397 398 399 403 414 417 419 424 426 429 433 438 439 441 442 443 450 
97 157 159 163 165 166 169 170 174 177 179 180 181 183 184 186 187 188 191 194 199 207 208 213 219 220 221 224 226 230 231 236 238 239 241 249 250 252 255 256 258 265 266 267 268 269 273 275 278 280 281 282 285 290 291 293 294 295 299 301 303 305 306 307 310 312 317 323 329 330 331 333 341 343 349 352 354 357 360 362 363 367 373 374 378 380 381 386 391 395 398 401 402 404 405 409 413 414 415 416 419 422 423 435 439 444 448 449 451 
274 152 165 173 174 175 176 183 187 198 204 224 228 235 238 241 242 244 261 263 267 272 286 291 294 295 304 305 307 311 314 322 323 326 329 343 344 346 355 358 362 363 373 374 389 396 398 400 418 419 429 434 437 446 449 
295 1 155 156 158 159 161 166 176 178 179 181 187 188 190 194 196 197 198 202 203 204 205 211 212 219 221 223 228 231 233 235 237 238 241 242 244 249 250 252 253 260 263 266 267 269 271 273 275 281 286 288 289 290 291 296 302 303 304 314 316 326 332 333 335 336 338 340 344 346 352 354 357 358 359 360 368 370 376 384 388 389 396 400 407 413 418 420 422 423 424 425 426 430 434 438 439 447 453 
10 153 159 160 168 173 179 180 185 187 195 203 209 216 218 219 222 235 238 240 242 246 250 253 254 256 266 268 270 272 280 282 286 289 290 295 297 312 313 319 320 321 323 329 334 335 336 337 342 351 353 354 356 359 364 366 368 371 373 374 377 383 385 392 402 406 408 414 416 421 423 427 432 433 435 436 444 448 
109 159 162 163 164 167 168 169 170 171 174 177 186 191 192 194 197 199 210 215 218 228 230 234 249 262 266 267 272 275 279 280 282 289 296 297 301 304 305 308 317 321 328 331 334 338 340 348 359 362 364 366 384 387 391 392 395 396 398 399 406 408 412 416 425 427 434 436 439 440 449 
253 157 170 189 192 209 211 215 237 279 281 286 287 299 308 311 317 320 323 345 355 360 366 369 377 395 407 408 416 417 437 449 452 
161 153 172 173 190 194 195 207 209 216 235 241 253 254 255 259 264 265 270 273 274 279 297 302 304 305 312 317 320 321 328 329 332 342 347 349 353 359 360 371 388 398 399 407 412 417 426 428 430 437 442 446 451 452 
96 157 159 163 170 179 184 192 196 200 212 220 223 230 233 236 239 251 257 271 279 283 287 296 301 307 312 321 328 331 340 355 366 374 376 392 408 411 416 418 424 441 442 443 
65 158 172 183 186 214 215 223 239 243 247 256 263 265 268 269 270 272 274 287 299 303 311 323 329 340 356 359 377 381 382 384 396 397 405 408 416 423 436 447 452 
296 1 152 153 161 171 174 177 178 179 180 182 186 189 193 201 205 206 210 211 212 214 216 217 222 223 227 228 235 237 244 247 250 251 255 259 260 263 264 266 267 268 274 277 283 287 289 290 293 296 297 298 300 302 303 306 308 309 315 318 323 325 326 331 338 339 340 342 346 347 352 354 357 359 362 364 366 367 370 371 372 375 377 379 381 386 388 390 393 394 395 396 399 400 406 407 410 411 412 416 418 423 425 429 431 432 437 440 441 448 451 
295 222 236 308 310 329 341 358 368 376 395 403 434 
148 157 158 159 161 173 175 181 182 187 197 203 206 210 213 216 219 223 229 237 238 243 256 259 261 262 266 271 273 275 279 290 292 294 300 302 315 318 321 330 337 338 339 342 343 345 346 350 351 355 359 361 362 370 388 390 391 400 402 415 416 424 433 437 439 448 
170 152 153 156 158 159 160 161 163 167 169 170 171 180 183 188 189 190 191 192 195 196 200 204 205 208 209 210 211 212 224 225 228 229 231 232 233 235 237 241 247 249 250 253 255 259 264 266 268 269 270 271 272 282 285 287 290 295 296 297 298 304 307 313 314 316 317 318 319 326 328 334 340 341 347 348 349 350 354 357 359 361 362 367 372 373 375 383 385 390 391 392 393 394 397 401 405 406 407 409 413 417 418 425 432 438 443 444 451 453 
116 152 156 157 163 172 173 174 181 182 184 189 196 199 204 208 210 214 216 219 228 229 237 241 245 252 254 257 264 274 277 280 283 290 302 320 322 323 327 332 337 345 350 351 355 358 370 371 376 388 389 394 395 406 407 411 413 415 429 
77 163 173 188 192 195 199 200 201 213 220 221 239 244 247 255 259 264 266 283 286 289 291 295 310 316 323 331 333 334 335 342 346 349 359 361 366 373 378 382 385 388 389 401 406 419 424 441 446 449 
57 157 159 162 163 164 165 166 171 181 183 186 190 191 192 195 197 205 211 216 225 226 228 229 232 233 234 235 236 237 239 240 243 247 255 256 260 264 266 268 270 279 289 291 292 293 296 299 307 313 316 317 319 324 327 328 329 331 333 338 339 340 345 347 348 350 351 357 364 372 374 377 379 384 396 399 401 419 425 426 428 430 432 434 438 440 444 451 452 
251 153 157 163 165 168 170 177 178 181 187 191 199 201 207 209 214 216 217 221 222 225 226 227 229 230 232 237 239 241 243 251 252 253 258 261 265 273 275 276 277 278 279 281 286 292 294 309 313 321 324 325 327 328 332 333 334 335 338 339 342 347 352 355 356 358 363 364 369 377 381 382 383 385 387 389 390 395 399 400 403 404 406 408 409 413 422 427 428 433 436 437 438 439 442 444 447 448 450 
47 153 156 158 160 167 168 170 171 173 175 181 182 183 189 191 193 194 198 200 201 202 203 205 206 209 213 214 215 217 222 224 225 226 229 231 233 234 237 241 243 244 247 249 254 257 259 261 268 272 273 276 278 282 283 287 292 293 295 297 298 301 307 309 318 321 323 324 325 327 329 330 334 336 337 339 341 344 349 350 351 352 353 357 358 361 366 367 368 369 370 373 378 380 383 384 388 390 393 399 412 413 414 415 416 419 421 423 425 426 435 436 437 441 444 445 446 448 450 451 
6 155 157 161 185 186 196 213 222 225 248 286 303 320 324 329 330 331 332 343 348 369 371 380 393 403 407 440 447 451 452 
192 250 384 
188 1 166 167 173 175 205 211 216 220 229 241 247 248 255 258 263 267 270 271 275 278 299 309 313 316 318 320 321 322 334 336 351 355 357 362 363 378 384 390 396 407 414 419 421 430 432 435 444 448 
259 153 154 158 162 163 165 170 175 179 180 185 189 195 200 204 212 213 214 215 216 220 221 223 226 229 232 233 234 236 238 239 240 242 247 248 249 250 259 260 262 264 265 266 270 271 272 273 276 279 282 285 286 287 290 291 292 295 299 300 304 306 307 310 313 319 320 321 323 324 325 326 328 331 335 337 341 343 344 345 347 351 352 354 355 356 357 359 366 369 375 380 382 384 386 387 392 394 396 398 400 402 403 405 407 408 409 410 412 414 415 417 418 421 427 434 437 441 443 444 450 452 453 
59 153 155 157 159 162 166 168 176 178 181 191 192 196 207 209 210 211 221 226 228 239 240 241 242 246 249 250 254 257 261 271 272 277 283 284 299 302 304 308 315 317 318 319 320 327 332 336 339 341 358 360 361 363 364 365 373 375 376 380 386 393 397 401 402 406 410 412 416 422 425 426 430 433 434 436 442 444 453 
185 154 169 170 171 173 174 176 177 187 196 203 207 210 215 226 229 236 245 249 250 258 261 263 273 282 306 314 316 323 325 326 327 335 336 342 343 349 356 362 370 371 379 382 383 394 396 402 421 428 433 436 437 441 445 449 453 
273 155 159 163 165 166 167 169 171 175 180 182 183 185 189 192 195 199 202 204 207 211 213 217 221 224 236 242 243 245 248 251 253 254 257 261 263 265 266 271 272 274 279 282 287 289 293 296 304 305 307 315 318 322 330 332 334 335 339 347 350 353 354 358 359 366 367 369 370 375 376 380 389 390 391 397 400 401 403 405 406 410 413 415 417 424 428 431 434 438 445 448 449 453 
51 157 166 193 276 297 307 309 327 328 374 415 416 417 434 447 453 
281 163 171 185 192 193 209 213 217 222 227 247 253 255 268 270 272 274 275 276 282 284 289 300 305 314 340 347 354 362 363 380 408 413 414 421 425 426 433 434 435 436 438 440 443 447 
72 157 163 181 194 218 225 239 251 261 266 304 333 356 364 405 416 429 
40 1 152 156 157 162 165 166 170 177 183 185 187 216 225 231 235 239 251 254 260 263 266 268 273 276 288 307 310 311 319 328 329 340 343 345 347 357 360 361 368 371 380 382 395 400 403 408 410 414 422 427 434 437 440 449 
142 156 164 172 174 179 188 189 199 222 225 230 231 233 234 236 243 244 248 250 254 265 270 271 274 282 288 291 292 305 306 309 311 318 319 322 326 327 329 331 334 337 340 348 357 359 360 363 384 388 392 394 395 396 401 405 407 418 422 423 437 438 441 444 
154 159 169 172 181 203 205 207 219 242 247 250 272 279 297 299 310 328 339 340 346 350 363 364 377 392 427 433 442 443 450 
3 1 152 153 155 157 166 168 169 177 179 181 185 189 193 194 201 203 206 207 211 213 215 216 217 219 225 228 231 234 238 240 243 246 249 253 257 259 262 275 280 281 288 296 297 302 303 309 311 312 313 315 321 322 331 334 335 346 347 357 359 362 370 373 377 378 379 384 390 391 395 398 407 411 418 421 431 435 441 444 
54 153 161 164 165 169 170 185 195 200 201 218 219 222 227 230 231 236 237 243 246 249 255 259 261 262 263 267 271 283 288 291 302 305 310 313 316 321 332 333 334 349 353 355 356 360 372 376 383 387 391 406 407 414 418 424 431 432 436 437 444 446 
276 1 152 158 159 161 168 169 172 174 177 178 180 189 195 196 197 198 206 210 212 214 217 221 223 227 234 235 236 237 244 245 247 249 250 252 255 257 260 261 264 265 268 272 273 275 276 278 280 281 282 287 290 291 292 296 299 304 305 306 308 309 311 313 315 317 319 321 325 331 332 340 342 343 344 351 352 353 357 358 361 366 368 382 385 387 391 392 393 395 397 401 403 408 409 410 419 426 432 433 437 440 444 445 446 449 450 451 
284 155 159 192 212 242 245 279 308 317 325 336 340 379 390 392 398 415 440 451 453 
296 180 197 205 287 293 327 344 358 394 418 444 452 
112 153 155 156 158 160 166 169 182 184 189 192 194 197 203 212 217 222 228 233 238 241 249 254 258 259 261 262 263 264 266 267 269 272 273 275 284 285 291 294 297 300 301 303 304 305 306 307 309 311 314 317 325 326 327 329 335 340 345 346 347 351 354 357 362 371 375 376 378 380 386 387 389 390 392 394 402 403 404 405 407 408 414 418 419 420 423 425 428 429 436 439 442 443 445 450 451 
55 215 223 330 348 356 398 
177 167 181 244 270 273 284 348 359 435 
124 152 155 156 161 170 171 174 178 181 187 191 194 195 196 199 201 202 203 207 209 211 215 218 220 222 223 227 228 232 233 236 237 238 239 241 242 244 246 248 251 255 256 259 261 264 266 267 270 281 290 291 292 298 299 300 303 304 306 307 308 311 315 318 319 320 321 322 325 327 331 332 333 334 335 338 339 340 342 344 345 347 349 355 358 364 370 371 372 373 374 380 382 385 386 388 389 395 396 397 401 403 405 406 407 412 414 415 416 417 420 421 422 431 434 436 438 442 444 445 450 451 452 
193 155 164 168 171 172 178 179 182 186 191 192 196 202 205 206 211 216 224 227 235 239 241 242 245 248 252 261 267 268 273 275 278 279 283 285 289 290 291 296 297 298 301 302 303 307 309 313 315 323 325 326 327 343 346 349 362 365 367 371 374 376 380 381 383 387 388 396 397 398 401 408 410 413 414 415 417 419 426 430 432 433 437 440 441 442 446 451 453 
32 155 156 158 162 164 165 167 169 175 178 180 185 187 190 196 200 206 207 208 210 211 213 215 219 222 228 230 234 236 237 240 241 244 247 248 249 252 253 257 259 262 263 264 268 272 273 275 278 281 290 293 295 296 300 304 307 308 309 310 311 314 319 320 323 324 326 331 334 335 339 341 342 348 349 350 352 353 354 360 361 366 367 369 370 376 377 378 380 381 382 383 385 386 387 388 389 391 392 396 398 402 403 405 406 409 414 424 426 427 430 431 432 433 434 435 443 446 448 449 453 
169 164 172 180 182 192 204 220 231 232 233 238 253 255 258 261 273 276 279 281 283 293 299 319 322 327 341 349 355 356 357 372 382 383 384 386 394 396 401 414 422 427 434 437 441 445 447 449 451 
218 1 153 154 155 161 163 168 169 171 174 178 196 197 199 200 201 203 205 211 212 215 217 218 221 223 224 227 230 231 232 233 234 236 242 245 246 253 254 261 263 268 269 270 275 277 281 283 288 289 293 297 299 300 301 302 304 307 308 311 318 321 322 324 327 328 330 334 340 341 345 348 353 355 360 362 363 365 369 374 379 380 381 382 384 385 388 392 396 410 416 420 422 424 426 428 429 432 441 442 443 444 447 450 
26 176 188 243 277 304 314 322 331 397 427 
243 1 155 160 161 163 166 167 170 171 172 176 177 179 180 195 208 210 215 216 217 218 222 226 235 237 239 244 246 247 254 257 258 260 262 263 265 266 268 271 274 275 277 278 279 281 282 283 286 296 301 303 307 309 310 313 326 328 334 341 343 344 347 351 352 355 358 360 363 364 371 378 380 381 385 389 405 407 408 409 414 416 428 435 442 447 448 449 451 452 453 
174 191 266 
129 177 184 186 259 331 349 372 378 385 423 
299 154 155 159 166 170 172 173 174 175 177 183 188 189 193 194 197 198 199 200 203 206 207 213 217 219 221 223 225 226 227 228 229 230 236 237 239 240 242 243 245 246 247 250 259 261 265 267 272 281 283 286 290 291 292 293 304 305 306 311 313 314 316 319 320 321 322 324 325 332 339 341 346 348 349 354 355 361 363 365 376 381 383 389 390 395 400 402 405 412 413 415 416 418 422 429 431 433 435 440 443 446 447 448 451 452 
266 1 154 155 162 173 177 178 181 182 184 185 188 198 205 208 213 218 220 224 229 245 247 250 251 253 265 268 275 282 289 290 292 303 305 308 315 323 326 329 331 333 341 346 350 357 365 369 370 378 380 381 382 387 388 392 404 409 410 411 414 419 420 422 428 432 437 443 445 
100 152 156 157 160 161 165 166 170 171 178 179 180 184 191 192 195 198 199 200 201 205 206 210 212 213 216 221 226 229 230 231 232 235 236 238 239 240 242 243 245 246 248 249 253 255 257 261 262 268 272 277 278 283 285 287 289 291 299 302 305 306 309 313 317 324 326 328 334 335 336 338 341 342 343 345 348 349 352 354 359 361 364 366 368 372 375 378 386 394 397 399 404 405 406 407 414 418 428 430 431 432 434 437 443 445 450 451 452 453 
126 154 155 158 160 165 168 169 170 171 173 174 177 178 193 214 229 230 233 236 246 247 260 264 265 267 268 270 271 274 275 279 283 287 296 306 312 315 316 322 324 327 334 335 336 345 347 360 361 363 364 369 375 377 379 387 393 395 403 410 417 426 427 428 433 440 441 443 444 445 451 453 
293 152 156 157 159 160 167 169 174 175 176 177 179 188 190 195 197 201 202 204 205 208 209 210 211 213 215 217 220 221 223 238 239 240 247 248 252 253 255 256 257 258 263 267 274 276 282 286 298 305 309 318 321 326 327 334 335 337 338 344 345 347 348 353 355 356 358 359 364 366 369 375 383 387 391 392 396 397 402 403 406 414 420 426 431 435 442 444 
265 155 164 172 177 179 185 188 197 198 202 205 206 209 216 217 236 243 246 252 254 259 261 264 272 277 282 291 293 301 305 307 309 310 314 315 319 322 329 339 340 342 345 348 350 356 358 360 361 366 367 368 370 374 378 383 385 388 393 395 396 399 404 406 419 421 425 435 437 449 452 453 
104 153 154 158 159 160 162 166 167 168 171 172 173 177 178 180 183 188 192 193 196 199 208 211 212 215 218 220 222 223 228 238 239 241 243 244 245 246 249 250 252 254 255 256 261 263 264 267 268 276 277 280 282 284 288 301 302 303 305 306 307 310 313 314 317 322 324 325 326 327 328 333 334 343 345 346 347 348 350 359 361 362 366 367 369 371 373 374 376 380 382 384 387 388 390 392 395 398 404 408 412 420 421 423 428 431 432 436 438 441 446 447 448 451 
22 1 154 164 175 177 180 186 191 194 201 203 209 213 215 217 218 221 233 235 244 256 259 266 269 279 283 290 302 313 320 331 332 336 337 338 344 348 349 350 353 358 360 378 383 386 389 400 403 409 423 426 430 435 438 440 450 453 
63 153 157 165 167 168 169 177 178 179 182 183 188 193 199 205 206 208 215 223 227 229 232 236 237 241 250 258 260 262 267 272 274 275 276 280 286 289 291 296 297 299 300 301 302 306 314 317 320 326 329 338 340 344 350 355 356 357 358 372 376 381 386 388 389 397 401 402 403 418 427 430 433 434 445 
147 1 156 157 159 163 165 168 173 175 177 179 180 181 182 183 184 185 186 188 193 194 195 198 200 202 208 210 214 222 223 224 225 226 228 231 234 236 243 248 251 252 254 261 262 266 271 273 274 278 282 284 285 287 289 293 296 297 299 300 304 305 306 307 311 312 314 315 319 320 322 327 328 329 331 332 337 338 346 348 349 353 354 358 359 360 361 363 370 372 373 376 380 381 382 383 384 386 390 394 395 399 404 407 411 414 415 417 418 422 424 425 435 442 446 448 449 451 
198 153 154 160 163 165 171 175 176 177 182 188 195 199 201 202 203 206 211 213 214 217 225 233 238 240 241 242 248 250 252 255 257 258 259 260 269 270 284 286 290 294 307 312 315 316 317 318 319 322 326 327 334 338 351 352 359 361 364 372 376 378 385 392 396 406 422 425 426 429 433 437 444 450 
123 1 152 153 158 160 161 162 165 167 168 171 178 180 181 187 188 189 193 200 201 204 208 209 210 220 221 222 225 227 229 232 234 235 238 239 243 248 250 251 260 263 268 275 277 278 279 289 290 291 294 300 301 302 303 306 307 310 311 315 317 322 323 327 328 331 332 334 335 339 344 348 351 354 361 369 370 373 374 375 377 379 380 389 392 395 396 398 400 401 403 406 408 411 412 413 414 415 417 419 420 421 423 424 425 428 430 439 440 441 442 444 447 449 451 452 453 
284 170 176 187 188 192 203 207 216 218 240 243 244 250 257 271 274 278 289 294 299 318 337 339 363 379 380 387 389 392 399 400 405 408 422 439 447 450 452 
97 172 189 220 221 257 258 259 273 295 312 314 322 340 358 372 388 408 424 445 
163 154 155 161 163 165 166 167 170 177 183 187 189 204 206 208 212 222 236 241 243 244 250 258 262 282 294 295 299 300 315 318 319 320 321 325 326 327 329 331 332 333 336 339 343 350 351 357 358 361 369 371 373 374 376 377 384 386 390 394 397 400 405 407 410 414 421 426 427 435 439 441 445 450 
294 172 175 219 238 245 299 338 353 359 373 374 399 425 
179 160 180 199 203 213 218 223 240 244 251 254 260 279 284 293 298 306 309 310 311 319 334 339 340 372 379 381 383 394 396 403 411 412 414 417 420 424 438 447 450 
119 154 155 156 157 166 167 184 191 211 213 219 228 232 234 240 243 284 297 299 302 323 353 357 374 377 381 382 385 406 409 414 432 435 439 440 443 
241 1 158 161 163 164 165 166 172 181 182 183 185 189 190 191 194 195 196 198 199 207 208 209 210 211 212 214 217 219 225 226 229 233 240 242 243 246 248 250 251 254 262 264 268 278 282 284 286 287 288 289 291 292 299 303 305 306 312 315 316 319 321 322 325 327 329 330 331 333 334 340 342 344 345 347 350 355 356 365 370 372 375 381 382 383 385 388 390 391 394 396 397 398 402 403 406 408 409 411 417 420 424 427 428 429 434 435 437 438 439 445 449 450 451 452 
133 192 210 229 250 254 293 312 333 342 344 350 362 371 379 432 442 450 
108 155 157 165 168 170 173 174 178 185 186 189 193 196 199 202 205 206 207 209 214 220 238 240 241 247 251 252 254 259 261 265 266 271 280 301 314 318 325 326 328 330 331 335 339 340 345 354 355 356 359 361 367 374 380 386 389 391 395 405 406 413 416 417 419 425 427 428 443 447 449 453 
293 155 159 160 167 168 171 179 185 186 188 194 202 214 215 223 231 232 233 235 239 240 241 242 244 248 250 266 267 268 278 287 293 294 295 300 302 303 304 309 310 312 314 316 317 322 323 327 330 331 332 333 335 336 337 341 345 346 357 362 366 368 376 379 390 401 404 407 415 423 427 431 435 436 437 438 444 448 450 452 
286 162 164 168 170 171 174 184 191 195 196 197 198 200 204 205 207 209 221 225 236 242 252 256 268 275 283 284 288 293 304 305 321 325 329 355 361 366 369 376 379 382 388 391 395 400 412 425 428 437 439 440 441 444 450 
12 153 154 155 159 162 163 165 167 168 173 176 177 183 184 185 188 189 193 196 198 199 201 202 206 208 211 212 216 218 219 221 222 225 226 228 234 238 239 240 243 244 245 246 249 251 252 253 259 262 267 268 269 271 280 294 296 303 305 306 308 312 315 316 317 323 327 328 331 333 334 335 341 343 344 345 346 347 350 351 357 361 363 365 369 370 371 374 378 384 391 392 394 396 398 401 402 403 406 407 417 423 427 429 431 432 433 434 435 437 443 444 448 452 
235 153 163 165 166 179 180 185 186 191 207 213 216 219 224 227 232 233 235 241 247 250 256 262 269 273 278 279 287 298 303 308 316 319 325 330 336 337 339 342 345 348 353 354 359 369 373 375 376 377 384 389 392 399 401 412 418 419 421 422 423 424 425 426 438 439 443 444 447 453 
71 159 169 196 224 268 281 339 341 380 386 
18 217 276 317 333 336 353 355 436 442 
87 1 158 159 169 173 192 194 197 209 217 236 239 245 270 284 294 296 298 306 315 322 358 359 364 365 385 395 404 438 453 
250 1 152 157 160 162 163 166 169 173 181 183 188 190 191 197 203 204 206 207 208 218 221 222 226 231 233 236 237 239 241 242 245 249 250 252 261 263 264 265 266 267 272 274 275 278 279 281 283 285 289 300 306 308 314 317 319 322 323 324 327 328 334 337 338 340 341 342 344 347 351 352 354 355 358 359 364 365 368 370 371 373 374 377 381 384 385 386 387 388 390 391 397 400 402 405 406 407 410 411 414 415 416 419 427 428 429 430 431 433 436 437 439 440 445 448 452 
22 159 215 238 249 273 350 
16 1 156 158 166 167 171 187 196 197 199 215 217 218 234 236 239 253 268 275 286 296 297 298 303 306 307 316 320 327 328 329 332 339 344 351 353 360 376 379 382 384 388 393 397 401 404 408 418 419 435 440 450 452 
111 155 192 198 206 212 217 251 254 257 265 275 280 282 283 296 298 303 319 320 329 354 357 373 374 378 392 401 402 408 409 435 439 445 
235 1 158 162 165 168 174 177 180 189 190 194 203 204 210 214 216 224 225 227 228 230 234 235 239 240 249 250 251 266 270 271 281 282 295 296 304 308 312 314 316 320 323 326 329 334 340 344 349 350 352 355 358 359 360 363 370 375 378 382 385 387 388 390 392 403 404 407 411 422 423 426 432 435 445 448 452 
245 1 152 156 157 160 161 167 169 170 171 174 175 178 179 180 184 187 188 189 190 192 193 196 197 201 204 206 208 213 215 216 217 218 226 229 239 242 243 244 247 248 251 252 257 258 261 262 270 271 277 280 292 295 297 298 299 300 301 302 303 304 308 309 312 316 317 322 325 328 331 336 337 343 344 346 348 350 353 354 355 357 363 365 368 376 377 378 381 384 390 391 394 395 400 401 402 404 405 408 412 414 417 418 421 424 425 427 430 434 437 438 442 444 445 449 450 451 452 
288 157 158 164 166 167 168 169 171 173 181 183 186 187 189 192 193 195 198 200 206 210 216 219 220 221 222 225 233 237 241 244 245 246 247 248 250 251 252 253 260 268 273 274 275 280 288 296 300 303 304 307 309 311 313 316 319 322 325 326 329 332 333 335 336 338 339 343 349 351 355 358 359 364 365 366 367 371 373 376 380 381 384 387 389 391 392 397 404 406 409 411 415 416 421 422 423 425 428 429 432 433 443 444 445 448 449 452 453 
77 1 156 157 167 170 174 179 180 181 182 190 199 203 205 236 240 253 262 272 278 289 309 315 356 371 398 413 414 419 422 431 436 440 451 
262 153 157 169 172 180 183 193 197 211 212 213 216 217 220 231 233 239 243 247 255 261 264 265 266 268 274 279 280 291 295 300 307 327 328 330 332 343 344 350 351 352 353 354 355 357 359 360 362 370 382 385 387 391 397 402 405 408 410 412 413 414 430 436 450 
18 164 171 178 195 201 220 221 223 225 227 233 249 263 282 292 298 303 305 313 319 327 331 333 337 348 350 364 381 390 396 405 407 421 441 445 
196 155 157 161 166 167 168 171 172 173 175 191 199 201 206 217 220 221 225 227 232 241 245 254 256 259 260 266 270 273 280 283 291 293 297 301 304 305 308 311 320 321 334 335 336 337 343 345 348 350 354 355 356 373 376 377 378 383 385 387 395 397 402 403 410 414 423 424 429 430 432 433 434 441 445 446 
99 156 157 158 162 163 165 169 170 174 175 176 181 184 189 191 192 195 196 207 209 210 215 220 227 230 233 235 242 248 251 252 253 260 262 273 281 282 286 292 296 306 309 310 312 316 319 322 323 324 327 329 332 336 341 344 352 354 355 359 361 362 365 370 372 374 379 383 384 385 389 391 394 396 399 401 411 418 419 420 423 427 428 431 437 438 439 440 443 447 448 449 
9 157 158 162 165 171 175 179 192 194 196 199 200 204 213 226 233 234 240 250 261 265 266 267 270 274 276 277 280 282 288 289 303 311 315 324 325 326 327 328 349 354 356 357 360 363 366 370 373 377 388 390 400 406 412 413 414 417 421 422 424 425 426 429 445 448 450 
188 168 189 197 198 203 206 227 234 239 242 243 250 255 258 260 265 266 267 270 271 273 275 282 283 291 310 331 333 341 349 361 383 397 402 406 424 431 438 446 447 
81 154 162 166 178 189 191 199 200 201 203 204 215 231 232 234 239 247 251 259 262 272 275 288 293 296 299 301 310 314 316 321 341 344 351 354 358 364 366 370 386 397 421 428 429 432 434 436 440 442 
256 156 157 162 167 171 174 178 180 181 186 187 188 189 190 191 195 196 198 203 206 210 214 226 227 230 231 232 234 238 239 240 241 243 245 246 253 254 258 259 261 265 268 270 271 272 273 274 277 278 279 282 283 285 291 293 294 296 303 308 310 316 322 323 324 329 333 335 336 337 338 339 342 344 346 347 348 354 357 360 363 364 367 371 375 376 377 378 379 383 384 385 387 388 390 391 393 395 398 400 404 406 408 413 418 419 425 426 429 434 435 437 438 441 443 444 445 447 448 452 
260 153 154 160 162 163 165 166 177 178 188 189 194 197 202 209 213 217 227 230 232 235 238 242 243 244 247 249 251 260 261 263 265 267 278 279 281 286 289 291 293 298 300 303 304 305 311 313 321 328 331 332 337 344 349 357 358 359 360 372 373 379 382 387 394 401 403 405 406 410 414 417 421 424 428 439 448 451 
1 248 372 
150 154 155 156 159 161 166 170 171 184 185 187 191 194 196 198 200 201 203 205 206 212 215 220 221 226 230 232 235 243 245 248 249 255 256 261 267 274 276 281 283 284 288 290 291 297 303 310 317 321 326 334 339 340 342 345 346 352 356 362 364 365 371 375 384 389 390 391 395 396 400 402 403 405 413 414 428 432 434 442 444 449 451 452 453 
111 152 
193 154 158 160 162 163 174 176 177 179 185 187 194 195 196 197 199 203 204 205 209 211 212 215 216 219 223 225 234 238 240 242 243 245 246 259 260 265 266 268 271 273 275 276 278 279 287 289 290 294 297 299 302 303 304 305 308 312 315 316 318 319 322 324 326 329 334 343 346 349 352 353 359 368 374 375 379 381 382 383 385 392 395 396 397 399 400 401 402 403 404 408 416 417 418 419 420 422 424 425 427 430 434 436 440 441 443 444 449 452 453 
269 1 154 155 156 160 163 165 170 173 174 176 178 183 184 187 188 194 197 205 210 216 217 219 225 226 228 230 232 233 234 236 238 239 241 243 248 249 255 263 264 265 276 277 278 281 285 286 288 290 291 295 297 298 299 304 306 309 312 315 316 322 323 327 330 333 335 339 344 345 346 351 352 353 354 356 357 358 361 362 364 365 368 369 372 379 380 387 394 400 402 412 413 416 417 419 423 425 426 427 429 431 432 435 450 452 453 
85 1 153 154 156 159 160 163 166 168 172 173 175 178 179 183 189 190 191 195 198 201 202 203 205 207 209 215 218 219 221 222 224 227 228 229 230 235 237 242 243 245 246 251 252 256 258 260 266 268 270 272 274 278 280 281 283 287 288 291 293 295 296 297 298 299 300 302 303 304 307 312 315 318 319 320 322 325 326 327 333 334 338 341 342 347 348 349 350 352 356 366 369 372 376 377 379 382 386 387 390 393 398 401 405 406 410 415 417 418 419 422 424 426 435 437 440 444 445 448 
48 1 251 259 266 269 328 354 417 452 
69 155 160 167 173 177 182 193 217 220 235 247 265 269 286 296 304 306 344 349 364 382 387 404 412 415 
18 167 171 172 176 177 179 182 186 192 194 195 197 202 203 204 207 216 218 225 227 228 232 234 237 238 240 243 244 253 254 255 256 257 261 262 269 272 273 275 285 292 298 301 305 313 315 323 324 331 332 335 337 339 341 356 357 359 369 370 382 383 384 391 393 394 398 399 405 409 411 419 421 425 430 438 443 444 448 453 
297 157 158 160 163 165 166 168 176 177 180 185 194 196 198 202 204 209 217 218 220 229 231 236 239 252 259 263 264 265 268 274 275 276 277 280 281 283 284 291 300 304 306 310 311 312 314 315 317 319 321 327 334 345 346 348 349 351 353 356 360 361 362 365 372 373 377 380 381 384 385 387 402 406 420 422 430 435 438 443 445 448 450 451 453 
153 1 153 154 170 171 175 176 178 188 190 193 200 209 225 230 232 234 237 240 241 244 248 251 252 255 260 266 267 274 277 282 284 298 300 306 311 315 317 323 330 336 342 344 348 352 353 355 366 367 396 397 402 403 406 408 412 414 415 423 432 434 439 443 452 
283 155 164 165 170 175 176 181 184 188 194 195 203 206 208 212 214 218 222 226 227 231 232 234 238 239 240 241 242 243 244 245 249 253 255 256 260 261 263 265 274 275 278 279 280 286 288 290 296 298 303 306 308 311 313 321 323 326 331 333 334 338 340 341 347 348 349 350 351 352 354 357 360 361 364 366 368 369 378 382 385 390 391 392 400 402 404 405 406 409 410 415 416 424 425 428 432 440 442 450 453 
148 166 168 179 184 202 207 211 217 241 244 250 255 262 268 276 284 291 292 293 295 296 301 310 323 335 337 343 346 375 388 396 404 412 413 416 423 424 429 431 440 444 446 447 
206 158 170 173 190 216 231 235 254 256 276 290 296 297 300 302 314 316 320 322 328 343 347 349 374 387 396 409 419 424 430 433 441 
221 159 160 164 167 169 181 182 190 203 207 221 234 240 243 246 251 260 261 265 271 273 277 282 283 285 287 299 301 312 314 331 342 346 353 362 364 365 366 373 378 382 383 391 394 403 411 414 422 423 434 436 441 
124 152 154 155 157 163 165 166 167 176 177 179 182 187 190 195 197 200 201 209 218 222 225 232 235 242 243 249 250 256 258 259 260 262 267 269 271 277 280 283 284 287 288 291 296 301 310 311 313 318 321 338 339 344 350 359 365 370 378 380 382 385 388 404 405 406 412 425 426 428 438 439 442 444 447 451 
73 160 170 178 179 185 211 221 230 231 244 249 250 262 267 270 272 279 283 285 287 289 291 298 299 302 303 307 312 329 330 334 335 337 338 339 343 347 361 363 373 375 376 377 378 387 390 402 407 409 417 418 420 432 434 436 437 
203 1 153 158 159 163 166 168 170 175 176 182 186 200 201 208 216 222 225 227 237 238 243 250 262 263 272 277 285 297 298 305 306 307 309 312 322 323 325 330 337 346 347 351 352 355 357 361 362 368 372 376 380 381 383 389 390 392 394 399 403 405 406 407 415 417 418 425 426 428 430 438 439 440 
191 167 193 212 218 224 226 233 245 256 259 271 287 307 330 363 378 409 413 425 439 453 
110 152 159 163 168 170 173 177 184 192 198 199 204 206 211 230 242 246 249 250 254 255 258 262 265 270 272 281 282 287 289 297 301 307 323 334 335 343 352 354 359 361 366 367 370 373 384 391 411 416 421 430 451 
81 157 170 191 216 219 226 235 244 245 292 295 304 313 327 334 335 349 354 386 405 406 418 
132 1 158 159 165 166 172 176 186 193 198 209 212 236 237 238 250 253 262 269 281 302 331 344 346 350 351 366 378 381 383 387 398 408 409 414 415 416 417 441 
233 175 201 206 295 338 374 
186 167 176 183 185 188 191 192 197 199 202 204 207 208 218 224 225 227 228 234 236 266 267 275 278 303 304 306 312 313 314 318 327 331 340 344 345 347 368 385 391 397 426 430 435 448 
282 153 159 160 161 165 173 177 181 183 188 189 193 195 208 210 211 217 220 221 226 227 234 236 238 239 241 242 243 245 253 268 270 273 281 282 283 284 285 288 289 300 302 306 311 312 314 316 319 320 325 327 334 336 341 346 350 352 353 357 359 362 371 374 375 382 385 387 389 396 397 398 401 412 421 422 423 424 427 436 438 441 443 444 450 
122 153 157 158 160 162 167 170 173 175 177 181 182 183 184 186 189 191 194 196 199 203 207 208 213 217 220 234 240 253 255 264 266 268 269 275 281 282 286 289 290 293 294 302 303 312 314 315 316 323 325 326 334 335 336 338 341 343 344 349 350 354 355 356 360 363 369 373 385 386 391 393 395 400 404 406 407 410 415 417 419 424 440 446 
144 300 318 
163 1 152 154 155 156 161 162 165 166 168 171 176 177 180 181 185 186 189 192 196 197 198 205 209 210 214 215 217 218 220 223 224 228 231 236 237 239 244 245 251 253 255 257 258 259 260 262 263 264 266 269 270 274 275 284 285 286 295 299 302 303 304 309 311 313 316 317 320 323 326 334 340 342 346 348 351 354 356 357 358 361 366 367 373 375 377 378 383 387 391 393 399 404 412 416 417 419 424 427 430 432 434 435 437 442 447 449 450 453 
290 152 182 185 188 190 198 203 208 209 210 215 228 238 248 249 250 257 258 275 279 281 293 300 316 318 322 323 327 334 342 347 351 360 361 368 370 374 375 379 388 390 393 400 407 408 421 429 440 441 443 444 
51 1 152 153 154 155 161 174 175 178 179 183 226 231 232 238 241 248 259 260 267 272 275 290 294 295 296 301 303 311 322 323 327 329 331 333 335 352 354 356 362 373 375 378 381 382 392 393 396 398 399 402 410 411 415 417 418 422 433 445 452 453 
167 153 168 171 175 177 180 184 185 189 196 197 198 200 201 202 204 206 208 209 212 214 217 220 226 227 231 233 238 242 246 253 255 256 257 261 268 270 271 274 276 277 278 280 282 285 286 288 289 290 292 293 302 307 308 311 314 321 322 325 327 330 331 335 336 340 343 344 346 350 352 353 356 357 358 363 364 365 366 373 374 375 376 379 381 382 384 386 390 391 393 397 405 406 407 409 414 416 420 421 422 429 439 441 444 445 447 450 452 453 
242 1 153 155 156 157 158 159 160 163 166 169 171 172 173 177 188 190 197 198 199 202 203 210 216 219 223 238 241 244 248 250 251 252 254 255 262 263 265 269 271 273 280 285 292 293 296 298 300 309 310 313 314 320 322 324 325 329 333 334 337 338 343 351 353 355 356 360 362 365 380 381 384 388 390 393 394 395 402 406 408 412 416 418 420 425 427 428 432 433 438 439 440 441 442 443 
232 156 158 161 164 167 172 173 174 177 182 184 190 192 196 197 199 201 202 210 211 213 220 222 223 233 234 235 236 238 246 248 249 252 253 256 262 263 277 284 288 290 301 304 305 307 310 311 312 313 316 317 318 319 320 322 323 324 325 327 328 329 330 339 341 342 343 345 350 357 358 359 364 368 373 376 381 389 390 395 396 400 401 404 407 411 414 416 418 421 423 424 427 432 433 439 442 443 447 
36 1 153 162 163 168 186 191 192 195 197 201 202 204 205 213 225 231 232 242 246 252 255 258 260 261 270 271 272 275 277 282 283 291 298 310 318 321 322 324 326 327 328 331 334 336 338 339 346 369 389 393 398 404 414 429 430 440 449 
231 158 185 220 235 268 275 294 308 314 319 331 339 352 372 373 395 427 432 442 452 
89 163 185 195 210 213 215 221 233 238 239 240 253 255 259 276 277 308 318 320 328 333 335 339 341 348 365 372 375 379 388 389 394 415 422 425 441 442 444 446 
61 1 152 156 163 167 171 172 177 180 186 187 191 194 197 205 208 213 218 223 226 227 228 232 234 236 238 245 248 249 250 256 259 260 263 270 272 285 287 288 289 290 295 306 308 314 319 320 328 331 332 333 340 341 342 350 352 360 361 369 377 389 396 402 407 410 412 414 423 428 429 431 433 434 436 441 
165 218 228 231 260 284 289 296 333 365 368 396 405 421 
206 162 211 220 258 268 320 374 391 402 
27 159 166 177 185 190 194 197 202 216 221 224 227 228 236 248 251 253 261 278 281 289 302 312 315 345 346 349 352 354 356 357 362 371 388 396 419 422 426 431 433 438 442 445 451 
5 168 206 212 270 303 325 339 372 381 389 392 425 439 440 446 447 
219 176 183 198 205 224 291 297 316 328 361 402 425 
281 1 161 166 167 175 176 184 202 204 213 216 222 228 230 236 237 238 243 246 249 253 260 275 279 280 282 286 290 291 294 298 306 308 315 330 331 341 342 344 355 361 363 367 375 377 378 381 391 400 405 415 424 427 428 432 434 444 
142 160 163 166 168 173 175 180 184 186 189 192 194 197 200 208 213 214 224 226 230 233 237 249 251 252 265 267 268 270 275 281 285 290 291 293 294 295 300 306 307 308 310 312 313 314 318 326 329 336 338 341 343 346 349 350 353 357 362 369 374 375 377 379 380 381 388 393 395 397 398 404 413 416 417 419 422 427 430 433 434 440 447 448 451 
141 204 241 262 298 305 360 
139 241 351 426 
71 176 217 227 254 271 301 304 347 414 
83 163 172 173 186 192 195 198 200 206 212 214 216 217 219 234 238 241 249 255 257 258 260 272 278 279 283 289 290 291 294 295 296 297 298 313 314 315 316 324 326 328 335 336 340 358 373 378 382 384 395 397 412 419 420 432 433 443 445 446 451 
273 153 160 163 166 168 176 178 180 184 194 200 204 211 212 222 229 234 238 240 244 249 267 271 275 276 277 282 289 313 315 326 331 333 334 346 372 376 377 381 382 393 405 411 412 415 417 423 428 429 446 447 
111 157 158 164 169 173 180 182 184 193 194 195 200 203 206 210 213 215 217 219 223 224 226 233 234 235 240 241 245 246 247 258 260 261 263 267 268 270 273 274 277 278 280 281 284 286 291 292 296 297 298 304 305 309 310 317 318 324 328 330 331 333 343 344 345 347 348 351 356 357 358 360 363 364 367 369 370 376 377 379 380 381 386 388 389 397 400 406 407 408 410 416 426 430 431 433 439 442 443 446 448 451 
212 153 154 158 162 163 169 170 172 174 179 181 182 191 192 199 201 203 204 210 219 220 221 225 226 230 231 232 233 241 242 243 246 247 248 250 254 257 268 269 271 273 274 276 277 283 286 290 299 300 301 305 310 311 312 316 318 319 325 327 329 335 338 343 344 346 350 351 353 354 356 357 363 364 370 371 378 380 383 386 390 391 396 397 400 401 402 403 404 405 406 408 409 412 413 414 418 419 421 422 424 428 429 432 435 439 441 442 444 445 449 451 452 
29 160 165 167 171 174 183 186 187 192 197 211 227 229 234 239 245 247 255 256 257 258 281 286 292 295 306 317 320 343 344 347 361 376 377 389 403 406 408 409 421 422 432 438 440 441 
6 152 178 187 198 210 212 229 271 287 304 325 328 345 353 360 361 362 363 384 390 391 400 409 415 416 417 434 440 443 450 
254 155 159 164 168 173 176 181 185 186 190 193 194 196 199 200 203 204 208 218 221 222 223 228 232 235 240 241 247 248 252 254 260 267 268 269 276 277 280 283 288 290 297 303 308 309 310 315 316 318 326 327 329 330 332 334 341 343 344 346 350 352 363 365 369 370 372 375 377 378 380 383 385 386 387 390 395 400 402 403 405 413 415 418 423 435 438 447 448 
188 152 153 154 155 157 159 160 164 167 169 170 171 176 183 187 188 190 191 192 194 195 198 199 200 205 208 209 210 211 212 214 215 219 223 226 229 233 241 245 246 248 253 254 257 268 272 275 277 278 282 288 293 299 303 305 309 314 316 327 331 332 335 343 344 346 347 348 350 351 354 356 362 366 370 372 375 379 384 385 387 391 393 395 396 398 400 401 403 406 407 412 415 418 423 425 433 434 435 440 442 443 445 446 450 452 
76 1 156 159 160 161 166 172 176 177 178 181 189 194 195 200 201 203 205 207 209 213 217 218 221 222 225 226 232 233 235 237 239 240 242 244 246 249 251 260 261 270 271 272 273 274 280 282 287 288 292 305 310 311 313 314 315 320 322 328 331 332 334 336 340 343 344 346 347 356 360 366 367 371 372 374 377 385 397 400 402 404 407 415 418 419 430 435 439 440 447 449 451 452 
140 161 181 228 233 262 265 272 278 287 290 298 315 326 349 413 426 
113 152 155 161 170 172 174 175 176 177 179 180 188 194 198 199 204 213 217 221 223 228 229 238 239 242 247 248 249 251 256 257 260 261 269 272 274 276 280 281 284 288 290 295 302 304 306 308 312 315 318 319 320 323 326 327 328 329 330 332 333 335 343 344 347 349 350 357 358 362 363 367 374 376 380 387 389 396 397 400 410 414 415 421 430 433 437 448 453 
240 157 195 199 200 216 217 227 232 234 250 252 255 263 280 294 310 322 323 346 368 369 378 382 385 391 397 403 453 
58 155 190 231 244 249 298 378 396 451 
75 161 169 178 180 186 189 191 195 197 198 205 218 226 231 244 246 249 263 266 272 273 276 287 289 292 298 300 308 312 316 319 322 325 338 349 350 356 362 371 374 389 402 403 420 432 435 440 452 
228 161 192 197 198 207 241 248 260 262 268 271 280 307 311 319 329 334 352 353 363 367 369 377 383 391 407 422 426 432 433 436 443 447 
108 153 166 173 174 191 199 205 219 226 229 237 244 245 248 252 254 265 271 277 279 280 282 283 289 290 298 299 318 328 331 337 342 347 361 362 363 366 379 380 406 423 425 429 430 436 438 446 448 449 
281 155 162 164 165 177 179 181 185 188 192 197 200 208 210 211 212 216 219 221 229 230 232 233 235 236 237 239 241 243 245 246 249 250 251 254 255 256 259 260 261 262 266 269 272 275 276 280 281 285 287 289 297 303 305 306 314 315 316 320 322 325 327 328 335 340 350 351 353 362 365 369 370 377 382 383 387 388 390 392 396 401 403 404 406 409 412 413 419 423 424 428 434 435 436 441 442 443 444 446 449 450 451 
47 236 329 427 
21 152 153 154 156 158 162 166 171 175 176 177 188 195 197 200 201 203 208 213 217 224 225 228 229 231 232 233 236 241 244 247 249 253 256 257 262 267 268 280 286 289 291 294 301 302 305 308 316 317 325 338 339 346 348 352 360 361 363 369 373 375 377 379 380 390 391 393 396 399 400 403 407 409 411 414 415 419 421 423 424 428 434 436 437 441 443 444 449 
38 154 155 167 174 188 191 192 193 198 206 214 217 219 226 231 233 236 237 241 247 254 257 258 259 266 272 274 278 283 284 290 295 296 306 308 319 321 329 330 333 337 344 351 360 370 372 376 384 386 396 404 408 409 411 412 414 420 423 434 435 437 443 450 
19 1 162 164 165 169 171 174 175 182 183 186 188 194 197 198 205 206 207 210 213 214 215 216 221 225 238 239 241 249 253 255 257 258 263 264 267 271 275 276 277 281 286 291 297 298 299 301 302 306 312 313 317 321 322 324 326 328 332 334 336 340 343 344 345 350 354 361 362 365 366 369 376 377 380 382 392 394 395 397 399 400 401 403 406 424 428 429 430 438 440 447 452 
241 152 154 158 166 168 169 173 174 177 179 180 183 186 189 195 196 203 204 208 210 212 217 219 224 227 228 230 231 234 236 237 238 240 243 244 245 248 249 252 260 263 269 270 271 277 278 280 282 298 300 303 305 308 309 310 315 322 323 325 326 327 328 331 338 339 341 342 343 345 348 350 352 353 354 355 356 357 362 364 367 368 371 373 375 376 382 383 384 385 392 397 399 405 411 412 413 417 418 421 423 426 428 430 432 433 435 436 438 439 440 441 442 443 448 449 451 453 
133 1 153 155 161 162 163 167 172 179 180 182 183 187 189 197 205 207 214 228 232 237 239 243 245 249 252 254 255 256 257 258 263 264 269 272 274 275 277 278 280 284 285 288 293 294 298 300 302 306 307 309 311 321 329 330 336 342 346 347 351 355 364 368 387 394 396 397 402 403 405 415 421 423 424 425 430 437 439 445 450 451 
38 159 165 166 168 170 171 172 173 175 177 180 183 189 191 193 198 200 201 214 221 227 228 229 234 240 246 258 262 270 273 282 288 293 296 300 301 302 320 329 336 349 351 378 383 398 400 402 403 405 409 424 434 442 443 444 445 446 
168 157 167 169 170 171 181 185 200 202 226 235 240 245 247 258 265 268 275 281 288 291 304 309 311 316 340 395 398 404 406 407 410 435 436 443 445 
175 173 183 192 193 202 220 228 233 244 245 248 251 253 263 275 295 308 350 352 368 381 394 399 418 437 
61 153 157 158 169 180 182 188 202 209 215 219 222 239 241 243 245 248 260 262 266 267 271 273 275 285 286 288 300 301 304 309 311 322 327 330 339 341 347 348 350 352 353 355 356 368 369 393 402 413 417 419 421 428 432 440 444 446 449 
241 152 164 166 178 180 182 186 194 195 206 210 212 215 219 231 246 263 273 290 311 321 325 339 342 344 352 361 364 371 377 381 385 396 407 417 444 
233 229 236 257 293 301 317 328 388 405 
52 1 153 154 159 161 163 164 165 168 169 170 173 178 179 180 182 184 185 188 189 195 197 201 206 207 211 213 216 217 220 221 223 225 229 230 231 232 238 239 240 242 243 245 248 252 253 254 255 265 269 270 276 283 286 287 291 296 300 303 305 306 308 309 311 315 324 327 329 331 332 333 334 335 338 339 343 345 348 349 352 353 354 357 359 361 364 365 366 370 371 373 376 377 382 387 390 394 397 401 406 409 411 414 416 421 422 423 427 429 433 434 436 440 447 450 
110 161 171 172 180 187 190 191 195 203 205 211 218 223 226 227 230 231 233 238 242 247 251 253 264 268 269 271 274 278 280 282 289 295 298 306 315 316 318 322 327 335 338 340 350 353 354 355 356 358 362 369 373 374 380 385 386 391 395 397 399 404 405 414 417 418 419 430 435 437 439 440 445 447 448 451 
143 1 155 158 164 165 167 169 171 177 179 185 187 190 191 193 206 208 209 218 230 235 236 237 238 239 241 243 244 249 252 256 257 258 260 261 264 267 270 277 283 288 292 294 296 300 301 302 304 313 314 315 316 318 319 320 321 328 329 331 337 338 346 348 350 352 353 355 361 362 365 368 372 375 380 384 385 389 394 397 398 400 401 408 413 414 415 417 419 421 424 425 433 434 435 437 442 445 446 
270 152 155 156 157 158 159 163 166 167 168 170 173 175 177 179 185 186 188 190 191 193 194 196 199 202 210 212 216 219 226 228 230 232 237 240 241 242 244 247 254 255 258 259 263 264 265 266 269 276 279 283 284 286 290 292 295 296 301 302 305 306 309 314 315 316 317 319 320 322 329 334 335 337 340 344 345 351 353 362 363 364 368 372 375 377 384 387 390 391 395 396 399 400 402 406 410 412 413 417 421 422 423 425 426 429 430 434 435 436 437 440 441 445 451 
297 153 161 163 164 165 167 176 179 183 187 189 193 199 202 205 206 207 213 215 217 218 219 222 228 232 238 239 241 242 246 249 251 252 253 266 271 272 279 281 286 288 290 296 299 300 302 303 305 309 311 312 314 317 319 323 324 326 328 329 337 340 341 344 345 346 348 350 351 353 354 355 358 362 364 365 370 372 374 377 380 382 383 384 387 393 398 405 406 407 408 409 411 413 419 420 422 428 430 432 434 435 437 442 447 450 451 
74 153 168 172 176 177 181 186 187 195 204 209 210 216 219 229 244 250 253 254 256 257 259 264 267 282 285 292 294 302 306 310 312 314 331 333 336 337 346 352 356 357 360 366 369 372 386 389 397 402 412 414 433 435 439 446 
181 152 153 155 157 158 159 161 163 165 169 171 176 177 184 185 187 202 203 209 213 215 216 218 224 226 227 231 232 237 242 249 250 252 255 256 261 262 263 264 269 270 274 278 287 290 297 307 308 309 310 315 328 332 334 341 346 347 352 371 372 373 374 377 383 387 390 391 395 397 398 399 400 404 410 415 423 425 426 431 441 442 450 
248 159 160 181 183 202 231 235 242 247 249 278 282 289 296 311 313 339 340 369 374 381 405 414 420 423 424 427 431 
284 152 160 162 167 171 178 183 184 188 190 191 194 195 202 209 210 222 223 225 234 236 241 255 257 273 274 276 277 279 280 286 288 299 304 306 307 309 318 321 322 328 331 333 338 339 340 341 345 346 349 352 353 357 363 367 368 382 389 390 395 396 399 402 410 417 420 422 434 438 446 
10 158 193 198 202 205 211 220 229 231 232 248 254 255 257 260 262 263 269 270 273 276 296 306 307 320 338 340 347 361 363 371 404 411 416 424 426 429 430 435 442 446 
14 217 325 
170 166 178 180 195 204 210 214 217 228 309 314 316 319 328 338 381 386 397 421 434 445 
16 162 163 165 167 178 192 199 208 243 244 262 286 293 305 309 312 335 352 353 360 362 364 402 411 418 419 
3 193 194 206 222 230 231 241 243 250 253 257 272 284 288 303 306 323 328 331 334 339 345 364 365 368 373 392 393 396 398 405 415 432 448 449 
191 153 160 166 172 173 177 178 185 188 189 191 192 196 197 201 207 211 212 214 216 217 220 221 225 228 230 232 235 236 237 240 244 249 250 251 252 254 257 258 259 262 264 268 271 274 279 289 294 295 296 301 304 305 309 312 317 318 322 325 327 329 330 331 338 339 340 341 343 344 350 351 352 357 366 367 369 371 372 375 378 388 392 395 396 399 400 405 407 409 410 417 418 419 425 428 429 430 433 434 436 439 440 444 445 446 447 450 451 452 
279 152 155 166 172 180 181 186 199 210 213 230 238 241 246 248 250 251 255 259 262 264 265 267 294 295 300 304 308 310 312 316 323 328 329 334 335 336 339 345 350 353 354 358 368 369 372 391 397 403 407 409 410 416 428 439 441 447 449 450 451 452 
65 154 161 173 182 200 317 321 359 392 422 438 445 
100 174 244 245 282 328 342 383 415 
298 153 155 161 162 163 164 167 171 172 178 182 190 191 195 196 197 198 202 205 206 215 217 219 225 234 236 237 250 251 258 260 278 279 281 282 283 295 307 318 320 328 336 340 342 344 351 352 356 360 364 365 368 371 372 376 377 380 382 388 392 394 395 396 400 410 415 417 422 434 448 
208 153 154 158 162 173 184 190 194 196 204 210 216 218 221 224 225 228 231 232 235 240 244 247 248 266 281 288 294 295 299 301 311 316 320 326 327 340 343 353 358 374 380 400 402 403 405 406 410 411 416 420 424 425 427 429 432 437 441 442 443 445 
262 157 160 167 169 171 172 179 183 184 189 191 195 199 204 207 215 224 226 233 235 236 237 240 243 268 273 284 288 289 291 298 299 306 318 319 320 331 340 341 354 356 358 362 363 384 385 391 395 401 402 407 408 413 417 418 421 426 430 447 
167 160 163 174 178 199 209 244 274 285 295 307 308 315 319 362 374 410 425 
57 1 152 160 162 174 176 177 184 188 190 199 208 209 210 215 216 219 222 223 228 230 237 238 239 240 243 248 253 254 257 259 260 263 264 265 269 270 271 278 286 289 291 292 294 302 304 305 307 310 311 318 322 324 331 333 334 335 336 341 342 345 347 352 353 357 360 362 363 369 371 372 373 377 378 381 383 384 385 389 390 392 395 401 403 405 410 412 413 414 415 416 419 428 429 434 436 438 441 452 
285 165 174 187 190 192 195 198 199 201 202 209 211 231 238 243 248 263 274 287 288 289 290 292 294 299 300 307 324 325 330 347 354 355 356 370 373 374 383 389 394 399 404 420 424 426 427 436 439 445 447 
144 1 152 155 157 158 159 160 162 164 165 169 170 172 174 175 176 182 185 186 190 191 193 194 207 208 209 210 219 221 222 226 228 229 232 236 242 243 248 249 250 252 253 254 258 262 266 267 268 271 272 273 275 276 286 287 288 290 295 296 299 305 310 312 313 319 320 325 329 332 339 341 344 345 346 347 348 353 354 356 359 360 363 365 368 369 374 376 381 382 383 386 388 389 391 392 393 394 400 403 411 417 418 419 420 423 424 425 426 429 431 432 437 438 444 445 451 
241 152 160 169 179 183 184 195 203 219 229 233 238 242 244 245 250 259 261 277 279 294 311 312 313 314 321 333 341 346 348 350 351 356 363 366 382 387 395 403 407 415 416 433 435 437 443 449 451 
256 1 152 157 160 161 162 163 165 166 167 169 172 178 179 189 195 197 206 207 208 213 214 215 220 223 228 229 243 244 245 249 250 252 254 261 265 267 268 276 279 280 284 285 288 291 292 294 299 300 302 304 305 307 310 314 316 318 319 320 322 325 326 331 337 343 347 348 350 353 368 373 375 382 383 388 395 396 402 412 413 417 424 426 431 432 436 438 445 447 
171 159 162 174 178 193 195 196 254 257 260 266 267 269 276 277 281 284 290 293 295 300 303 304 309 310 311 317 334 356 359 361 370 379 383 385 392 403 405 406 411 414 427 433 441 443 
171 153 154 155 158 160 163 164 169 171 177 181 182 191 196 201 205 211 224 225 229 238 241 245 248 250 259 261 268 271 272 289 295 300 302 304 305 313 314 317 319 323 329 335 340 341 352 355 356 363 366 372 373 378 384 386 393 397 398 401 406 421 422 424 430 437 438 441 449 450 
220 152 159 161 165 171 173 180 185 196 208 215 216 222 224 225 227 235 237 241 249 253 255 259 261 262 271 273 278 279 280 288 289 298 301 304 309 310 311 317 319 321 325 326 327 331 339 343 346 348 349 353 354 360 366 368 377 384 388 396 405 407 418 425 426 427 436 
223 153 156 159 160 165 166 167 175 178 179 180 185 186 187 190 194 197 198 201 207 209 214 218 229 232 238 239 240 241 243 245 248 251 257 258 261 262 276 281 282 283 284 286 291 297 300 304 310 318 320 332 333 337 340 343 344 348 357 359 361 362 363 369 370 371 372 374 377 383 386 388 393 396 397 399 400 402 404 409 428 429 435 437 439 442 444 446 447 450 
55 152 158 159 166 169 172 176 178 187 188 190 191 192 193 202 205 211 212 217 226 228 232 236 237 238 242 244 246 248 250 251 254 255 257 260 261 271 282 285 286 290 293 295 296 297 298 301 308 313 317 318 322 323 324 331 339 341 342 343 344 345 346 349 356 358 360 369 370 371 376 383 384 387 396 399 404 406 410 418 422 423 428 429 430 432 434 435 436 437 438 439 441 442 443 450 
114 155 157 168 179 183 186 191 194 195 197 198 200 201 202 207 209 215 218 225 227 230 232 241 243 246 248 250 252 256 261 262 264 274 276 279 281 284 288 292 293 294 295 301 303 311 315 326 327 333 336 341 343 346 348 354 355 365 366 375 376 377 383 390 393 395 401 409 413 423 426 429 434 435 441 444 
218 153 158 166 178 180 184 187 197 198 202 206 209 211 214 230 234 237 243 245 259 262 266 289 293 295 300 301 304 330 332 339 342 353 358 359 364 366 367 376 381 386 393 394 395 401 408 419 422 426 428 429 431 442 445 
145 255 29 191 132 36 74 98 112 99 178 175 95 229 12 162 114 164 286 134 153 55 195 252 128 108 274 173 198 165 77 47 70 65 209 24 96 189 196 36 234 207 160 9 277 280 100 171 19 114 123 40 79 60 24 144 153 69 12 150 1 293 255 87 261 101 131 155 45 211 224 173 283 262 256 226 56 218 20 159 105 124 247 231 183 2 274 67 285 86 42 262 154 232 28 214 17 169 168 149 278 148 21 44 238 269 130 12 65 252 102 111 140 151 112 66 162 25 240 71 264 166 63 243 240 195 169 11 104 190 86 95 108 13 268 34 134 30 204 158 25 130 194 287 5 181 157 282 138 177 78 253 287 197 133 141 101 58 162 108 99 47 252 133 256 291 202 27 110 221 152 10 134 84 163 159 187 163 242 97 111 124 269 270 35 217 11 71 257 216 36 40 256 224 81 135 219 256 23 156 151 224 107 188 66 22 232 107 298 113 112 30 93 121 11 132 294 143 112 68 45 197 207 59 167 45 284 212 263 59 205 167 244 164 116 91 229 138 61 247 60 155 278 99 21 190 114 275 67 276 124 242 235 94 87 145 280 225 297 15 293 155 182 56 48 223 265 263 266 60 192 149 175 53 231 51 86 139 163 28 53 23 198 50 5 106 46 259 255 194 114 145 256 78 226 83 69 1 55 94 114 63 33 225 43 124 201 167 114 232 113 253 26 137 49 195 221 282 153 27 201 299 257 233 184 66 47 24 262 279 79 121 190 245 73 251 273 189 132 236 251 121 22 251 285 116 65 99 185 58 42 264 23 55 289 145 161 36 269 70 135 154 123 73 89 117 146 133 102 130 48 115 37 120 133 153 133 48 92 54 30 90 16 254 185 181 91 101 104 266 208 220 268 17 29 132 139 297 41 159 292 114 19 186 232 170 290 290 265 180 53 31 199 276 163 23 260 97 212 246 218 88 75 181 161 169 221 93 258 78 25 235 32 259 184 241 47 280 183 77 98 8 56 113 214 219 92 75 75 294 224 270 19 
