306 459
6 157 178 180 185 188 204 213 226 227 230 254 255 277 278 281 284 292 294 305 311 320 336 342 377 393 412 413 416 435 446 448 
48 154 155 162 164 165 166 173 180 181 184 188 193 196 198 200 205 208 209 215 216 219 222 224 225 227 230 233 235 239 244 245 251 259 261 264 269 272 273 285 286 288 294 298 307 308 309 310 311 320 334 338 341 343 344 346 355 369 371 378 382 386 389 392 393 395 398 400 403 410 411 426 429 446 452 454 
22 155 162 164 168 173 175 182 185 190 215 217 236 237 238 240 242 259 261 262 263 264 266 267 282 283 292 293 294 296 302 303 306 307 314 315 316 318 319 325 331 334 337 339 343 350 354 357 368 369 383 386 388 391 394 397 401 402 404 406 408 409 410 411 418 421 422 426 432 438 439 441 446 450 455 459 
47 174 196 217 254 310 401 436 
185 1 154 155 156 163 168 169 174 175 178 180 181 184 185 187 190 192 193 196 199 200 201 203 205 208 215 220 225 228 232 233 234 236 237 249 251 255 258 259 262 264 266 269 271 272 276 277 280 281 283 285 286 295 296 298 308 309 310 314 319 324 327 331 332 338 343 346 354 356 362 368 374 383 384 385 386 390 393 394 395 396 398 402 406 410 412 413 414 419 420 422 423 424 425 426 433 435 437 438 440 444 446 448 450 452 455 459 
20 156 157 158 160 161 163 165 167 168 173 174 175 177 179 181 182 183 187 189 192 194 196 201 208 210 215 221 225 231 235 236 242 245 249 256 261 263 265 269 272 281 282 283 284 287 290 296 297 299 307 312 317 318 320 323 330 333 338 340 342 347 349 350 356 359 360 365 367 370 371 372 373 374 375 376 377 379 384 386 390 393 394 404 410 411 412 413 415 417 419 426 427 431 434 438 439 442 445 446 447 448 449 451 452 455 457 458 
43 1 155 157 163 170 173 175 176 182 186 188 191 195 196 197 200 202 205 207 208 209 210 211 213 214 218 219 220 221 222 223 226 229 231 232 235 238 239 240 241 245 246 257 259 260 263 269 270 271 274 276 281 284 285 287 288 290 291 292 295 297 299 302 304 316 323 324 328 334 335 337 339 340 341 344 346 350 352 354 358 359 361 363 367 368 371 372 373 374 378 386 390 391 407 409 410 411 412 415 416 417 420 425 426 427 431 433 434 435 436 440 442 446 450 451 452 456 
212 156 157 160 162 164 170 171 180 181 191 193 194 205 207 208 213 214 216 217 218 221 225 229 236 238 242 243 245 246 252 253 254 262 264 268 269 280 286 291 294 297 299 301 302 304 306 310 311 315 319 322 323 332 334 342 349 357 358 359 360 362 364 365 372 379 380 382 389 391 401 402 407 412 418 424 429 436 440 446 448 451 455 
182 158 159 160 162 172 173 175 176 179 180 181 183 186 189 193 196 198 203 208 212 221 223 224 229 231 233 241 264 266 269 270 271 274 276 280 283 284 286 294 300 307 308 309 319 321 323 324 342 343 347 352 354 356 357 358 359 368 370 374 375 383 386 388 389 391 393 394 402 404 405 406 407 408 412 417 421 423 425 429 430 435 449 451 455 
11 160 164 165 170 175 183 187 188 190 194 196 198 207 208 217 221 267 268 274 291 297 299 302 310 335 340 353 373 375 376 380 390 395 396 398 399 406 407 409 410 432 434 442 444 451 459 
280 1 157 158 159 170 175 176 177 178 184 185 187 193 195 196 197 200 203 205 211 221 224 225 234 235 236 238 240 241 242 243 250 255 259 260 262 264 269 275 277 283 285 287 289 292 298 301 302 304 308 309 312 313 315 320 326 332 333 341 347 349 351 354 356 357 359 362 364 365 368 373 375 377 379 382 383 388 389 390 395 396 398 400 406 410 411 413 416 418 423 425 431 433 438 444 449 450 451 456 457 458 459 
88 160 167 177 195 208 214 239 242 254 265 317 321 343 353 359 360 383 411 422 424 434 439 440 459 
261 1 154 157 161 162 163 176 180 184 190 191 196 200 203 209 227 228 230 232 235 240 241 244 253 259 261 262 264 267 286 288 293 296 305 307 312 320 328 335 340 341 343 345 347 352 356 363 372 373 380 381 383 384 385 387 393 398 407 410 412 415 421 427 428 432 436 440 445 453 459 
225 157 162 164 165 171 173 177 178 182 186 189 191 193 196 198 201 203 204 207 209 215 218 219 220 222 225 227 228 229 233 235 239 241 242 245 250 251 260 262 265 267 270 271 274 275 280 282 286 287 291 295 296 301 303 306 307 312 314 315 316 317 318 320 322 323 326 330 332 333 339 341 348 349 350 351 355 358 359 365 366 368 373 374 377 383 385 386 389 392 395 403 404 405 406 408 413 420 423 426 429 431 432 437 441 444 445 447 448 449 450 451 457 459 
145 246 301 437 
145 267 317 458 
5 155 158 160 168 173 182 186 187 188 191 192 198 199 207 211 214 225 241 266 271 272 276 279 283 313 321 335 336 350 353 355 358 366 371 378 380 388 390 391 409 410 436 448 455 456 459 
203 1 154 157 160 162 163 164 165 169 176 177 180 181 189 192 195 196 200 204 205 207 209 212 225 226 227 231 234 239 249 250 253 254 260 263 265 267 269 270 272 273 278 279 282 283 285 289 290 291 292 293 295 298 299 301 305 307 312 314 317 318 321 325 326 328 330 335 336 339 343 345 348 349 351 352 356 358 362 363 367 370 371 372 373 376 379 380 381 383 386 387 389 391 402 404 406 409 410 414 419 420 425 426 428 431 432 435 437 439 441 444 450 453 454 455 457 458 
41 155 166 170 175 176 180 185 187 191 197 199 200 201 203 205 208 212 216 217 218 220 223 225 235 240 243 252 258 259 264 265 271 275 276 278 280 281 285 293 297 306 307 311 320 321 322 323 328 330 335 337 346 347 350 354 356 357 359 361 362 363 364 365 371 373 376 378 379 380 383 398 400 403 405 407 408 411 414 418 428 432 433 441 442 443 446 450 457 458 459 
145 154 155 157 170 171 172 174 181 182 184 190 194 195 203 205 207 210 219 222 227 237 239 243 245 247 248 252 253 254 271 274 275 284 285 289 297 299 303 304 311 313 325 330 333 341 362 363 368 369 372 375 377 379 381 382 387 388 392 393 399 401 403 405 406 407 410 411 423 426 427 430 431 443 444 454 
82 155 156 160 161 162 169 170 171 176 178 179 180 184 191 194 196 197 198 201 206 207 208 209 211 215 222 227 229 231 232 243 247 257 258 263 264 266 267 270 273 275 279 285 291 294 296 297 301 305 306 311 315 316 322 326 327 331 332 334 342 343 344 346 347 348 350 354 356 358 359 361 363 364 372 374 375 378 379 381 387 389 390 392 394 395 397 398 401 403 408 412 413 417 427 428 433 434 437 440 443 449 450 452 453 454 455 
230 154 155 157 158 159 160 162 163 164 167 177 181 183 188 190 194 197 200 202 203 204 205 206 208 210 219 222 224 226 227 228 229 231 235 237 244 246 249 252 258 260 261 262 271 272 279 281 286 287 288 289 296 308 310 312 313 315 320 321 324 326 327 334 335 337 339 340 347 350 351 352 354 360 361 363 367 373 375 376 379 382 383 390 392 394 395 400 401 402 403 409 410 412 417 418 419 420 425 426 443 444 452 
73 155 159 162 163 164 166 168 172 174 175 176 179 182 183 189 192 193 195 196 197 201 202 203 208 211 212 214 215 217 221 223 232 235 244 247 250 251 253 255 258 261 266 267 269 270 272 273 274 275 277 283 287 290 291 296 297 298 307 308 309 314 316 317 321 329 331 333 334 335 336 337 338 341 342 344 347 348 349 350 358 359 365 366 367 368 369 373 382 386 393 398 399 403 411 412 417 419 434 437 440 441 442 443 448 450 456 458 
173 163 168 179 186 192 193 194 200 209 219 222 277 282 314 320 323 327 334 344 354 356 357 358 362 377 397 400 402 404 433 
63 1 154 158 164 166 169 170 171 180 187 189 190 192 196 197 198 199 200 202 205 206 208 209 212 216 217 218 219 223 225 227 228 233 234 236 238 244 245 246 249 250 254 261 271 281 282 283 285 293 294 295 296 302 308 320 325 331 334 338 343 347 348 349 351 352 353 359 360 364 365 370 379 380 382 383 386 391 394 397 398 399 403 405 407 409 410 415 419 421 426 429 432 435 441 445 452 
168 154 157 175 180 182 184 189 197 202 207 210 232 233 240 248 252 258 263 264 278 280 284 285 287 298 301 302 306 313 315 318 321 326 328 329 330 334 338 343 347 351 360 367 378 381 383 384 387 398 401 406 422 424 433 435 438 441 444 447 451 452 
181 156 158 167 174 190 202 207 212 215 216 227 229 230 233 237 254 260 266 273 288 294 295 299 303 304 310 314 317 319 320 325 327 328 337 339 352 373 375 377 394 401 409 413 417 420 430 433 450 452 457 458 459 
4 155 156 157 165 166 168 173 178 183 190 193 195 196 214 229 230 231 233 234 240 244 247 249 253 257 262 264 272 296 303 313 321 346 348 352 361 363 382 384 388 389 391 400 405 422 444 451 457 459 
219 158 163 166 175 178 187 191 192 193 194 196 198 201 211 215 218 219 222 240 242 244 247 255 258 266 268 275 276 287 291 306 307 309 310 314 327 332 334 339 345 350 352 353 355 361 363 366 375 376 380 384 388 403 413 414 416 418 422 423 429 432 434 439 440 443 445 447 450 
33 157 179 180 187 199 207 218 253 255 259 264 265 279 281 282 289 309 315 316 321 328 330 337 350 356 357 359 360 363 364 367 380 385 391 405 406 416 420 441 444 446 449 454 457 
67 159 160 173 176 189 202 218 228 241 265 268 271 277 283 286 287 291 292 293 298 309 322 334 339 344 349 359 361 372 377 390 395 397 402 409 412 417 418 425 440 442 459 
102 159 161 179 190 193 194 202 207 217 226 228 239 254 284 296 301 309 310 312 315 327 337 349 351 358 363 373 374 379 382 397 400 405 413 418 426 430 431 443 452 455 456 
62 154 157 159 160 162 163 174 179 185 186 187 188 190 192 197 203 206 207 208 209 212 217 218 219 221 223 224 226 227 233 235 236 239 241 242 243 249 253 258 261 262 263 268 269 272 273 276 278 279 283 288 289 290 296 297 299 300 302 303 305 309 311 315 318 319 321 325 327 329 330 331 341 344 352 354 359 360 361 366 367 369 370 373 376 378 379 389 390 391 394 399 405 406 411 413 415 416 419 420 424 426 428 431 433 436 437 438 440 441 443 444 446 447 448 450 451 454 457 
56 161 166 167 169 171 174 175 176 179 183 184 190 195 197 200 204 205 211 220 222 229 231 232 233 245 251 257 259 261 263 267 269 273 276 286 291 292 300 301 302 304 311 313 321 323 324 326 331 336 338 344 346 349 357 360 361 370 372 373 376 380 382 383 386 391 396 399 400 408 420 427 438 440 452 454 458 
267 154 155 163 165 169 170 171 172 175 185 202 203 205 209 221 226 232 238 244 252 259 264 269 285 286 287 289 296 298 302 303 306 314 319 320 329 335 340 357 362 364 366 373 379 381 383 404 409 417 421 430 433 436 443 445 447 456 
32 1 159 164 167 168 171 172 178 182 185 187 189 191 194 195 198 201 202 203 204 205 206 207 209 210 211 212 218 219 223 224 230 231 234 237 240 242 244 246 248 251 253 254 259 268 269 270 275 276 278 280 282 284 285 287 289 290 292 297 299 301 302 303 309 312 313 314 316 319 323 327 328 332 333 336 340 344 346 348 349 352 355 356 357 360 362 363 368 371 374 375 376 379 383 387 388 389 390 392 395 399 404 408 414 415 419 420 426 427 432 433 436 437 441 444 446 447 451 453 454 456 457 
91 155 161 174 180 187 188 190 194 195 208 226 227 238 240 248 250 253 256 262 268 271 291 295 296 302 305 307 309 326 328 333 349 350 364 367 370 378 384 385 396 403 404 416 417 450 452 454 
250 1 161 164 172 178 180 181 182 185 190 192 194 196 197 201 205 210 215 220 222 238 251 257 267 270 278 286 288 304 309 319 320 323 334 336 337 339 347 354 355 356 361 363 368 381 388 389 390 400 402 413 415 430 433 435 437 443 449 452 453 455 456 457 459 
86 155 157 160 165 167 170 172 176 177 178 185 192 205 211 213 216 219 227 235 238 240 244 245 246 249 254 256 258 260 265 267 273 280 290 292 293 296 297 298 306 312 321 325 330 332 336 339 341 347 352 364 367 371 374 376 379 380 381 389 404 406 411 413 416 432 440 442 446 453 458 459 
85 154 159 161 166 168 182 185 186 198 200 210 211 212 215 217 221 222 228 234 236 237 241 243 246 247 248 249 258 261 262 263 264 270 271 273 274 280 285 290 297 300 307 309 312 314 319 323 329 333 334 336 338 345 348 350 351 352 356 360 363 366 370 372 377 378 379 382 387 388 391 393 396 397 399 404 405 408 421 426 428 429 433 437 439 440 444 455 457 458 
189 158 166 172 183 184 205 208 210 212 214 215 220 222 228 232 236 254 262 269 278 279 280 288 291 292 302 303 304 308 312 316 318 324 326 340 343 345 355 361 373 375 381 382 389 396 400 402 408 418 422 436 437 452 
81 190 202 263 314 367 415 452 
115 209 221 227 231 247 253 296 299 304 310 340 416 421 424 442 
189 157 158 161 183 184 192 195 197 199 217 218 220 231 234 241 248 251 272 275 277 280 282 284 295 297 302 308 312 328 329 333 334 336 340 345 350 355 361 369 371 383 389 397 398 408 411 419 425 426 431 432 434 443 455 
109 1 154 155 156 159 161 163 167 173 174 175 183 184 185 186 187 188 193 197 200 202 206 209 211 212 215 216 217 221 223 224 239 240 244 245 246 248 249 252 253 256 258 261 263 264 265 270 274 275 276 277 282 285 286 290 292 307 313 323 326 329 331 333 334 339 343 347 348 350 354 356 373 376 382 384 386 387 390 392 395 400 405 412 414 415 418 419 421 422 423 424 427 428 430 433 435 436 437 439 441 445 447 450 451 457 459 
27 156 157 159 161 167 169 175 179 184 190 192 193 196 204 205 209 210 213 214 215 218 220 226 229 239 244 246 247 249 250 252 253 258 259 268 271 272 277 278 280 281 282 283 285 294 297 298 299 300 302 303 304 306 308 312 313 314 318 319 322 324 325 330 331 334 335 336 344 345 347 348 349 352 353 361 363 368 370 372 373 374 378 382 385 387 389 390 392 393 397 402 406 408 411 415 417 422 433 434 435 438 439 447 450 451 455 459 
90 154 159 160 162 163 165 169 178 181 183 185 187 188 190 196 198 199 200 206 213 214 219 231 233 235 242 246 250 257 258 259 260 261 265 266 267 271 272 277 290 292 294 299 300 301 310 317 320 323 327 342 353 354 365 373 378 380 388 390 393 395 398 400 403 406 410 413 417 426 431 432 445 449 451 453 457 
273 161 162 163 170 172 173 176 179 181 183 190 191 192 199 205 208 210 219 222 225 228 238 245 248 254 255 257 263 266 275 277 280 281 282 283 285 287 288 289 290 291 300 318 319 321 325 330 331 335 336 340 341 342 343 347 348 355 357 359 365 366 369 371 383 384 386 391 397 398 400 401 404 407 414 415 416 423 425 427 431 432 433 434 435 438 443 449 454 455 457 458 
103 158 160 163 185 187 188 190 196 208 209 214 218 231 234 238 240 259 260 263 270 274 285 290 291 294 301 314 324 330 332 341 361 362 380 399 416 431 433 436 446 448 459 
257 155 169 173 184 186 187 203 209 210 214 215 216 217 221 230 231 245 246 248 252 256 263 264 265 266 269 273 274 280 282 288 290 291 302 304 305 306 311 314 315 320 321 322 331 339 342 358 364 365 366 374 383 388 398 404 411 412 419 424 425 432 444 458 459 
117 156 159 161 163 164 171 183 187 189 190 192 196 200 202 210 211 224 228 230 231 234 235 240 247 248 251 255 258 261 262 264 266 268 269 271 276 278 279 290 292 294 296 298 309 316 328 329 330 333 335 340 343 344 347 349 352 354 359 364 368 369 372 378 380 385 386 387 392 394 397 398 408 409 410 413 416 419 426 429 433 435 437 447 453 
155 1 160 171 172 192 196 232 237 238 261 268 297 310 319 340 341 348 371 380 384 385 414 415 434 444 451 452 455 
35 1 170 172 174 175 185 187 194 206 209 225 234 238 260 262 274 295 306 308 328 335 341 344 347 348 356 376 377 383 393 396 405 413 414 422 426 433 434 447 452 459 
236 161 166 170 174 177 178 179 180 181 184 186 187 188 189 191 192 193 194 198 200 209 212 218 221 226 227 228 229 230 231 245 256 257 260 265 267 273 286 291 293 303 305 310 311 316 317 318 321 333 338 339 345 350 353 357 358 360 361 365 369 373 374 383 384 385 398 401 405 409 412 413 414 417 421 431 433 435 436 438 440 445 446 450 454 455 
239 155 156 157 161 162 165 176 178 179 183 187 188 192 193 194 196 198 204 205 208 209 212 213 218 219 220 224 226 227 230 231 234 236 238 239 248 249 250 251 252 253 260 263 265 268 279 280 282 283 285 288 289 290 291 292 293 296 297 302 305 307 308 310 315 316 318 323 325 326 327 328 332 333 334 337 339 344 345 347 348 349 350 351 355 357 359 361 363 364 365 369 370 371 374 380 383 391 392 393 395 398 400 402 412 414 415 417 418 420 426 427 430 432 433 434 438 440 441 443 444 452 
86 1 160 163 165 166 171 172 173 175 176 177 178 180 192 193 195 200 203 205 206 209 210 213 216 217 218 226 229 232 234 237 238 239 240 241 242 243 244 246 250 251 257 258 260 261 262 268 269 279 280 283 286 289 302 305 306 309 311 312 313 314 320 321 323 326 329 330 333 334 336 337 340 341 344 347 353 354 355 356 358 359 364 367 369 378 382 386 387 389 390 392 398 402 406 408 409 410 412 419 420 425 427 429 431 433 437 444 447 452 459 
36 162 164 165 168 169 175 177 178 179 180 182 183 184 188 195 203 209 213 214 218 220 221 226 228 229 230 233 236 238 240 243 251 253 257 258 265 269 280 281 288 292 293 304 305 306 309 311 312 315 316 317 319 327 331 333 339 340 341 344 346 352 353 358 363 368 371 372 378 381 384 392 397 399 400 403 404 407 412 414 415 417 422 428 432 435 436 437 442 443 446 454 459 
169 1 154 155 157 159 161 162 163 164 168 171 177 180 182 183 187 190 193 194 198 199 200 203 205 206 209 210 218 221 224 227 236 239 240 243 247 255 256 258 260 265 271 273 274 276 280 282 283 285 289 290 291 295 297 302 305 307 308 312 314 315 316 317 318 320 321 323 324 325 334 335 338 340 341 343 349 351 354 355 356 360 361 363 366 367 382 386 387 393 395 396 403 404 407 412 413 414 415 416 418 420 421 423 424 426 428 432 438 440 449 456 459 
55 1 154 159 163 164 167 169 173 176 177 178 182 184 186 191 195 197 208 209 210 213 214 221 223 224 226 227 232 235 236 237 239 240 242 243 244 247 250 254 256 257 260 264 268 270 271 272 275 277 279 281 285 286 288 289 293 294 297 299 302 303 306 307 309 312 319 322 323 324 326 329 331 335 336 337 341 342 343 346 347 348 350 351 352 356 358 362 363 365 367 369 372 375 377 381 387 388 389 391 396 397 399 400 401 402 403 404 409 413 417 420 423 425 426 427 429 432 434 435 436 438 440 450 457 458 459 
135 154 155 162 163 164 166 170 178 180 187 190 197 201 211 221 228 230 234 240 241 243 244 245 247 249 253 259 260 263 272 277 285 293 302 305 309 311 314 317 318 319 323 324 330 333 335 340 341 349 358 373 375 376 377 385 386 390 398 406 417 420 424 437 438 439 444 448 449 451 452 458 
119 175 182 206 217 223 252 258 270 299 308 319 335 345 358 359 365 377 384 408 411 419 427 439 444 
113 159 160 161 162 165 167 171 172 176 184 190 191 193 199 208 214 216 221 231 234 237 238 239 246 255 257 262 268 269 270 273 283 292 294 306 312 313 314 323 325 326 327 328 329 330 331 333 338 348 356 360 363 364 368 370 375 388 389 393 396 400 405 410 413 415 416 417 420 423 424 425 427 432 434 435 438 439 440 441 445 446 454 456 
188 158 163 165 166 167 173 178 183 189 192 194 195 196 201 207 208 211 224 225 228 232 236 237 238 244 247 254 256 259 263 265 273 274 279 281 289 290 292 294 295 297 301 303 304 305 314 317 329 332 333 334 337 340 343 344 347 349 350 351 352 353 354 355 360 363 364 367 368 369 373 375 377 379 384 387 391 397 409 412 414 417 418 421 429 433 437 439 440 442 443 447 450 454 457 458 459 
60 182 189 218 220 256 296 366 398 402 422 
142 163 168 218 263 319 357 384 457 
221 158 161 173 179 180 183 202 204 208 232 235 237 239 252 263 264 273 274 281 282 295 296 304 316 318 333 343 347 350 352 353 356 358 368 369 371 403 405 408 416 419 420 424 425 432 434 438 439 441 443 445 450 456 
201 159 168 171 183 193 206 218 222 229 233 251 258 261 269 289 295 308 310 331 338 346 351 356 369 374 383 384 405 417 426 444 446 447 
167 1 157 164 169 170 173 175 176 187 193 194 196 198 206 209 214 215 222 226 228 231 232 234 235 239 242 245 246 247 250 253 255 258 261 262 265 266 267 268 270 271 272 286 287 290 293 294 299 301 303 305 320 321 323 325 326 329 332 333 336 338 347 348 351 353 359 361 365 369 371 378 382 388 390 400 401 402 403 405 407 408 411 413 423 428 435 436 438 439 441 442 446 451 452 453 454 455 456 459 
124 357 
125 155 158 159 164 167 174 176 178 181 184 187 189 190 191 193 198 206 207 211 214 215 217 220 222 224 230 233 236 246 247 248 253 254 257 258 263 267 271 273 275 278 284 289 291 294 301 302 310 313 314 326 327 328 329 330 331 333 334 335 336 338 341 343 348 349 350 351 352 353 358 361 362 365 366 367 368 369 374 375 381 382 383 385 386 398 399 411 412 413 414 421 422 423 427 431 434 437 441 442 444 451 456 458 
57 1 154 156 157 160 161 162 167 168 177 179 182 185 193 196 198 200 205 208 209 210 211 212 213 220 226 228 229 230 231 232 234 235 239 240 244 245 246 248 251 256 259 260 270 273 276 280 283 286 288 291 292 295 296 301 304 305 308 317 318 322 325 330 334 336 337 339 343 344 346 348 349 351 352 353 359 360 363 364 365 372 373 375 379 380 382 383 385 387 392 396 399 400 403 404 407 410 412 414 415 417 420 421 423 426 428 433 441 446 449 455 457 459 
224 157 160 166 178 181 185 192 196 200 208 212 213 217 222 241 245 251 274 275 291 297 301 302 303 307 321 331 336 340 349 350 358 366 368 372 377 380 388 397 398 401 402 409 411 412 413 417 426 432 433 436 448 450 453 
281 155 162 163 165 168 170 171 178 179 180 182 186 189 190 201 202 227 230 240 245 247 248 249 252 253 254 267 269 271 283 285 290 292 296 303 305 307 308 309 317 318 327 333 343 345 346 347 357 364 366 369 372 379 381 383 386 391 394 401 409 422 426 427 429 430 431 438 449 454 457 458 
158 154 155 159 173 174 177 182 186 190 194 198 217 224 231 254 264 265 266 267 275 276 277 278 285 289 310 317 323 324 335 340 346 369 388 392 394 407 425 427 456 457 
233 169 176 181 184 187 190 192 196 206 207 208 209 216 218 220 244 247 259 260 261 266 271 292 307 320 327 328 336 345 346 348 349 351 355 363 369 375 377 381 394 402 404 415 417 418 428 436 437 438 458 459 
252 160 174 177 179 186 191 192 194 197 209 210 212 220 222 227 229 239 242 243 245 246 248 251 259 260 264 267 268 273 275 277 278 284 290 291 294 302 307 309 310 313 314 315 316 317 321 325 326 328 332 334 338 339 344 348 352 355 356 360 361 363 364 365 366 370 371 374 376 381 383 384 385 387 388 392 399 403 404 405 406 411 419 420 423 429 430 432 439 440 441 442 443 446 447 448 449 452 453 454 
189 155 158 163 164 166 170 172 174 177 182 183 190 192 194 196 197 198 200 201 202 207 209 210 211 212 219 226 230 235 249 251 253 264 268 271 278 280 281 305 313 318 328 329 331 335 340 343 344 348 351 354 358 364 366 373 379 389 397 402 403 407 412 413 417 418 421 426 435 439 446 449 456 458 
297 1 158 161 163 164 169 187 198 200 202 209 213 214 217 220 226 227 233 239 250 255 258 260 265 266 268 271 273 276 277 281 282 287 288 300 313 317 319 326 327 329 331 333 336 337 340 348 354 356 358 360 367 376 378 380 384 389 390 399 405 406 411 412 414 421 427 428 429 433 436 440 445 455 456 458 459 
245 155 157 161 164 167 171 172 175 176 177 184 186 188 196 204 206 211 213 218 219 221 222 225 230 231 234 235 237 239 244 245 249 256 257 258 259 263 270 271 272 273 278 282 283 287 293 294 295 296 300 303 305 306 317 323 327 331 334 335 338 341 342 344 345 358 359 368 369 371 373 374 375 379 380 381 386 392 396 399 401 404 411 412 419 422 425 427 430 432 435 437 449 453 456 459 
76 166 181 192 200 211 213 223 236 237 245 261 262 287 288 296 297 303 329 331 332 338 345 358 372 388 389 396 410 445 459 
23 160 166 167 172 174 180 209 216 254 264 267 274 277 309 310 315 317 318 322 342 361 375 379 384 404 405 408 438 456 457 
271 1 158 159 160 162 163 164 167 169 172 174 176 177 178 191 193 199 201 202 210 213 221 226 227 233 235 236 237 242 246 250 251 258 262 269 271 274 281 284 286 287 290 293 298 301 303 308 316 318 323 324 325 329 330 331 338 339 340 341 342 348 349 352 354 358 360 361 366 367 372 377 384 385 386 387 389 390 397 398 400 401 404 405 406 410 415 418 421 426 430 431 432 436 437 438 445 446 448 452 453 456 458 
90 1 161 163 164 165 166 174 176 185 189 199 201 221 225 227 228 236 242 244 246 248 252 253 257 268 276 285 294 295 298 299 300 310 312 317 321 322 323 326 337 338 345 346 361 362 366 371 375 383 385 388 389 395 405 406 411 413 414 425 432 433 436 437 440 448 453 458 
194 164 168 174 177 184 187 193 195 208 214 218 219 231 237 238 241 243 249 250 252 253 259 271 273 274 276 279 280 281 285 288 301 312 313 315 317 320 322 324 334 335 336 337 344 349 350 353 356 358 365 366 370 383 387 396 398 399 404 406 408 418 422 425 429 430 432 434 437 440 441 442 444 457 458 459 
282 167 169 170 188 196 219 221 243 245 255 263 265 267 269 270 284 347 362 368 381 383 384 410 413 417 422 431 439 447 451 
183 156 157 162 163 171 172 173 179 184 187 189 193 194 196 198 201 203 204 206 209 214 218 221 223 224 225 226 227 231 236 237 240 242 243 245 247 250 252 255 257 267 272 273 274 278 282 288 289 302 304 309 310 318 319 324 325 326 330 332 336 339 344 352 353 354 357 359 360 364 369 371 374 382 383 388 391 396 397 399 406 410 411 415 421 428 430 431 433 434 438 439 441 444 447 448 451 453 454 458 
249 167 173 178 179 192 193 197 203 205 210 224 227 228 230 232 235 240 247 248 249 251 255 256 260 261 272 274 285 289 303 316 318 319 320 323 325 328 334 341 342 348 349 355 360 361 363 366 388 397 399 401 405 409 410 411 416 430 431 440 444 451 458 
11 1 157 162 167 182 187 191 221 242 256 262 267 287 302 320 322 323 348 360 387 390 403 408 420 440 
106 1 164 166 167 168 174 178 181 188 190 195 196 197 200 202 211 215 221 222 223 224 229 234 238 243 244 247 252 255 263 267 282 286 289 293 294 308 309 311 318 323 332 333 336 340 343 353 356 357 360 368 370 371 381 392 394 398 399 403 405 411 416 421 423 429 435 436 440 444 450 458 
227 1 157 164 175 190 197 198 207 215 231 256 276 289 298 319 321 339 356 364 372 381 386 388 392 396 412 431 437 459 
213 154 156 162 168 169 170 172 181 192 195 198 199 203 204 205 206 213 217 220 222 224 226 227 231 239 243 246 247 249 254 258 260 263 267 277 280 285 287 288 292 297 298 303 306 308 309 310 311 322 323 328 331 336 337 344 350 354 361 365 366 367 369 371 375 386 388 403 408 420 422 429 431 432 433 437 442 447 449 453 455 
62 154 160 162 164 165 168 177 179 180 185 197 201 205 211 213 216 217 220 221 224 230 232 233 234 238 239 242 243 247 248 250 251 258 263 269 270 271 274 275 276 280 282 284 285 286 288 289 294 296 299 302 303 304 306 307 311 313 314 319 322 326 330 331 332 333 338 344 345 351 354 357 360 365 369 377 381 386 388 394 396 397 399 402 403 404 405 407 409 411 412 413 415 416 418 420 421 425 426 427 428 429 430 431 433 435 441 444 445 455 456 457 459 
120 1 155 157 161 165 166 170 172 173 174 175 176 178 179 180 182 187 188 191 192 196 197 200 202 203 204 208 214 215 228 231 233 237 238 239 240 241 245 246 248 249 250 251 255 258 259 261 262 264 266 269 275 276 278 282 283 285 288 290 292 296 297 298 299 300 302 303 311 312 313 314 317 331 334 335 340 342 353 358 364 368 370 373 375 377 380 382 387 388 395 398 400 402 404 405 406 411 415 422 434 436 440 441 442 446 447 448 451 452 454 455 457 
160 154 158 160 162 164 171 174 176 179 180 181 182 183 191 198 199 201 202 207 213 224 225 227 228 231 236 238 240 241 244 249 251 257 258 262 263 264 268 269 270 271 274 276 278 282 294 295 296 297 304 306 307 309 316 317 318 319 321 325 330 334 335 339 352 353 355 363 365 368 373 376 382 386 394 396 400 403 408 410 412 413 416 417 420 422 423 427 432 441 443 457 
182 157 164 171 174 177 187 194 195 203 207 215 221 226 240 242 244 248 263 268 269 281 287 290 297 306 333 336 341 347 351 353 363 374 387 392 394 410 414 417 421 431 444 449 459 
56 158 162 163 166 168 170 172 176 177 178 183 193 194 212 216 218 219 227 232 233 236 237 239 248 252 254 262 264 265 270 273 275 276 278 281 282 283 287 288 289 292 296 298 299 301 304 316 321 325 326 328 335 338 342 343 345 355 360 368 375 376 378 384 388 393 399 402 403 404 408 412 413 415 424 430 431 434 439 444 447 449 452 456 457 
87 167 217 314 
68 1 158 161 163 167 170 171 175 178 182 183 185 187 188 203 204 206 210 211 220 223 226 229 236 238 239 241 248 249 250 251 253 255 258 259 262 263 265 266 271 274 285 286 294 297 298 299 301 305 308 310 313 314 315 317 320 322 323 325 331 333 335 338 343 347 352 354 358 359 365 370 374 377 381 382 388 392 397 399 400 404 405 406 410 411 418 420 421 427 430 431 432 435 439 443 446 447 448 451 456 458 
87 156 160 168 171 198 201 207 211 214 216 219 222 228 229 232 234 240 248 253 255 263 269 276 280 286 293 299 304 313 318 327 329 333 335 336 337 339 341 342 350 356 358 362 367 368 371 377 378 396 407 409 414 425 427 449 453 458 
217 1 155 158 159 165 170 173 174 178 181 187 192 193 194 197 202 205 207 210 212 213 215 217 218 228 235 237 241 243 246 248 249 250 256 263 266 276 277 280 281 284 286 289 290 293 301 306 307 310 311 321 322 326 327 333 338 339 343 350 352 353 363 365 366 368 373 374 375 377 379 381 382 387 390 391 394 398 401 402 405 406 408 411 413 414 415 416 419 426 427 428 431 435 440 441 445 446 449 451 453 454 455 458 
78 1 154 157 159 163 170 171 187 203 210 217 220 222 225 233 234 237 242 249 254 256 258 260 266 275 279 297 304 308 314 316 317 320 328 333 336 337 341 344 360 366 368 372 373 377 380 384 385 390 391 393 397 400 404 406 407 412 421 423 424 425 435 438 441 445 451 456 457 458 
135 1 155 156 158 161 169 170 173 177 179 189 193 194 202 205 209 211 215 216 219 222 223 224 227 228 231 235 237 239 240 242 245 247 250 253 255 256 268 270 276 282 284 292 293 298 305 314 315 316 317 319 320 332 338 339 343 347 367 380 381 384 388 390 392 394 399 406 409 411 413 414 417 419 420 422 434 436 438 444 451 
84 155 164 165 178 179 181 182 191 193 197 199 201 203 204 207 211 213 216 217 218 221 227 229 230 237 241 246 251 252 253 254 255 256 259 260 262 263 264 265 266 268 269 271 273 275 278 282 283 286 289 291 295 302 306 308 309 311 321 322 331 333 335 339 340 341 342 343 344 351 355 356 358 360 362 363 369 374 375 378 379 380 383 385 386 389 393 396 400 406 407 408 409 411 413 414 416 417 418 422 425 430 432 434 435 436 439 442 446 447 448 449 454 455 456 457 
139 154 155 158 159 167 168 173 175 176 177 178 181 182 183 185 186 190 193 200 203 211 212 214 215 217 220 222 223 224 225 227 230 233 234 235 243 245 247 248 250 252 257 259 261 262 263 266 267 268 276 278 279 280 284 287 289 293 294 298 300 301 304 306 311 316 317 318 322 323 326 330 332 333 334 337 338 339 344 346 354 356 359 364 366 369 370 371 373 374 377 383 384 385 388 389 393 395 396 402 408 411 414 415 416 417 421 422 423 426 434 435 437 440 443 444 449 450 451 455 459 
253 161 184 199 208 218 219 220 221 225 231 232 243 259 260 262 281 282 290 296 298 320 327 338 382 389 420 435 
288 155 162 176 177 184 202 203 216 225 229 247 251 252 254 255 259 260 266 273 287 288 311 312 320 322 325 331 338 340 346 349 370 372 382 388 403 411 423 437 442 444 456 
208 154 156 168 173 175 177 185 186 196 203 206 211 234 259 265 270 274 284 285 287 289 299 300 312 315 317 326 327 329 336 355 356 358 368 370 373 375 379 381 413 418 422 423 425 426 428 429 445 452 455 458 
182 155 160 163 168 183 185 186 189 190 191 195 198 199 200 201 203 207 209 210 212 215 220 223 225 232 237 241 256 268 273 280 282 284 286 299 306 313 316 317 319 324 336 339 360 384 386 390 391 393 395 398 399 400 405 406 408 410 413 414 417 418 419 439 440 442 443 445 446 452 457 458 
35 199 246 247 253 259 301 306 348 400 401 420 441 
231 240 357 399 419 
16 165 179 184 188 190 199 217 220 230 237 240 297 299 317 340 343 383 396 407 408 413 422 423 425 436 441 445 447 449 453 459 
48 156 158 159 160 169 173 176 178 180 181 182 183 190 194 196 199 204 212 213 216 218 220 221 232 236 237 243 246 253 260 262 264 271 278 279 280 284 285 290 291 292 295 299 301 303 307 309 311 315 316 317 323 342 350 354 357 361 370 374 379 385 388 392 397 403 405 408 413 421 424 426 429 430 431 432 436 450 451 455 456 
168 155 156 161 166 167 168 174 177 179 180 182 183 187 189 190 192 197 199 203 206 208 209 210 212 213 217 219 223 224 228 230 231 234 238 240 244 247 251 258 259 262 267 269 270 271 273 275 277 278 280 285 287 291 292 294 297 301 302 303 304 305 306 308 311 312 317 324 325 327 328 330 333 334 335 338 341 342 345 347 353 354 357 360 364 366 369 370 375 376 377 380 381 383 384 388 391 392 394 395 399 402 410 413 414 415 416 421 422 429 430 435 437 439 443 445 446 449 451 453 454 457 
170 1 154 155 159 165 166 167 169 175 179 182 184 188 189 190 192 193 194 195 197 212 220 223 230 242 245 250 253 257 259 265 270 271 274 280 290 294 296 298 301 304 307 311 315 316 317 318 320 321 322 327 334 339 341 344 346 349 362 363 365 372 375 383 385 390 391 393 394 397 403 405 411 417 418 419 431 445 448 454 455 456 459 
18 164 172 176 179 194 196 219 222 230 239 240 245 251 253 263 269 271 277 278 279 280 285 288 291 307 309 326 340 344 346 363 370 383 390 393 404 405 416 417 437 440 444 455 
195 1 154 157 158 160 161 162 169 170 174 175 176 184 190 191 192 201 202 207 208 212 216 218 219 222 223 229 233 234 238 241 245 247 248 249 250 252 254 255 260 261 262 264 268 269 271 275 279 284 285 287 290 292 294 297 298 299 300 301 302 305 310 311 312 314 316 326 327 328 329 332 334 336 339 342 343 345 346 351 352 357 360 362 364 369 371 373 374 377 378 380 382 384 392 396 398 399 404 407 408 409 411 412 413 415 417 421 422 425 426 427 430 434 439 440 441 442 448 450 454 455 457 
134 157 164 174 189 190 191 194 195 200 204 206 224 232 250 257 259 280 284 295 296 311 319 321 323 341 347 349 364 369 377 380 392 394 399 402 409 414 429 439 440 447 448 452 454 455 
49 156 164 166 167 169 171 182 186 192 199 204 209 213 214 219 232 233 238 240 241 242 244 246 248 252 254 255 256 257 258 259 262 270 271 273 279 285 286 289 290 291 294 299 300 301 305 308 311 312 314 326 328 332 334 336 342 347 349 350 351 354 355 357 359 365 367 369 370 374 377 379 383 387 388 389 390 394 398 399 401 403 405 406 407 411 413 416 417 421 425 426 427 431 432 433 435 438 441 442 443 452 454 
73 272 395 
257 155 163 165 169 171 172 177 178 184 185 187 188 189 192 194 196 199 200 202 207 213 214 218 221 227 228 235 236 240 241 244 246 247 249 252 255 257 258 259 260 261 266 267 269 271 272 276 277 282 285 286 293 296 298 300 301 306 309 312 313 314 315 316 322 323 330 331 332 336 337 339 343 346 347 348 353 355 357 364 368 369 373 377 378 379 387 388 391 394 398 404 407 408 414 418 423 426 428 432 435 436 437 439 440 441 448 449 450 451 
207 1 157 159 165 166 176 183 190 191 192 198 204 208 210 212 220 221 222 224 226 228 229 231 232 234 235 236 237 238 239 242 243 246 248 252 264 265 266 269 274 276 279 283 287 296 297 298 299 307 312 314 317 318 319 321 326 327 332 333 339 340 342 347 350 351 352 354 358 360 361 363 368 375 377 380 385 389 391 392 396 399 400 401 403 407 408 409 410 411 415 422 429 431 440 443 459 
211 1 157 159 162 164 165 167 168 170 173 181 194 208 217 223 234 241 250 277 279 297 301 307 312 316 319 320 327 332 334 338 341 344 352 354 358 365 366 371 373 374 376 388 392 394 406 409 411 419 422 425 428 435 440 443 445 452 457 458 
188 1 156 157 162 171 174 181 182 186 189 190 193 195 204 207 208 209 210 211 212 215 217 218 223 224 231 240 243 244 248 250 252 255 260 261 265 272 273 278 279 285 292 294 298 300 301 303 305 314 319 320 324 326 331 333 334 336 337 340 344 345 348 353 354 357 367 369 380 383 387 390 393 394 399 406 410 411 412 413 414 416 422 426 428 433 434 436 437 438 449 450 456 457 
39 156 157 161 166 184 199 200 204 219 220 242 248 257 259 276 291 293 332 336 363 368 379 380 382 405 416 417 418 424 426 436 
146 154 158 161 183 184 193 195 196 202 209 227 233 234 239 240 246 256 260 261 263 274 287 294 295 296 299 300 311 321 330 334 336 337 347 348 350 352 354 355 356 362 365 372 378 379 381 383 384 395 398 401 402 403 408 414 417 423 432 434 435 440 443 444 447 452 459 
94 1 155 162 167 182 197 199 200 203 230 233 235 236 239 240 245 251 260 262 263 273 279 284 287 301 316 319 321 326 333 334 363 371 373 376 384 389 404 415 
22 154 171 172 183 185 187 189 190 191 193 197 198 201 208 213 214 215 217 218 219 220 227 228 229 230 231 235 243 247 248 253 254 256 257 259 262 268 269 271 272 275 279 281 282 283 286 288 292 294 295 296 298 301 302 307 309 316 319 320 323 327 331 333 334 335 336 341 342 343 345 347 348 349 351 354 355 356 360 362 363 366 368 373 374 375 397 398 403 404 405 406 407 413 415 417 425 430 432 433 437 440 441 442 447 448 449 450 452 454 457 
243 154 155 157 162 164 167 169 174 182 183 187 189 190 191 192 193 198 201 202 203 205 211 212 214 215 225 235 237 238 239 241 245 255 257 258 265 266 269 273 274 275 284 288 290 291 294 296 298 302 306 320 321 332 338 340 343 352 354 355 358 359 360 361 363 364 367 372 378 381 384 387 396 401 403 405 406 407 422 424 431 441 442 443 445 449 450 453 457 
117 155 156 162 166 168 169 170 174 175 181 187 188 189 192 195 196 199 201 203 205 209 212 213 214 216 220 222 232 240 242 244 245 252 257 261 262 266 269 281 282 290 300 304 309 312 317 318 322 331 337 340 344 345 346 349 353 358 359 360 362 363 366 371 372 373 374 376 381 390 391 392 395 396 398 399 402 405 407 415 418 419 422 425 428 435 438 441 443 448 450 453 455 458 
211 161 166 185 199 204 212 214 217 240 248 249 254 273 277 286 290 324 346 350 386 407 436 448 453 
145 160 178 241 295 370 408 
271 1 157 158 159 161 164 168 169 172 173 175 176 180 184 185 187 188 190 192 193 199 201 206 208 209 212 213 222 223 235 237 238 240 241 242 243 245 247 248 252 257 260 263 278 279 283 289 293 298 302 306 311 317 323 325 327 329 333 338 346 350 353 354 357 362 364 366 368 371 372 374 377 379 380 385 387 396 404 406 408 409 410 414 415 417 422 423 425 429 435 437 441 448 451 
175 157 169 184 196 200 210 215 216 217 223 230 234 251 257 264 273 282 285 287 298 303 308 311 320 333 334 336 349 353 374 382 392 398 402 427 435 436 440 444 451 453 458 459 
280 160 163 164 170 174 180 181 184 186 189 193 194 197 198 203 207 221 227 228 229 236 243 244 251 257 258 264 265 273 286 295 298 302 319 320 323 326 331 334 342 348 353 359 360 366 368 372 373 383 384 385 389 391 392 394 396 399 403 405 408 411 417 418 420 431 434 440 441 444 451 458 
262 156 351 434 
23 354 375 
34 231 266 269 313 319 334 348 363 386 395 403 419 426 438 455 
134 156 157 158 165 166 167 169 170 173 174 176 177 178 179 184 186 187 189 190 191 194 199 200 205 207 211 212 216 218 220 223 227 228 229 230 232 233 234 238 240 241 246 253 254 255 256 257 263 273 275 276 284 290 294 296 302 305 307 308 311 312 313 314 316 317 318 319 320 324 325 327 329 330 332 335 341 348 350 351 352 361 362 364 365 366 370 371 374 378 382 386 391 395 397 398 399 401 402 406 410 415 416 417 420 421 422 424 425 426 427 428 430 432 433 434 441 442 444 447 450 451 454 455 
117 1 154 156 160 180 188 189 198 199 211 221 231 237 239 243 247 251 255 258 263 265 267 270 276 279 282 283 287 290 300 302 305 309 312 313 318 328 329 335 336 339 357 360 361 365 366 372 373 386 392 397 403 409 414 418 419 421 422 423 427 432 440 442 443 445 449 451 458 
75 1 156 158 159 161 162 163 167 170 172 180 183 184 187 190 191 192 194 196 201 202 204 205 206 211 212 215 226 227 229 232 236 238 241 242 243 245 259 266 279 282 283 286 287 288 291 294 296 297 304 305 307 309 310 313 315 316 319 320 321 324 327 329 336 337 338 341 344 345 346 347 354 356 358 366 368 381 386 395 403 406 408 414 415 416 417 418 420 431 434 435 436 437 438 444 446 451 458 459 
47 162 167 185 196 212 213 227 235 242 252 256 290 306 313 321 322 345 400 415 450 
274 1 154 158 160 165 169 173 174 176 177 178 182 185 189 191 196 210 213 214 217 218 222 229 232 235 240 247 248 249 256 258 259 263 264 265 266 267 268 269 275 279 283 285 286 287 292 294 299 303 306 310 311 312 315 317 321 322 323 324 326 328 331 332 333 336 337 338 339 342 347 359 361 362 363 364 368 369 375 381 382 386 388 389 390 392 393 396 398 401 404 406 407 409 410 412 413 415 416 418 419 420 421 429 431 433 446 447 448 450 451 457 458 459 
139 154 155 157 158 160 163 167 169 170 185 186 187 198 200 207 210 214 215 220 222 230 235 237 239 241 246 249 253 263 266 268 271 272 274 283 285 288 292 295 296 300 309 311 320 323 329 330 331 334 337 339 345 346 353 360 361 367 381 392 394 395 408 410 421 423 426 430 435 436 440 446 451 452 457 458 
277 154 155 156 158 160 163 164 166 168 171 173 176 177 181 188 189 190 192 199 201 204 205 211 212 213 216 223 224 226 228 230 233 238 243 246 253 255 257 259 260 261 279 283 285 303 305 313 316 317 328 330 331 334 337 338 346 351 353 364 366 374 376 379 383 388 390 395 397 398 399 403 405 410 412 419 420 421 432 437 440 443 444 446 451 454 456 459 
224 183 186 187 192 196 223 236 237 239 253 271 276 281 282 287 288 293 295 311 314 324 334 339 341 344 349 353 364 373 389 406 422 424 434 437 439 449 451 456 
54 158 160 171 172 173 175 177 182 184 187 191 195 197 199 203 210 212 213 216 218 219 227 229 232 234 239 241 242 246 247 248 253 255 256 258 263 266 267 268 272 280 286 289 293 294 296 297 298 299 301 303 312 313 314 315 316 319 320 321 323 324 325 326 327 328 330 341 342 348 349 350 354 355 361 368 384 386 388 391 394 395 403 405 408 410 412 413 416 418 421 424 427 428 429 431 433 435 436 440 441 446 452 454 455 457 
262 155 156 164 171 173 175 177 182 184 188 192 199 207 211 212 218 220 221 222 227 235 243 245 247 248 250 253 255 256 263 264 267 275 276 279 284 290 291 292 295 297 298 300 301 302 303 304 305 306 308 309 311 314 316 319 320 321 322 323 325 327 328 332 338 343 345 346 350 351 353 355 357 361 362 363 364 371 379 380 388 391 394 395 399 401 414 419 436 437 438 440 442 443 446 449 450 452 459 
268 154 155 159 165 167 171 172 173 174 176 180 182 183 184 188 189 190 200 203 205 209 210 211 216 218 221 222 226 227 229 230 232 237 238 242 243 244 248 249 251 255 261 263 265 266 271 277 278 282 289 292 294 301 312 313 314 316 318 319 320 330 331 340 345 348 349 359 361 362 363 364 370 372 374 375 385 389 390 392 402 406 411 413 415 418 419 420 422 423 425 426 428 430 431 433 434 436 440 442 444 446 448 455 
65 1 165 169 181 182 187 191 210 213 217 220 222 224 225 226 230 238 239 243 248 250 258 259 267 277 282 285 287 288 294 296 299 306 310 311 312 320 326 327 329 339 340 344 346 349 360 367 372 373 375 377 378 381 383 387 389 390 391 392 395 396 402 404 408 409 417 418 426 433 440 448 
245 162 172 189 191 192 197 199 201 203 207 217 221 224 226 228 229 231 243 244 248 255 256 260 267 273 274 278 281 293 297 303 318 319 320 328 331 337 345 346 347 349 352 361 363 365 377 380 382 383 384 393 396 402 416 435 441 447 449 
121 166 178 179 186 196 201 204 219 220 222 223 234 236 244 249 259 270 271 287 292 294 296 303 310 316 318 327 329 332 343 345 346 349 353 363 364 366 367 381 385 386 390 398 401 402 406 418 422 424 434 435 440 450 453 457 
143 1 156 159 163 164 168 178 179 180 189 190 192 196 201 208 211 218 223 225 226 228 229 232 238 243 244 245 248 250 252 256 259 270 272 273 274 275 276 278 284 286 293 298 303 305 314 320 321 324 328 329 333 334 336 338 340 346 347 349 352 355 356 358 359 363 374 380 384 388 389 391 393 396 399 402 403 404 406 407 408 413 416 417 419 421 423 427 428 429 432 433 435 443 445 448 449 450 454 456 
189 157 158 161 164 166 167 169 174 202 205 208 209 210 211 213 214 217 218 225 226 227 229 230 234 239 242 246 255 257 261 264 275 276 278 279 281 282 287 288 304 308 309 311 317 318 329 332 342 347 348 349 350 351 354 355 356 358 361 364 367 371 373 378 385 387 390 391 393 395 400 401 403 405 406 407 408 411 412 415 417 424 430 431 438 446 448 450 451 452 453 456 458 
77 154 158 160 162 168 171 174 176 179 181 185 192 193 197 199 200 204 205 208 219 224 226 238 247 249 253 254 257 258 259 265 267 268 272 273 283 288 294 296 298 300 304 312 319 322 324 325 326 328 330 332 333 334 336 346 348 349 351 353 354 357 358 361 362 363 368 370 373 374 381 385 387 388 390 393 395 397 399 405 406 408 412 413 415 418 419 420 422 425 429 433 434 436 440 442 445 449 451 453 456 457 458 
197 172 174 185 215 258 262 290 331 338 343 362 371 372 386 387 402 415 426 
153 172 174 175 183 234 239 243 256 257 261 262 267 286 288 295 299 300 301 302 308 318 319 324 325 329 332 339 343 350 358 374 396 402 412 417 418 422 435 440 443 447 
91 154 157 161 162 166 170 177 181 183 192 193 196 205 210 212 228 229 236 242 245 247 253 257 267 270 272 276 277 283 284 300 305 309 312 317 329 338 342 350 354 355 362 363 365 366 373 375 383 384 393 396 401 406 410 412 414 420 421 424 426 427 430 433 436 439 440 449 450 454 457 458 459 
257 159 300 311 388 430 
137 192 194 203 218 224 257 342 359 373 388 402 459 
198 154 157 159 162 163 171 175 178 180 181 220 225 227 236 258 268 270 272 285 290 297 308 324 331 338 343 346 357 374 376 382 386 392 396 402 403 404 407 409 410 417 424 426 430 446 450 452 
281 156 172 173 181 184 187 193 205 209 210 212 214 215 228 229 231 232 236 244 245 248 256 260 264 266 267 268 271 276 277 278 280 294 299 301 305 318 319 338 345 354 355 358 360 371 373 379 382 389 392 394 398 408 418 422 431 435 441 447 450 451 453 
92 1 161 162 169 173 174 176 179 181 184 186 189 204 206 209 215 219 221 223 226 229 232 233 244 246 250 252 254 258 261 262 264 266 270 277 278 283 285 290 295 296 298 301 302 304 308 310 311 328 330 337 340 343 345 347 351 353 355 359 363 364 365 366 372 374 375 379 380 381 386 389 391 394 395 397 402 404 407 424 425 433 435 445 448 450 453 454 457 
41 158 166 172 175 176 177 180 186 188 191 193 194 196 197 200 202 203 204 210 212 223 229 231 232 233 234 238 241 244 245 249 254 261 264 268 270 286 291 292 296 297 299 302 307 308 309 311 312 316 319 329 334 336 339 340 344 345 352 353 373 383 384 386 388 389 393 396 398 400 404 406 410 412 415 423 424 425 434 440 441 442 450 456 459 
245 154 156 157 158 165 167 177 180 183 184 185 186 189 193 194 199 209 210 213 222 225 227 237 238 240 243 245 246 247 252 258 259 263 267 269 270 271 273 276 278 280 284 293 297 299 303 304 306 310 319 321 326 328 330 337 340 344 349 356 357 359 360 363 371 372 376 380 381 383 387 388 394 396 403 406 409 412 417 418 422 427 428 434 439 440 453 455 
227 159 164 174 177 178 179 183 190 192 195 202 207 209 210 211 214 216 218 230 237 243 245 255 284 287 292 293 294 302 307 308 310 311 312 314 322 325 331 334 344 353 354 357 360 364 365 367 368 369 376 382 386 395 404 405 409 413 421 423 441 446 
106 169 190 195 213 221 225 232 246 247 254 260 262 290 299 332 341 360 378 380 385 401 409 415 423 449 
279 154 155 158 159 160 162 163 164 176 178 187 188 195 196 197 201 203 206 211 213 215 216 220 221 222 227 229 231 233 235 245 248 249 251 254 256 258 259 260 263 265 266 270 271 272 273 275 281 282 283 285 292 294 295 298 299 300 301 304 307 311 313 315 317 318 324 326 328 329 335 336 340 341 343 344 345 346 350 351 353 354 356 359 365 366 368 369 372 378 379 380 382 383 384 385 386 387 389 390 392 394 395 400 406 407 408 410 416 421 424 426 432 433 435 437 439 440 444 446 448 
54 155 159 160 163 164 169 172 174 177 181 182 189 190 196 198 206 213 215 216 218 226 227 229 231 232 234 236 245 249 255 257 258 259 260 264 267 269 270 273 274 277 279 282 285 287 288 292 293 298 301 302 305 311 313 314 315 318 320 322 330 331 332 336 344 345 349 350 351 353 356 357 359 360 363 367 369 370 371 374 376 377 381 383 386 390 391 392 401 404 405 407 409 411 412 414 416 417 422 423 427 429 430 431 432 434 435 436 437 438 445 446 449 451 453 
184 158 160 163 165 168 170 176 178 179 181 188 195 199 204 206 207 210 214 215 217 218 221 224 226 227 230 235 250 251 257 259 266 267 289 293 301 303 307 311 319 326 328 329 331 333 334 337 349 352 357 365 366 369 375 376 377 391 392 393 397 399 401 402 410 413 417 418 419 420 422 424 430 432 437 440 442 449 450 451 455 456 457 
233 154 157 159 160 162 163 165 168 170 172 174 175 176 179 183 186 196 197 199 202 204 205 206 217 220 222 225 233 235 236 238 248 249 259 260 261 262 263 264 265 267 272 275 278 281 283 284 288 291 292 297 300 301 302 306 307 310 317 320 322 327 328 329 330 332 333 334 337 338 341 342 344 347 348 349 354 356 357 358 359 361 363 364 367 371 375 376 377 382 385 386 387 391 392 395 397 400 403 405 406 415 420 424 425 429 431 434 437 439 444 446 448 449 450 451 452 456 458 459 
18 162 165 169 173 184 185 191 194 200 260 261 264 285 286 308 320 347 358 361 392 395 398 402 408 409 410 415 416 421 423 426 433 440 443 444 453 457 
10 161 162 167 188 192 200 208 220 225 228 238 260 261 264 285 286 287 290 304 320 325 331 349 355 359 406 409 417 438 456 
111 155 156 165 166 167 168 174 175 176 181 184 186 187 188 189 190 195 196 198 199 201 205 206 214 218 220 223 224 225 226 227 235 236 238 240 243 246 249 251 258 260 261 263 265 268 269 270 273 280 281 282 285 287 288 289 291 292 295 316 318 319 321 328 329 332 339 340 342 343 350 352 354 364 367 369 375 376 377 383 385 386 389 394 395 396 399 404 408 411 412 414 415 416 419 420 422 423 435 436 437 438 439 440 442 444 448 450 452 453 454 455 457 459 
114 1 156 161 162 180 195 198 199 203 207 216 224 237 239 240 245 252 261 269 273 276 287 295 300 301 304 312 315 319 325 328 336 337 339 340 354 382 383 388 408 412 428 432 434 437 441 453 458 
4 1 155 157 163 166 167 168 171 173 177 178 179 181 182 185 186 188 190 200 202 203 204 206 213 214 215 218 221 223 224 225 228 229 230 234 239 242 243 244 248 249 250 260 262 264 266 271 276 282 283 287 293 295 296 297 298 302 303 309 313 318 321 329 330 332 337 342 348 353 357 361 363 367 368 371 373 377 380 385 386 389 390 391 395 401 402 404 413 415 416 417 420 422 424 425 426 428 429 431 435 436 439 449 451 452 455 456 459 
37 178 305 310 408 448 
87 155 156 162 163 168 171 173 177 180 181 182 183 184 193 194 195 196 198 199 203 208 209 210 215 217 223 224 225 227 228 235 238 248 250 255 259 261 266 267 269 272 274 277 278 285 288 295 296 299 300 303 304 306 309 310 311 312 313 314 315 317 318 321 323 324 329 330 334 335 339 343 349 352 354 364 365 366 367 373 375 380 381 383 384 385 386 387 388 389 390 397 398 399 401 402 405 406 407 412 413 418 420 425 426 428 438 440 443 447 449 451 452 454 455 459 
179 156 158 160 164 167 173 174 175 176 188 198 200 202 204 215 216 220 227 228 230 232 234 236 237 238 244 246 247 249 250 253 259 260 264 266 271 272 273 276 277 280 282 285 289 293 296 297 299 303 306 307 314 315 316 317 321 328 329 344 349 350 351 355 359 363 364 365 366 367 369 370 377 380 381 382 384 389 390 393 396 400 401 403 404 405 406 407 411 413 414 418 419 424 426 428 432 433 436 437 441 442 447 449 454 455 457 459 
255 160 162 165 166 167 180 181 195 198 209 218 222 225 227 231 243 245 248 257 260 262 264 272 279 290 296 311 316 317 321 332 353 364 373 383 384 386 397 400 409 410 416 422 437 439 455 
144 154 161 162 176 181 195 196 198 199 201 202 204 205 210 214 216 222 223 224 228 234 235 236 238 246 256 263 272 273 275 277 281 283 286 289 290 293 294 301 302 305 317 326 327 328 331 335 338 352 356 359 362 363 365 373 376 377 379 384 386 390 391 394 398 399 401 408 410 420 424 427 435 438 444 445 446 452 455 458 
227 155 156 159 164 166 167 168 169 170 180 183 186 187 188 197 199 200 201 205 209 214 219 221 222 223 227 229 231 237 239 240 256 259 261 264 265 266 268 269 271 282 283 285 286 287 288 295 296 301 304 306 310 315 317 324 332 333 336 338 340 344 352 355 358 363 364 366 368 369 370 374 381 388 393 395 398 402 403 404 408 410 413 414 425 426 433 434 435 436 439 442 443 447 449 451 453 454 455 457 
131 160 162 163 170 174 175 182 183 187 191 193 196 198 201 202 205 209 212 216 220 224 227 229 236 239 241 246 247 253 254 255 260 261 263 269 270 274 277 278 279 293 297 299 303 304 305 311 312 318 319 325 329 332 336 338 340 341 343 345 348 350 351 352 353 354 359 362 363 364 365 366 367 369 372 375 376 377 378 380 390 391 393 396 397 398 399 400 401 404 405 406 413 414 416 419 421 425 427 433 437 444 446 450 452 454 457 458 459 
216 155 157 159 160 166 167 169 172 177 179 180 183 185 186 190 192 193 195 196 200 202 203 205 206 215 217 220 222 224 225 230 232 233 234 236 243 244 248 252 257 260 262 265 267 270 273 274 281 284 285 289 291 293 296 300 302 303 305 307 312 314 315 319 320 321 336 337 338 340 341 344 345 348 352 357 362 364 365 368 371 375 376 379 380 383 384 385 387 388 391 392 393 396 397 406 413 416 422 424 425 430 431 432 437 443 445 448 449 452 453 454 457 458 459 
174 154 156 157 162 165 168 188 190 192 193 197 200 203 205 206 207 216 218 219 229 238 248 253 255 258 261 271 272 279 284 286 292 293 299 306 308 316 328 331 339 349 352 359 361 367 369 380 385 386 390 395 397 403 405 424 429 430 431 432 435 441 442 443 444 446 447 453 
99 154 155 168 177 192 194 196 203 208 211 213 222 229 235 237 239 241 242 243 249 252 257 259 260 267 268 272 273 282 288 290 292 295 299 302 312 313 316 317 324 328 330 331 332 333 337 338 341 345 349 352 354 357 359 363 366 368 371 375 382 386 387 391 396 408 415 417 418 431 432 437 443 444 447 453 455 
186 154 158 159 160 161 168 170 173 174 176 179 187 190 191 196 197 204 207 208 210 219 220 231 235 239 240 241 250 253 254 255 256 257 261 262 263 265 269 272 275 281 283 286 287 292 305 306 307 308 310 319 320 322 326 329 331 333 334 338 341 342 344 347 349 352 353 356 358 359 360 361 362 368 378 383 384 387 391 392 394 396 397 399 402 405 407 408 410 427 428 429 431 436 437 440 443 445 452 457 459 
97 1 157 158 160 161 164 167 171 175 176 178 180 185 187 188 189 192 193 199 200 203 205 208 210 211 213 217 222 224 226 227 233 234 235 237 240 242 250 251 257 263 265 270 275 278 281 283 285 290 292 295 300 302 312 315 318 321 324 325 328 329 333 335 341 345 347 351 354 356 357 358 361 365 367 369 370 375 381 383 386 389 390 392 399 404 405 407 409 417 418 423 425 426 429 431 435 436 442 443 444 450 454 455 457 
48 165 168 175 180 187 189 190 192 195 197 204 214 217 218 226 229 232 233 234 236 237 240 242 246 247 248 251 255 259 265 268 273 277 281 282 284 290 293 298 299 305 310 311 313 316 323 324 325 326 332 337 341 344 346 348 353 358 360 366 375 376 390 392 395 396 400 405 410 414 421 429 432 441 450 452 455 459 
286 197 221 224 308 320 323 356 360 379 411 434 444 448 449 
267 1 158 159 229 240 243 247 262 268 274 298 299 340 363 379 426 427 
240 1 156 159 161 162 163 164 165 167 168 169 170 173 179 183 185 192 193 195 196 202 204 213 215 217 223 224 229 230 231 232 233 235 237 238 241 248 250 252 254 256 258 259 266 269 273 275 278 283 288 289 292 295 300 302 304 305 308 311 315 316 317 325 329 332 333 336 338 339 341 342 346 350 352 354 358 363 373 376 377 378 379 384 387 393 395 397 404 411 414 416 418 422 426 428 433 444 445 447 448 453 455 
165 159 162 163 166 169 171 176 181 187 188 189 191 193 199 210 214 219 226 229 230 232 238 240 243 244 253 257 262 268 269 270 274 277 283 286 290 300 302 305 306 309 310 315 318 321 325 328 332 336 344 346 348 349 351 359 368 373 382 384 386 389 390 392 394 396 397 400 421 428 429 432 434 435 438 440 441 442 447 450 458 
158 154 161 164 165 171 173 174 186 188 189 190 197 213 221 223 232 233 234 237 239 241 251 255 256 266 268 271 273 282 291 297 302 304 306 308 315 323 324 325 331 339 348 349 351 356 357 360 364 365 377 384 388 391 399 400 401 402 404 406 416 419 425 431 437 439 446 451 459 
113 155 179 183 185 186 187 191 198 201 218 236 246 253 257 263 266 275 276 288 293 318 335 338 344 347 353 365 370 386 390 392 399 401 404 419 421 437 443 
298 154 155 161 162 163 169 171 179 192 202 208 211 219 220 224 226 234 242 243 244 245 246 249 267 268 276 283 296 297 300 303 321 324 343 347 350 358 365 376 389 394 395 407 409 410 418 420 424 426 437 440 441 451 
198 1 155 159 162 168 169 170 172 174 179 180 183 191 195 205 207 208 209 217 229 233 236 248 260 272 279 289 334 342 349 350 351 378 384 405 410 416 422 423 428 430 442 458 459 
210 167 168 170 192 196 202 210 212 220 222 233 253 255 266 268 269 276 289 326 335 357 363 368 370 380 389 395 396 397 399 428 434 436 439 440 443 448 450 458 459 
55 1 156 161 162 163 165 166 167 168 171 173 174 176 183 200 203 206 208 210 211 213 215 216 217 220 221 222 225 226 228 232 233 235 237 238 239 240 242 246 247 251 252 253 254 257 258 265 268 277 278 281 282 283 284 287 289 291 295 297 299 303 304 305 312 314 315 316 317 319 320 323 326 327 328 329 331 334 337 342 345 346 348 355 357 359 362 367 373 374 375 381 382 387 389 390 391 393 394 397 398 404 406 415 416 422 423 424 431 442 444 446 452 457 458 
285 247 300 304 356 417 
27 1 154 155 159 161 165 174 187 189 193 200 201 206 208 214 215 220 221 222 223 228 232 233 234 237 238 242 246 254 265 273 274 281 288 297 300 303 313 317 324 325 331 332 333 335 338 343 351 353 356 361 365 367 370 377 378 381 392 394 398 399 402 403 407 408 410 411 415 427 429 433 437 438 442 443 446 447 450 455 457 459 
188 161 162 164 167 181 194 201 208 210 234 236 237 238 240 242 250 256 261 264 266 272 275 279 282 287 299 301 303 310 312 314 321 330 334 341 348 357 368 371 375 376 379 381 386 390 393 398 399 401 405 410 411 413 418 420 421 427 433 443 444 450 454 
248 154 160 161 163 167 170 171 173 178 182 186 187 188 189 192 193 198 203 209 213 217 219 221 222 231 232 234 239 240 241 243 245 247 249 250 254 256 264 268 271 274 275 278 280 282 287 288 297 298 299 301 303 304 306 331 334 336 344 354 356 358 361 368 375 384 388 389 390 392 393 394 397 399 410 411 413 425 427 430 437 438 439 446 448 449 456 457 
133 163 171 175 184 203 208 212 221 226 231 234 265 276 280 295 320 324 338 342 343 345 352 382 390 392 398 409 416 420 423 426 434 454 456 
262 154 156 158 159 162 165 168 172 176 179 180 187 188 193 196 201 206 213 216 217 218 220 222 227 231 232 235 239 242 243 248 251 252 253 260 261 264 265 269 270 271 276 277 278 282 283 284 286 289 293 295 296 300 308 310 311 312 313 314 319 322 323 325 328 330 332 334 340 346 347 348 350 364 365 370 371 375 381 382 385 387 388 390 391 393 396 399 402 403 404 407 415 418 422 423 427 430 431 433 441 444 451 453 457 
153 157 164 166 173 190 199 200 205 206 210 214 223 235 238 240 246 249 251 252 265 266 271 272 273 276 288 290 298 303 309 310 312 315 325 336 338 347 367 384 396 397 398 406 430 433 434 439 441 443 446 452 455 456 
89 188 204 226 230 237 244 295 302 333 335 351 375 433 440 443 450 453 
198 157 160 162 163 164 166 168 175 180 181 184 189 194 196 208 212 213 214 216 217 218 223 225 227 229 230 232 238 241 246 247 252 259 263 273 275 277 280 287 290 291 292 301 311 314 316 324 327 329 337 341 343 350 351 364 366 368 373 374 375 376 377 394 400 405 407 410 411 420 423 424 428 429 435 441 446 447 459 
145 1 162 166 169 175 183 186 189 191 194 199 201 202 206 209 213 214 215 217 219 223 228 229 230 236 244 257 260 263 267 274 280 283 290 295 298 303 305 311 312 313 314 318 326 328 330 331 343 344 348 350 361 369 372 374 376 384 390 393 399 402 407 408 409 412 416 421 423 426 
256 160 165 170 171 172 176 178 179 180 181 187 188 189 192 193 194 198 200 201 204 212 213 218 221 232 233 236 238 248 250 251 252 253 255 257 259 261 266 268 273 275 276 277 280 291 293 294 295 308 309 319 322 323 332 334 337 343 346 354 360 361 368 370 372 373 376 377 380 381 382 385 387 389 390 392 397 398 402 409 412 423 425 429 431 437 439 440 441 443 444 451 454 458 459 
300 158 165 171 180 185 187 189 192 193 199 200 202 203 208 209 211 215 218 222 225 227 230 233 234 240 241 244 248 250 252 253 255 258 263 265 266 267 271 274 276 277 282 284 288 297 299 308 310 311 313 314 316 317 322 325 326 327 328 330 333 337 342 350 352 353 355 356 364 368 369 370 377 378 379 381 385 388 389 391 392 396 397 399 401 405 406 408 409 411 412 413 417 418 424 428 429 430 433 434 435 445 446 450 451 454 455 457 
230 154 163 165 169 170 174 185 191 207 209 210 214 221 223 230 231 239 246 248 253 254 265 279 283 290 296 300 302 303 305 306 310 313 322 325 332 338 345 350 355 361 363 375 383 387 388 389 392 399 401 406 407 412 417 424 444 451 453 457 458 
74 154 157 159 163 164 165 167 168 171 177 178 182 184 189 190 194 195 200 202 203 211 212 217 221 222 225 229 230 236 239 247 254 257 261 263 266 268 271 277 281 282 286 287 288 289 290 291 298 299 302 304 311 312 317 320 322 325 337 338 339 340 342 346 350 351 364 365 366 369 370 371 374 376 377 381 385 386 390 395 399 401 402 403 404 405 408 411 412 413 415 423 427 429 430 431 432 434 444 445 446 447 450 457 
52 1 162 168 171 177 190 192 196 208 209 214 218 232 233 236 238 240 247 248 252 258 266 280 285 286 292 295 296 299 306 317 318 321 331 333 336 337 338 340 350 351 353 355 373 377 380 381 383 396 409 410 411 412 413 415 416 417 421 423 445 456 459 
270 1 154 157 159 161 163 168 170 173 174 175 176 177 180 183 185 191 192 194 201 205 206 207 208 210 217 220 221 222 223 235 236 239 241 244 245 248 252 254 257 258 260 261 264 269 272 273 274 276 277 279 281 282 284 285 294 296 297 300 303 311 316 320 327 332 334 336 338 339 340 347 349 350 355 356 367 371 376 380 381 383 391 395 396 398 399 403 405 407 408 413 415 417 419 421 423 429 430 434 437 440 441 442 443 445 446 447 448 452 456 457 459 
201 156 160 164 169 175 198 202 205 213 214 215 216 220 228 234 242 252 261 267 270 271 274 283 292 298 310 312 320 325 329 330 331 333 334 343 345 361 362 366 369 379 381 386 387 402 405 407 416 419 428 429 431 434 436 437 439 440 453 459 
196 199 206 208 234 239 276 302 304 345 385 392 406 415 419 426 428 434 449 
110 1 155 156 162 165 169 172 176 178 180 181 186 189 194 198 211 212 218 219 228 229 230 235 237 243 244 247 252 253 258 264 265 266 272 273 277 278 281 282 287 290 291 293 297 300 304 308 311 312 313 314 318 321 323 326 327 328 330 333 338 340 346 347 349 351 353 356 360 364 367 368 369 371 381 382 383 384 388 389 391 392 395 400 404 406 407 408 409 413 417 419 423 424 427 429 436 439 440 447 454 456 
138 156 162 168 170 177 180 184 185 193 195 196 199 200 202 203 207 208 209 211 215 216 217 221 225 228 232 236 237 238 240 242 243 245 246 249 250 261 262 263 264 265 267 268 270 276 277 281 285 287 289 291 293 296 298 299 302 303 304 306 307 309 311 313 314 315 316 319 322 323 324 327 328 329 333 334 335 336 338 340 342 343 344 349 356 363 367 369 370 371 373 374 381 382 384 387 388 395 401 404 410 412 417 420 422 423 424 427 429 437 442 443 446 447 457 458 
60 1 156 167 175 196 204 219 237 243 244 248 253 267 279 288 289 291 297 310 317 331 344 360 373 383 395 398 415 421 427 433 441 442 443 453 459 
121 165 166 212 222 230 235 236 238 247 257 258 266 299 306 316 338 347 351 357 367 371 383 416 418 424 438 
87 161 162 165 166 167 169 175 177 179 181 182 198 199 201 204 205 207 210 215 216 217 220 223 226 231 234 235 246 247 248 249 270 271 272 275 277 278 279 281 286 291 293 295 296 297 301 302 303 306 308 309 310 312 314 319 322 323 326 327 328 340 341 343 350 352 354 355 361 362 366 367 368 369 377 378 386 387 393 399 403 404 406 407 408 410 413 414 418 420 422 423 424 428 436 437 440 444 446 447 449 450 453 457 459 
111 1 155 157 160 166 167 168 171 172 177 178 179 183 194 197 199 203 207 208 209 214 217 220 223 224 226 229 231 235 238 243 250 252 258 261 263 268 269 271 272 275 279 280 282 283 290 292 293 294 297 304 306 308 309 310 320 327 328 333 342 348 352 357 358 360 362 363 364 366 368 370 373 380 382 388 389 393 394 407 412 414 427 432 444 453 455 459 
144 1 154 157 162 168 171 176 177 180 182 183 185 187 194 195 198 199 200 201 202 204 208 212 217 219 221 222 223 231 232 236 238 239 243 244 246 247 248 250 254 257 261 262 263 269 271 272 274 275 276 284 289 293 297 300 301 303 309 310 312 314 316 317 318 319 321 322 324 325 326 327 328 329 333 334 338 339 341 346 350 351 352 356 357 359 361 362 364 365 370 373 375 377 380 382 386 389 390 391 394 398 400 401 405 410 412 422 423 426 428 431 434 437 438 443 445 446 447 452 456 457 458 
21 1 172 178 220 223 248 250 261 276 279 313 341 394 399 402 416 418 436 437 444 446 447 449 
241 155 166 189 192 194 204 219 229 267 281 293 300 307 331 334 346 368 372 391 410 419 429 431 437 450 
128 165 166 177 178 183 184 196 197 199 202 206 207 208 210 214 216 218 220 222 224 230 236 237 238 239 255 256 261 272 274 277 281 282 283 287 298 299 305 306 309 310 311 319 322 323 329 332 333 336 338 344 345 354 357 358 366 370 371 377 378 379 380 382 383 384 391 392 394 406 408 409 410 415 417 421 422 424 426 429 430 437 438 440 444 445 
290 163 165 175 182 184 185 194 198 206 207 211 215 217 222 228 231 234 257 259 266 272 282 286 312 314 323 325 332 336 337 345 352 357 359 360 364 366 367 372 373 377 382 389 405 408 412 428 429 438 453 456 
167 155 159 171 199 230 238 262 318 319 323 351 360 367 389 396 414 437 
291 156 158 161 163 165 172 173 187 192 193 198 206 208 209 216 217 219 221 226 238 239 245 248 250 254 255 257 266 270 278 280 282 283 287 293 294 296 303 312 314 315 316 320 325 326 329 331 337 339 341 349 350 356 361 362 363 365 367 371 375 377 378 381 388 395 398 402 413 422 426 427 432 436 438 440 444 451 456 458 
180 160 177 180 185 188 195 206 222 230 238 240 244 245 252 261 264 267 269 271 275 276 278 280 283 305 309 317 322 328 329 332 333 334 343 349 356 361 362 363 373 382 395 402 406 414 415 416 419 428 439 449 453 459 
42 1 163 165 168 171 172 173 175 177 178 180 181 182 193 203 206 208 214 216 217 230 231 233 235 238 239 241 243 246 251 254 255 258 264 268 279 281 284 285 286 287 289 297 298 301 304 305 308 309 312 322 323 327 329 331 343 345 355 357 358 360 361 365 371 373 392 397 398 399 402 404 408 410 417 418 420 423 426 438 441 445 449 451 453 454 455 
97 160 168 170 176 177 178 179 181 194 200 203 207 208 211 213 215 219 222 223 227 232 248 249 251 259 267 277 281 283 289 296 299 309 310 314 318 319 320 328 330 332 333 334 336 340 349 366 371 386 398 401 407 409 412 413 417 423 425 428 435 438 441 451 453 
28 154 155 160 164 166 168 169 170 175 187 194 197 208 210 212 213 216 219 227 242 245 251 252 255 257 260 266 269 271 289 293 297 298 304 305 310 311 315 318 319 324 325 326 327 329 331 336 337 342 344 346 348 350 351 354 362 364 369 375 379 380 387 395 397 400 404 405 421 422 424 432 434 435 440 444 
268 173 201 203 206 234 253 258 300 301 304 306 323 336 366 372 390 392 438 447 455 
231 162 164 168 171 175 184 196 201 204 205 206 211 217 218 224 233 245 257 265 266 275 276 301 303 307 314 315 323 339 340 351 371 374 376 379 380 392 393 394 395 397 399 410 411 415 423 425 427 429 430 432 434 435 438 443 445 453 
70 183 322 349 382 391 399 454 
143 194 238 259 273 280 282 335 388 443 448 
162 156 163 169 170 175 176 178 180 183 186 189 194 203 205 213 215 216 234 237 238 240 241 246 249 253 257 260 263 264 268 276 278 280 284 292 293 294 296 297 298 301 308 309 312 313 317 323 331 334 338 341 343 344 345 350 360 368 369 375 387 399 400 410 413 418 425 427 432 440 450 459 
119 154 155 160 161 162 163 165 167 168 170 175 180 181 182 185 187 189 193 195 200 201 202 203 206 207 210 214 215 223 224 228 229 237 238 239 240 242 247 249 251 254 255 256 259 260 261 267 270 271 272 274 276 288 289 291 293 295 296 299 300 303 305 306 309 310 311 314 315 317 321 324 325 326 329 331 335 337 338 339 341 342 345 351 354 357 369 372 375 381 382 383 386 387 392 394 396 398 401 406 407 408 412 417 418 420 421 426 427 428 429 431 432 433 436 439 442 449 452 458 
93 1 162 165 169 171 176 178 179 181 182 183 186 189 190 193 196 197 199 200 202 203 205 206 207 214 215 221 222 224 226 227 232 237 238 239 248 249 250 251 258 261 262 264 266 268 271 272 273 279 283 284 285 288 289 290 299 304 309 310 313 316 318 319 320 322 324 327 329 330 333 337 338 340 342 344 345 346 350 351 355 356 357 362 366 370 374 375 377 380 383 385 387 396 400 404 407 412 415 417 418 422 423 425 426 431 433 435 437 438 441 444 446 452 453 
87 1 156 162 169 170 171 173 178 184 188 189 194 195 199 202 207 209 211 218 226 229 245 250 253 257 263 265 271 274 276 280 285 287 304 313 315 320 321 341 353 358 361 367 368 369 370 371 373 374 377 383 387 392 395 397 403 405 406 415 416 418 426 429 440 442 446 447 448 455 
128 157 161 166 167 178 180 187 191 194 195 196 202 208 215 219 230 231 248 268 271 280 295 298 299 301 307 311 319 320 352 356 357 358 360 364 366 376 379 388 397 398 404 414 418 425 436 438 441 442 450 458 
207 167 175 176 177 178 179 180 183 190 197 199 206 208 209 215 216 220 225 226 230 231 232 241 245 247 248 250 253 261 264 265 266 267 272 274 275 277 278 282 283 284 286 287 288 289 298 300 304 305 313 315 317 318 320 322 326 330 333 337 338 343 346 348 350 355 356 361 365 367 369 370 373 375 383 384 387 389 392 393 394 395 397 400 401 403 404 405 409 411 413 414 416 420 421 424 427 428 431 432 433 435 438 439 441 442 443 444 447 449 451 455 456 457 459 
19 154 155 157 170 175 176 192 202 204 212 218 220 225 226 228 234 235 237 243 245 252 262 263 267 268 275 281 284 288 296 297 300 315 316 319 324 325 329 334 336 340 345 347 350 361 363 365 366 375 376 379 383 385 405 411 414 415 416 417 419 422 423 424 427 439 441 446 448 459 
54 184 188 202 215 228 236 239 252 260 265 275 293 305 315 323 334 338 353 366 372 385 387 395 408 411 415 424 451 
137 157 191 208 261 342 366 384 392 402 422 
175 168 169 192 208 209 216 239 260 265 282 284 288 297 298 319 371 380 381 426 428 451 453 455 
39 1 155 158 164 167 168 169 170 172 175 177 179 180 182 183 184 185 189 194 195 199 204 205 206 211 216 217 218 224 225 229 231 232 233 240 245 252 261 262 271 275 280 283 285 286 289 290 292 295 296 302 303 307 308 309 312 319 322 323 324 325 329 331 332 335 336 339 340 345 348 349 357 359 361 362 364 365 366 368 370 371 374 381 383 385 387 388 391 393 394 396 400 405 408 409 411 414 415 416 419 425 426 427 430 431 436 437 443 444 445 452 453 454 458 
31 1 154 156 162 165 166 167 171 176 178 180 187 189 194 195 197 198 200 201 202 207 210 215 220 221 226 228 230 236 239 240 241 243 244 245 249 252 255 256 258 259 260 262 263 265 266 268 273 274 276 281 282 287 288 289 290 292 293 311 315 317 321 322 323 324 327 328 331 334 335 336 338 342 343 345 347 351 352 353 354 355 367 368 370 377 379 380 382 386 390 395 396 397 398 406 408 413 418 419 420 425 432 433 447 452 453 455 457 
227 288 308 368 403 
120 1 159 161 167 175 179 185 186 194 204 219 241 244 250 269 289 318 320 323 331 336 344 353 360 363 377 384 392 397 410 
170 157 165 174 177 178 180 181 183 184 185 187 190 195 199 200 207 211 217 218 219 220 222 229 231 233 235 239 249 252 254 255 258 259 261 263 266 268 269 272 274 280 294 295 300 302 305 307 313 316 319 320 325 326 327 335 336 338 342 344 348 349 353 365 366 367 371 373 374 379 380 382 388 399 402 405 410 414 416 417 420 424 429 430 438 440 441 445 447 450 459 
220 162 202 210 216 219 224 232 239 251 258 262 267 272 280 300 309 317 319 328 342 362 370 378 379 383 386 399 409 417 421 424 435 442 445 
218 154 155 156 159 160 163 170 178 181 186 197 198 199 201 206 208 209 212 213 218 222 223 224 225 231 234 235 236 237 238 245 246 247 248 253 255 256 261 263 267 272 278 283 288 290 295 296 300 301 302 311 318 319 329 336 340 347 348 349 354 355 356 359 360 365 368 369 371 372 373 375 382 383 384 385 389 392 398 405 406 408 409 414 418 419 421 423 435 436 438 451 453 
17 155 157 159 162 168 169 174 186 196 201 202 208 223 224 231 234 239 240 247 248 249 270 275 277 290 304 308 310 315 316 321 330 337 357 361 368 369 371 373 380 387 411 412 417 418 423 426 428 432 435 437 443 455 
287 1 154 162 168 178 179 185 188 194 195 196 199 200 202 203 206 207 209 210 213 214 217 218 220 222 224 229 233 236 238 240 241 242 244 246 249 250 253 260 261 263 265 274 276 277 278 279 280 283 284 285 286 287 289 290 291 292 293 306 308 311 313 316 322 323 326 331 336 343 345 346 347 348 353 354 356 357 359 361 363 368 370 371 373 377 383 386 390 393 395 397 409 413 419 420 422 423 424 425 431 434 435 437 438 440 441 445 448 451 452 455 456 
96 157 160 203 211 239 280 287 295 316 324 373 413 
146 154 157 160 164 169 175 176 183 185 194 196 197 199 207 211 213 218 229 238 248 251 269 270 271 273 275 279 282 286 287 308 319 324 328 339 341 347 350 352 354 360 376 379 388 396 401 410 412 422 435 444 447 451 454 
299 205 218 239 252 294 297 372 381 396 412 416 428 436 
19 1 155 158 159 163 164 172 176 177 178 181 184 188 190 191 194 197 200 205 209 214 215 223 225 226 227 237 246 252 263 264 265 266 270 271 273 276 279 282 284 285 287 293 294 296 297 298 302 303 308 309 312 313 322 335 343 347 352 361 374 379 382 383 387 394 402 410 415 416 421 426 427 428 434 435 438 440 442 444 446 448 450 457 458 459 
150 1 156 158 161 166 167 172 174 177 178 181 182 188 189 196 201 206 208 209 211 214 216 222 223 225 226 229 233 241 245 246 251 255 257 259 265 270 276 279 283 284 285 287 290 293 300 304 306 307 308 312 315 317 318 319 321 332 336 337 340 341 345 348 351 353 355 358 361 364 365 373 376 381 382 383 387 391 392 393 395 396 398 400 403 404 410 411 412 417 419 421 425 426 427 428 430 433 434 437 438 439 440 443 451 453 454 457 458 459 
155 155 156 157 165 171 179 193 194 198 201 205 212 213 214 223 224 226 232 251 252 259 264 267 272 278 279 280 286 289 296 298 299 301 312 313 314 325 328 338 340 345 347 355 359 361 369 395 398 406 412 415 427 428 434 441 442 446 451 452 
141 1 154 155 156 158 168 171 174 175 176 177 179 180 183 187 190 191 200 201 209 211 214 215 216 217 220 226 227 232 238 239 242 245 247 248 256 259 265 267 268 269 271 272 274 278 280 281 287 288 289 290 292 293 297 302 303 305 307 310 319 321 323 324 325 326 328 329 333 334 336 337 339 340 341 342 343 345 346 347 348 350 355 358 362 364 365 366 367 370 371 372 381 382 383 390 391 396 398 400 401 402 418 419 420 421 422 424 425 427 431 432 433 435 436 438 440 443 445 447 448 449 451 455 
263 155 156 163 165 169 174 179 181 187 188 189 192 196 198 204 207 209 210 211 215 216 217 220 229 237 238 244 245 248 249 251 252 253 254 258 259 266 269 273 274 277 279 283 284 285 287 290 292 299 302 303 304 305 306 308 310 311 312 318 322 323 324 325 327 328 330 337 339 340 343 344 347 351 353 355 362 363 367 373 376 386 389 390 393 396 398 403 406 413 421 422 427 429 430 431 443 445 449 452 453 456 
20 1 155 156 158 161 163 171 178 186 187 189 190 191 193 194 197 199 200 201 205 207 209 212 215 217 227 228 229 230 231 235 237 241 243 244 246 247 249 251 252 253 258 260 261 263 264 265 271 275 278 280 283 284 286 289 291 292 298 299 301 304 310 312 314 316 319 320 322 323 325 327 328 333 338 344 349 355 356 357 358 359 366 369 374 375 378 380 382 384 387 394 395 399 406 407 409 411 414 415 416 418 419 420 421 423 424 433 437 440 442 443 446 449 451 453 457 
159 155 160 172 189 195 198 200 210 211 215 217 219 220 226 227 236 246 247 279 285 286 289 292 302 303 310 313 324 330 335 338 339 346 350 356 368 371 376 381 382 392 399 407 410 416 427 430 432 435 437 439 440 442 450 454 458 
66 155 158 159 163 166 173 179 181 185 186 190 191 195 199 202 209 213 215 217 218 221 222 225 227 236 238 242 248 255 256 261 262 269 270 275 276 279 281 291 293 296 301 302 307 308 312 315 320 322 323 325 326 327 329 331 333 334 335 337 341 344 346 347 348 349 351 355 358 361 364 365 367 371 375 376 378 382 394 414 419 421 425 431 432 433 435 439 442 443 444 446 447 449 451 453 
295 1 156 160 161 162 165 166 168 171 175 176 177 183 185 186 192 193 194 195 196 199 201 204 205 206 208 213 220 222 225 231 232 236 238 239 240 248 251 255 258 264 265 267 268 275 277 278 280 284 285 288 289 303 306 307 308 309 313 314 319 322 329 336 339 345 347 348 351 354 356 359 360 361 362 369 370 375 377 379 382 387 391 395 397 398 399 403 406 409 415 421 430 431 433 438 439 440 441 449 451 458 
234 157 160 161 167 169 172 174 175 179 181 183 187 190 191 203 204 206 207 210 213 214 215 216 217 223 224 227 229 230 231 237 241 244 245 246 247 248 250 253 255 256 261 262 264 267 269 270 271 273 285 286 293 295 296 299 314 319 321 333 338 341 347 348 360 362 366 373 375 377 380 382 384 387 389 391 394 396 399 403 404 411 412 413 419 432 436 441 443 450 456 457 
246 162 164 166 169 170 172 174 179 180 187 189 190 191 192 193 200 205 212 219 220 231 232 233 237 238 260 263 269 270 273 278 279 281 286 289 292 294 296 303 304 305 309 311 312 316 334 335 337 341 342 347 355 357 360 364 365 373 377 378 386 389 395 397 413 420 434 438 440 450 
48 154 156 158 165 170 173 177 185 187 188 189 190 192 203 208 211 222 223 231 232 236 237 238 239 240 244 248 256 257 262 263 264 265 266 268 270 271 275 276 278 280 281 282 283 287 288 290 291 293 294 297 301 302 303 305 307 313 316 317 318 319 323 324 325 328 331 332 335 336 337 344 353 356 364 367 368 370 372 376 377 389 391 393 397 402 405 406 409 410 411 412 414 422 434 438 446 450 451 
199 158 162 164 170 171 174 178 181 183 184 190 197 204 205 208 216 218 229 231 235 249 254 255 257 266 268 269 273 276 280 288 294 298 299 302 304 307 324 330 342 347 356 365 367 368 374 375 376 377 378 386 387 395 398 399 406 413 415 421 
73 1 156 158 160 163 165 172 182 183 188 193 196 206 209 215 231 240 241 247 251 252 253 269 276 278 306 313 331 335 368 374 375 378 381 383 385 386 391 397 400 401 408 410 411 415 421 425 431 439 444 447 459 
292 158 162 168 177 181 186 192 194 200 208 223 224 225 230 231 233 238 239 243 245 246 247 248 249 250 260 265 268 269 272 288 293 299 301 311 312 314 317 318 324 327 331 338 342 355 356 362 366 377 383 395 403 416 426 434 437 440 441 445 446 449 451 456 457 
116 156 162 169 177 183 186 190 191 196 200 203 210 214 217 223 230 233 234 238 241 260 275 285 291 293 300 304 316 319 325 327 328 333 338 356 360 362 366 372 383 387 390 392 396 399 400 401 403 411 413 414 417 418 426 436 441 444 449 452 453 458 459 
73 1 171 202 213 217 236 241 252 255 274 281 306 313 314 331 376 387 415 445 448 
284 154 158 159 162 163 166 170 174 175 176 181 182 185 188 189 191 193 194 198 200 204 207 208 209 211 212 213 217 219 220 221 227 229 231 234 237 238 241 242 246 247 254 257 259 260 261 264 271 274 279 283 284 288 289 298 302 304 306 309 310 312 315 316 319 320 326 327 328 331 336 341 342 343 347 349 350 351 353 354 357 362 365 366 367 370 372 384 387 388 389 397 399 400 403 407 411 413 414 419 421 425 431 433 434 436 439 440 444 447 448 451 452 453 455 457 458 459 
233 154 157 165 166 169 179 181 189 196 199 208 209 211 218 219 230 232 233 237 241 247 255 262 264 275 276 277 280 281 284 294 304 327 332 333 346 350 355 363 366 370 372 377 382 387 388 396 408 414 420 437 438 439 446 447 452 
162 154 160 172 176 179 184 192 212 213 218 225 229 248 249 261 278 284 290 293 298 303 315 318 330 348 370 373 391 410 411 417 419 423 429 453 459 
137 160 176 185 189 233 238 246 251 261 263 294 308 361 376 392 405 410 417 423 437 444 446 
100 158 159 161 164 166 167 169 171 177 181 183 194 198 201 209 215 217 218 219 223 233 236 251 254 257 260 267 270 272 281 285 289 296 297 298 304 307 308 310 311 313 319 325 330 333 339 343 344 360 367 379 393 395 397 398 399 400 401 405 407 410 419 421 428 429 433 439 442 450 453 
173 164 185 190 205 219 231 257 262 263 294 325 345 353 388 423 425 
203 158 160 163 164 171 172 178 187 190 194 195 198 199 200 201 206 207 208 211 213 216 219 225 232 234 235 238 240 241 242 245 246 247 251 253 258 260 262 263 264 267 274 279 281 284 285 287 289 290 291 300 301 302 303 305 307 308 311 317 320 324 335 336 337 339 342 345 346 347 349 352 356 357 358 359 363 364 369 373 375 378 381 382 383 384 385 387 388 389 396 402 403 406 407 410 413 414 418 419 432 433 434 437 441 442 449 450 453 454 457 
83 163 170 176 187 192 193 202 203 209 213 217 218 231 248 267 270 271 277 282 289 303 308 310 323 327 335 355 369 379 385 391 395 409 430 436 445 452 454 457 
78 155 175 176 181 196 205 209 225 229 238 244 246 247 249 258 260 261 268 273 275 278 279 302 303 304 305 322 326 330 350 352 354 357 362 365 374 375 379 389 397 401 407 414 418 423 426 427 445 449 454 458 
163 154 156 161 164 165 167 169 179 189 197 203 204 205 208 213 220 221 233 234 249 283 291 292 299 306 309 313 329 338 339 344 351 363 369 378 380 382 385 386 390 392 395 398 400 405 423 432 434 438 445 453 
289 157 160 173 187 224 263 275 279 291 308 313 315 346 359 390 406 426 439 
156 156 162 165 167 168 182 196 197 205 213 227 261 309 355 372 379 386 418 425 426 
215 158 159 162 167 169 172 176 179 181 189 199 204 208 209 213 223 224 226 227 229 233 234 237 239 242 245 250 251 252 256 260 261 263 264 267 268 269 273 274 275 277 282 288 289 291 293 304 306 308 309 311 312 318 319 321 327 331 332 334 344 348 353 356 361 362 363 365 370 376 377 378 385 394 406 409 418 419 424 425 427 432 435 448 456 457 459 
123 156 159 160 164 166 168 171 173 174 176 177 178 179 183 184 188 189 190 192 194 195 197 198 200 210 213 216 217 219 221 226 230 231 232 235 238 239 241 242 258 261 262 264 266 267 269 270 271 272 280 281 282 283 287 288 291 293 294 300 302 303 308 309 313 315 321 323 325 326 330 331 332 333 335 345 347 349 354 356 359 361 362 367 369 371 372 376 377 381 382 384 385 387 389 392 393 394 397 400 403 407 414 417 419 420 422 425 426 427 428 434 435 436 442 444 446 448 453 454 458 459 
201 178 180 181 196 208 215 224 235 237 254 265 268 271 279 294 303 325 333 334 339 354 356 366 370 375 404 409 423 426 427 443 453 
82 1 154 156 157 159 160 165 166 178 182 185 186 190 191 195 207 208 211 212 220 223 226 233 234 236 238 240 242 245 246 247 248 251 252 254 258 259 260 262 265 271 273 277 279 283 287 288 290 292 293 294 295 299 303 307 308 310 313 322 323 325 326 333 334 336 339 341 343 348 350 351 352 357 361 363 367 369 371 372 374 375 376 379 380 382 389 391 392 398 403 405 411 413 417 419 420 423 427 430 431 439 443 445 447 451 452 453 454 456 459 
155 161 164 172 173 176 178 180 184 189 191 195 202 205 211 213 215 216 217 219 229 233 235 244 252 253 255 258 261 266 268 270 271 273 274 277 278 288 293 295 296 298 300 301 304 307 308 317 330 333 334 335 343 346 348 349 351 360 365 366 377 383 385 386 391 392 393 394 396 400 410 413 416 418 425 428 429 437 440 441 445 448 449 452 454 455 456 
250 156 195 217 221 226 227 234 249 253 273 285 292 317 319 349 352 357 375 415 419 431 442 446 
190 1 156 158 160 175 180 182 183 184 187 189 194 195 201 208 212 220 223 233 234 237 240 242 247 253 259 260 262 263 268 273 278 281 285 288 293 304 311 314 321 322 323 328 333 335 337 341 343 345 351 354 359 361 362 365 384 391 392 393 398 402 403 405 406 407 410 413 416 417 423 426 427 429 433 439 446 447 448 449 450 451 453 455 
158 155 156 164 165 167 172 175 176 180 186 187 192 193 194 195 198 199 203 205 206 207 209 211 213 217 218 220 221 228 230 233 239 243 244 245 247 250 251 253 254 257 258 262 270 271 274 276 285 286 288 289 290 293 299 300 302 307 309 310 315 317 318 326 327 331 333 336 337 339 343 344 347 349 353 355 356 357 358 365 367 372 373 374 379 385 387 388 390 393 406 408 409 418 424 425 427 428 432 440 442 447 456 457 
128 164 167 171 174 175 178 185 221 223 224 241 244 245 247 248 258 269 276 282 283 290 291 294 302 308 320 325 332 348 359 364 370 378 387 394 395 401 406 417 419 434 437 438 441 442 449 451 456 
247 1 161 165 174 175 182 188 192 195 206 207 215 229 231 236 237 239 240 254 257 258 259 266 272 279 287 294 301 315 320 324 326 331 332 333 336 343 346 351 357 358 367 369 372 373 379 386 393 397 413 425 428 432 435 442 446 448 
299 1 154 155 159 164 167 168 174 177 178 180 187 190 191 196 197 199 200 201 209 212 214 215 216 220 227 234 238 239 249 253 254 257 258 259 260 262 267 272 273 275 280 282 284 285 289 290 297 298 301 303 304 307 309 310 311 312 318 333 335 345 347 350 356 358 359 364 366 367 369 371 372 373 374 379 380 381 382 385 386 387 390 394 398 399 403 404 410 413 415 418 419 422 424 436 437 440 441 447 448 453 454 
167 1 154 156 158 160 161 162 167 168 170 171 173 174 176 182 190 191 193 194 199 200 201 203 205 206 211 214 216 217 225 226 227 228 230 233 237 246 247 250 251 257 262 263 265 266 267 268 272 273 282 285 288 290 291 294 296 298 299 301 306 309 311 312 314 318 321 323 332 334 335 344 347 348 352 353 357 358 359 360 363 364 369 371 372 373 376 379 380 381 390 393 396 402 403 404 411 413 415 416 418 419 422 423 425 432 438 439 440 443 444 448 450 452 455 458 459 
199 1 156 165 166 172 179 180 183 186 190 195 196 201 202 204 208 210 212 213 214 215 216 220 225 226 231 233 235 239 241 242 243 250 251 253 254 256 263 264 268 269 272 273 275 277 281 283 285 288 289 290 291 293 294 297 298 304 305 307 312 321 325 328 329 331 335 337 340 341 345 349 351 356 360 363 366 370 372 374 380 386 392 393 398 403 404 405 409 411 412 415 417 418 423 429 433 436 441 446 449 451 455 457 
110 161 162 165 171 174 193 196 201 209 226 253 266 267 275 285 310 315 343 400 425 
276 155 156 157 158 159 160 162 163 169 180 182 183 187 188 189 196 202 212 214 218 225 226 230 232 244 245 256 261 263 264 265 267 273 274 277 278 280 281 284 286 288 290 294 295 296 297 298 301 303 304 306 307 310 311 314 320 321 324 328 334 336 343 348 356 369 372 379 382 384 387 389 397 398 400 401 410 414 418 426 433 440 443 444 448 454 457 458 
111 155 162 165 166 167 172 176 178 180 186 187 188 202 204 208 211 212 214 219 224 231 232 234 235 241 242 244 252 256 267 270 271 283 284 287 288 289 291 294 296 302 304 309 314 316 327 328 329 330 331 335 336 337 338 339 349 350 351 354 356 358 359 368 373 374 376 382 391 394 395 396 398 399 400 401 404 409 410 417 419 421 424 429 436 437 439 445 446 447 450 451 454 455 457 459 
16 154 165 167 168 173 176 178 179 183 190 193 196 197 204 208 219 222 224 227 229 230 232 246 247 255 256 257 258 260 275 277 278 279 282 283 286 292 297 299 304 309 312 314 315 321 322 324 329 334 337 341 348 349 350 351 357 358 360 367 369 370 372 376 377 379 380 388 392 400 404 417 418 419 424 427 430 432 433 444 446 447 448 449 452 453 454 457 
20 1 154 155 156 159 167 170 176 177 178 181 182 186 189 192 193 194 196 199 200 201 203 204 208 209 210 212 214 215 218 221 223 227 232 233 236 237 238 241 242 245 246 250 256 258 259 263 264 266 268 269 270 273 276 277 278 282 283 292 293 296 297 300 308 309 312 313 320 322 328 329 331 334 337 338 341 345 346 348 353 356 357 362 364 367 368 371 372 381 384 385 386 391 394 398 400 401 402 403 406 409 411 418 420 421 423 424 430 431 441 444 448 454 
238 293 225 282 1 109 79 248 151 123 258 259 98 256 234 228 268 255 151 242 204 125 111 85 152 165 77 25 162 250 220 203 174 63 111 192 282 208 218 67 75 92 131 120 195 203 126 249 244 33 88 79 288 22 162 111 108 4 189 117 242 298 211 136 177 83 181 7 250 74 154 138 130 104 242 145 235 24 253 276 4 210 34 164 168 90 100 300 130 109 221 75 14 227 173 182 149 143 270 237 165 97 294 227 85 109 267 291 98 148 59 282 29 103 280 39 171 67 113 136 187 150 180 54 212 150 254 231 99 216 72 160 131 99 181 54 95 262 254 129 73 51 69 12 28 130 76 206 11 33 67 118 122 85 109 75 106 22 153 218 172 245 43 58 146 167 173 208 4 60 240 159 280 105 250 62 80 289 159 149 130 170 107 156 285 151 131 64 162 60 117 207 119 254 91 142 103 103 75 229 219 159 232 164 79 251 280 260 87 268 115 210 201 69 87 145 270 8 168 25 127 37 30 294 239 126 222 51 142 184 68 207 15 72 1 165 182 96 16 112 146 276 33 73 189 222 190 99 296 229 263 253 69 167 47 272 202 282 141 106 253 136 79 188 199 185 194 50 104 206 236 223 109 238 70 64 126 253 44 208 239 208 76 48 255 63 165 269 206 173 268 243 280 255 46 72 180 2 24 152 290 96 174 243 297 131 45 202 214 232 69 174 300 92 181 165 300 300 287 288 133 17 195 265 169 173 134 77 274 182 224 9 285 263 163 288 12 190 169 187 291 211 199 238 153 89 215 167 27 176 289 238 40 258 57 164 63 267 204 201 30 258 218 226 124 90 209 46 250 8 157 135 167 109 202 289 92 6 226 284 127 258 67 54 37 202 202 81 245 75 9 59 67 18 45 194 45 215 77 290 241 74 288 102 211 94 244 41 25 244 216 181 93 123 7 182 98 256 194 46 169 250 27 128 9 248 95 58 19 174 23 52 297 95 245 13 96 149 41 192 5 44 21 199 192 102 34 281 206 214 153 154 48 14 83 172 287 157 247 
