308 462
12 175 178 199 208 217 253 268 271 279 297 320 356 367 370 378 381 403 422 423 426 446 462 
35 156 157 160 166 167 168 182 195 202 203 206 209 222 224 226 231 234 235 242 244 251 254 262 270 278 279 284 287 292 295 300 302 312 313 323 333 334 336 348 355 357 364 368 375 376 387 388 389 393 396 398 399 400 403 405 408 410 418 438 439 441 442 448 
162 340 433 459 
252 155 205 216 223 239 257 271 286 301 303 308 312 322 328 343 346 351 352 358 367 368 378 379 382 386 401 411 413 428 431 437 448 456 460 
30 155 164 168 204 206 243 259 286 291 322 332 334 335 351 357 370 382 392 394 425 457 
8 158 159 161 166 167 169 173 174 178 182 186 188 190 193 198 209 213 216 222 223 227 233 244 251 252 254 256 262 267 268 271 275 283 290 294 308 312 324 325 330 335 340 341 344 348 354 356 360 363 364 384 393 395 400 402 404 417 423 428 429 430 437 444 447 460 
36 157 159 160 162 165 172 173 176 179 180 182 183 184 188 192 203 204 206 209 214 215 218 222 225 226 229 231 236 238 242 244 246 252 255 259 267 268 271 272 275 281 291 296 297 298 299 302 303 304 305 306 308 313 314 318 321 328 330 331 332 333 334 336 337 338 339 340 346 348 349 353 355 357 359 362 366 369 370 378 379 383 384 389 390 391 392 393 394 395 399 403 404 405 407 409 412 417 420 421 423 426 427 431 432 437 442 443 445 446 448 450 453 454 457 461 
201 1 162 166 198 200 202 205 223 225 237 295 296 314 322 332 337 361 362 373 383 405 410 411 416 420 430 446 448 452 454 456 458 
205 1 160 168 170 173 176 179 181 185 189 193 196 197 199 200 201 219 222 223 226 240 242 243 244 245 249 252 256 257 258 259 266 272 283 284 287 288 290 292 293 297 300 311 314 319 320 323 326 329 331 335 339 340 345 351 353 358 360 361 363 366 369 370 378 386 387 395 398 400 402 413 418 422 429 432 433 436 439 441 445 454 456 459 
214 1 155 158 159 160 164 169 171 174 176 177 178 179 181 184 189 191 192 199 202 205 213 214 218 222 226 227 231 232 233 234 239 240 242 251 254 255 256 262 263 267 269 274 280 285 289 292 299 300 305 314 316 318 321 331 332 335 336 337 339 342 344 346 351 355 356 357 359 362 368 372 377 378 379 382 386 389 394 396 400 408 412 419 420 432 435 436 437 439 440 443 445 447 448 449 453 457 460 
235 155 158 160 168 171 172 179 180 181 185 186 189 190 197 198 199 204 207 208 211 212 214 220 224 225 239 240 245 250 252 253 256 258 259 271 273 277 278 280 291 295 296 299 302 307 310 312 315 321 323 327 329 331 332 333 345 346 352 356 357 360 365 366 367 368 376 378 379 382 383 389 398 399 414 417 419 421 422 436 439 444 445 447 449 451 452 457 458 460 461 
254 159 162 177 186 191 226 227 251 260 262 267 272 275 287 297 307 324 327 341 370 379 416 435 446 447 450 453 456 
72 158 306 392 
262 155 158 162 163 164 167 171 180 184 188 189 196 198 199 202 204 205 207 208 212 214 215 216 217 218 227 234 237 247 252 255 258 265 268 273 275 277 278 283 284 287 288 289 291 292 293 294 296 298 299 303 305 306 308 317 318 324 325 326 329 330 332 333 335 336 339 340 342 343 346 348 351 353 355 358 363 366 367 370 371 372 374 379 380 385 391 393 394 395 399 404 405 407 408 410 412 413 414 415 417 418 419 420 422 423 424 427 428 429 433 441 442 446 447 453 454 456 459 460 
230 160 162 163 165 169 172 173 174 179 180 183 187 188 191 194 195 198 200 201 204 206 207 213 221 222 223 224 226 232 234 239 240 244 246 247 251 253 254 258 261 265 272 274 276 280 284 286 288 293 298 301 303 304 305 306 310 312 325 330 335 339 342 346 349 351 359 361 368 372 373 376 379 380 381 383 387 390 394 395 397 398 399 401 403 406 408 413 414 415 429 432 433 436 439 442 443 445 447 458 
173 168 173 174 176 191 192 194 196 199 206 210 230 244 248 250 253 256 264 269 271 298 325 331 332 334 335 344 346 348 350 364 366 376 387 392 405 408 413 414 415 417 419 420 425 429 431 437 440 451 455 457 462 
148 157 158 160 166 167 168 173 174 183 190 193 198 199 202 203 204 208 209 210 211 218 222 223 224 226 230 232 237 244 247 248 250 253 255 256 258 264 266 267 268 271 272 274 276 278 283 287 289 292 293 295 304 305 306 308 309 310 312 313 315 316 319 321 322 323 327 328 334 341 347 350 352 354 355 357 358 359 361 363 365 366 367 370 377 380 383 389 398 401 402 403 404 405 406 408 410 412 420 427 430 434 438 445 446 448 450 455 
264 169 173 178 181 195 200 203 211 220 237 247 250 251 253 260 262 264 267 269 274 277 295 298 301 303 306 312 313 322 323 338 339 340 343 362 370 373 379 383 401 422 429 431 433 434 435 440 444 449 455 459 461 
10 156 158 164 171 179 183 184 185 192 202 212 214 229 235 237 248 254 257 263 273 275 276 280 283 288 295 296 298 303 306 311 319 320 330 340 341 353 357 365 369 372 377 386 388 397 399 419 425 440 442 445 447 451 456 
84 161 164 166 168 174 176 180 183 184 193 206 208 214 217 219 227 230 233 234 244 251 254 257 258 261 270 275 280 285 292 295 300 315 318 319 330 331 333 347 348 349 360 366 373 374 384 398 400 401 406 425 426 428 431 433 441 442 447 461 
65 157 161 163 169 170 171 173 174 176 177 180 183 185 187 188 192 196 198 199 205 212 218 220 224 225 230 233 239 241 243 246 257 259 261 265 267 269 270 271 272 274 277 283 285 289 293 299 300 306 308 309 311 314 316 318 319 321 324 328 330 333 334 335 341 342 343 348 350 356 358 360 362 365 368 369 371 372 374 378 380 383 389 392 393 394 396 397 398 399 403 408 409 411 413 414 417 420 423 425 426 428 431 432 434 435 436 442 446 447 452 457 460 461 462 
231 155 156 162 165 167 170 171 174 177 180 182 186 187 190 191 192 197 202 203 206 208 214 215 216 218 228 229 230 231 232 234 237 242 243 246 247 248 249 252 253 255 256 257 258 261 262 266 267 278 284 286 287 289 290 294 299 301 305 308 309 313 315 316 319 321 322 324 325 327 328 330 332 335 337 338 341 342 350 352 356 357 358 362 363 365 367 370 372 374 376 385 391 394 395 396 397 399 403 405 409 412 413 415 421 423 428 434 437 438 439 440 442 446 447 448 453 457 460 462 
14 159 160 161 163 175 188 190 193 194 197 200 206 207 210 216 224 227 230 240 243 247 248 251 252 253 255 258 269 277 280 283 285 291 292 294 296 297 298 304 308 315 317 321 330 333 340 343 358 359 362 364 365 366 370 374 385 386 399 408 414 415 419 425 433 435 438 450 457 
271 155 166 168 178 184 192 196 197 202 203 211 220 223 225 226 231 236 246 249 250 267 288 296 299 301 304 305 309 322 334 335 341 347 363 367 370 398 415 418 429 431 435 445 448 
36 1 265 313 354 385 
41 167 230 301 334 359 389 402 433 451 
211 155 164 169 171 172 178 183 189 193 209 221 223 233 234 239 240 246 254 256 259 260 264 265 268 269 287 290 291 292 297 299 303 304 328 330 333 337 341 343 345 355 361 368 369 379 384 388 394 399 411 416 417 424 428 429 433 439 444 445 448 450 459 
159 158 162 164 173 184 189 193 197 199 203 209 214 222 226 228 258 263 265 273 274 280 287 290 293 299 302 315 318 322 326 331 335 346 354 355 359 360 365 382 383 393 402 406 411 419 432 439 441 443 447 461 
269 156 157 158 160 161 162 163 165 174 177 178 179 184 187 188 192 193 194 197 203 205 206 209 210 211 212 213 217 220 221 222 223 226 227 231 238 240 243 246 248 253 256 260 266 267 270 272 273 277 279 286 290 292 293 297 300 303 306 309 310 312 314 315 317 324 325 329 330 331 333 334 337 340 343 352 356 357 360 362 365 371 374 376 377 379 380 393 395 396 398 403 404 405 410 412 416 421 422 424 425 428 431 433 434 440 441 443 445 446 447 448 455 457 459 
195 188 193 194 305 312 370 440 
122 166 177 179 181 218 225 305 342 392 408 446 450 
18 162 176 180 188 196 197 199 218 226 229 232 243 245 252 254 262 266 268 275 279 281 282 284 294 300 305 310 332 340 341 347 350 352 356 360 363 365 388 399 402 405 423 424 427 428 458 460 
135 158 172 196 203 208 214 222 224 228 248 261 262 285 289 291 293 300 309 314 320 322 324 343 355 368 374 375 412 426 427 433 447 458 
296 156 158 159 160 166 168 174 175 179 180 181 183 184 187 188 190 191 193 197 199 200 205 206 207 208 209 211 213 217 220 221 224 228 236 241 244 249 250 251 255 260 261 263 265 266 267 276 281 284 286 287 289 293 295 298 299 309 310 312 313 314 318 320 323 324 326 327 333 335 336 341 342 346 351 358 363 369 374 375 377 380 383 386 388 389 390 392 397 405 406 408 409 410 412 417 418 419 421 422 423 429 430 433 434 435 437 438 442 452 453 454 458 460 461 462 
72 164 173 176 178 179 180 185 196 201 203 208 213 217 224 226 229 242 250 258 263 269 283 291 293 299 301 304 305 314 327 328 329 340 341 364 368 374 375 377 385 386 387 403 406 415 419 420 426 432 439 440 441 443 445 
15 1 156 158 160 162 163 167 170 171 173 174 179 191 195 196 198 201 202 206 211 219 220 221 231 232 233 236 238 242 243 244 246 247 250 251 253 255 260 263 264 266 272 273 275 277 281 285 291 293 295 296 297 300 302 304 306 308 311 312 313 315 318 322 330 331 334 335 340 344 347 349 350 357 358 362 364 366 368 373 374 376 377 379 384 385 386 388 395 397 399 400 404 406 407 409 412 417 419 424 427 429 430 431 436 438 439 443 445 448 452 455 458 461 462 
14 415 433 
245 158 169 172 181 185 191 199 204 223 226 229 233 240 242 254 256 260 262 269 304 311 316 319 325 333 334 339 352 353 356 368 374 383 392 393 404 409 413 414 418 425 427 428 449 450 454 456 
56 156 165 169 174 175 177 178 180 182 185 188 199 205 210 213 214 217 221 228 229 234 241 245 246 248 253 255 260 262 263 268 270 271 273 275 281 284 285 287 289 294 296 300 306 307 311 318 321 328 336 339 340 346 347 348 353 355 356 361 368 369 374 379 400 405 408 413 417 418 426 428 433 442 447 449 450 455 460 
55 161 164 165 167 191 195 203 206 211 212 220 225 239 242 250 254 260 263 272 273 276 277 294 308 322 334 349 382 388 392 397 417 425 437 441 
216 172 173 188 200 201 204 210 214 252 258 262 267 270 273 275 281 286 306 316 317 319 322 328 332 339 341 345 350 355 356 369 371 372 379 386 387 412 416 420 435 439 448 454 460 
59 1 160 161 163 164 165 168 169 178 181 182 183 184 185 186 192 194 197 198 203 209 212 225 227 230 232 234 237 243 245 251 252 256 257 258 259 267 269 270 271 275 278 280 281 283 286 290 293 294 296 298 299 300 301 302 305 307 308 313 315 316 317 320 321 322 324 326 328 334 335 342 346 352 353 356 359 360 362 363 365 366 372 375 377 381 385 388 389 391 394 395 399 401 402 412 415 416 418 420 421 424 427 428 429 430 431 432 435 438 439 442 443 444 445 456 458 460 
24 1 162 163 165 168 177 180 186 187 189 193 196 198 203 204 205 210 222 229 233 235 240 242 243 250 255 260 261 268 271 272 273 274 276 283 284 288 290 292 294 295 297 298 304 306 307 313 322 324 326 328 334 353 357 360 368 371 375 377 379 395 398 399 405 409 412 413 418 419 428 430 432 433 439 440 441 444 447 452 459 460 
269 159 163 173 176 177 197 198 201 217 220 227 243 251 254 281 288 294 296 300 303 305 313 314 321 326 330 332 333 336 344 369 370 388 402 405 409 419 423 424 428 440 441 444 447 449 456 461 
280 155 157 158 163 165 167 174 175 176 179 182 188 191 192 193 196 200 202 203 204 209 226 227 233 234 246 247 248 249 255 259 260 262 265 269 272 279 283 285 286 287 288 294 300 301 303 305 306 307 317 318 320 322 324 325 331 332 335 336 337 340 342 347 351 352 354 356 361 364 366 367 369 370 373 375 376 377 380 381 385 392 393 396 398 403 405 406 410 416 417 418 421 423 431 436 440 447 453 457 461 
35 158 166 167 168 169 172 174 175 176 182 186 188 189 191 192 196 197 202 206 207 214 216 219 230 248 264 266 275 283 293 310 311 325 331 338 352 360 361 362 369 378 384 389 392 393 398 409 412 452 456 457 
88 1 157 161 168 172 179 182 183 184 185 187 190 193 195 196 198 200 201 204 206 211 215 217 218 222 224 236 240 244 249 250 254 256 257 261 267 269 275 279 281 282 283 286 288 289 290 292 295 307 320 324 328 334 335 341 349 351 355 359 364 365 366 367 373 375 391 396 401 402 403 413 416 418 420 421 427 428 430 431 432 435 439 440 444 445 446 447 450 460 461 
85 155 160 163 164 165 169 175 176 181 183 184 185 187 188 193 194 195 196 199 200 201 202 205 212 216 219 220 221 225 228 229 236 240 243 245 250 253 254 256 257 258 259 260 265 266 272 275 276 278 282 283 285 286 287 289 290 292 293 301 302 305 307 308 309 311 317 318 326 327 328 331 332 338 339 341 342 343 344 348 349 354 358 359 364 368 372 373 375 376 380 383 387 390 391 393 394 398 405 406 407 409 411 416 421 424 425 428 430 434 435 439 444 446 447 448 449 460 
294 157 160 175 179 181 188 199 206 214 215 223 224 227 231 234 248 249 264 272 277 279 281 301 302 303 305 308 312 315 316 320 321 323 327 328 345 352 373 374 380 388 393 399 400 412 415 436 443 444 456 457 462 
220 157 160 168 169 176 183 185 194 195 196 203 213 220 226 227 229 230 233 235 236 238 245 246 248 250 253 259 267 272 274 279 281 282 283 287 302 308 310 313 314 316 318 321 324 327 337 346 352 357 362 365 386 389 394 399 404 410 417 422 434 443 447 451 
266 169 176 182 184 185 188 199 205 206 210 218 219 224 232 235 241 242 243 244 248 249 255 261 266 270 274 276 282 284 293 296 299 300 304 309 312 317 320 321 326 328 335 336 342 343 345 349 350 355 356 357 359 360 363 365 370 371 377 386 392 395 396 398 404 410 412 419 423 424 426 427 429 433 434 438 439 445 452 460 
246 156 252 257 262 272 318 366 378 439 450 
268 1 157 159 160 168 172 174 180 181 184 185 187 193 196 199 206 207 208 209 210 211 219 222 226 227 228 229 230 231 235 236 237 242 243 246 247 253 257 260 269 270 271 273 275 279 281 282 284 289 290 292 293 295 299 300 302 305 306 307 312 313 314 317 318 319 320 321 329 331 332 333 334 339 340 343 344 346 347 349 352 353 354 356 361 362 363 367 368 370 373 375 378 380 383 384 385 387 390 392 393 394 399 403 404 406 407 408 410 414 415 418 420 424 429 437 441 444 448 449 450 452 453 455 458 
223 155 160 168 173 180 184 185 187 191 204 211 214 218 221 224 227 233 236 238 242 244 251 253 254 261 262 265 269 276 286 291 296 300 302 309 310 317 323 325 326 328 330 332 333 340 344 348 349 355 356 357 363 365 366 367 368 371 372 373 376 382 389 396 401 405 409 410 412 416 418 419 422 432 435 442 443 445 446 447 452 453 459 
255 171 172 186 215 271 279 292 318 323 324 355 370 384 386 396 427 433 
51 163 171 174 175 178 185 190 211 213 222 223 238 241 269 273 282 289 305 306 308 317 328 336 344 349 370 376 379 381 394 404 407 409 419 429 439 457 
73 161 162 163 164 166 167 169 170 172 174 175 176 177 178 180 181 187 188 189 190 195 196 198 200 202 204 205 209 213 214 218 219 221 222 227 230 233 234 236 248 250 251 258 263 264 271 273 275 280 283 287 288 289 292 297 298 299 303 305 307 312 315 316 319 322 324 325 331 334 335 339 340 349 351 353 360 362 363 365 366 372 374 382 383 385 391 392 394 395 396 397 399 404 406 407 408 413 414 420 421 422 423 425 428 430 431 435 436 440 443 447 451 452 453 454 
128 161 165 172 185 187 191 201 221 229 235 240 251 252 253 260 261 266 280 286 296 299 302 310 314 330 332 338 340 357 358 366 368 371 401 406 418 423 429 442 450 451 456 458 
96 156 158 168 171 174 176 178 183 186 188 193 199 200 202 210 214 215 221 223 229 233 234 240 255 257 276 277 282 285 290 291 300 306 315 317 321 335 340 342 343 344 346 348 350 361 362 365 367 371 372 374 375 376 377 383 384 391 392 393 397 400 402 404 405 406 412 424 427 429 433 434 435 437 439 444 452 459 
205 1 155 157 160 161 162 164 165 168 172 175 184 186 188 189 191 193 197 199 201 205 207 208 214 215 218 219 220 221 222 229 230 231 233 235 237 238 239 242 246 247 251 253 255 259 260 262 263 265 267 268 269 270 272 279 281 283 287 290 295 299 300 303 304 305 314 317 318 319 323 327 329 336 337 338 339 343 347 348 349 352 353 357 360 361 362 364 365 366 372 380 382 385 388 389 393 396 397 399 400 404 407 408 412 415 417 418 420 421 435 437 449 452 453 454 457 462 
228 1 155 183 185 189 193 203 214 224 240 241 244 249 260 264 272 275 277 289 296 298 310 330 346 358 366 385 388 400 402 407 413 415 424 442 450 455 459 
14 156 171 174 175 177 191 195 197 213 237 240 249 250 251 254 260 268 284 287 304 319 328 351 361 368 372 388 395 396 409 411 414 428 444 459 
4 1 158 159 161 173 177 178 180 183 184 185 187 188 194 197 199 203 207 209 211 216 219 220 221 224 235 239 243 244 246 248 254 255 260 263 264 270 274 282 283 284 286 287 300 303 306 307 308 312 313 318 320 321 326 328 330 332 334 337 338 339 342 346 362 363 365 366 367 368 373 374 378 387 388 392 393 394 399 400 407 410 411 419 421 424 425 428 433 434 436 439 445 447 448 451 452 456 458 460 461 462 
57 1 155 158 160 171 181 187 193 195 203 213 217 234 239 250 251 252 256 262 265 268 270 278 279 296 297 300 301 305 307 313 318 322 329 334 339 340 342 343 344 360 362 363 364 372 376 378 382 388 391 398 400 405 414 416 423 435 442 450 
235 168 170 195 197 202 205 243 256 259 266 277 284 288 336 361 366 367 381 400 402 405 410 412 414 416 426 431 439 445 446 458 461 
259 166 184 193 199 208 214 219 238 246 249 286 288 294 297 299 305 329 333 338 344 350 362 364 365 366 370 378 411 421 428 434 438 443 453 460 
284 158 162 174 177 181 182 183 185 187 188 190 205 207 211 212 213 218 226 235 247 252 256 257 261 264 265 266 268 269 276 289 296 303 313 315 319 320 331 341 342 347 349 356 363 374 376 381 382 386 393 399 412 413 425 427 431 452 455 457 
21 159 163 164 165 166 169 170 171 176 178 182 183 192 194 195 196 197 198 207 210 213 216 218 219 221 224 225 226 227 232 237 238 243 244 246 250 253 254 256 259 263 264 271 273 276 277 278 282 284 289 290 292 294 295 296 298 301 308 309 310 311 313 315 321 322 324 330 331 332 333 342 344 346 349 353 358 361 363 364 367 370 376 377 378 380 383 384 385 391 392 393 396 398 399 403 406 410 411 412 413 416 418 419 420 422 423 425 427 431 435 438 439 448 449 455 456 459 
165 155 157 160 161 162 163 166 168 177 181 186 194 202 204 205 207 209 222 241 243 245 249 255 261 264 266 269 280 289 292 295 302 304 305 307 310 316 329 332 333 334 341 345 364 366 370 374 375 377 385 392 395 398 399 400 401 404 416 419 427 430 431 432 434 438 439 440 443 449 454 457 
22 156 159 160 164 174 177 179 180 187 188 190 191 194 204 212 213 215 218 234 241 256 273 275 276 280 282 283 284 286 289 291 292 296 303 305 307 310 315 318 319 323 331 333 349 350 351 353 358 359 363 367 369 373 374 383 386 387 389 390 391 403 407 408 412 422 427 439 441 442 444 446 449 452 457 
86 156 159 166 169 176 179 181 184 186 192 194 197 200 202 204 213 218 220 224 226 230 240 243 244 249 250 251 257 261 262 265 273 278 281 282 285 286 290 291 295 297 298 306 312 314 324 326 329 330 333 334 340 341 343 345 347 352 353 359 360 361 364 369 371 372 374 377 379 382 384 385 386 387 389 391 392 394 396 399 401 408 411 412 413 415 417 419 420 421 422 425 430 432 436 441 452 455 457 461 
72 163 170 171 175 179 184 185 186 187 191 200 201 204 206 207 209 210 212 216 218 221 224 225 227 228 235 238 240 243 249 250 256 260 261 262 265 267 268 271 274 278 279 280 284 285 286 288 290 293 297 298 307 309 311 312 313 315 318 319 323 326 331 334 337 338 340 341 343 344 345 346 347 349 356 357 363 367 369 371 372 373 374 388 389 390 391 392 394 395 397 408 411 413 414 417 422 423 427 428 430 431 434 436 437 440 442 448 449 450 452 455 458 
203 1 155 156 163 174 178 180 186 204 211 218 248 254 257 277 280 281 289 306 309 320 321 326 331 338 354 361 373 377 382 384 391 395 402 403 405 414 417 419 421 426 433 438 441 442 443 448 449 450 461 
249 160 165 169 172 174 175 176 180 183 184 187 191 193 198 201 206 207 208 209 210 211 216 217 219 220 226 228 230 236 240 244 249 252 255 256 267 269 272 278 280 285 288 292 295 297 298 302 303 304 309 313 316 320 323 324 329 331 335 336 341 342 345 346 348 356 360 364 367 369 371 372 377 386 387 389 392 396 400 403 404 410 415 423 429 430 431 434 435 438 440 441 442 445 450 461 462 
61 382 
245 162 165 168 171 203 208 214 216 233 245 249 282 292 297 300 326 345 359 404 414 420 423 436 438 
29 1 159 165 175 176 177 181 188 189 191 198 200 213 221 223 224 225 229 235 237 240 241 242 244 245 251 253 258 259 265 267 268 272 280 281 284 290 291 293 294 296 299 302 303 306 308 310 311 312 319 324 326 327 328 330 334 340 342 345 347 352 353 356 358 359 360 362 363 367 380 381 382 383 385 390 392 395 400 403 405 409 410 415 418 419 420 422 423 426 432 434 435 436 437 443 444 448 451 452 455 456 458 462 
49 156 161 162 174 176 177 179 181 185 187 189 193 197 211 213 221 224 225 227 239 243 250 251 254 255 260 263 265 269 275 283 287 288 289 292 298 302 304 307 311 313 317 326 328 332 340 341 342 347 349 352 357 372 383 384 387 391 396 400 405 410 411 413 420 421 424 429 435 440 446 452 458 460 
47 158 160 161 163 168 172 177 180 188 190 191 197 198 199 201 202 205 209 210 214 222 227 228 230 245 247 252 259 260 266 270 278 281 288 294 300 301 302 308 310 314 315 319 320 322 323 324 327 331 332 335 336 338 339 343 345 348 356 357 359 361 362 365 369 378 391 394 401 403 406 410 413 415 418 420 422 424 426 430 432 434 437 440 442 446 453 455 457 460 461 
110 1 156 162 167 170 174 177 179 181 183 184 186 193 195 196 200 205 207 212 219 228 235 237 245 246 247 250 256 260 263 268 272 277 283 291 295 308 315 321 325 327 330 333 341 346 351 354 355 359 365 367 370 373 380 393 394 395 396 398 400 401 403 409 413 422 423 427 438 441 453 455 462 
90 160 170 173 177 178 183 189 190 194 199 201 202 205 207 209 211 212 216 219 225 228 236 245 248 250 252 255 256 257 260 266 268 275 276 278 280 283 285 298 309 316 325 329 330 331 332 334 342 348 371 375 382 389 401 406 408 410 416 419 423 428 438 449 450 
261 155 157 159 161 164 166 167 172 174 177 179 182 185 186 189 193 195 202 206 207 208 209 210 212 213 222 224 228 229 230 231 237 240 246 252 254 257 262 266 267 268 273 276 281 290 292 295 300 301 302 305 306 308 309 313 314 317 321 327 328 329 335 338 340 341 342 348 349 352 353 358 359 362 365 367 369 372 373 374 375 378 385 389 392 396 399 400 402 403 405 407 411 413 415 418 421 422 426 428 429 432 433 434 435 436 437 438 439 441 443 444 451 455 456 457 459 
152 203 257 323 359 390 400 454 
260 1 193 201 204 208 215 221 229 230 231 232 234 235 236 239 252 262 263 266 272 281 282 287 288 291 292 303 304 307 308 309 316 327 330 334 347 348 359 361 366 372 380 382 387 392 403 406 410 416 417 418 427 431 435 440 451 459 
243 158 169 171 172 176 189 191 192 194 196 197 210 218 223 224 227 231 232 235 237 239 241 245 253 259 262 263 267 276 284 287 288 291 295 298 301 306 310 317 319 320 323 325 330 335 347 367 369 370 372 373 379 380 383 385 391 393 397 408 413 415 417 421 423 426 427 429 438 448 457 
150 1 161 163 173 178 179 194 198 205 222 232 234 235 243 248 249 269 275 281 284 293 299 301 303 311 316 328 330 339 342 346 348 349 351 356 370 374 379 381 382 384 387 389 391 398 400 401 409 432 436 438 442 459 
66 157 159 160 162 163 168 170 172 174 175 176 183 186 187 188 190 192 198 202 204 205 208 209 210 214 216 217 221 223 224 227 228 229 230 231 244 246 248 252 253 257 261 262 263 265 269 272 273 275 276 278 283 285 288 292 297 300 302 307 309 310 312 313 314 315 318 319 320 323 324 326 328 331 335 336 337 338 340 341 345 347 348 349 350 351 352 354 355 356 357 359 360 363 366 367 370 372 374 376 381 384 386 391 394 396 397 398 400 403 406 408 410 411 413 419 420 421 423 427 428 436 437 439 443 452 454 457 458 459 462 
132 196 203 258 292 297 310 330 348 377 399 411 428 429 
18 158 162 169 170 177 183 187 188 191 199 208 211 213 215 218 228 232 236 249 255 260 268 278 282 290 295 301 321 331 332 336 339 342 343 359 360 379 383 389 396 397 398 400 406 413 418 430 432 433 438 454 
221 158 172 184 186 192 196 197 205 211 215 216 236 238 240 242 260 261 265 277 278 299 300 303 305 306 309 311 313 314 316 317 319 322 328 332 339 341 345 347 348 349 360 364 378 380 384 385 386 393 394 399 400 415 416 417 419 422 432 438 439 442 446 448 455 457 460 
78 160 168 171 173 176 180 182 187 191 192 196 200 211 220 226 230 233 234 237 240 250 251 253 258 261 265 267 268 269 273 276 284 286 292 297 298 300 306 309 311 315 316 317 318 322 324 327 332 337 338 339 344 346 349 353 355 360 363 364 366 367 377 381 382 385 388 389 390 392 398 407 409 412 420 424 425 428 434 440 443 445 446 461 
171 163 167 169 246 269 276 280 302 379 383 410 414 430 448 462 
254 169 171 173 175 177 180 182 184 195 199 200 201 206 207 212 218 223 225 227 234 239 240 244 246 250 263 265 267 270 273 277 281 289 291 294 295 310 315 318 332 333 336 344 345 351 356 358 359 363 370 371 374 378 380 385 388 392 397 402 403 407 411 419 421 422 424 434 435 440 441 442 445 451 457 461 
149 289 312 351 353 446 450 
42 155 156 165 167 170 173 179 182 184 194 203 206 213 228 232 238 243 245 254 255 262 292 301 313 318 320 322 324 328 331 338 339 363 370 376 379 382 383 387 388 389 399 406 410 439 451 455 456 458 460 462 
30 198 215 232 288 307 321 324 363 369 391 430 437 
3 159 164 165 169 170 173 179 180 182 185 187 195 199 204 207 209 210 225 229 233 234 235 238 243 249 279 283 290 292 296 302 310 314 315 327 329 335 336 354 355 357 362 370 374 375 387 401 404 412 414 415 417 419 421 425 429 431 435 439 453 
153 156 166 168 189 194 196 198 199 211 212 216 219 220 227 247 253 255 265 279 288 292 293 303 306 311 325 330 331 338 340 347 348 351 354 383 391 397 403 405 406 431 433 435 438 442 444 449 450 455 456 458 
48 156 158 159 160 161 162 170 174 176 178 179 183 185 186 189 193 200 205 207 208 210 211 213 215 216 219 220 221 225 226 228 242 243 244 245 246 247 249 250 254 255 256 258 259 261 266 267 269 272 273 274 276 280 287 289 290 298 299 300 301 303 304 306 308 312 315 319 320 321 326 327 331 336 342 354 357 358 359 360 362 363 364 367 368 371 377 378 381 386 387 389 390 391 392 393 395 397 398 399 400 414 415 418 428 430 433 437 439 440 441 442 447 448 449 450 451 452 455 456 457 458 459 460 461 
277 267 329 346 357 376 377 
40 1 178 220 241 252 254 272 302 321 359 381 392 417 419 422 451 
240 174 243 279 312 347 351 356 375 431 439 452 
260 184 212 216 219 227 238 242 257 271 290 292 307 323 357 369 403 423 424 
85 155 158 161 171 172 174 175 180 181 182 183 192 197 205 206 208 210 221 226 229 230 234 243 245 255 259 261 266 268 270 271 272 276 284 286 288 290 291 295 298 299 300 301 308 315 317 320 321 325 331 332 334 339 343 350 360 365 372 373 376 380 381 385 388 390 391 393 394 399 405 408 409 410 420 423 424 425 430 431 432 433 436 439 442 443 446 447 449 450 451 452 455 456 457 
67 156 157 159 161 163 164 167 168 169 172 174 176 177 188 192 194 195 197 199 202 206 210 211 212 213 217 218 219 220 222 223 229 232 236 241 245 246 247 252 253 255 256 257 260 262 263 268 273 274 279 284 288 291 296 305 306 307 308 309 316 317 318 323 325 326 330 331 335 336 337 341 343 344 347 348 352 355 357 358 359 360 364 366 368 375 382 384 385 386 387 388 391 394 395 400 407 408 419 426 430 433 441 443 444 445 447 448 451 458 461 
11 207 215 282 
248 1 155 162 163 166 168 170 171 178 179 180 182 184 187 188 190 192 193 195 201 202 210 211 213 214 217 220 222 235 237 238 239 243 244 245 252 253 255 262 264 268 270 273 277 279 284 285 290 297 301 304 310 312 318 319 329 330 331 339 349 350 351 352 353 354 355 360 364 366 373 374 376 377 378 382 384 385 387 388 395 398 399 402 412 414 417 418 423 424 428 431 433 438 441 443 444 445 448 449 454 458 460 
55 170 190 259 264 300 309 337 351 407 450 
103 1 155 157 158 159 164 166 167 185 194 196 205 211 216 218 226 230 232 234 236 239 241 244 245 254 266 269 271 273 274 275 276 282 294 295 303 304 305 309 311 313 330 332 341 344 347 348 350 352 354 359 363 367 369 375 379 385 386 402 411 412 416 418 419 425 428 429 437 441 446 450 453 455 457 459 462 
93 1 160 166 171 174 178 185 189 196 197 201 203 207 221 226 229 232 236 239 240 243 244 246 249 257 260 264 273 275 276 278 285 291 292 296 297 304 310 311 313 314 317 318 319 320 322 326 328 337 344 345 348 373 376 377 380 384 386 388 392 394 395 398 417 418 420 424 425 435 441 442 450 451 452 453 454 455 461 
111 157 190 211 251 282 296 326 391 436 449 
117 1 175 297 301 310 321 330 363 364 398 418 419 439 
6 155 157 158 161 164 165 171 172 175 178 179 181 186 188 189 190 192 194 196 202 203 207 208 210 211 212 216 222 223 227 229 233 235 241 245 250 253 261 266 275 276 282 284 286 296 304 306 316 317 318 319 320 326 327 329 330 334 336 337 350 352 356 359 361 362 365 366 368 369 373 374 381 382 390 399 400 401 405 406 408 409 413 416 419 420 421 422 424 426 428 440 442 444 446 451 452 453 454 459 
45 157 158 161 168 169 171 187 188 197 201 206 210 212 213 214 217 225 229 230 240 241 242 244 247 251 259 267 270 274 281 287 290 292 293 298 300 305 306 309 317 320 336 341 346 350 353 357 362 366 369 370 373 374 377 378 381 384 389 397 403 404 417 418 420 421 431 433 434 440 441 443 445 447 448 
235 161 174 237 280 284 327 332 334 338 350 356 437 
81 157 158 160 161 175 177 181 182 186 188 194 195 196 197 210 212 216 218 220 221 222 231 236 255 257 268 270 271 275 277 279 290 291 293 298 318 320 330 335 351 357 362 363 367 378 386 388 393 399 405 417 419 422 429 430 432 438 441 442 444 446 452 458 459 460 
1 1 158 160 161 164 165 166 171 172 174 175 177 178 181 183 191 192 193 197 198 202 210 213 214 215 216 220 223 224 225 226 228 232 234 249 252 256 258 260 263 266 269 270 272 275 276 277 282 283 286 287 291 292 297 299 302 307 312 314 317 318 324 326 327 330 331 336 341 346 347 350 351 352 353 355 358 359 361 365 371 376 384 385 394 395 397 400 404 405 406 407 415 417 418 419 420 421 422 424 428 430 431 435 438 440 441 442 445 447 448 449 453 455 456 458 461 462 
299 178 183 188 209 235 236 254 275 281 306 321 323 327 365 372 373 422 423 452 
111 157 164 172 186 187 205 223 245 250 266 267 273 282 308 311 314 346 351 367 373 380 385 388 391 401 402 408 424 427 432 435 437 444 457 
51 166 170 171 173 181 187 188 189 192 193 195 196 200 201 202 203 205 208 209 210 212 214 216 218 221 222 230 233 236 241 242 248 250 253 255 256 261 267 268 269 270 271 276 277 279 288 291 292 293 295 300 307 308 313 317 320 330 331 332 333 336 343 346 347 354 357 363 371 380 381 384 388 389 390 391 395 398 399 401 403 409 413 414 421 423 424 431 432 434 437 440 441 442 448 450 452 453 
294 155 242 288 349 374 379 400 407 413 417 424 430 448 461 
3 159 161 163 165 166 168 169 171 173 180 181 182 183 184 197 198 201 206 207 210 212 213 214 219 223 224 231 240 242 243 246 250 251 253 262 263 266 268 271 273 276 277 278 279 282 283 286 287 290 291 293 295 296 299 302 310 312 313 315 319 325 333 334 337 338 340 342 352 354 356 358 362 363 367 369 377 385 386 387 391 394 395 399 402 403 404 408 411 412 413 415 416 419 424 428 429 430 437 438 443 444 447 453 457 461 462 
203 156 160 168 172 175 176 177 192 201 205 227 242 248 254 256 258 259 260 263 297 316 322 325 344 348 351 374 376 383 384 389 396 401 402 432 433 441 443 452 456 460 
32 1 155 156 157 159 161 164 166 168 176 181 183 187 188 190 191 192 193 196 198 206 209 216 218 234 241 248 249 254 259 262 268 271 272 273 279 281 282 284 292 293 297 298 306 307 314 315 317 320 325 326 328 330 333 338 341 349 352 356 361 364 365 373 374 375 384 393 396 405 410 412 416 418 420 423 424 427 428 431 435 437 438 439 440 447 450 451 455 456 458 461 462 
271 1 156 157 164 170 171 175 178 180 184 185 195 197 198 200 203 205 206 208 211 214 216 221 223 225 228 232 240 242 245 246 252 253 254 255 256 266 267 268 270 271 273 274 277 279 282 283 285 289 295 301 302 304 308 312 313 316 318 321 323 324 326 330 331 334 336 339 340 342 343 346 351 353 355 357 362 364 365 367 379 380 386 388 389 395 397 401 402 405 413 415 416 418 420 421 423 425 426 429 431 434 437 438 441 444 448 449 453 454 457 459 461 462 
295 1 155 156 160 161 164 165 167 168 169 170 171 173 186 188 191 193 194 197 202 204 208 210 215 218 221 223 225 227 228 234 237 239 240 242 247 250 255 256 257 261 269 270 272 275 279 280 281 284 286 288 292 303 304 306 307 311 317 336 337 338 339 341 345 350 357 358 360 361 365 368 369 375 376 377 381 384 385 394 395 396 397 399 401 403 404 406 408 411 414 415 416 422 423 428 429 431 434 435 436 438 439 441 448 453 459 
259 158 159 160 164 165 166 168 170 173 179 184 185 197 198 211 215 216 223 232 234 238 250 251 256 258 262 263 265 267 268 272 289 292 297 298 300 301 310 312 317 322 327 333 334 335 336 339 340 341 345 351 352 353 354 357 359 360 374 376 387 393 395 406 408 409 413 414 420 421 424 431 443 445 453 454 455 456 457 460 462 
19 160 162 166 171 175 181 184 185 194 199 201 205 206 211 216 228 230 237 240 242 248 250 251 254 262 267 268 269 270 271 279 280 281 282 286 291 294 309 310 316 321 327 337 339 343 360 369 376 378 392 394 397 400 404 405 413 416 420 430 433 438 439 440 441 444 449 453 454 456 457 458 
155 1 155 157 158 160 166 168 169 173 174 179 181 182 184 185 189 190 191 193 194 195 196 198 203 204 205 207 208 210 211 214 218 219 220 221 228 229 231 232 233 235 240 241 242 247 250 254 256 257 258 261 263 267 268 272 273 275 276 278 280 282 286 289 290 291 292 295 297 298 308 312 316 319 322 324 327 336 337 339 340 345 346 348 353 356 363 364 365 368 369 371 372 373 374 384 385 388 393 394 395 398 404 407 410 413 414 415 418 430 431 432 436 439 441 447 451 456 
1 1 158 160 170 171 179 182 184 189 194 196 210 220 224 226 231 239 241 243 246 252 253 257 258 260 262 265 269 274 278 281 283 287 297 298 302 304 308 311 314 315 319 321 324 326 334 341 346 350 354 356 357 359 372 377 379 382 385 391 393 408 414 420 422 423 431 432 448 449 457 458 
56 1 159 160 161 167 171 175 178 179 181 186 193 197 199 200 202 204 205 209 210 212 214 218 223 231 234 241 242 250 255 260 265 266 269 274 280 284 285 288 291 292 293 297 301 303 304 307 311 314 315 317 319 327 328 331 336 338 340 345 351 357 359 362 368 373 376 381 386 387 389 397 399 400 401 404 405 408 415 422 430 432 433 435 438 442 443 445 448 449 450 459 461 
108 192 206 207 223 226 267 268 269 284 340 342 345 377 378 390 409 421 461 
208 1 156 162 170 172 182 189 195 199 202 203 205 208 209 213 218 219 220 224 231 234 236 245 260 264 265 271 273 275 286 287 299 307 309 313 319 322 323 327 340 344 348 354 357 362 366 368 372 374 379 383 384 388 405 423 424 425 430 434 441 443 447 449 451 
131 1 157 158 159 163 164 167 175 176 177 179 181 182 184 185 189 191 195 196 197 206 210 219 221 222 227 229 231 236 237 240 245 246 250 258 260 261 268 277 280 282 292 295 298 301 302 304 308 309 310 313 314 316 319 325 328 329 330 335 342 346 350 355 358 359 362 364 365 380 382 384 385 386 390 394 399 401 405 411 412 417 423 430 434 435 436 437 441 442 448 455 457 459 
157 165 169 170 172 173 174 178 184 194 197 215 219 224 226 227 230 253 254 256 258 259 266 271 274 275 288 291 297 298 303 306 309 315 318 321 330 333 347 349 354 357 369 375 376 385 388 392 403 406 408 409 414 418 422 423 438 440 445 460 
135 196 
109 1 158 178 188 210 213 244 258 303 315 317 345 346 347 381 397 404 407 410 458 
128 164 165 166 167 169 170 173 174 175 176 177 186 190 191 193 194 196 198 199 202 204 207 214 215 219 223 226 229 234 243 246 262 263 266 269 271 274 278 279 280 286 288 297 298 299 302 305 317 321 323 327 329 336 338 343 346 348 349 350 364 365 369 370 374 375 376 379 382 387 393 397 399 405 406 413 414 433 437 439 440 441 442 444 450 452 458 459 460 
263 156 159 162 165 168 171 172 174 176 181 182 186 187 188 190 192 193 194 195 201 202 203 204 205 207 210 217 218 225 227 228 234 236 243 247 249 250 252 253 255 256 259 263 268 276 286 287 293 294 304 305 307 309 314 316 317 319 320 321 322 324 326 328 334 335 336 339 340 345 346 349 352 353 356 360 362 367 368 373 376 378 379 383 384 385 388 390 394 395 396 397 399 402 404 406 407 409 413 415 420 422 423 425 426 430 435 436 437 438 439 440 441 444 445 446 447 454 456 457 459 460 461 
156 1 163 176 202 211 232 238 247 265 266 280 282 289 294 299 306 311 337 343 354 356 359 361 372 383 387 393 398 421 425 435 441 457 
181 159 163 165 171 172 176 180 181 182 193 195 197 200 203 205 210 211 219 220 222 223 224 243 244 247 249 253 260 261 269 272 273 275 287 291 297 300 301 302 304 311 313 314 318 322 324 332 338 341 342 343 353 359 371 375 378 379 383 384 397 399 400 409 414 416 419 420 439 451 452 460 461 
270 157 160 162 166 170 187 188 191 195 202 203 211 216 223 225 226 227 236 242 246 252 261 266 267 268 271 272 273 275 281 283 284 297 300 315 330 333 341 342 345 350 358 359 363 364 366 370 385 387 390 393 394 395 420 433 435 436 442 449 452 457 
111 156 173 185 301 322 458 
182 158 165 173 180 215 247 252 266 270 271 280 286 302 326 348 362 378 412 461 
176 156 163 168 172 178 196 197 198 200 201 214 219 225 227 230 232 234 237 243 247 250 254 255 256 257 260 267 269 278 285 286 289 292 298 300 306 309 310 314 319 320 324 325 326 329 331 332 333 335 337 345 353 358 375 379 387 388 393 395 411 412 427 428 429 433 438 439 445 447 460 
177 161 170 173 178 188 195 199 201 204 208 209 221 224 227 240 243 245 250 260 261 271 276 279 284 290 292 298 302 303 304 305 306 308 309 310 311 320 322 332 335 336 339 341 344 353 354 356 360 367 370 371 374 383 394 400 401 404 411 414 417 426 429 432 434 439 442 448 461 
41 1 156 162 165 168 170 174 178 181 183 184 188 195 201 203 209 212 221 230 233 236 239 241 242 243 245 250 251 253 254 261 266 268 273 277 283 288 290 292 294 297 299 300 302 303 304 305 311 313 316 320 321 323 330 331 332 337 346 350 351 356 359 365 370 377 378 393 394 395 396 400 403 404 407 408 411 413 418 419 421 423 426 430 432 436 438 439 440 445 446 452 453 455 458 459 460 461 
190 158 159 163 168 177 182 184 196 197 198 200 204 210 216 220 225 227 230 234 239 261 262 264 266 270 271 272 278 280 291 294 305 316 326 328 330 347 350 351 357 362 366 372 375 378 390 394 406 414 439 443 445 447 453 462 
53 155 157 170 177 178 182 197 206 207 209 213 224 226 228 229 230 237 250 254 256 266 271 273 277 283 285 292 297 304 312 313 322 326 339 352 353 359 363 365 366 369 377 382 385 387 394 396 403 409 421 423 425 427 432 440 443 445 446 449 450 451 453 456 461 
285 160 165 166 170 173 179 181 185 201 203 204 211 216 223 224 226 227 228 234 236 239 243 249 250 252 253 255 258 259 263 274 275 281 284 286 288 289 291 296 299 304 306 314 316 319 320 321 322 323 325 326 327 329 334 335 346 347 352 357 366 380 386 387 390 399 404 407 413 418 425 428 430 433 434 436 441 452 454 455 457 459 460 
38 158 160 162 163 164 165 166 167 173 175 182 186 187 188 189 197 200 201 202 208 210 213 217 219 221 222 226 228 230 232 233 234 235 237 239 240 243 244 248 250 251 257 259 260 262 267 270 271 274 275 276 282 288 295 296 299 300 307 308 317 323 327 329 330 339 343 344 347 348 349 352 353 361 362 367 368 370 372 373 374 375 376 378 381 388 389 401 402 403 404 405 406 407 412 416 417 421 422 427 431 435 436 437 439 440 442 443 445 451 452 455 459 462 
40 1 167 169 182 183 184 189 193 205 206 210 218 223 224 240 250 264 270 275 279 284 301 307 317 325 329 347 355 362 363 365 371 389 397 405 407 432 436 441 443 455 456 459 
249 292 440 
165 162 169 173 175 176 182 188 190 193 195 198 200 211 212 213 226 228 231 232 239 240 242 243 245 247 250 253 254 257 258 265 270 272 276 279 284 286 287 289 290 293 298 302 304 305 308 309 315 316 322 323 327 330 331 333 344 349 350 352 353 354 355 356 360 363 372 373 382 384 386 396 397 400 403 405 414 415 419 420 428 431 434 439 441 442 443 445 449 454 456 457 458 460 462 
277 158 160 162 163 170 171 177 179 184 186 188 192 197 198 206 212 213 216 220 223 230 239 242 246 247 248 250 251 252 254 255 263 267 271 276 277 280 285 288 291 294 296 297 298 301 302 306 307 308 310 319 322 324 325 330 331 334 338 339 340 343 351 358 359 361 362 363 365 367 370 375 381 383 385 387 396 397 399 403 414 415 417 418 419 424 428 430 431 432 433 439 441 450 453 455 456 461 462 
299 207 368 
5 177 178 189 218 219 227 255 313 315 350 354 415 417 435 451 
114 179 190 198 255 257 258 262 269 277 279 289 307 354 362 363 371 382 412 430 432 435 443 449 450 456 458 461 
283 157 176 186 187 190 193 199 201 215 216 218 220 224 230 232 238 245 252 259 260 267 269 270 277 283 284 286 287 293 294 305 306 312 316 326 330 338 340 343 344 349 350 355 358 361 366 368 375 381 384 390 393 394 401 404 414 415 416 417 429 433 434 440 441 447 449 453 456 462 
208 156 161 170 280 295 310 352 384 392 416 430 456 461 
44 156 168 184 188 200 202 206 208 225 230 234 236 240 242 244 262 265 268 279 280 293 295 298 299 307 314 322 324 336 338 349 355 371 372 386 395 422 424 425 429 454 
80 1 161 164 165 166 176 177 180 182 183 184 193 195 198 203 206 207 208 211 212 221 224 227 228 232 235 239 240 241 249 250 261 268 270 272 273 274 280 286 288 293 295 296 297 299 300 301 302 304 306 317 318 325 326 327 328 332 334 340 341 345 346 347 349 351 353 355 356 358 359 362 363 364 365 369 370 371 372 377 379 380 383 386 391 392 394 396 397 398 399 401 402 403 405 406 408 409 413 415 418 422 424 431 435 438 440 450 451 453 456 457 461 
231 259 
253 178 183 195 212 218 219 223 249 251 263 271 272 273 289 292 300 305 315 320 322 324 327 332 334 339 354 358 361 363 371 377 381 385 388 392 393 394 402 409 411 419 421 427 432 433 438 439 455 458 462 
149 294 300 366 458 
69 165 176 228 238 254 256 264 286 287 289 292 312 314 315 325 331 335 338 347 354 358 367 376 377 383 392 393 402 406 414 415 417 424 428 434 436 451 455 459 462 
84 1 161 170 171 173 178 185 189 191 192 193 199 203 204 206 208 209 215 217 219 227 231 232 233 235 245 249 257 264 270 271 275 276 282 283 284 296 298 299 300 301 307 312 315 320 321 328 340 342 344 348 349 363 365 368 370 372 374 378 381 385 389 392 403 405 406 407 409 410 413 415 420 426 428 429 434 437 444 455 459 
136 1 155 163 166 172 179 189 190 199 202 217 221 225 226 230 231 234 245 247 260 274 283 284 298 301 302 303 309 310 316 319 321 329 330 335 348 350 352 357 361 363 369 375 382 383 384 385 386 388 391 395 400 411 422 423 424 426 433 435 438 447 448 449 450 455 456 457 
123 1 155 156 161 164 170 171 173 177 178 181 182 187 190 205 212 215 216 217 222 229 230 232 240 245 248 257 259 271 275 276 277 280 281 283 291 302 308 309 318 321 324 326 327 329 331 336 338 339 345 346 349 351 355 361 363 367 368 374 377 378 380 384 387 395 400 402 409 410 412 417 420 425 428 429 432 440 441 445 450 457 458 459 460 
18 212 263 338 385 422 
104 161 162 166 175 176 186 190 198 204 205 245 246 253 275 281 294 296 304 307 312 326 329 332 333 336 349 363 365 368 373 377 380 382 393 412 418 419 443 447 460 
231 157 158 162 163 164 165 167 170 172 173 174 175 176 183 187 189 192 193 194 196 197 200 202 213 216 219 221 223 225 231 235 237 240 241 243 244 245 246 249 250 252 261 262 268 273 274 277 282 285 286 287 289 291 292 295 296 297 298 301 306 312 316 317 324 328 331 334 335 336 349 352 363 364 369 371 374 383 386 388 391 393 394 401 402 403 404 405 407 409 410 411 417 423 424 429 443 451 455 456 457 459 
269 183 184 217 218 230 237 254 256 285 288 300 311 326 333 383 396 399 440 455 459 
210 155 158 179 182 190 191 198 205 208 209 220 221 222 225 228 236 240 245 254 255 262 266 268 276 280 281 289 290 291 293 295 299 303 310 312 322 326 329 348 352 363 365 375 377 381 383 402 410 411 417 418 419 423 424 428 429 435 447 451 457 
80 165 175 184 261 277 311 323 392 409 
64 156 157 161 180 182 183 194 202 213 214 218 221 237 255 266 275 283 288 299 307 313 316 342 345 381 382 385 389 390 414 430 442 445 456 459 
81 1 162 163 164 169 170 182 184 187 188 194 197 200 202 203 204 208 209 216 218 221 222 225 226 229 231 235 238 241 249 255 257 261 264 265 270 271 272 274 275 276 280 281 284 286 289 291 293 294 300 303 308 310 311 314 316 321 323 324 337 341 345 348 354 358 361 365 368 369 370 372 373 374 375 380 381 384 386 393 395 403 408 412 422 425 429 431 432 438 439 443 446 451 452 462 
209 1 157 159 167 170 174 175 177 180 185 189 192 193 198 203 206 208 215 218 219 223 228 234 235 238 240 241 242 243 247 248 249 250 255 261 262 265 267 268 269 273 278 279 289 293 294 295 304 307 308 312 316 317 319 321 322 323 331 333 343 353 354 356 357 359 364 365 366 372 375 376 377 378 381 383 387 391 392 394 400 404 405 410 412 417 418 427 428 432 433 436 437 440 443 444 454 455 457 458 460 461 
260 168 171 176 229 230 236 237 241 255 263 266 269 294 300 326 350 378 384 387 391 450 453 460 461 
54 159 164 173 175 176 198 203 215 221 224 231 235 239 249 253 257 258 259 260 274 276 279 287 290 297 299 302 304 311 314 320 325 326 330 333 338 350 356 359 360 361 372 385 388 395 396 400 405 417 422 424 425 427 428 429 433 435 440 446 447 448 453 455 458 461 
146 160 164 167 174 177 179 183 184 185 187 189 200 202 210 217 219 220 221 222 225 229 230 233 234 235 237 240 248 249 250 255 256 258 261 262 273 276 279 283 285 290 292 295 297 298 300 308 310 318 320 321 322 323 328 334 336 337 338 339 342 345 346 350 351 352 353 356 357 362 365 366 369 370 372 374 375 377 378 381 383 388 392 396 397 398 401 404 406 423 426 430 431 434 442 446 453 455 458 461 
91 167 168 170 204 209 210 212 223 229 233 241 243 247 272 283 286 313 314 320 349 351 413 418 436 446 
200 159 160 161 171 176 181 188 201 205 206 207 208 223 229 233 238 266 267 269 272 273 276 281 285 288 297 300 301 305 306 308 309 310 314 316 324 325 332 334 335 347 349 360 365 366 369 370 371 375 377 383 385 387 393 394 397 399 402 410 411 423 427 440 450 455 458 460 461 462 
17 156 160 167 172 173 178 181 183 184 187 199 203 207 209 210 220 221 225 227 235 238 240 241 254 255 262 264 267 273 276 283 288 292 299 301 302 303 308 309 314 315 321 323 326 327 333 343 345 347 356 357 368 369 370 371 373 375 377 381 387 388 389 393 395 402 411 413 416 421 422 423 425 429 437 451 455 456 459 460 461 462 
55 155 159 160 166 169 170 180 181 190 195 196 205 206 207 208 210 212 214 215 216 217 221 224 227 228 231 234 237 238 239 243 247 249 253 254 257 262 269 273 281 290 297 304 306 310 313 317 326 333 336 337 339 344 347 348 353 355 356 357 360 362 366 372 375 378 379 380 387 389 393 400 403 409 411 413 417 418 423 426 429 433 439 440 441 444 452 453 455 457 458 
81 156 157 169 171 176 183 187 188 190 197 202 204 208 211 214 217 219 220 223 229 230 231 238 245 249 261 271 273 274 277 279 282 286 294 307 312 317 323 327 328 329 331 343 344 351 356 363 364 372 378 379 384 392 393 394 399 401 407 408 410 413 416 417 426 436 437 449 
192 161 162 165 169 172 173 174 175 177 178 179 182 185 187 190 192 195 197 198 199 200 204 206 208 209 213 214 218 219 226 228 230 236 241 244 251 252 253 254 255 263 267 269 270 271 272 274 278 280 283 284 285 287 290 292 294 300 301 303 306 309 311 316 318 320 322 327 332 333 335 340 342 344 348 351 355 356 357 359 361 362 367 369 372 374 377 386 388 391 395 400 401 403 405 407 408 410 412 414 423 424 425 426 434 436 438 440 442 446 447 449 452 454 455 456 460 
15 164 165 177 182 184 199 202 210 211 221 233 235 256 260 266 270 287 289 294 295 299 302 315 318 339 350 366 372 373 379 381 387 396 420 424 426 429 435 453 459 
211 157 160 161 163 175 177 180 195 196 198 201 203 204 207 213 219 221 222 224 228 235 237 238 240 242 243 245 247 251 253 254 256 260 265 270 277 282 287 288 291 298 300 303 305 307 310 315 320 336 342 358 359 361 363 366 377 379 382 385 386 388 389 397 404 413 419 420 422 427 428 431 433 437 440 445 458 460 
252 155 156 158 166 167 170 172 173 174 177 181 184 185 186 191 192 193 199 200 202 203 206 210 213 215 217 220 222 224 225 226 228 229 230 234 235 240 250 251 252 253 256 263 264 267 272 273 277 279 280 283 284 286 287 290 298 305 306 307 309 310 311 319 320 323 324 325 326 327 328 329 331 332 333 336 341 346 347 350 351 357 359 360 365 366 368 369 371 372 379 386 393 399 400 401 402 405 408 409 410 412 413 417 423 427 432 434 435 437 438 441 443 448 451 452 457 459 460 
10 1 155 158 160 161 162 165 169 170 171 173 174 178 179 180 184 189 194 196 198 204 205 207 208 209 210 212 215 229 231 232 233 235 237 238 239 240 241 243 247 250 252 253 256 258 259 264 268 271 272 275 277 278 282 284 285 286 294 295 301 302 305 310 312 315 318 320 323 324 327 330 333 336 340 346 347 351 352 354 357 361 363 365 367 371 373 376 377 378 380 383 384 389 395 397 399 400 405 408 409 410 412 417 419 423 427 428 430 433 436 437 438 439 440 442 446 449 451 458 459 461 
211 156 161 162 165 166 170 175 176 184 191 195 199 201 209 210 212 213 215 226 227 232 238 239 242 247 249 251 252 253 254 255 259 260 264 266 268 269 273 280 281 282 287 289 290 293 295 299 301 305 308 313 314 325 328 334 339 340 343 347 350 353 357 358 363 364 371 378 379 384 386 388 391 392 402 409 412 422 423 424 427 429 440 441 462 
78 157 158 168 169 170 172 176 178 181 185 186 189 196 197 201 208 209 210 211 217 218 227 230 231 235 256 263 267 272 273 278 286 289 299 302 303 309 313 317 321 322 328 330 332 337 339 341 354 360 367 369 375 379 386 388 395 400 412 413 420 425 426 428 431 456 462 
227 199 256 263 290 339 345 401 
265 168 179 187 193 199 205 206 207 209 218 222 224 226 230 237 239 240 249 252 265 277 289 298 302 307 310 311 312 316 319 324 327 328 330 331 332 334 353 356 362 363 364 367 368 385 402 404 405 415 416 419 445 446 449 450 460 462 
88 158 159 164 173 174 177 180 182 183 187 188 190 193 197 202 203 207 209 216 217 218 225 226 229 231 236 239 241 243 245 246 250 261 264 265 266 267 269 271 275 283 286 290 295 296 302 319 324 327 328 329 330 333 340 342 346 347 353 363 364 365 374 375 379 380 381 382 384 385 386 391 392 394 400 405 406 409 410 412 413 425 426 427 428 429 431 439 443 448 452 455 458 459 
248 163 165 168 171 174 177 181 183 187 188 193 196 198 200 201 205 206 213 217 221 223 225 233 237 239 241 242 244 246 248 249 252 254 256 258 263 264 266 273 275 278 279 281 282 283 284 285 289 290 291 294 299 300 301 303 304 310 315 321 326 329 330 331 333 334 338 340 342 343 346 355 356 357 359 361 363 365 366 367 369 374 375 378 382 384 385 388 400 402 405 410 414 427 428 429 431 433 435 436 437 443 444 456 457 459 460 461 462 
206 156 157 166 167 168 170 172 176 178 179 180 182 193 195 197 198 200 201 203 206 207 211 212 213 214 219 223 225 226 230 231 237 241 242 248 251 253 255 260 265 269 271 277 281 285 288 289 291 294 296 300 304 306 307 314 315 328 329 332 333 334 346 347 349 350 354 358 362 366 368 369 376 380 382 388 389 390 391 393 394 400 403 404 410 412 418 419 421 425 435 441 442 443 447 448 449 455 457 460 
35 337 
64 1 157 160 161 162 163 166 167 170 176 183 184 189 190 191 195 196 198 201 206 209 212 214 216 218 219 220 222 227 232 234 237 244 245 250 251 255 256 258 259 261 263 269 277 278 285 286 288 289 292 293 295 305 309 310 311 315 318 319 320 322 329 332 333 335 336 339 340 342 346 347 348 349 351 352 355 361 366 367 369 371 375 377 386 393 394 397 398 400 401 402 403 406 407 409 410 411 413 415 420 421 422 425 428 432 439 442 443 444 447 448 449 451 455 457 459 460 461 
6 199 291 417 456 
144 156 157 160 163 164 168 169 170 171 175 178 179 187 189 192 193 196 204 205 208 211 212 213 219 221 222 234 236 237 239 241 244 245 246 248 252 254 256 259 260 261 262 265 267 271 278 285 287 288 290 292 298 305 306 314 317 321 322 323 326 329 330 331 346 349 351 358 367 368 369 371 381 383 385 392 397 398 401 405 407 410 424 425 430 431 436 446 452 453 457 459 461 
30 155 157 158 159 165 168 171 174 179 181 182 185 189 191 192 194 196 199 200 202 206 208 210 213 214 215 219 221 223 225 230 232 237 238 239 241 249 250 254 255 256 258 261 262 263 267 268 271 272 275 277 278 284 285 287 292 293 295 298 302 304 308 316 320 322 323 329 330 332 333 334 335 336 341 342 345 351 352 353 354 355 356 361 362 363 364 370 373 375 377 379 382 386 387 394 399 400 401 405 413 414 415 416 418 428 431 434 437 438 445 446 452 456 457 461 
99 360 368 410 438 
262 230 373 379 400 441 
275 155 159 161 168 170 171 178 181 184 185 191 192 195 201 203 205 207 210 216 218 221 222 223 232 233 234 237 238 240 241 244 249 254 255 270 271 276 281 286 291 293 295 297 298 299 301 302 303 308 310 312 322 323 324 326 327 328 329 330 332 333 337 345 346 347 349 354 359 364 367 370 371 372 377 384 386 387 388 390 397 398 399 402 404 406 410 413 414 416 417 418 419 421 425 426 427 428 434 435 437 439 440 441 443 445 446 449 450 452 453 455 456 458 459 461 462 
8 1 158 159 160 162 165 166 169 171 179 180 184 188 191 192 193 194 195 201 206 208 211 215 217 218 224 226 231 232 233 236 237 242 244 247 250 255 258 259 260 263 267 268 275 276 277 279 282 283 284 285 288 291 296 299 300 303 308 311 317 321 327 329 331 335 343 345 348 351 352 354 360 370 372 376 378 379 381 382 385 391 393 394 397 401 402 403 404 407 410 417 418 419 421 422 424 425 427 429 430 431 433 434 436 440 441 442 444 447 454 457 459 
8 163 177 178 179 181 201 205 213 215 229 234 245 249 253 270 272 289 300 301 302 315 332 334 341 343 348 349 358 362 369 375 379 395 403 405 430 431 433 434 440 442 443 
16 166 168 170 180 186 193 201 217 222 223 229 232 238 244 259 266 277 278 283 292 293 299 311 313 317 320 327 337 343 350 372 376 382 405 409 414 418 424 428 433 439 441 443 449 455 456 458 460 462 
153 156 157 163 175 196 197 202 207 212 223 229 235 243 246 255 258 264 267 270 278 283 285 291 300 302 305 309 311 321 326 327 334 338 339 340 345 359 360 361 363 366 367 372 378 382 387 388 393 396 409 417 418 420 423 424 426 430 435 436 439 449 456 457 
258 192 269 285 286 301 310 317 354 366 389 449 458 
265 157 160 161 163 165 167 168 171 172 173 174 177 179 180 181 183 187 196 197 199 209 211 213 221 224 226 229 234 237 243 244 246 249 250 251 252 255 256 257 261 263 269 271 276 288 294 296 299 300 301 305 310 312 313 314 315 316 318 323 324 330 335 336 338 341 342 347 348 355 356 361 362 363 366 368 369 372 374 375 376 379 380 382 389 392 394 396 398 401 404 405 408 409 416 420 423 425 426 427 434 436 437 439 440 441 442 444 447 450 455 459 460 
41 157 162 179 188 196 212 217 219 229 236 244 256 258 267 270 272 274 276 277 280 283 287 289 298 304 307 312 323 337 341 343 348 353 362 381 392 394 407 409 419 425 435 443 445 457 
220 1 162 163 164 167 169 171 172 174 175 179 180 193 195 202 209 212 213 216 217 225 228 239 240 254 255 268 269 271 273 278 280 282 286 287 291 297 306 315 316 317 320 323 325 329 333 343 347 353 358 362 366 373 375 377 381 383 384 390 391 393 396 397 399 404 409 413 414 418 424 425 426 430 431 433 438 439 441 449 451 454 458 460 
202 157 162 170 172 174 193 227 238 245 249 264 274 276 291 304 314 333 334 339 345 350 384 397 402 404 413 425 437 442 450 452 
41 231 240 348 391 432 
170 227 260 266 291 309 392 399 401 404 408 445 
7 156 157 159 160 161 165 166 171 172 176 182 185 186 190 191 193 194 198 200 202 205 207 216 217 222 225 226 229 230 234 235 238 239 241 242 246 248 250 260 262 269 270 273 277 282 283 286 289 290 295 297 298 310 311 313 314 318 320 321 323 326 327 328 329 340 344 347 350 351 352 355 360 361 362 364 365 371 377 380 382 390 396 397 398 399 403 406 407 410 411 412 418 419 421 422 427 429 437 442 443 444 450 453 456 458 462 
178 160 170 177 180 187 188 205 208 212 214 216 218 219 221 223 230 232 234 240 243 245 250 251 252 254 255 263 264 267 273 275 284 287 288 293 295 303 304 306 311 312 322 327 332 333 334 336 337 341 348 349 350 351 353 355 362 363 367 372 373 375 376 380 382 386 388 389 391 395 396 399 404 407 411 413 417 425 427 431 432 439 445 449 452 455 459 
257 158 167 171 175 179 182 183 194 205 206 213 217 224 225 226 228 234 235 236 242 243 253 254 256 261 262 273 274 276 287 288 290 294 298 302 303 306 312 316 318 323 329 336 340 344 350 351 353 354 355 359 360 362 363 377 381 382 387 388 397 398 400 405 415 417 423 425 427 437 442 448 449 451 454 
164 1 156 158 159 160 161 162 165 168 170 173 175 180 183 185 192 198 204 207 208 209 212 213 214 222 231 238 239 240 245 246 247 250 256 259 261 266 268 273 274 276 279 281 283 287 289 303 307 309 311 312 314 315 317 321 323 332 333 335 338 340 343 351 352 353 354 359 363 366 373 376 377 378 379 384 385 386 391 398 403 405 406 413 416 420 424 427 430 433 437 438 441 442 443 445 449 450 
140 1 157 158 159 160 162 168 169 171 173 178 181 186 190 192 194 198 199 201 203 212 215 217 223 225 226 227 229 231 235 238 239 240 241 242 243 245 249 250 251 257 260 263 277 278 279 283 284 287 289 293 295 299 301 305 309 310 311 312 314 319 322 328 330 331 341 342 345 347 352 353 358 359 365 367 369 370 371 372 376 379 381 388 392 394 397 401 403 404 410 413 414 420 424 429 431 432 433 434 436 438 448 449 450 451 453 454 456 462 
270 221 
70 155 156 161 163 164 167 169 176 177 180 181 184 187 188 192 193 204 205 206 207 208 209 210 213 214 217 218 222 223 225 227 229 231 232 238 244 245 247 250 251 253 255 261 267 268 273 277 284 289 291 298 299 301 305 313 315 321 322 326 328 332 334 337 342 343 344 348 349 351 356 360 374 384 385 389 390 396 398 400 403 406 413 415 416 417 422 424 425 427 428 429 430 431 432 437 438 439 444 445 448 450 451 452 454 455 456 459 460 461 462 
242 1 159 160 165 168 175 176 178 179 181 184 185 186 187 189 191 194 195 198 200 202 204 205 208 209 210 211 219 222 223 227 232 236 238 248 251 260 261 262 268 270 271 272 280 282 288 289 292 293 297 299 300 301 303 305 308 311 319 321 324 325 326 328 329 331 334 340 346 347 348 349 351 352 356 357 361 363 364 365 367 368 372 373 376 378 379 380 381 391 396 398 399 400 402 405 407 414 416 425 426 431 432 437 445 449 450 453 454 457 459 
243 157 162 165 166 168 173 176 177 178 189 190 191 193 195 198 203 205 211 215 216 220 222 224 228 232 235 242 243 247 249 255 257 264 275 280 281 284 285 299 306 307 308 310 311 324 326 330 331 335 342 343 355 357 360 380 382 383 391 393 394 407 408 409 410 414 415 418 420 425 427 428 433 449 452 456 
61 173 208 224 227 255 265 281 302 320 322 342 382 390 393 398 405 407 415 418 428 437 440 
233 1 155 167 169 173 178 182 183 187 204 206 209 210 211 214 217 218 220 223 226 235 241 243 247 257 258 265 266 267 268 275 277 282 289 291 297 299 300 301 303 305 311 314 315 320 323 324 330 333 338 339 345 347 353 355 361 368 370 376 384 385 387 393 396 397 401 404 406 407 412 415 423 425 428 429 430 433 435 437 455 459 
137 1 157 158 161 164 171 184 186 187 195 197 207 212 218 230 231 238 241 243 259 267 268 269 275 282 283 291 304 308 335 344 350 354 364 370 377 388 390 404 421 430 432 445 446 450 451 452 455 
267 155 165 172 184 186 190 203 212 223 227 234 239 240 245 267 274 282 284 286 290 296 302 306 309 327 331 336 337 340 353 380 387 390 396 418 420 427 429 431 432 440 443 460 
273 155 158 160 175 182 211 213 217 225 237 248 255 259 260 264 275 286 295 299 300 315 316 323 325 335 346 353 370 380 389 391 392 440 442 461 
200 179 202 223 229 243 248 274 276 286 291 305 308 322 338 346 364 368 378 383 414 429 434 453 460 
125 156 158 159 160 162 169 175 177 179 183 185 186 188 189 193 197 209 211 212 219 224 226 228 229 231 242 243 245 249 250 251 259 261 266 268 269 271 274 275 280 282 285 289 294 295 297 299 300 303 305 306 308 309 312 317 323 324 325 332 333 337 339 343 347 349 350 354 355 356 358 359 360 365 368 369 376 383 384 386 389 391 395 398 401 403 404 410 411 412 415 417 418 419 427 428 429 431 433 439 441 443 444 454 455 457 460 
134 155 156 182 187 195 200 201 209 221 231 233 234 244 249 251 254 265 267 269 296 297 301 303 304 305 310 315 322 325 329 332 334 341 345 349 353 354 358 362 365 368 379 382 384 400 406 412 417 418 423 428 439 440 446 
89 155 177 199 263 292 297 328 356 366 398 416 449 461 462 
283 161 167 170 174 175 179 190 193 196 198 201 202 204 219 223 231 238 249 260 261 277 281 282 287 289 292 299 305 307 309 317 323 328 331 337 351 352 355 358 363 369 375 381 383 393 396 402 409 411 415 419 420 421 423 434 437 440 443 445 449 
34 1 159 162 165 171 173 177 178 180 182 186 191 194 196 198 207 217 222 223 227 229 233 236 237 238 240 241 242 246 248 262 267 268 273 276 279 283 287 288 289 291 294 296 299 303 307 308 313 316 318 319 320 321 323 330 331 344 351 361 365 366 372 378 379 384 385 387 389 391 392 393 401 402 410 411 417 420 421 426 427 428 445 452 453 460 462 
207 162 164 179 184 191 204 274 281 282 306 307 310 323 344 364 374 406 410 412 416 421 452 457 
100 163 206 225 298 314 346 349 351 419 427 447 
12 155 156 159 168 170 175 176 184 186 188 192 194 203 208 209 211 214 215 216 219 223 229 231 237 239 244 247 248 252 253 254 256 258 259 261 263 265 266 267 268 274 277 292 294 296 301 302 303 305 306 308 311 317 318 321 323 333 334 336 337 341 346 348 349 353 359 361 362 365 366 367 369 375 376 379 380 381 382 383 390 397 400 401 402 403 408 409 410 411 413 414 415 419 420 424 426 431 432 434 442 444 445 446 448 449 453 457 459 
269 155 159 163 165 166 172 176 184 190 205 219 221 224 226 237 241 246 248 249 253 254 264 268 270 274 278 282 285 290 291 307 316 318 319 328 333 335 337 338 340 342 345 350 354 357 358 362 370 373 374 376 380 388 389 392 399 405 407 411 419 420 433 435 445 446 454 456 457 459 462 
115 1 158 160 163 176 182 186 187 189 191 197 206 212 214 223 226 236 241 266 276 290 291 293 301 306 323 330 335 336 344 365 371 375 385 392 394 399 401 407 409 410 411 413 418 424 426 427 432 434 462 
164 156 157 161 167 168 171 172 173 175 178 181 187 188 196 203 208 211 219 227 229 236 242 247 248 253 254 256 264 280 282 294 297 300 304 307 309 321 324 325 327 330 334 338 361 373 397 400 401 402 403 406 407 408 409 414 426 427 432 435 440 448 452 
99 175 214 224 232 244 268 288 334 355 417 442 
152 161 163 164 165 166 170 176 177 181 183 192 199 201 205 210 211 221 222 225 229 232 237 240 247 250 254 255 258 259 273 276 277 278 280 285 287 295 306 308 309 310 317 319 323 324 330 338 339 343 352 354 359 362 366 368 377 378 383 384 386 387 390 393 395 397 398 400 405 408 409 411 412 413 424 427 428 429 433 436 437 443 450 452 457 458 
187 156 157 159 164 165 173 175 185 194 200 204 209 213 217 219 223 227 229 232 237 242 246 251 253 258 260 262 265 273 279 286 287 288 289 290 294 296 297 300 301 303 309 313 316 318 325 327 328 332 333 336 338 343 344 347 353 354 358 361 367 369 370 374 375 378 382 383 387 392 394 405 407 409 410 411 414 419 421 422 424 430 434 444 446 453 456 457 461 462 
276 1 155 162 166 168 170 173 175 178 181 183 185 186 187 190 191 196 204 209 210 212 214 215 221 223 225 226 229 231 233 236 237 238 241 244 250 256 257 263 269 281 282 283 285 288 301 302 308 309 310 322 323 324 325 326 327 329 333 334 335 336 338 342 343 351 358 359 361 362 363 365 366 367 371 379 383 384 386 389 391 394 396 398 402 406 410 412 416 420 424 430 436 439 446 450 460 461 
104 158 167 168 172 174 176 177 180 181 182 183 184 185 187 189 194 198 199 202 211 223 225 235 236 237 238 244 245 247 253 254 256 257 259 261 262 265 266 268 271 272 278 281 285 287 294 297 298 299 300 304 305 306 307 308 312 315 317 319 327 329 334 339 340 341 342 343 347 348 351 353 355 356 357 359 361 364 365 371 373 376 379 380 382 388 389 397 399 406 413 415 417 422 430 431 435 437 442 446 454 456 457 459 460 462 
287 156 158 160 162 163 167 169 170 176 177 178 180 181 193 196 201 204 205 207 213 214 216 222 224 227 228 229 233 235 240 243 245 248 249 252 254 256 259 262 265 266 267 269 270 271 272 274 275 277 280 286 291 294 300 301 302 307 312 314 316 317 318 321 325 326 330 332 334 336 337 345 346 348 351 352 354 356 361 362 363 364 369 371 376 378 381 384 385 388 389 390 396 398 400 401 402 404 406 408 410 412 413 414 417 418 420 423 427 428 434 439 441 443 446 447 451 452 459 
129 156 159 161 162 165 182 185 187 188 193 201 202 205 208 212 213 214 223 227 228 233 234 251 254 259 262 265 280 287 292 293 299 319 325 328 329 336 338 356 360 365 368 383 386 391 401 402 421 425 427 429 437 438 448 449 458 459 460 
13 160 165 169 176 184 188 193 195 196 197 198 200 202 203 205 206 207 212 217 225 228 234 238 241 243 245 252 254 259 260 261 264 266 271 272 274 275 276 277 283 286 287 289 292 298 300 301 302 314 316 322 323 328 330 331 334 341 348 366 371 374 375 376 382 383 385 386 387 392 393 395 398 402 404 406 409 419 424 431 433 442 445 448 454 456 
55 159 161 170 181 185 192 196 198 199 200 209 212 230 231 232 234 235 237 243 246 247 248 256 273 277 279 280 281 283 290 291 292 295 296 298 299 300 305 308 312 315 316 318 328 335 339 340 344 345 349 357 359 362 368 370 375 380 384 385 394 399 402 407 417 418 420 434 436 443 446 447 450 462 
49 1 155 168 174 181 183 191 194 201 203 206 219 221 222 226 227 258 269 270 272 304 306 315 317 319 322 334 342 349 352 353 355 358 366 373 388 394 396 398 399 411 416 420 422 423 429 443 445 447 451 454 457 
5 164 167 168 177 178 182 187 192 201 229 230 232 234 235 244 246 252 254 260 263 265 266 267 269 274 277 285 286 288 314 332 334 339 346 352 360 364 365 368 370 378 381 400 407 410 416 438 439 442 446 456 458 459 462 
44 1 156 157 159 162 167 168 169 175 177 179 181 184 186 188 201 203 207 208 209 213 214 219 227 230 231 232 235 236 237 238 240 241 243 245 246 249 250 254 255 263 265 267 271 272 280 281 283 284 287 292 297 305 307 308 310 312 314 317 318 320 322 323 325 327 333 334 336 338 339 343 344 346 349 351 359 360 362 363 364 366 371 372 374 375 379 380 381 386 388 389 394 396 399 400 406 408 409 413 418 419 420 421 422 426 427 430 431 433 434 436 441 444 445 447 450 452 460 
111 155 156 161 164 169 178 193 194 198 210 211 231 240 241 246 249 253 258 265 272 278 285 289 291 307 323 328 333 339 342 343 344 349 354 355 363 366 370 372 375 378 380 392 407 413 417 423 434 439 448 450 452 460 
199 1 158 160 165 167 173 174 175 176 177 178 183 186 189 191 194 196 201 205 207 219 222 224 231 236 240 241 248 253 254 262 265 278 282 283 289 294 298 300 304 305 308 309 318 319 322 325 332 338 341 348 352 353 355 356 358 360 362 365 368 376 377 378 382 383 388 391 392 393 400 402 403 404 408 412 414 415 420 424 425 427 429 434 438 439 442 450 456 458 
197 160 162 170 176 180 189 203 207 211 216 220 222 224 247 251 260 270 290 298 299 304 311 313 314 316 318 324 326 338 340 344 355 359 362 364 366 373 378 379 382 386 387 390 392 401 404 405 407 410 413 421 433 439 446 449 461 
123 171 176 180 183 203 210 211 213 219 223 225 227 241 257 263 267 275 280 295 297 298 301 304 309 310 313 318 326 327 328 329 330 334 335 337 341 343 347 350 358 361 363 364 365 372 375 387 390 397 412 421 425 437 
234 155 175 190 193 194 199 202 204 208 209 211 234 242 257 258 259 260 274 276 278 281 285 297 303 308 310 312 318 332 335 340 351 361 372 390 393 395 396 398 404 405 410 411 414 415 421 422 430 433 440 443 444 446 449 457 459 460 462 
80 157 161 173 182 187 190 204 207 212 213 216 222 223 228 231 233 235 237 240 251 258 271 277 279 282 292 295 298 312 321 332 349 359 362 379 380 382 392 408 418 419 424 425 430 432 447 451 458 
294 155 156 158 159 160 162 163 168 170 177 182 185 187 188 190 192 194 195 196 201 203 206 209 213 214 217 218 220 222 236 239 240 242 249 256 259 261 263 265 266 270 272 273 275 277 280 282 287 289 290 292 297 301 302 303 305 308 310 311 314 315 321 322 326 328 333 335 337 343 348 352 353 354 356 358 359 360 361 362 371 377 378 384 387 389 390 393 394 395 404 408 409 416 417 421 427 428 429 430 431 435 436 442 444 447 449 451 455 456 458 462 
9 155 156 158 163 167 168 171 183 188 189 190 191 192 193 198 203 204 208 213 214 219 224 225 229 230 233 234 240 242 243 245 249 250 253 256 257 259 261 262 265 267 271 272 275 278 280 281 287 291 294 297 298 301 302 304 308 309 313 314 317 320 322 323 325 327 335 340 344 345 346 349 352 353 355 357 359 364 367 370 371 373 374 375 376 379 382 384 394 395 400 401 403 404 405 407 408 413 414 415 417 425 426 427 428 429 430 434 441 444 445 452 457 459 
44 162 169 178 181 185 187 192 196 202 205 206 209 221 237 244 263 266 267 270 271 276 286 288 289 291 297 302 303 310 311 313 318 319 334 336 348 352 363 382 402 404 410 419 423 424 427 428 429 443 444 451 455 457 458 
113 176 205 208 223 229 277 279 283 289 291 318 326 356 369 375 382 383 410 422 428 443 455 
200 158 163 167 168 169 172 176 178 188 190 192 198 204 206 207 209 210 211 217 222 225 226 227 228 232 234 240 250 252 253 256 258 265 267 268 275 284 287 288 289 294 300 303 312 314 316 320 330 334 335 339 341 345 352 357 359 362 364 365 368 369 376 378 389 392 393 394 395 398 405 414 415 420 422 424 427 432 440 444 445 446 448 
251 1 156 162 164 168 186 187 190 201 208 214 215 219 226 227 233 241 253 255 261 264 268 270 271 281 282 292 298 299 300 309 318 321 327 329 337 342 349 350 359 362 365 366 367 369 371 386 387 388 398 404 406 418 419 423 431 443 448 459 461 
40 1 160 168 174 177 182 184 189 190 191 194 200 202 203 211 216 222 223 225 227 228 229 230 233 244 247 248 251 253 256 257 267 269 274 275 277 287 291 296 309 310 311 318 319 324 330 336 337 343 349 352 354 365 366 368 370 371 374 386 389 391 395 396 397 414 424 428 431 437 438 440 441 442 443 444 445 451 453 461 462 
146 1 156 157 160 174 175 176 210 211 215 238 244 254 300 302 308 311 312 322 343 349 352 354 360 361 381 382 388 391 398 409 410 413 420 424 429 457 459 
286 270 282 292 352 
113 1 167 168 171 183 185 196 200 205 211 218 237 239 254 255 257 258 261 270 271 273 282 288 293 294 297 300 306 322 340 348 349 352 365 376 397 417 419 420 431 433 437 442 
231 157 158 159 165 167 174 175 177 178 180 182 183 184 193 206 209 211 213 218 219 221 226 228 233 235 236 237 238 239 243 246 247 252 255 258 262 263 267 270 271 273 274 276 280 281 285 286 292 297 302 305 306 308 310 311 312 316 317 323 324 326 334 341 348 350 353 354 355 358 360 361 362 363 365 368 373 375 376 381 383 384 385 386 387 394 399 402 404 407 409 410 412 418 420 422 425 430 433 435 438 441 442 443 446 447 450 451 452 453 459 461 
206 208 212 229 255 287 288 317 334 346 382 422 449 462 
241 1 158 163 166 169 172 174 175 176 183 190 193 194 195 203 215 229 230 238 239 240 243 247 249 250 259 260 266 267 271 275 277 280 283 284 293 298 299 303 308 314 316 319 324 326 337 338 356 358 359 372 373 374 376 378 383 385 387 389 391 398 401 408 428 430 433 435 443 456 459 460 462 
142 155 160 164 165 169 176 177 178 199 211 222 223 224 229 255 261 262 272 273 279 281 283 304 307 321 322 323 324 326 349 354 357 359 365 366 369 374 386 394 395 399 400 407 410 417 419 427 428 434 453 
27 185 203 205 206 218 240 249 256 282 294 301 306 358 375 376 378 386 395 400 408 411 447 
211 163 176 188 260 279 282 292 307 314 318 329 337 361 367 369 395 402 404 408 426 431 433 435 444 445 446 453 459 
69 160 162 176 178 180 183 186 193 194 199 204 206 215 229 234 240 242 258 259 261 262 264 266 267 269 271 277 278 286 291 298 305 306 310 311 314 315 323 330 333 334 355 362 363 369 375 384 386 394 411 414 417 422 425 426 428 439 440 443 457 461 
276 161 162 164 172 175 184 192 195 202 204 206 226 227 232 249 262 264 268 271 272 275 279 282 285 287 299 311 320 322 324 325 330 336 344 346 349 351 352 358 364 376 386 387 395 398 413 416 418 423 424 427 435 438 445 450 451 457 460 
114 155 158 164 170 180 182 188 196 202 205 207 208 213 214 216 220 231 233 237 238 241 242 244 250 258 264 266 270 274 282 283 286 292 299 303 305 310 312 316 320 327 328 329 335 341 343 344 345 353 358 361 363 364 370 375 377 379 381 383 389 399 409 413 421 423 429 
253 161 162 166 170 171 173 175 177 181 186 190 195 196 197 198 217 229 231 237 238 242 244 248 250 253 256 257 259 267 270 278 281 284 290 291 296 302 307 308 318 324 333 343 347 349 357 371 373 388 395 396 399 407 409 415 425 432 434 437 445 447 454 458 
32 1 158 160 164 166 173 176 181 185 192 198 199 207 210 213 215 220 223 230 235 237 238 241 247 256 257 265 266 280 283 285 286 291 294 295 305 315 323 327 328 329 331 333 337 340 342 348 350 351 353 360 361 364 365 369 376 377 379 390 391 393 397 407 434 436 440 455 459 
266 157 159 160 161 163 165 166 170 173 179 181 187 188 189 191 196 200 209 210 211 215 220 222 223 225 226 228 230 234 237 242 245 246 247 248 250 252 257 258 261 262 267 270 273 274 275 276 277 279 281 285 289 290 291 293 296 299 309 311 312 316 317 319 320 322 323 328 330 334 339 340 342 344 346 348 351 354 357 358 365 367 370 372 373 377 382 386 387 388 391 392 408 409 411 421 422 423 425 429 430 431 434 435 441 442 445 446 451 452 455 456 457 460 462 
105 155 156 161 165 174 177 182 183 189 211 213 217 222 235 258 276 284 285 286 287 311 316 317 323 325 336 374 378 385 391 402 406 408 413 426 434 
47 167 183 188 190 191 198 203 214 215 220 228 229 246 253 254 259 260 268 269 283 304 331 335 336 339 340 344 346 347 348 350 351 355 361 362 363 366 367 375 379 381 386 403 407 419 427 428 431 432 433 435 439 441 450 455 456 
115 1 157 158 160 172 176 192 204 214 236 242 260 269 283 293 295 299 305 306 314 316 338 340 343 348 357 367 376 377 381 383 389 396 398 399 427 428 441 446 455 
241 157 180 243 256 258 312 317 323 337 338 350 398 439 
96 155 156 157 159 160 161 162 165 170 174 177 179 191 197 207 210 213 214 226 228 231 232 233 238 243 246 247 249 250 257 258 261 262 264 266 271 272 273 276 277 280 282 299 302 303 311 313 314 316 317 320 327 331 335 339 340 343 344 346 358 362 368 369 373 375 376 378 379 389 390 391 392 394 396 397 399 401 406 409 410 416 421 424 431 438 439 445 446 453 454 457 458 460 462 
110 159 162 163 165 167 169 170 174 175 176 178 179 183 188 195 196 198 200 206 214 219 220 221 224 227 234 239 240 241 243 251 256 258 260 261 262 264 273 274 275 279 283 284 289 292 296 300 301 302 310 313 314 316 320 325 331 334 340 345 348 352 353 354 355 357 358 359 368 372 374 377 380 381 385 391 392 393 397 399 403 410 414 424 427 429 432 433 435 439 440 444 449 450 452 455 456 458 460 
250 1 156 157 159 167 173 174 178 180 181 183 184 188 190 209 210 212 213 216 218 219 220 221 223 230 233 236 238 240 242 243 246 248 250 251 260 265 267 269 272 274 279 281 282 285 286 290 295 296 299 305 310 311 312 313 315 317 318 322 324 326 328 330 331 339 343 347 349 358 359 365 369 371 378 379 381 382 384 386 388 390 395 407 408 409 410 412 420 426 427 428 430 431 433 437 449 455 
177 197 384 
276 159 167 168 172 180 195 206 213 214 215 221 234 236 243 253 256 263 270 274 278 282 287 309 316 322 325 332 366 371 372 381 382 391 392 397 401 404 422 427 430 454 457 461 
137 172 182 206 224 235 286 293 309 361 373 388 416 418 424 427 432 444 446 449 456 462 
248 1 157 161 166 171 173 182 183 190 192 193 196 197 205 208 219 229 236 237 250 253 256 270 274 275 276 283 290 294 299 300 302 309 314 317 318 319 325 328 329 332 334 341 344 348 352 355 363 365 367 369 375 380 384 389 397 422 426 430 437 439 440 449 459 461 
195 157 158 161 162 166 171 174 176 180 182 183 187 189 194 195 196 197 202 209 212 215 217 220 221 222 225 227 229 232 233 237 239 244 254 257 258 260 264 265 270 271 274 281 283 289 295 297 298 300 307 308 309 311 315 322 325 326 329 332 334 335 338 342 344 348 356 357 360 362 364 365 370 372 374 375 376 378 379 381 387 388 389 393 394 397 398 403 404 406 410 412 414 415 418 423 424 428 432 436 437 438 440 445 448 450 452 456 457 458 459 460 462 
270 156 165 168 188 217 250 286 330 332 340 351 370 379 385 386 394 399 413 428 432 
60 156 161 166 183 184 187 193 194 198 201 206 211 213 217 222 224 227 229 230 242 254 255 256 268 271 280 288 297 302 311 312 318 319 321 324 327 334 335 338 342 350 354 355 359 360 362 364 366 376 377 379 380 384 386 390 392 401 419 424 426 432 434 435 437 446 449 450 455 461 
45 155 168 170 181 185 189 193 207 222 231 241 250 256 260 261 262 284 287 299 303 304 307 308 313 315 323 328 330 343 349 353 357 359 361 366 375 379 389 392 406 418 429 434 445 455 460 
105 157 159 167 170 171 179 188 189 190 198 201 203 210 211 218 219 220 223 224 231 239 247 248 249 252 255 258 260 264 268 270 274 280 282 285 287 289 291 294 295 296 301 302 303 310 317 320 322 327 333 337 338 344 348 351 354 358 363 366 367 378 393 394 399 400 410 413 415 416 417 418 422 423 429 443 458 460 
118 162 169 173 181 186 191 201 209 211 216 221 228 230 240 248 254 257 261 263 279 285 298 299 313 322 326 331 333 335 355 364 375 377 391 404 426 428 434 444 451 
252 155 175 177 186 188 190 194 200 202 221 225 230 235 239 243 249 259 264 265 274 276 308 311 314 321 327 335 337 338 339 344 348 349 350 354 362 363 373 387 388 390 391 400 415 419 421 422 425 427 432 438 449 451 452 460 
190 156 157 163 164 167 171 172 173 174 175 176 184 185 189 194 196 197 201 203 211 213 215 219 220 221 222 227 229 230 231 233 239 240 242 244 245 247 248 251 256 257 258 260 263 267 268 272 274 276 277 279 281 288 293 294 295 297 299 303 305 306 308 309 314 323 324 325 330 333 335 336 337 341 343 347 348 349 350 352 354 355 357 359 360 361 366 369 370 372 375 379 382 386 387 388 392 393 395 400 402 403 406 408 414 417 418 419 429 433 434 442 443 444 447 452 454 458 459 460 
227 1 160 171 175 176 184 186 190 193 203 214 217 229 231 239 241 246 252 253 265 273 275 280 298 303 306 309 310 314 316 318 319 331 336 341 344 345 347 352 358 360 361 363 367 407 423 431 435 441 442 449 460 
61 159 160 168 172 179 189 193 200 201 204 218 221 222 224 226 234 237 247 249 264 266 267 278 284 287 288 291 293 297 301 304 309 311 323 333 339 347 348 354 356 358 360 361 363 371 374 381 388 391 393 396 400 404 408 410 421 433 437 442 445 449 451 452 457 
227 1 162 169 170 175 177 178 182 186 188 190 193 195 197 199 201 204 206 210 219 223 224 227 233 237 249 250 266 275 277 279 283 286 288 292 300 304 359 366 384 399 403 404 409 411 414 420 423 427 431 432 439 442 449 455 461 
248 162 230 304 393 411 462 
174 156 162 170 171 176 179 191 194 195 199 201 204 206 210 211 212 217 221 227 230 233 236 238 242 245 248 250 254 256 260 262 263 265 267 269 275 277 281 284 286 290 294 296 297 301 302 305 314 321 327 338 342 343 348 354 356 357 358 360 363 365 368 369 374 378 381 384 388 389 391 398 403 404 414 423 436 437 441 443 445 447 448 454 455 460 462 
258 165 166 167 169 172 178 180 182 183 185 190 198 201 202 206 207 215 218 223 224 225 226 227 231 233 234 236 242 243 247 248 252 253 254 257 258 260 261 262 263 266 272 274 275 278 281 284 285 286 288 294 295 297 299 303 313 314 315 319 323 327 328 332 333 334 335 336 339 341 344 345 346 348 349 351 352 357 358 367 368 370 375 376 377 381 386 390 395 400 403 404 405 406 409 410 411 415 417 418 425 427 429 435 438 442 444 445 
90 195 194 216 130 293 39 267 112 157 126 146 220 18 274 82 118 196 84 35 268 83 216 107 281 167 285 43 116 144 287 103 165 73 204 292 37 213 282 61 43 295 153 100 91 12 249 71 287 103 50 103 20 58 98 91 18 143 51 259 29 190 94 160 220 50 269 62 230 243 157 109 223 143 140 291 265 180 204 109 222 4 42 98 9 164 200 33 171 23 22 241 27 280 188 270 252 185 52 257 22 236 76 134 61 80 180 96 93 143 195 59 196 221 122 226 177 39 94 150 89 286 130 133 214 174 43 291 1 99 198 100 106 243 254 21 22 5 183 293 276 159 203 74 240 85 53 204 275 148 230 32 216 261 79 283 93 47 237 255 68 155 265 65 107 145 228 257 10 269 169 49 166 240 140 42 298 37 216 166 98 155 223 45 96 58 95 259 76 126 84 173 47 129 291 278 118 29 40 293 247 71 113 251 252 248 140 209 279 268 264 231 151 173 133 60 259 93 16 298 248 9 288 171 50 77 156 226 223 237 40 109 209 48 115 280 168 267 238 223 160 15 221 1 121 221 283 271 291 256 220 31 109 74 124 15 194 294 236 117 241 104 163 125 283 82 19 246 226 106 44 187 123 280 155 141 78 273 153 16 189 27 194 126 4 272 72 34 279 198 257 110 75 292 237 182 83 63 3 36 254 244 130 136 75 246 297 7 69 101 293 299 280 168 91 164 119 222 171 187 223 224 195 9 180 71 286 90 296 28 85 280 124 237 7 214 99 290 237 261 141 3 69 199 16 231 238 21 97 216 16 93 32 82 219 67 180 111 251 298 76 134 123 99 112 100 281 191 136 73 243 220 89 182 86 153 184 103 217 266 184 147 289 247 157 105 128 64 132 47 9 182 294 286 78 149 275 6 124 123 289 51 104 143 229 135 151 66 111 2 40 294 300 236 37 59 33 212 228 61 270 277 92 288 69 160 42 25 195 77 182 293 156 274 114 88 207 194 185 198 171 229 88 246 91 81 235 44 157 177 211 158 77 42 122 289 57 41 64 124 132 176 
