310 465
266 1 159 165 199 209 233 239 240 249 255 267 275 288 303 305 311 313 346 360 361 362 366 369 371 373 375 390 398 399 434 440 442 452 
118 1 157 160 169 177 180 186 194 195 202 205 209 210 214 216 217 220 221 226 235 239 241 243 244 247 248 251 253 256 257 258 259 260 261 263 264 265 266 267 271 273 275 276 278 280 281 288 290 294 296 297 299 300 302 303 304 308 310 312 313 330 332 333 338 340 342 345 358 362 364 365 367 368 369 370 372 378 379 381 384 402 403 404 409 410 414 415 418 421 422 426 429 435 439 443 444 445 448 449 454 457 459 460 465 
276 162 170 174 179 182 186 188 189 193 198 199 201 205 206 207 218 228 229 230 235 238 240 241 246 248 249 252 253 254 262 264 266 267 270 273 276 277 279 283 287 289 298 301 303 305 312 313 314 316 321 324 325 335 342 343 347 349 350 354 358 364 371 375 376 377 378 380 386 390 393 396 397 402 403 407 410 411 413 414 419 420 425 426 427 428 430 437 448 450 455 465 
192 163 167 177 178 180 185 190 192 193 205 209 218 219 230 233 237 240 256 258 266 268 285 288 293 303 304 311 319 321 327 330 346 356 357 365 367 369 376 391 394 400 401 403 408 410 416 427 432 438 440 444 450 452 453 456 457 461 465 
215 157 162 166 169 173 178 181 182 183 187 189 194 198 199 201 202 207 208 212 219 222 229 233 235 240 243 244 247 266 268 271 273 278 282 285 290 292 299 301 302 308 310 311 314 315 319 325 330 336 342 345 350 351 352 356 358 362 364 365 375 377 380 382 383 387 394 399 400 410 412 413 416 417 423 434 441 442 443 449 450 455 456 459 463 464 
112 163 166 167 168 170 174 179 181 188 195 196 198 203 205 207 208 209 211 217 220 222 225 228 229 236 242 243 248 252 257 259 262 264 265 267 269 272 273 285 286 293 294 298 299 301 307 310 313 315 322 324 336 338 339 340 342 343 350 354 364 373 375 381 384 394 397 398 404 405 407 408 409 412 414 417 420 423 431 435 440 445 446 449 453 454 457 459 462 
122 156 158 159 164 173 177 178 185 186 187 193 195 198 199 200 205 207 209 210 213 218 219 222 223 225 226 228 232 234 236 237 242 249 250 254 260 264 265 273 280 285 286 287 289 290 292 293 294 298 300 301 313 314 316 321 326 327 340 345 348 355 356 360 362 369 370 379 380 385 396 399 403 405 408 409 411 414 415 416 417 419 425 429 431 432 435 445 446 447 449 450 457 461 464 
238 157 166 169 170 175 179 186 187 192 193 206 216 217 218 220 221 222 224 241 243 249 251 252 256 258 260 261 269 279 281 284 293 299 300 302 303 308 310 311 312 315 320 321 324 328 329 330 336 346 347 352 354 361 363 365 369 371 372 373 381 386 388 389 394 403 414 415 416 420 423 426 428 429 435 436 440 443 444 454 456 457 458 460 461 462 463 
52 1 157 161 163 175 179 183 189 191 194 208 221 225 241 259 264 274 283 298 307 311 319 325 344 360 362 365 373 376 377 397 399 401 402 413 423 449 
148 159 162 168 181 203 205 236 240 262 264 268 278 281 283 294 295 300 301 312 316 324 331 337 347 348 353 362 383 394 401 408 451 452 459 
278 1 156 159 162 163 164 170 171 173 176 178 179 182 183 185 186 198 202 209 216 219 222 226 227 231 232 235 237 238 243 251 252 254 256 260 267 269 271 272 273 274 276 277 280 283 284 288 289 294 306 307 309 310 312 313 317 319 326 328 331 338 343 345 352 360 361 362 364 365 369 370 373 377 380 385 386 388 391 395 401 402 405 409 411 412 413 415 416 417 424 429 430 432 434 435 436 438 441 444 448 449 452 457 459 461 462 464 
201 161 164 177 179 182 184 187 197 205 207 213 217 219 226 228 231 244 246 252 257 262 264 269 270 275 279 280 283 285 288 297 301 304 307 327 331 334 338 343 354 357 360 366 372 373 374 380 381 382 399 404 405 414 419 421 430 442 444 446 450 452 453 454 458 460 
290 165 177 213 246 261 278 285 306 318 319 325 332 352 364 372 419 443 455 461 
4 156 165 166 170 172 173 176 178 179 194 196 197 202 206 216 218 237 243 256 267 268 278 287 290 294 299 308 323 326 331 332 335 349 367 370 374 379 389 391 403 410 411 415 417 418 421 428 433 440 447 452 453 456 460 463 
86 161 168 170 181 195 199 204 208 213 218 222 228 237 239 245 252 253 258 264 266 277 284 303 304 305 321 329 336 341 342 344 345 348 366 368 370 371 381 394 396 401 412 419 426 443 445 448 456 460 461 465 
136 159 160 161 165 167 172 173 174 176 179 184 186 191 193 202 207 208 215 216 219 226 236 244 245 247 252 255 258 261 262 263 269 273 288 292 295 296 299 304 305 310 311 315 316 317 318 323 325 326 330 334 335 336 337 338 339 342 344 347 348 349 350 352 353 354 356 359 362 366 369 370 374 377 379 381 383 388 391 393 394 398 399 403 405 407 411 414 419 424 427 444 448 450 456 458 459 465 
294 170 172 176 180 182 184 190 200 201 203 206 213 216 220 223 251 253 262 267 274 279 282 292 296 314 319 321 329 332 339 343 350 352 361 362 366 381 383 398 399 407 415 421 426 428 433 434 437 439 442 450 451 459 
130 156 157 161 162 163 167 168 170 172 173 177 178 179 180 181 183 186 187 192 194 196 198 199 200 203 209 212 214 217 219 220 221 224 225 234 236 243 246 247 250 256 257 271 272 278 280 293 294 297 299 300 302 305 309 310 311 313 320 321 326 330 332 333 338 339 347 349 350 354 355 360 364 365 367 371 372 373 374 375 377 378 379 381 382 386 392 394 395 397 398 399 400 401 403 406 407 408 409 414 415 416 419 420 421 425 426 429 432 435 436 437 439 440 445 450 451 455 458 463 465 
236 1 156 159 165 169 181 186 189 196 199 205 206 216 218 226 228 233 235 239 246 252 253 259 274 275 278 279 281 289 290 294 298 299 300 307 312 320 323 336 338 339 342 350 355 359 362 363 367 375 376 377 396 400 411 419 421 425 435 443 445 446 449 450 451 452 455 
102 1 156 157 158 159 161 162 164 170 171 172 173 175 176 177 184 186 189 192 194 197 204 205 207 211 213 218 221 225 226 228 230 234 237 241 243 244 247 249 252 254 256 259 262 266 273 276 283 284 285 290 292 294 297 300 305 307 308 311 312 315 316 318 319 321 322 324 333 335 336 341 343 345 349 353 357 359 365 367 372 373 376 378 379 382 384 385 388 389 391 400 405 406 408 414 417 418 421 423 425 431 433 434 437 440 442 444 447 450 453 459 462 464 
152 158 167 169 181 185 189 190 196 206 207 208 211 214 216 220 222 229 231 234 236 237 238 248 252 254 258 276 277 278 283 290 292 294 297 301 303 305 306 309 323 330 331 336 338 339 343 346 349 351 359 360 363 365 371 372 378 380 381 382 383 384 385 386 387 390 391 394 395 396 398 399 406 413 415 421 431 434 436 439 443 449 451 452 456 457 
76 1 156 157 158 159 160 166 168 172 173 174 175 176 178 185 186 187 188 194 197 198 203 207 210 216 223 225 229 232 236 237 238 245 246 249 250 253 254 256 257 265 266 273 276 279 282 284 286 287 288 298 299 302 303 310 314 315 317 319 321 323 325 329 331 341 344 346 349 353 354 355 361 363 364 368 372 374 385 388 389 391 393 395 396 401 404 405 406 407 408 411 415 417 418 419 423 428 430 439 443 444 447 448 452 453 455 456 457 458 459 461 464 465 
29 157 166 170 178 179 184 186 188 189 198 212 226 227 228 237 242 243 263 264 281 285 286 303 304 316 331 339 359 360 364 366 368 369 370 374 376 379 386 388 394 397 412 417 424 427 430 431 433 438 440 443 448 452 458 459 463 465 
29 164 165 166 170 171 174 176 182 184 186 187 194 196 199 204 212 216 218 227 237 247 251 252 254 258 259 262 263 272 274 277 279 284 285 288 289 294 298 299 300 301 308 311 312 315 316 317 318 329 337 340 342 344 358 359 363 364 367 374 379 380 381 382 385 386 391 392 399 410 411 413 415 420 422 424 425 435 439 444 454 459 460 462 464 
250 157 159 178 183 188 192 198 212 217 219 237 251 258 262 266 285 290 300 305 312 316 322 326 331 334 336 338 350 352 361 363 367 369 375 381 386 397 402 409 411 414 430 463 
17 163 182 186 212 218 249 266 267 279 299 302 331 342 344 345 360 370 385 392 395 421 427 447 449 453 465 
271 157 159 160 163 168 170 175 177 182 183 185 190 191 200 204 222 224 232 234 235 236 237 240 249 255 262 263 265 268 270 272 274 275 277 286 287 290 293 294 299 302 303 304 306 307 310 311 314 315 317 321 327 328 335 342 343 345 347 349 351 352 365 368 369 373 375 376 378 382 384 386 392 395 398 403 405 408 412 415 418 424 426 427 428 430 432 436 440 442 443 444 448 457 461 462 
30 159 160 161 163 164 166 168 169 174 177 180 184 187 188 192 193 194 201 202 203 206 208 210 211 218 221 223 225 227 229 231 233 236 238 241 242 246 247 249 251 252 254 256 258 264 265 266 270 272 275 276 277 280 281 282 286 291 292 299 301 302 311 312 313 314 315 319 322 323 324 327 330 331 342 345 347 350 353 354 355 357 360 364 368 372 374 379 381 383 386 389 391 393 394 397 402 404 409 411 415 423 424 425 426 428 430 431 436 437 438 441 442 443 446 452 454 455 456 457 459 460 461 462 463 464 465 
35 158 161 163 164 165 175 182 183 187 191 193 194 196 200 201 202 207 213 216 220 222 226 227 228 231 232 233 234 237 245 250 254 256 259 260 262 265 267 269 270 272 275 276 277 282 283 288 289 292 295 296 299 300 301 304 305 307 308 309 311 313 316 322 326 327 329 330 334 336 337 338 339 341 344 345 346 348 350 356 362 363 369 370 371 372 377 388 392 393 395 397 398 403 407 409 411 412 414 415 416 418 420 423 424 427 436 437 439 442 447 448 457 460 461 462 464 
295 156 157 166 167 169 172 175 180 182 185 189 190 192 193 194 197 201 203 204 205 206 220 221 223 228 232 238 240 248 251 260 267 271 274 276 278 282 285 286 287 296 306 308 312 316 318 320 323 324 327 328 330 331 335 337 339 341 344 345 351 357 362 363 366 369 372 374 377 378 379 381 382 389 390 392 393 398 403 406 411 413 419 420 421 423 424 425 426 433 436 439 441 447 456 460 464 
147 1 163 169 174 183 184 198 205 209 221 225 226 229 233 246 252 259 264 265 268 269 283 287 293 295 297 302 305 309 317 324 335 341 343 344 350 364 367 379 382 393 397 398 399 405 406 413 414 416 421 422 427 430 435 451 456 
289 163 169 173 174 176 178 181 184 185 186 190 191 195 202 211 213 220 221 222 223 227 228 229 232 233 236 241 245 247 249 251 256 257 258 261 262 271 272 274 278 280 283 289 294 299 303 307 313 314 318 324 325 334 335 339 341 343 345 348 354 362 366 369 370 376 378 379 382 384 390 392 394 399 400 405 408 411 412 414 419 420 425 432 435 440 442 451 460 464 
235 156 161 177 178 184 185 186 187 192 193 194 200 202 203 205 209 212 214 219 225 226 227 230 234 235 237 243 248 252 256 259 263 266 271 272 273 280 281 283 284 291 298 300 302 304 306 311 312 313 316 317 322 331 332 336 337 338 340 348 349 357 364 365 366 370 372 375 378 380 383 384 385 388 393 395 400 407 409 414 415 418 419 420 424 425 427 428 430 437 459 464 
98 1 157 162 164 166 167 169 173 176 182 183 188 189 194 205 207 215 216 220 225 226 228 233 234 238 239 240 245 249 250 256 257 258 261 263 264 266 267 268 270 271 274 277 279 280 281 284 285 287 288 289 294 299 304 310 311 312 314 316 319 322 325 328 329 330 331 333 334 335 336 338 339 340 341 345 348 349 353 356 357 358 363 365 366 367 368 373 376 379 381 382 384 386 387 390 392 394 395 396 399 400 404 405 407 408 412 420 421 423 426 427 429 430 431 434 435 441 442 444 454 455 457 459 461 464 
66 156 157 159 160 163 168 169 170 173 176 178 179 188 193 196 204 226 227 228 229 233 234 237 245 251 252 254 258 260 262 263 266 272 277 290 293 295 296 298 300 307 310 317 318 319 323 325 327 332 347 356 359 362 387 390 404 418 422 435 437 443 444 445 446 447 448 456 462 463 465 
274 1 156 158 160 167 174 176 179 185 192 196 202 205 206 209 212 213 229 232 247 253 271 276 277 287 289 292 299 318 334 345 349 357 358 361 364 370 371 374 376 378 379 388 393 395 397 400 402 410 414 417 434 454 
192 162 165 166 168 170 174 181 184 186 190 192 196 201 204 215 222 224 227 231 232 238 240 243 245 247 251 253 260 266 267 268 270 272 277 278 280 282 285 294 296 300 305 306 309 312 317 318 319 320 323 328 331 333 334 335 340 341 342 343 344 345 347 348 349 351 360 361 364 365 368 372 373 375 381 387 388 395 396 401 402 404 406 408 409 413 414 416 423 428 430 431 434 435 436 442 443 448 453 456 459 461 463 465 
243 160 161 163 164 165 167 168 172 173 174 176 179 181 182 193 196 197 203 206 207 211 212 213 216 218 219 222 224 227 235 239 240 250 253 258 266 268 273 274 279 282 283 285 287 288 289 290 293 294 296 298 299 303 305 309 313 314 319 321 325 331 334 335 336 342 345 347 353 357 362 364 370 373 374 375 377 379 381 382 383 385 388 390 392 393 397 399 400 401 405 407 409 412 413 415 416 417 422 423 433 435 436 437 439 440 441 448 450 451 456 457 458 
171 156 159 161 162 171 183 188 193 195 205 211 212 215 217 219 221 225 231 236 237 238 241 243 249 251 269 272 281 286 295 296 299 301 306 309 310 311 314 315 318 320 322 323 327 328 338 342 347 350 359 360 363 370 371 373 375 376 379 380 393 398 402 403 405 411 413 416 419 425 428 433 438 452 453 456 462 
231 156 160 163 166 167 168 171 177 178 179 180 183 186 195 196 197 201 204 205 207 208 211 212 213 214 215 216 218 220 221 224 228 232 233 235 237 241 245 249 250 258 260 263 264 266 271 279 282 284 285 286 294 296 297 299 300 302 306 309 310 312 313 315 318 320 326 328 332 333 335 336 338 339 342 346 350 352 353 356 357 361 363 368 370 372 379 380 381 384 390 395 398 400 401 408 410 412 413 414 415 420 421 422 423 424 425 430 434 455 456 457 458 460 461 462 
229 160 167 171 185 203 206 218 237 238 241 247 248 268 275 277 278 288 292 301 303 309 315 333 341 351 356 367 368 372 384 398 405 407 414 427 431 433 437 448 464 465 
110 157 158 162 166 181 183 184 196 209 210 212 215 224 231 232 246 251 254 257 265 267 269 275 277 278 280 283 291 293 300 302 306 316 318 321 323 325 326 329 332 333 336 344 358 360 362 368 382 383 387 392 394 399 401 402 404 409 410 421 424 428 430 432 434 436 437 439 443 447 450 452 453 462 463 
131 156 167 170 173 177 180 184 187 210 221 225 233 234 238 243 251 256 279 287 294 296 300 305 315 319 322 326 329 332 336 340 370 374 377 393 398 403 409 422 430 438 446 450 452 453 455 460 
148 1 156 163 165 177 180 182 191 200 203 240 246 248 257 258 272 274 300 301 302 313 326 328 340 346 354 358 359 360 368 374 377 379 386 387 388 398 400 408 430 434 439 448 451 
68 156 163 164 166 167 171 172 175 181 186 187 188 194 195 205 219 222 223 236 243 270 275 305 314 317 339 341 344 365 366 372 373 374 381 382 395 398 410 415 419 435 441 449 454 456 
261 159 197 219 231 252 255 256 271 273 293 302 313 321 331 353 384 414 429 438 458 462 
203 160 175 178 182 183 193 197 203 211 217 221 222 224 231 233 243 244 259 270 273 285 286 299 302 316 318 321 332 345 357 364 368 379 380 382 385 419 421 428 443 445 447 463 
176 166 188 199 245 252 335 360 415 426 
72 158 160 166 169 173 184 187 188 189 191 192 193 195 197 199 200 204 205 207 210 211 212 216 224 225 229 231 235 239 242 243 245 247 248 249 257 259 260 261 263 264 266 267 268 269 271 273 275 279 281 283 285 288 293 297 299 301 304 306 316 317 318 319 321 323 324 330 332 338 341 344 346 347 348 349 352 356 358 359 360 363 364 366 367 368 369 372 376 379 381 387 391 392 395 396 399 400 404 407 421 423 424 432 433 434 435 439 443 445 446 449 451 454 455 461 464 
238 161 166 181 187 198 199 200 204 206 219 237 238 241 244 248 251 252 262 273 294 305 310 312 314 316 320 321 322 327 328 347 349 360 373 376 388 392 393 416 418 423 424 430 437 442 443 450 455 463 
46 156 157 159 165 175 183 194 198 208 209 216 221 226 235 238 239 247 254 259 274 281 296 302 303 313 319 320 327 328 331 333 336 337 339 348 367 373 378 388 397 401 408 414 417 419 421 424 425 430 431 432 435 436 445 448 452 
277 158 169 171 182 184 191 200 250 262 290 344 361 388 400 449 454 460 
269 1 163 164 168 171 182 187 191 197 200 201 203 208 211 216 221 225 229 232 233 235 236 237 240 241 246 250 254 263 267 270 271 277 278 283 300 301 308 312 319 323 324 325 328 339 343 363 364 377 379 396 401 402 405 407 411 414 416 419 427 434 436 442 444 445 452 
94 156 157 164 166 167 171 172 175 176 186 191 194 196 200 205 208 209 213 214 216 218 226 230 232 243 249 250 253 261 265 266 267 269 278 280 284 289 291 296 298 301 302 307 308 309 310 312 313 314 317 325 330 335 336 340 346 351 355 357 361 364 365 373 375 383 385 393 398 403 405 407 414 417 418 419 420 422 430 432 438 448 449 453 455 456 459 464 465 
137 1 162 164 165 166 167 168 170 174 175 176 177 188 189 196 202 203 205 206 207 211 217 218 228 230 241 247 253 255 268 269 271 272 275 278 282 283 284 288 291 295 296 297 299 302 304 306 307 311 312 315 317 323 329 330 331 333 337 340 341 344 346 349 352 353 355 359 360 363 366 368 369 371 373 374 379 380 383 384 389 393 395 402 404 405 412 419 420 421 432 436 442 445 447 451 452 454 456 458 459 464 
174 176 183 206 225 229 241 247 251 253 303 307 316 323 340 436 447 463 
102 1 165 171 172 174 177 184 188 199 202 206 211 215 248 252 256 261 262 263 270 277 279 282 290 305 309 342 344 347 352 355 363 366 386 409 418 425 430 444 454 456 458 463 
196 157 158 159 165 166 170 173 175 176 181 186 193 197 198 201 205 206 211 214 215 218 222 223 229 234 238 239 242 245 246 247 248 250 251 253 255 257 259 260 262 263 267 272 273 274 282 283 291 293 294 296 303 305 306 307 311 312 316 317 320 323 324 325 326 327 335 339 348 353 354 357 359 360 363 365 377 385 389 390 391 395 399 401 402 403 414 415 418 419 426 427 428 432 438 440 442 444 445 447 448 451 458 459 460 461 
105 157 158 159 169 170 174 179 182 190 191 221 230 248 249 252 253 263 275 282 283 286 290 302 312 314 327 329 340 346 349 353 359 367 384 401 403 411 415 420 422 434 439 441 450 
299 1 157 162 163 165 169 176 178 181 184 185 186 191 192 199 204 207 218 219 223 225 228 232 244 249 252 253 254 259 261 263 266 269 275 279 281 289 290 293 294 298 300 301 303 305 307 309 315 316 319 320 326 329 330 332 334 337 339 340 344 347 350 353 354 355 357 359 362 365 366 367 368 369 371 373 382 384 386 388 389 391 393 394 398 400 409 410 423 426 428 430 431 432 434 442 445 446 447 450 451 452 453 454 456 463 
11 162 181 187 217 223 233 239 277 293 330 365 431 450 
114 160 165 167 168 172 175 181 182 184 189 194 195 198 200 204 207 208 209 210 211 213 215 220 227 230 231 238 239 243 245 254 258 259 264 265 267 274 278 279 281 284 292 293 296 300 301 303 305 306 313 315 316 320 322 332 333 334 336 339 342 346 350 351 355 359 360 364 371 374 386 390 392 394 398 399 404 407 408 410 411 412 414 417 419 421 423 425 428 434 437 441 443 445 455 464 
48 1 156 157 162 166 169 170 172 177 179 182 186 188 191 193 194 197 201 202 207 213 214 215 216 218 222 223 224 226 227 230 235 239 243 244 247 248 251 255 260 262 264 270 276 277 280 284 291 295 296 299 302 305 306 307 309 311 314 321 325 326 329 332 334 338 339 349 351 353 356 358 362 363 367 368 372 373 375 376 379 386 395 401 405 406 409 413 415 419 423 425 428 435 437 445 454 458 463 
146 182 212 250 280 312 362 452 
218 1 157 159 160 161 164 170 173 174 180 185 187 188 193 196 198 201 204 211 212 213 215 220 233 234 237 240 248 249 250 252 260 263 268 270 272 276 280 281 282 287 288 291 293 295 301 302 303 305 309 311 312 326 327 329 331 332 335 336 344 347 351 352 354 364 365 374 377 379 381 384 386 387 388 392 393 394 395 396 401 403 410 415 419 420 422 427 429 433 435 441 447 449 451 454 458 464 
121 165 200 209 219 256 258 271 275 276 301 304 336 348 370 392 415 416 427 442 443 452 
202 157 159 160 164 168 169 172 173 175 177 178 180 181 186 187 192 196 197 200 202 204 208 209 212 215 217 223 225 227 230 236 239 242 243 245 247 249 250 252 255 256 260 263 268 273 276 277 280 283 285 287 291 297 298 304 305 307 309 319 320 324 327 332 333 340 342 343 347 353 355 356 359 365 370 371 375 383 384 385 386 387 388 389 390 397 398 399 401 402 403 407 409 414 418 419 420 421 427 429 430 432 433 434 439 440 442 443 447 449 454 455 457 459 462 
82 161 163 167 169 181 182 192 200 201 203 206 207 212 214 216 227 233 234 238 241 245 247 251 254 257 266 267 268 283 288 293 297 300 305 306 308 313 318 334 336 353 355 361 363 369 372 373 377 397 403 404 410 412 416 417 418 424 425 431 432 433 438 441 443 445 446 455 460 462 
107 345 349 357 
298 168 178 225 252 262 267 283 295 319 327 349 351 353 363 368 369 373 424 426 432 
50 158 162 185 233 248 269 292 302 307 311 316 320 357 378 379 396 430 454 458 
131 162 171 177 178 181 182 189 193 195 196 199 202 203 206 215 221 230 232 240 242 246 249 254 260 264 267 268 274 275 276 277 278 284 285 287 292 293 296 298 302 303 304 308 309 311 312 317 330 332 333 336 337 342 348 352 354 361 364 369 371 372 373 376 383 384 385 388 389 393 396 397 398 400 419 423 433 441 443 444 445 450 451 452 454 455 456 459 461 
222 166 181 187 189 199 211 216 220 221 223 228 232 238 265 275 289 297 300 328 330 332 337 339 346 347 348 354 369 370 376 380 389 390 395 400 403 406 407 410 421 431 434 438 440 447 459 461 463 465 
23 160 162 166 168 170 179 181 183 187 189 196 200 201 202 206 209 213 214 215 217 218 221 225 226 228 231 233 239 244 254 257 260 261 262 263 264 265 268 271 272 273 277 284 287 290 295 296 297 301 302 306 310 311 316 317 320 322 323 333 338 340 344 346 347 353 354 356 366 370 372 377 378 381 382 384 385 387 389 396 398 402 410 411 416 417 418 419 423 437 438 440 443 444 449 450 452 454 458 462 
194 158 163 167 179 183 192 196 205 207 228 231 238 239 263 274 276 285 299 300 305 312 327 328 338 340 355 362 365 382 397 402 415 417 422 435 440 448 450 
74 157 191 212 280 288 290 294 317 359 414 415 418 
161 1 160 168 174 177 184 186 187 190 194 195 198 201 202 205 206 211 220 222 224 226 235 244 246 250 255 261 273 275 282 287 288 295 304 308 309 310 322 327 333 340 343 354 355 362 363 364 365 372 373 380 400 403 404 424 432 433 436 438 439 441 445 458 459 460 463 
23 1 158 161 162 166 167 172 176 179 186 189 191 194 200 204 205 210 214 215 218 221 226 230 231 234 235 236 237 240 242 245 255 256 258 259 260 264 266 268 270 276 277 280 286 288 290 292 294 295 297 307 309 313 314 316 318 324 327 328 334 335 338 341 343 345 347 349 350 352 353 354 357 364 365 376 377 385 387 389 390 397 401 410 411 416 420 421 424 428 440 444 451 452 455 462 464 
214 223 274 305 350 408 
258 157 204 227 236 270 293 295 306 315 333 375 385 394 396 411 
80 160 161 163 164 165 171 176 177 178 179 180 184 185 187 188 190 191 195 203 204 205 207 212 215 219 221 225 232 233 234 237 242 243 247 249 251 253 256 259 262 263 265 267 271 272 273 274 276 280 281 283 284 285 287 296 300 301 302 303 305 306 307 308 320 321 322 329 331 335 336 337 338 339 341 344 345 347 349 352 355 363 364 365 369 373 375 378 379 381 385 388 390 391 392 395 400 401 407 410 413 421 422 426 428 429 432 433 435 438 440 444 445 450 451 455 456 458 460 461 464 
180 294 408 
173 1 156 161 165 167 175 176 179 182 183 184 187 190 191 194 195 196 197 198 199 200 201 205 206 208 212 213 214 221 222 227 229 230 231 233 234 238 240 241 246 250 251 252 253 254 256 257 259 264 267 270 272 274 275 280 281 290 292 294 296 297 298 302 313 315 317 319 321 326 327 330 331 332 337 339 343 344 345 349 351 354 361 362 363 366 370 375 376 386 387 388 389 391 393 396 397 405 406 407 408 409 412 414 416 418 419 423 426 427 429 431 433 436 439 444 447 448 451 457 458 462 
152 161 162 165 178 188 191 197 201 203 213 226 233 236 271 305 306 307 308 313 318 319 323 332 333 336 343 346 348 355 359 360 365 369 379 381 402 422 425 427 433 451 456 461 
114 162 166 173 176 179 180 185 190 192 199 200 201 203 210 211 212 215 218 221 224 225 227 230 232 234 237 238 240 241 244 245 246 250 252 254 258 263 265 273 276 285 288 289 290 291 297 298 301 304 307 308 309 315 316 318 320 322 324 325 326 327 329 330 333 338 339 342 347 353 356 360 362 367 375 379 382 385 388 391 393 398 402 408 411 414 415 416 417 423 432 435 439 447 449 451 452 454 456 459 460 461 462 463 464 
4 160 161 166 171 179 182 185 199 202 210 211 215 221 233 241 244 245 247 248 249 250 262 269 271 273 279 281 284 285 287 292 293 298 300 310 311 314 316 318 321 322 323 325 326 327 343 358 363 365 370 379 381 383 388 389 391 402 406 407 409 416 417 421 434 436 438 442 445 446 450 452 456 457 458 459 460 463 
218 167 186 419 458 
16 157 162 163 164 169 173 179 181 183 185 186 187 189 196 200 201 202 205 209 210 214 215 218 220 222 224 225 226 228 229 230 232 235 238 239 243 245 247 254 259 263 265 266 268 270 271 272 273 275 276 278 284 287 292 294 295 302 306 309 310 313 314 316 320 321 323 325 329 334 338 341 342 347 349 352 356 357 361 362 369 371 372 373 374 376 394 396 397 404 405 407 414 425 428 431 435 436 442 443 445 446 447 449 450 453 456 460 464 465 
198 1 159 172 176 195 207 209 226 229 230 236 245 249 263 289 294 295 306 318 321 322 325 327 330 333 334 339 342 350 356 361 363 368 386 391 398 405 407 414 416 424 427 437 447 451 454 459 
283 165 166 169 182 187 198 199 207 215 216 219 222 226 234 241 245 250 253 266 276 279 282 294 311 317 325 332 334 348 351 372 375 378 379 381 384 391 404 423 434 436 437 439 456 458 
287 205 289 318 418 
274 157 161 163 165 167 173 174 176 179 181 194 202 206 209 213 216 217 219 221 225 237 240 242 243 247 252 254 256 258 265 268 284 288 292 300 303 308 311 312 313 317 318 321 328 335 339 344 354 364 366 367 370 371 372 381 382 383 385 388 389 393 397 400 409 411 422 424 429 432 434 436 439 440 441 455 460 
240 164 206 224 228 234 237 253 265 307 308 329 341 342 353 364 426 
90 156 168 180 189 191 201 202 208 213 214 218 222 225 226 231 235 240 243 249 251 252 254 256 264 280 283 287 288 289 290 294 295 297 301 302 310 313 320 324 327 328 329 331 335 338 346 348 349 350 351 356 360 364 366 368 370 378 383 386 389 402 403 408 410 417 418 420 421 424 427 429 437 444 452 456 460 
53 160 164 167 180 190 214 233 234 241 254 263 266 292 309 315 323 329 334 339 343 373 375 387 393 394 414 417 423 429 434 460 
92 160 163 183 188 198 202 204 218 224 236 249 258 259 261 271 283 286 288 293 315 319 325 330 331 341 375 380 389 396 397 399 410 421 
138 1 156 163 169 172 174 177 180 181 189 197 198 199 200 203 205 208 215 217 220 221 230 231 237 239 242 244 245 253 254 260 264 267 271 272 274 277 278 279 280 282 284 286 287 293 294 298 301 302 304 305 306 313 315 333 336 339 340 341 345 352 355 356 357 359 360 361 363 364 365 367 371 375 377 387 394 397 399 410 414 416 421 424 425 428 433 434 435 436 438 440 441 442 451 455 456 457 459 460 463 
22 156 157 163 180 190 192 196 199 201 204 206 207 216 223 225 226 227 238 247 268 272 276 300 304 307 311 317 335 338 349 350 351 363 374 380 382 390 413 421 423 425 428 429 436 443 458 462 
107 160 165 170 180 182 185 190 191 201 209 211 229 235 240 241 243 262 263 264 267 271 273 275 279 284 286 296 304 308 311 316 327 338 343 350 354 361 372 373 375 377 385 398 408 413 418 422 424 427 430 440 442 447 448 451 
170 168 169 171 175 190 191 193 194 195 199 201 204 207 208 217 224 226 229 231 233 235 246 249 250 252 255 256 260 261 266 281 288 291 295 301 302 303 306 316 318 324 326 327 330 336 337 340 347 349 350 355 361 364 369 373 376 383 387 388 389 396 400 403 405 406 410 411 412 414 415 416 417 421 428 433 434 439 441 443 445 446 453 457 458 
290 1 158 161 162 164 165 167 172 173 174 175 178 179 184 185 187 190 192 197 198 201 203 206 210 211 212 217 219 220 221 222 226 228 235 236 239 241 242 245 246 252 256 258 265 266 267 270 272 274 275 283 284 293 294 297 298 301 302 303 306 307 310 311 313 314 315 317 318 319 321 323 324 326 330 332 334 335 340 341 343 347 351 353 360 361 362 365 367 369 370 371 372 373 381 383 384 387 388 390 393 395 399 400 402 416 420 423 425 426 429 430 431 438 440 446 449 452 454 455 456 463 
196 157 166 171 173 183 184 186 191 194 196 202 203 208 213 215 217 218 220 228 230 231 232 235 240 241 247 249 252 253 255 260 264 269 270 272 274 276 278 280 295 298 300 301 305 306 308 312 313 316 317 319 321 327 328 331 332 337 340 341 342 344 345 347 350 357 364 377 380 386 387 392 402 406 407 411 416 420 425 426 428 430 434 435 439 442 444 447 452 456 457 460 465 
273 158 184 185 215 269 341 346 362 370 399 403 438 450 
141 156 157 158 159 160 161 163 164 167 172 175 176 178 179 180 181 183 186 187 188 193 197 198 202 204 206 212 213 214 217 222 223 226 228 230 231 241 246 250 255 258 264 268 271 272 275 277 281 282 287 289 290 292 296 298 301 305 308 309 313 314 315 316 317 319 321 333 335 336 337 339 342 343 344 345 348 350 352 353 358 360 362 363 365 367 368 371 375 377 381 382 387 388 389 400 403 404 413 416 417 421 424 427 428 431 437 438 440 445 446 447 449 450 458 461 462 463 
178 166 175 180 183 185 186 187 192 193 194 197 203 204 207 208 218 221 227 235 236 239 241 243 247 248 252 264 268 269 270 271 273 278 279 284 285 289 290 292 293 297 303 306 310 312 313 316 317 318 319 320 324 325 326 333 339 342 344 350 354 355 356 357 362 369 370 371 372 373 376 378 382 386 387 391 392 400 406 410 412 413 414 415 416 422 424 426 428 429 438 439 440 443 447 457 463 
259 1 157 159 164 167 172 176 177 187 196 199 205 211 215 216 218 220 225 229 232 239 247 248 249 266 271 272 274 275 278 281 284 288 292 296 297 301 305 307 323 325 326 330 336 348 353 360 361 378 383 384 391 395 397 399 400 410 418 421 430 432 434 435 437 440 441 444 446 449 459 462 465 
73 1 156 158 165 186 193 195 196 204 211 212 213 215 217 218 222 225 226 229 235 239 241 244 247 251 252 253 254 259 260 269 271 275 277 278 280 284 286 287 289 290 291 292 297 300 302 304 305 306 307 308 309 310 311 319 321 325 333 334 336 337 339 343 346 351 352 353 354 357 360 364 365 369 375 377 378 380 382 383 385 388 392 393 394 395 398 402 405 408 412 413 416 420 421 422 426 436 443 444 447 451 457 461 463 
231 1 156 158 163 164 165 170 179 185 187 190 191 195 198 205 208 209 210 212 214 216 225 231 233 236 237 240 251 253 260 264 265 266 267 270 272 274 283 284 285 288 290 291 293 294 295 297 302 305 308 310 313 317 319 320 327 329 330 332 333 335 337 338 342 348 355 356 358 359 362 368 369 373 375 380 384 388 394 395 399 406 408 414 416 418 420 427 428 430 432 433 442 444 446 454 
137 1 157 167 170 174 189 198 199 215 221 223 228 229 238 253 257 266 271 279 290 297 308 327 338 343 351 353 356 357 363 368 376 382 387 388 422 437 438 439 442 448 451 
158 159 168 169 177 179 188 189 192 195 198 203 206 210 221 228 234 238 241 256 259 272 275 293 295 305 307 311 315 318 323 326 330 332 335 338 339 342 343 354 356 364 367 375 378 381 390 401 409 412 413 419 421 422 423 429 437 438 442 444 446 447 450 451 452 456 458 460 464 465 
124 1 157 161 169 174 176 179 184 191 194 195 204 208 209 212 215 216 219 222 227 230 235 240 244 245 247 250 253 256 258 268 270 275 277 285 286 287 288 289 293 296 298 300 301 304 305 307 318 322 324 325 326 330 337 349 350 352 355 358 360 361 362 363 365 366 368 372 380 385 388 391 392 393 395 397 398 403 407 408 409 410 417 418 421 424 425 426 430 436 441 442 444 446 454 455 456 461 463 464 
240 156 186 216 222 333 347 389 390 459 
278 157 158 164 166 167 169 176 181 183 184 189 190 192 195 203 204 208 210 211 215 218 220 223 226 227 229 231 232 239 241 242 244 245 249 252 255 256 263 267 269 271 273 280 281 283 285 286 290 294 295 297 299 301 308 310 311 312 313 315 317 323 324 328 330 331 332 335 341 343 348 350 356 358 359 361 362 368 370 371 373 374 375 376 380 383 386 391 392 393 394 396 398 400 401 406 409 411 413 417 425 428 429 430 433 434 438 440 441 442 444 446 451 452 454 455 457 459 460 463 
122 157 163 165 173 174 176 181 182 183 185 188 190 200 201 202 203 219 223 224 231 233 239 240 243 245 249 250 251 252 256 257 259 260 264 269 270 272 273 276 277 279 281 283 284 285 287 288 289 290 291 296 305 307 311 312 315 317 320 323 326 329 330 331 332 340 341 345 348 351 358 360 361 363 366 370 374 379 380 384 390 392 394 396 401 403 405 407 411 415 416 418 419 421 423 429 431 434 436 438 442 445 448 450 455 456 459 461 463 464 465 
274 161 168 171 174 181 185 211 221 227 234 236 239 241 257 262 265 270 280 282 287 290 291 295 297 304 314 320 325 328 334 353 356 360 370 380 384 397 406 407 410 414 417 424 443 444 454 
89 160 167 192 212 213 219 220 221 238 256 276 278 301 325 328 338 344 368 374 377 399 410 411 424 431 457 
286 157 158 167 168 170 174 176 182 186 187 192 193 194 195 203 214 224 226 227 228 229 234 241 247 258 259 260 262 263 264 271 275 276 279 280 283 286 287 289 292 294 295 296 297 298 299 301 302 304 306 311 313 314 316 317 323 325 326 327 332 334 335 336 342 343 344 346 347 348 349 350 354 358 361 362 364 365 366 371 372 373 375 376 377 383 390 398 405 406 407 408 412 413 426 427 431 432 436 443 448 451 456 458 459 464 465 
103 1 157 165 166 167 173 174 175 189 199 202 207 210 216 223 225 227 234 236 237 255 258 262 264 270 273 274 280 286 288 290 293 295 299 300 310 319 320 336 343 361 379 380 383 384 391 394 414 425 430 431 440 451 452 457 459 463 
272 157 203 267 275 367 408 
195 157 256 282 380 385 397 
223 407 
229 167 244 253 328 331 352 367 435 445 
284 158 169 172 176 177 178 182 183 185 186 197 198 202 207 211 220 221 222 223 226 227 230 233 242 244 245 247 249 250 251 252 261 263 266 270 272 274 275 276 281 282 284 285 288 289 290 293 297 306 309 311 316 321 323 326 329 334 337 344 345 346 347 348 354 355 356 358 371 372 374 375 376 378 379 380 383 392 397 399 400 401 406 410 411 413 414 415 417 419 420 423 429 432 437 440 444 449 450 451 457 458 459 460 462 464 465 
89 167 183 185 198 199 202 218 222 232 235 236 239 241 242 272 275 286 294 296 334 339 349 357 358 361 391 393 404 412 417 425 431 437 451 460 
196 1 156 161 169 176 183 188 193 195 196 200 202 204 213 225 228 230 234 236 237 241 245 248 256 257 260 262 263 266 272 275 276 279 285 286 292 293 294 296 298 301 303 305 306 308 313 314 317 318 322 326 327 328 334 338 339 342 343 347 352 357 373 375 385 387 388 402 403 411 412 419 420 423 429 435 438 439 441 449 453 454 464 
129 156 157 163 164 165 166 167 169 171 174 179 182 187 191 201 209 211 221 225 236 237 252 254 260 263 264 265 269 270 271 272 273 279 280 281 282 288 291 294 295 296 299 301 310 311 317 321 331 333 341 346 347 349 351 355 364 365 368 370 375 379 384 397 404 405 406 413 418 422 426 429 432 438 442 450 453 456 458 461 462 
125 1 158 159 161 166 177 179 190 193 198 208 210 216 228 236 237 239 246 252 257 264 269 271 275 277 280 285 287 290 296 325 328 335 339 341 347 349 353 354 361 362 364 366 369 394 396 397 398 399 405 410 414 418 421 424 425 426 428 431 432 437 438 439 445 448 449 452 454 455 458 
243 156 159 169 171 173 177 182 183 184 186 190 192 194 200 204 206 208 212 217 223 224 227 238 241 247 249 255 257 260 264 265 266 267 271 273 274 280 281 282 283 286 287 290 293 294 295 296 297 300 302 304 312 315 320 323 326 327 328 331 345 346 348 349 350 359 360 364 366 367 371 372 373 380 386 388 393 394 395 396 398 399 408 412 413 415 419 421 429 431 438 442 443 448 452 454 455 458 462 463 465 
250 157 163 165 171 174 181 194 209 212 216 220 222 223 224 242 247 253 258 261 267 271 297 301 306 327 328 330 336 352 354 361 377 412 414 419 425 434 441 447 451 460 462 465 
179 157 159 176 177 186 189 195 196 198 200 204 207 219 225 227 233 234 237 244 253 255 258 275 277 278 280 281 284 290 291 297 299 301 302 317 321 324 329 347 352 354 364 371 372 377 378 380 388 389 391 400 405 406 412 417 425 429 434 442 446 448 453 456 460 
143 156 157 158 159 160 161 165 170 171 176 193 194 199 202 203 208 216 218 225 227 231 234 235 237 238 239 240 241 242 244 245 246 248 252 254 256 258 264 267 269 272 276 282 283 284 289 291 292 294 302 306 307 309 311 313 314 316 318 319 324 327 331 332 333 334 335 336 337 338 345 346 347 350 352 353 355 356 359 361 365 369 371 372 373 376 377 379 380 381 382 383 386 395 399 400 401 402 407 408 414 419 420 422 425 426 428 429 430 431 433 436 439 444 446 447 449 450 451 454 460 465 
33 160 165 173 206 222 230 239 248 257 280 291 315 321 350 368 398 400 405 415 428 444 453 
215 157 159 160 161 163 166 169 171 173 176 179 183 184 187 190 193 195 197 200 201 212 213 214 216 217 220 225 227 229 230 232 240 246 248 254 256 257 266 269 278 280 282 284 291 301 305 310 313 318 320 321 322 325 327 334 339 346 351 352 355 358 369 371 372 375 376 385 386 388 393 396 397 410 411 412 417 418 419 423 431 432 434 440 442 445 446 447 448 453 455 456 457 459 461 462 
226 156 160 164 165 173 176 177 178 184 187 188 192 201 202 203 206 208 211 217 219 222 225 226 228 231 236 240 241 246 247 249 256 262 269 270 276 277 278 281 282 283 284 287 291 293 295 297 298 299 302 304 309 310 314 315 319 322 323 325 326 331 332 334 336 340 342 344 345 348 350 351 353 355 357 359 360 361 362 364 365 366 373 375 376 379 381 383 384 386 389 393 394 398 400 401 410 413 420 422 423 427 435 436 437 438 439 440 441 447 451 456 457 459 465 
137 159 171 173 177 189 194 200 201 205 209 218 221 224 227 232 251 256 258 269 276 281 284 288 292 293 294 309 313 316 319 326 328 333 335 336 343 345 347 361 363 390 406 409 412 427 434 438 442 444 462 
239 162 164 165 170 180 190 194 205 213 219 258 261 269 283 289 295 311 319 325 329 343 359 366 376 395 397 398 411 426 437 450 464 
214 157 161 177 178 181 182 188 192 195 197 201 203 205 207 212 214 215 221 222 235 239 240 244 248 249 256 261 272 275 277 278 280 281 282 283 284 286 287 288 292 297 298 301 306 315 321 324 325 328 330 339 348 349 351 356 360 368 370 373 378 380 384 388 389 390 399 402 405 407 410 411 414 415 418 421 422 424 425 427 429 431 432 439 441 452 453 457 458 460 462 464 
297 158 162 169 170 174 180 185 186 198 220 245 247 249 257 263 264 269 273 282 334 335 336 337 350 352 354 359 361 365 366 368 373 378 386 388 394 398 420 424 428 429 454 458 
181 1 162 178 180 182 185 190 196 200 202 207 210 215 221 240 246 249 250 252 257 260 263 269 279 291 296 310 326 345 360 364 368 373 393 439 444 447 449 452 455 461 
281 1 158 160 162 163 169 173 175 176 179 180 181 182 184 189 192 193 197 199 201 204 206 208 221 224 226 237 247 257 260 267 270 276 277 279 280 281 285 286 290 299 300 306 309 314 346 348 349 352 354 357 361 365 367 372 373 375 379 388 389 391 394 401 403 421 427 430 431 432 434 437 441 448 449 452 453 454 455 459 463 464 
257 156 167 171 184 187 189 224 225 229 233 240 285 297 314 337 361 364 383 387 402 412 452 453 462 
255 1 159 162 176 177 179 181 184 187 188 190 192 194 195 197 198 201 202 203 205 208 214 218 222 223 226 227 229 231 234 235 239 241 243 244 246 247 248 249 255 260 264 265 268 270 271 272 274 275 276 277 278 279 281 282 286 287 291 292 294 297 299 301 311 312 318 319 320 326 327 330 332 334 339 340 347 350 353 354 358 361 362 364 368 369 371 378 387 393 402 409 410 412 421 427 429 435 441 442 444 446 450 453 457 459 460 464 
145 1 159 161 168 170 172 181 182 184 193 196 200 203 205 206 208 210 211 227 231 237 238 245 246 247 251 252 256 258 261 264 266 275 278 282 289 290 298 299 304 305 310 311 312 313 318 322 327 330 331 332 333 335 338 339 340 343 347 351 352 353 357 360 362 365 366 367 373 375 377 380 383 392 394 395 401 402 407 408 410 412 414 420 427 428 430 434 441 444 449 453 455 463 464 465 
2 1 159 161 171 173 180 182 193 198 200 201 204 205 212 213 214 217 220 221 222 223 235 241 247 248 250 263 271 278 279 281 282 285 288 290 291 294 298 299 304 306 314 317 319 320 323 326 327 328 329 333 334 342 344 345 347 348 349 353 354 355 360 367 370 377 378 379 382 389 391 394 398 400 401 402 405 407 414 416 417 420 422 423 429 431 441 442 443 444 445 449 451 457 460 
218 160 162 164 165 166 171 172 174 177 179 180 183 189 193 206 211 215 219 227 231 233 234 239 240 241 242 247 248 255 266 268 270 272 275 277 281 285 286 287 292 295 299 300 306 310 316 318 320 322 323 328 334 336 340 341 342 344 347 348 349 350 351 352 353 358 360 361 365 366 368 369 371 373 375 377 379 381 384 388 389 391 395 396 397 398 401 402 406 409 410 411 412 413 414 415 416 418 419 421 422 423 424 430 440 443 453 454 461 462 465 
147 156 158 162 164 170 173 177 183 186 189 195 220 222 223 227 229 233 234 235 236 241 242 256 259 268 278 279 281 283 284 287 288 289 293 294 303 306 307 312 321 336 337 343 348 354 359 364 381 383 389 390 391 394 398 401 408 409 410 424 427 435 439 443 448 450 452 459 462 
61 156 161 163 167 174 177 178 187 190 191 193 195 197 198 200 203 204 212 215 216 217 221 222 223 224 227 232 234 238 241 243 244 246 248 249 252 256 257 259 261 262 263 264 273 277 279 281 285 289 291 292 301 302 310 315 318 319 321 322 323 324 326 328 331 333 338 340 342 345 352 354 355 356 357 358 362 365 370 373 387 392 394 395 398 405 408 411 413 414 420 427 429 431 432 433 435 436 437 439 440 444 445 450 451 453 455 456 457 461 
237 165 175 183 191 197 212 215 221 233 236 241 251 252 255 276 280 335 352 378 387 422 423 435 439 
222 158 160 161 167 170 171 173 176 178 183 187 189 194 200 202 205 214 215 216 219 220 222 223 224 225 226 229 238 242 243 247 249 253 254 255 258 259 260 269 273 274 285 289 293 296 298 299 300 302 304 305 308 312 317 324 336 337 341 343 344 350 351 352 353 354 355 359 363 368 381 385 387 388 390 392 395 397 403 410 411 412 414 416 417 419 423 428 430 433 434 438 444 445 446 447 448 454 456 460 462 
18 171 174 179 180 186 188 190 235 236 248 249 263 264 274 278 286 292 300 302 305 311 318 321 322 327 337 342 345 373 388 400 401 402 405 410 416 433 436 439 444 457 459 460 
269 156 164 166 175 176 179 185 189 191 197 199 200 201 209 210 218 221 222 225 228 232 237 239 241 243 246 248 256 263 264 265 268 280 285 296 297 298 299 301 307 309 312 313 315 318 320 321 322 324 326 327 330 332 335 336 350 354 355 356 357 363 368 377 382 383 384 391 397 402 408 410 412 419 426 429 433 436 441 444 447 448 456 457 459 462 
242 165 167 171 188 194 199 207 208 222 231 233 234 247 254 257 266 267 281 282 296 310 311 312 314 332 335 342 349 354 360 363 374 380 385 389 395 396 402 409 420 429 436 450 458 459 465 
174 180 
117 1 156 162 163 165 167 168 172 186 192 196 197 200 205 208 210 213 214 219 220 221 224 225 228 229 234 241 243 244 247 251 252 257 266 268 289 290 294 295 306 314 317 319 321 323 325 338 345 349 355 358 359 361 365 369 370 371 372 374 381 386 397 399 401 402 405 415 416 418 423 429 432 439 446 449 450 458 459 462 464 465 
127 157 166 172 176 181 196 207 210 211 222 226 238 254 262 279 288 299 311 320 323 342 352 353 368 372 373 381 382 391 401 406 410 413 415 420 430 435 436 448 
140 1 158 173 174 179 181 183 184 186 193 201 202 204 212 213 215 218 219 220 223 228 230 232 238 239 242 244 248 256 264 271 272 273 274 275 278 283 286 287 292 293 294 295 296 297 302 306 307 310 313 314 326 330 331 333 334 335 337 339 343 350 354 358 359 360 364 365 369 371 373 375 377 378 383 392 393 394 395 396 399 408 414 415 416 421 427 434 441 451 452 453 455 459 464 465 
274 180 189 196 203 210 218 226 261 278 281 289 291 301 310 316 321 325 327 328 330 331 333 342 346 347 352 357 367 372 374 389 394 398 402 408 417 418 420 421 444 448 453 455 464 
130 159 163 164 166 168 171 172 173 174 175 177 179 184 185 189 191 197 198 201 202 203 205 209 210 211 214 215 216 217 218 220 221 222 224 225 234 235 240 241 248 250 252 253 258 259 261 262 264 267 268 269 270 272 277 282 286 288 289 290 291 294 295 297 298 299 305 306 311 318 323 324 327 329 330 331 332 337 339 340 341 345 355 356 358 363 369 370 371 372 386 394 396 399 400 401 402 406 411 412 417 420 423 433 442 448 453 454 455 457 459 460 461 462 
20 1 166 206 217 218 220 224 225 229 230 246 263 275 280 289 301 306 307 334 358 373 378 391 408 409 411 414 429 431 443 447 451 454 
299 1 156 161 164 166 167 168 176 177 179 180 182 184 185 186 187 191 193 199 202 205 206 211 216 222 225 226 227 229 232 234 235 238 243 244 247 251 254 259 263 265 267 269 274 277 280 282 284 287 290 291 293 294 295 297 301 302 303 306 307 308 309 310 311 313 314 315 316 317 329 332 333 334 336 337 338 340 342 343 344 345 349 354 355 360 361 364 366 371 374 375 377 378 381 384 385 386 387 394 398 400 403 407 411 412 413 417 426 431 433 434 435 436 439 441 445 446 451 454 455 462 463 
277 161 162 166 167 179 189 195 197 204 239 248 249 258 260 262 267 268 272 290 291 295 299 300 307 308 315 316 320 323 331 334 341 343 346 347 353 362 372 386 388 406 409 418 423 424 438 443 463 
92 1 158 167 169 178 182 183 187 188 189 198 199 214 215 216 219 220 222 227 230 231 233 235 241 246 258 268 270 271 273 281 284 287 297 304 305 308 309 311 315 318 326 331 336 337 340 344 350 352 354 358 361 363 368 371 372 375 377 381 385 387 392 394 400 402 405 413 423 429 432 433 435 443 447 456 457 463 
108 172 179 219 230 236 247 251 256 263 269 284 291 297 312 340 346 364 367 384 412 432 439 440 460 
266 160 165 191 196 198 203 207 211 222 223 238 240 241 244 245 257 261 266 282 288 289 290 306 307 308 311 317 325 328 329 330 366 369 370 371 373 389 391 395 400 418 423 426 432 442 443 447 450 464 
142 164 213 219 229 235 238 247 261 275 283 288 324 326 383 401 431 455 462 
6 193 206 270 284 293 310 323 333 342 343 374 376 384 443 453 463 
134 165 192 216 252 257 295 306 372 420 
253 158 159 166 169 184 207 222 224 228 236 243 248 255 269 281 283 284 289 305 320 347 357 361 365 375 378 386 402 406 426 440 443 449 460 463 
279 180 193 197 218 241 244 261 269 272 276 282 285 289 292 335 344 365 370 387 389 407 413 423 428 435 436 461 
160 166 172 175 181 183 185 187 188 198 211 212 217 225 232 234 235 237 239 241 242 243 245 247 253 254 255 257 265 268 278 280 282 283 286 287 290 293 295 297 302 307 312 315 321 324 331 335 338 342 345 350 351 352 357 362 364 368 372 375 377 379 383 388 390 392 394 397 399 405 407 409 412 420 432 433 434 435 437 438 442 444 446 447 448 450 453 455 459 461 463 
85 160 173 187 195 201 204 213 218 220 234 243 250 252 254 255 264 265 267 274 280 282 285 288 293 294 297 298 300 304 305 321 329 335 337 348 352 356 357 361 373 387 388 390 394 395 400 410 411 413 414 417 425 428 430 431 433 439 442 445 447 448 452 453 457 459 463 465 
222 160 164 166 167 169 174 176 184 191 192 199 213 226 230 234 243 246 248 270 274 276 290 293 297 307 320 323 325 342 352 353 356 364 365 379 381 382 383 390 396 400 403 406 411 414 417 423 430 441 442 464 
69 157 158 160 168 169 170 174 183 189 196 197 198 200 203 204 206 207 210 211 214 218 222 224 229 230 233 236 248 249 250 254 259 262 268 270 272 274 276 280 282 284 286 288 290 294 295 296 298 299 300 303 306 307 308 314 324 328 329 330 332 338 343 345 347 356 362 364 368 379 380 382 383 384 390 392 396 401 407 409 410 412 415 416 417 418 421 422 423 426 430 431 436 438 443 445 447 452 454 455 457 459 465 
56 206 265 271 273 280 281 329 377 381 392 
145 157 164 168 170 175 190 197 199 201 204 205 207 211 220 242 252 262 263 272 281 292 300 302 305 309 310 313 317 319 321 327 328 334 340 342 343 346 347 349 357 359 361 368 390 402 413 414 415 420 423 425 426 434 437 440 441 450 464 
216 156 159 171 180 183 185 188 189 196 200 203 225 239 242 246 248 251 255 256 263 269 278 281 282 283 285 290 303 308 310 313 316 322 323 330 342 352 354 361 371 374 378 391 403 408 410 412 421 425 426 427 434 437 439 450 451 454 455 456 461 
197 1 160 195 211 212 217 236 237 239 243 246 247 249 254 256 258 262 267 307 311 314 323 338 340 347 353 362 369 383 385 389 400 420 422 429 435 438 439 441 443 445 449 452 454 455 456 458 462 
257 156 163 166 169 170 171 176 178 179 181 182 183 184 187 190 195 197 199 200 204 205 211 212 213 217 218 224 226 233 234 237 238 244 246 248 254 255 259 263 264 270 272 275 276 277 278 279 285 287 291 293 296 297 301 303 305 306 307 309 310 311 312 315 319 320 321 322 324 327 328 330 333 336 337 339 340 344 345 346 352 365 367 369 370 373 375 376 377 380 386 388 389 390 392 394 395 399 400 401 404 408 415 423 430 432 433 434 436 437 446 447 451 453 454 458 459 462 465 
137 162 169 170 180 182 184 188 191 193 194 195 199 200 210 211 214 215 218 219 221 228 229 231 232 233 250 251 252 263 265 268 269 272 273 278 284 286 288 294 295 296 297 299 302 304 305 307 310 311 312 315 320 322 324 329 332 335 338 339 346 359 364 365 367 373 377 381 383 386 394 395 399 400 402 406 407 411 414 416 418 421 422 428 430 431 434 439 440 442 446 447 449 451 452 455 462 
198 1 163 170 190 192 213 218 234 295 311 326 329 331 360 448 
197 160 164 170 182 186 189 194 201 205 206 212 213 215 216 219 221 222 224 225 226 229 237 239 242 246 247 254 255 260 262 268 269 273 277 280 282 284 285 288 289 290 291 293 297 306 308 310 312 317 322 323 329 332 333 335 336 338 340 342 344 346 351 353 357 361 362 363 367 370 374 385 388 390 391 393 397 398 404 407 412 414 415 417 420 422 426 428 431 432 433 447 449 450 454 456 457 458 460 462 463 
296 161 162 174 176 190 194 200 203 204 207 217 220 225 227 229 230 234 241 250 258 261 278 279 280 283 288 289 293 294 298 300 303 306 307 311 336 347 349 383 385 387 393 395 398 400 402 409 417 419 434 437 443 446 457 462 
86 166 
108 157 161 165 171 192 201 237 239 261 281 293 295 310 311 315 317 319 332 347 348 355 377 379 381 394 410 416 417 423 424 429 
29 157 161 165 170 174 178 183 185 196 199 200 201 202 205 215 216 217 218 220 231 242 243 248 250 252 256 263 269 271 276 280 282 283 285 286 289 303 314 320 321 324 333 338 345 346 351 357 364 365 368 370 372 378 384 389 392 393 394 399 402 406 408 409 410 411 414 417 419 420 422 430 436 439 440 443 447 450 457 461 
263 161 163 167 169 171 174 175 177 178 179 180 184 186 191 192 195 201 202 205 206 207 213 215 219 222 224 228 229 233 238 239 242 243 258 261 263 268 269 270 271 275 279 282 290 291 294 298 300 304 308 312 313 316 319 324 325 331 336 342 343 346 348 349 353 354 360 366 367 370 374 375 379 383 386 390 391 392 393 396 403 406 407 408 410 412 415 416 421 422 424 425 430 431 432 433 436 441 449 452 453 464 465 
264 156 167 172 175 194 195 198 201 208 219 226 231 235 236 237 242 245 253 257 260 264 266 271 272 279 281 285 289 293 296 304 315 317 320 331 349 361 379 389 394 398 406 409 411 418 426 439 443 
261 1 156 158 163 166 167 168 170 173 175 176 178 179 182 184 185 193 194 195 196 197 198 205 206 209 211 213 217 219 220 223 227 228 229 230 232 235 238 240 246 250 251 253 255 261 262 265 266 268 270 273 282 283 287 288 289 294 295 297 301 306 309 310 312 314 315 318 323 326 327 329 330 335 337 338 342 343 344 346 348 351 352 356 362 363 364 366 370 374 375 379 382 383 391 400 405 407 409 410 411 416 421 424 425 428 435 436 438 441 447 451 454 455 461 463 
270 161 168 174 187 190 207 227 237 260 261 284 286 287 289 301 309 313 315 326 351 387 399 441 443 461 
8 156 160 161 164 167 168 172 173 175 177 179 182 183 184 187 190 191 193 197 205 207 208 212 216 217 220 221 229 230 231 232 234 236 239 240 241 242 243 244 254 258 261 264 265 269 271 273 276 279 280 283 284 285 288 289 290 292 300 302 303 306 309 313 318 320 324 326 329 331 332 334 343 346 347 349 350 352 353 356 357 358 360 369 370 373 375 378 380 383 384 385 390 394 398 401 402 412 416 417 418 419 420 421 422 427 429 430 431 433 437 438 440 441 444 450 457 458 461 462 463 464 465 
145 165 166 168 169 179 182 186 187 192 193 195 200 202 206 208 209 213 219 223 228 236 239 243 246 250 254 256 258 260 261 262 265 266 267 269 270 271 272 275 280 298 301 303 304 306 307 309 317 325 327 328 332 333 338 339 344 348 350 352 353 360 361 364 365 366 368 375 377 381 387 388 389 393 394 397 398 399 400 403 407 409 410 418 419 422 426 427 429 433 435 436 439 442 443 444 445 450 455 
263 1 162 172 177 180 185 188 189 192 196 197 203 205 214 222 232 237 239 250 252 255 256 258 259 264 276 280 298 304 314 317 318 322 326 330 332 344 348 357 365 366 374 376 386 390 393 395 399 408 414 425 439 441 443 451 464 
21 164 174 176 178 188 190 191 195 196 205 206 208 213 222 228 237 238 245 246 257 262 263 267 283 285 290 292 295 299 303 318 320 341 343 346 348 353 356 359 364 371 376 382 383 386 391 400 413 416 430 439 449 454 461 
265 156 167 168 171 178 180 182 183 185 186 195 196 199 200 206 208 216 217 220 225 229 230 235 236 239 243 249 251 264 279 281 283 285 287 291 300 301 310 312 315 321 336 346 347 355 359 369 374 375 376 378 384 386 390 400 418 422 424 425 432 433 440 442 454 456 
108 188 196 218 220 221 229 260 263 295 304 327 332 340 359 369 379 381 387 408 429 436 439 452 
179 168 176 192 193 203 215 216 225 229 231 233 235 238 262 265 266 273 288 294 304 309 314 325 336 343 354 364 366 375 378 380 383 385 409 411 415 417 432 436 456 457 461 463 
229 1 159 163 174 175 178 179 180 183 192 195 199 200 216 225 232 233 237 239 241 253 256 259 261 277 283 284 291 294 298 299 300 305 307 316 322 324 329 331 338 339 344 346 347 349 356 374 378 385 388 389 392 396 407 410 411 414 423 425 432 433 447 453 
30 183 186 190 223 225 229 245 267 281 289 292 306 315 322 340 342 349 357 363 371 382 388 396 402 421 426 432 433 442 
113 161 164 184 186 187 194 200 201 232 236 241 242 249 257 258 263 274 275 284 286 287 290 297 305 310 325 334 335 337 340 347 349 350 352 356 359 367 373 384 388 396 398 399 400 405 406 410 423 425 428 434 439 440 448 457 464 
226 164 169 170 176 177 190 206 208 249 264 278 288 292 294 314 317 324 368 369 373 381 402 404 421 425 429 431 455 458 462 
209 158 161 162 165 182 186 189 191 203 205 206 215 218 220 221 224 228 229 230 231 236 240 242 247 251 256 258 264 266 268 270 272 275 281 284 285 292 293 300 302 306 307 311 314 329 332 334 337 342 343 345 347 348 352 354 363 368 372 373 375 376 378 379 392 394 396 397 399 407 411 414 415 418 419 420 427 433 439 445 446 448 450 459 
23 169 171 183 185 188 189 191 193 205 225 248 253 256 261 265 281 284 286 288 294 303 314 320 339 344 354 365 371 376 393 397 412 422 423 425 433 438 441 448 451 452 453 457 
217 1 159 162 163 164 173 174 176 183 184 186 190 193 195 199 201 202 203 204 206 208 209 210 211 215 220 221 223 225 233 234 235 237 247 248 249 251 252 253 257 261 263 266 268 269 276 287 288 304 311 314 317 325 328 332 334 341 343 345 346 348 349 351 352 362 363 366 368 371 380 383 386 388 389 391 392 394 395 396 399 404 407 408 411 416 420 422 424 426 430 432 434 435 437 439 441 442 443 444 445 446 449 455 456 457 458 461 463 465 
241 165 199 371 427 
241 157 161 162 167 168 170 174 191 202 207 209 212 220 225 229 241 246 247 257 262 264 265 276 279 281 282 285 291 296 297 304 305 314 315 319 323 325 332 343 345 350 354 357 359 370 382 385 388 392 394 397 401 405 408 409 412 421 426 430 435 437 440 441 442 445 446 453 454 460 
75 161 163 169 194 209 213 216 232 246 256 266 291 293 302 343 356 360 362 366 369 378 379 380 382 384 392 403 409 418 424 429 450 464 
291 158 170 179 180 184 185 187 196 197 199 202 208 209 210 212 215 233 235 237 245 247 248 257 265 271 272 273 279 284 286 297 298 300 309 316 317 321 326 331 333 334 338 339 341 355 356 362 365 371 376 377 382 386 388 398 400 401 404 405 413 421 426 428 445 447 449 451 455 457 462 463 464 
149 168 182 199 255 276 292 321 325 347 350 354 358 367 370 378 390 463 
3 157 161 176 183 186 187 190 191 203 217 230 240 244 246 247 254 255 262 263 267 272 283 298 305 306 310 312 314 318 328 341 355 357 365 372 373 374 375 391 392 421 435 444 445 453 
204 167 169 171 172 173 177 182 191 192 193 194 196 197 198 201 209 212 213 217 218 220 225 234 238 240 246 247 248 250 260 268 271 272 273 274 277 281 283 284 290 294 295 302 306 312 315 319 325 331 332 333 334 337 340 346 348 352 356 364 366 373 377 381 383 385 387 391 392 393 398 402 403 404 408 414 415 417 420 421 422 428 429 437 441 442 446 448 455 456 457 462 463 
109 181 182 204 236 286 328 342 352 371 388 405 431 444 452 454 458 459 465 
290 160 162 164 165 172 175 176 181 186 187 193 199 203 207 208 211 218 235 237 242 249 254 260 261 263 264 273 281 290 297 305 307 327 329 339 340 341 350 360 362 369 371 377 384 386 387 390 394 397 398 401 402 405 406 412 413 420 426 430 432 433 438 447 453 455 458 
62 160 163 173 180 185 189 212 214 215 217 218 219 220 221 222 224 226 227 231 233 238 239 240 241 242 248 249 252 253 254 257 260 264 265 267 269 272 276 279 286 287 291 293 295 296 299 305 309 311 312 315 317 324 327 333 339 345 346 348 352 358 359 360 361 362 364 370 373 375 376 377 380 385 391 392 395 400 401 413 423 425 433 438 440 444 446 447 451 454 458 
102 162 172 174 175 176 179 181 182 193 194 195 202 205 206 216 225 226 229 230 237 245 246 248 249 254 255 257 262 271 272 273 274 275 291 296 297 305 306 309 312 314 324 327 328 337 338 344 346 347 349 353 361 362 363 364 368 379 385 387 389 390 391 393 394 397 404 409 412 421 423 427 428 429 432 437 438 440 441 445 446 448 451 453 460 463 
11 157 160 164 166 169 170 174 175 177 183 184 186 194 207 209 216 219 225 227 228 237 241 243 244 246 247 248 251 253 256 263 267 275 278 279 282 284 285 290 291 293 294 298 302 307 312 313 315 319 320 324 326 337 340 341 342 356 358 360 365 368 369 371 372 374 375 378 379 380 390 392 397 398 399 405 409 410 420 422 427 429 438 439 440 441 446 447 451 453 458 459 465 
160 169 170 180 185 209 212 213 221 224 251 262 267 280 284 290 298 308 312 351 352 359 363 372 373 378 383 388 390 391 393 396 398 434 444 
30 1 156 157 159 162 163 165 169 171 176 181 183 184 190 191 195 203 208 210 211 213 214 222 226 229 236 239 252 260 261 263 265 278 280 283 287 289 292 303 307 308 309 312 322 323 324 326 332 336 339 355 364 367 368 371 374 377 380 382 385 388 396 399 400 402 405 408 414 421 427 433 435 440 446 449 457 
229 175 190 208 310 355 376 396 418 431 451 454 461 
156 159 162 164 169 188 194 204 208 212 220 223 225 229 235 237 241 242 244 245 246 249 251 256 257 265 267 272 273 275 278 283 286 287 288 291 294 295 297 299 300 302 303 314 315 316 321 322 325 328 331 334 335 336 343 344 345 347 350 354 355 357 359 370 372 377 378 379 380 381 384 390 392 395 398 403 408 412 417 418 422 426 429 436 439 440 443 444 448 450 451 452 453 456 458 463 
287 156 160 167 183 194 198 199 200 213 222 223 242 246 247 257 259 269 280 283 295 297 298 299 303 310 317 327 330 336 344 346 352 359 364 377 391 392 397 400 404 415 418 419 421 424 430 440 444 446 448 455 459 
254 158 159 160 164 166 170 173 175 178 183 188 189 204 206 207 209 210 213 214 217 219 221 223 226 236 237 239 240 241 245 262 263 270 272 276 279 284 285 286 288 291 296 298 301 306 311 314 315 316 319 320 322 325 336 337 338 339 342 349 353 354 356 358 361 363 365 379 382 385 392 396 399 406 412 414 416 417 418 420 429 430 435 446 450 452 455 456 460 461 462 464 
191 1 162 164 170 171 177 181 200 201 214 229 230 238 250 253 256 257 260 263 265 266 269 271 272 293 303 307 317 327 328 333 357 360 382 398 399 400 401 402 405 423 432 436 447 450 452 460 463 465 
177 299 317 335 441 
117 175 204 207 216 243 259 261 267 274 278 279 284 290 291 298 312 316 337 345 354 366 369 372 379 380 390 413 416 418 435 457 
136 223 229 241 266 306 313 336 347 350 357 375 408 421 
8 166 182 188 192 202 240 251 265 289 328 380 403 461 
134 182 225 231 262 282 413 420 439 449 
44 1 158 160 161 162 165 166 170 172 176 178 182 185 186 190 191 193 196 200 204 212 213 223 225 230 231 239 247 249 252 255 260 261 263 265 269 270 275 277 278 283 292 296 298 302 305 313 315 317 320 323 325 331 332 335 338 339 344 346 347 348 354 355 357 358 364 366 370 371 372 378 389 403 405 406 407 408 411 412 414 416 417 418 424 427 428 430 433 437 441 444 445 446 450 453 454 458 461 462 
163 167 175 192 206 253 258 283 284 301 305 306 310 331 349 353 361 366 372 377 398 406 413 417 429 430 437 443 
286 161 163 169 171 174 179 198 205 207 210 212 215 216 231 232 235 236 237 247 250 257 258 259 261 274 275 283 285 286 290 291 297 299 301 303 305 307 311 312 314 315 329 339 340 341 350 356 358 363 364 366 367 368 373 384 388 390 393 394 395 398 403 408 411 414 420 422 424 425 426 430 432 436 439 442 448 458 459 462 464 
135 1 156 158 160 162 167 170 173 174 188 198 213 220 226 229 237 242 245 246 248 253 254 258 261 262 272 274 281 298 302 309 314 315 325 337 342 357 375 388 403 406 410 416 419 421 427 429 432 442 444 446 456 458 463 
222 157 160 161 163 164 167 172 173 176 177 179 180 183 185 187 188 189 192 198 202 204 213 215 218 223 224 225 229 230 234 238 239 242 244 247 248 249 253 256 257 262 267 269 270 273 276 284 287 293 294 297 302 303 307 308 314 317 319 322 328 329 333 334 335 337 342 343 346 352 355 359 360 370 373 374 375 378 386 391 399 401 404 407 410 412 415 418 419 421 424 427 429 438 439 441 443 444 445 446 454 456 457 459 463 
114 156 163 174 175 197 208 237 254 263 264 269 272 280 290 293 300 305 306 326 356 364 384 393 394 406 421 435 443 447 452 456 465 
300 1 158 173 176 178 182 209 213 217 218 219 222 226 228 231 232 233 237 251 252 253 254 267 271 276 277 281 282 283 284 289 296 303 307 311 319 320 321 326 329 331 337 338 342 344 350 352 361 373 378 386 393 398 400 403 406 409 412 414 415 416 419 424 425 429 432 438 445 458 459 463 
219 160 162 163 167 174 175 181 182 193 200 204 212 219 222 224 229 233 234 235 242 243 244 251 255 258 260 270 273 282 293 298 305 307 314 319 329 339 343 358 359 371 377 382 390 391 396 397 398 399 418 426 429 435 438 442 443 445 447 450 456 458 460 
138 170 183 188 193 199 221 231 240 286 296 300 305 310 314 321 329 338 352 358 369 389 405 411 427 439 446 450 462 464 
138 159 160 161 164 165 169 170 171 172 173 175 181 194 196 208 226 229 235 241 248 250 257 270 271 272 273 275 279 288 312 328 331 335 336 339 343 363 365 368 369 373 382 385 388 393 401 402 404 409 412 418 419 424 431 443 444 453 461 464 
280 157 159 162 163 165 167 170 172 175 183 186 193 198 200 224 227 228 234 236 241 245 246 247 260 264 274 291 292 294 309 314 321 324 325 327 331 332 337 345 359 360 362 366 370 374 382 406 408 414 420 422 425 427 429 430 438 451 452 454 456 460 465 
121 172 178 183 199 200 215 221 230 235 249 256 262 265 297 313 314 318 319 320 322 323 345 347 357 362 370 373 385 386 389 416 420 422 424 425 434 450 456 457 463 465 
110 158 164 169 173 179 181 186 195 199 200 205 215 217 219 220 224 234 236 242 244 252 260 266 275 276 279 283 284 285 296 297 298 302 308 324 334 345 346 347 365 366 368 370 371 374 400 411 412 414 418 420 431 441 445 447 450 451 460 
125 164 165 167 197 221 223 224 226 249 268 272 276 286 300 305 308 310 323 329 342 351 353 354 356 381 387 414 417 452 461 
229 161 162 169 180 190 194 196 213 217 219 227 229 233 239 242 264 266 273 280 291 294 301 306 340 347 351 365 370 376 383 405 409 413 416 420 421 423 424 428 432 433 446 459 460 
35 159 165 168 171 175 177 180 181 183 184 186 189 192 212 217 226 228 229 242 243 248 257 258 277 286 294 304 309 316 321 323 330 346 348 361 363 365 367 371 373 384 387 389 397 399 405 407 412 416 420 422 428 429 431 432 456 461 
71 162 165 167 172 174 175 180 184 185 187 189 190 207 213 216 218 219 222 223 235 239 240 244 245 246 247 251 257 261 262 268 269 271 275 276 277 280 282 289 292 293 296 302 304 306 309 314 315 316 317 319 323 324 326 328 329 334 336 337 342 345 346 347 348 351 356 359 360 361 362 365 366 371 372 376 378 379 381 386 388 393 399 400 402 403 410 413 416 417 420 430 432 433 434 435 436 440 441 443 444 449 450 451 452 454 456 459 460 
59 157 163 168 170 176 181 188 201 215 226 229 248 256 264 267 290 301 305 307 316 321 323 325 353 374 379 387 416 420 437 447 452 
124 156 160 165 170 172 176 178 181 198 200 205 208 213 219 221 225 226 233 236 237 238 245 260 264 265 272 273 278 284 294 295 296 298 301 305 310 313 318 321 325 328 334 337 341 349 354 359 370 375 381 384 388 399 403 427 432 433 440 443 445 451 453 455 458 459 460 
291 188 250 255 286 289 298 318 328 359 361 375 394 431 
101 157 160 177 180 182 188 200 201 210 221 226 233 242 245 257 264 265 275 289 293 298 303 310 321 365 374 381 386 388 393 397 398 401 408 416 423 425 438 458 461 464 
234 165 178 188 190 199 201 214 236 270 289 306 333 362 409 411 441 443 445 
135 171 180 183 186 205 207 209 215 221 223 225 227 236 240 243 248 250 257 266 285 287 291 295 336 356 364 381 384 390 391 396 398 405 407 408 415 420 428 429 433 434 436 438 440 450 453 456 
164 1 169 170 178 189 203 206 211 217 226 229 230 233 236 255 258 259 290 294 314 318 320 321 335 347 349 351 356 358 374 380 410 426 431 434 435 437 438 456 465 
93 158 160 163 166 169 171 172 173 175 176 178 181 187 188 191 195 196 197 199 210 211 215 216 219 220 221 223 224 225 226 228 229 231 232 233 235 239 240 242 244 246 248 250 253 254 257 258 259 260 261 264 267 269 274 278 281 282 285 289 292 296 301 303 305 309 314 317 321 322 324 327 329 330 334 343 346 347 350 351 357 358 361 362 363 365 366 369 372 375 379 381 384 387 389 391 392 393 394 398 399 403 413 416 419 420 423 425 428 431 432 433 435 437 441 448 453 455 457 459 460 464 
4 1 156 162 167 170 171 172 174 175 176 177 181 186 187 191 192 200 203 204 207 208 210 213 214 216 229 230 232 237 239 240 242 243 247 249 257 262 263 266 272 273 274 279 280 283 284 285 288 289 290 292 293 296 297 302 305 306 308 310 312 315 318 319 320 321 323 324 326 330 332 334 336 340 342 346 349 353 359 362 363 368 376 378 379 381 386 387 389 392 393 394 399 401 402 403 404 406 407 408 409 411 414 416 417 420 421 423 425 426 427 428 429 437 438 444 445 447 450 452 454 459 460 463 465 
99 1 164 166 170 175 178 183 188 189 193 196 199 203 206 209 211 213 217 222 227 229 235 237 239 246 248 250 251 253 254 261 267 270 276 279 280 287 291 301 305 311 312 315 320 325 327 329 332 339 342 344 353 354 355 365 366 368 370 374 378 379 381 387 391 393 394 397 404 405 412 414 415 416 417 419 424 426 432 440 442 443 448 449 454 455 458 459 460 
86 167 172 176 191 195 196 206 210 214 215 216 218 219 220 228 230 249 251 258 261 264 266 273 279 280 289 292 311 318 326 330 336 338 340 345 352 358 362 367 380 386 395 401 407 412 414 418 419 427 428 438 439 444 447 452 454 456 458 
29 1 165 175 176 177 182 183 185 188 189 192 193 195 197 198 199 205 206 208 216 218 221 223 226 232 234 236 240 241 246 247 251 257 260 261 263 268 272 278 279 282 285 288 291 293 296 297 310 311 316 326 332 334 342 345 347 349 350 358 362 366 370 372 375 378 380 387 388 389 390 396 400 406 410 420 424 430 438 440 442 445 446 451 453 454 459 
8 1 166 167 172 174 175 179 181 185 187 190 195 198 201 203 207 209 222 224 227 228 231 235 238 242 243 247 248 249 250 256 257 260 261 262 263 265 267 278 285 286 287 297 298 300 301 305 309 310 316 318 321 322 328 330 336 338 340 344 346 350 351 356 364 365 366 368 370 372 380 382 383 386 387 392 393 394 398 399 400 403 404 405 407 413 417 419 429 430 431 437 439 441 443 446 448 449 453 454 455 456 462 
55 164 167 168 175 218 221 255 260 265 272 281 283 284 289 293 300 312 315 337 341 345 347 350 356 359 365 376 385 389 391 392 402 403 404 408 432 436 443 456 
86 1 160 167 168 171 172 176 177 180 181 185 187 188 190 192 193 198 199 203 204 205 209 213 214 216 220 223 224 226 234 236 238 240 242 248 251 255 256 258 259 263 264 267 273 274 276 278 282 286 287 294 297 298 299 305 306 309 311 313 314 316 317 323 326 331 337 338 341 342 345 346 349 351 354 355 362 365 366 367 369 370 374 375 376 382 386 387 390 392 396 399 400 401 404 408 415 416 418 420 424 426 428 429 430 432 434 435 439 440 441 443 448 450 452 454 455 456 459 464 
198 159 161 166 184 192 198 202 205 206 209 211 213 214 218 220 224 225 231 250 258 278 280 281 284 286 291 295 300 305 315 322 326 331 354 358 360 364 374 375 381 408 420 421 423 430 433 442 444 445 446 447 453 456 458 461 463 464 
132 162 165 166 169 172 174 189 195 196 197 202 213 217 220 221 222 224 228 229 234 236 238 242 244 253 259 265 266 267 273 278 282 283 287 289 293 294 296 299 307 309 317 336 338 349 354 357 358 359 365 373 380 387 392 394 397 399 400 405 406 408 410 412 415 417 421 426 427 428 430 436 439 445 452 457 459 462 
201 158 159 160 164 166 173 174 175 180 181 182 185 192 201 207 209 210 211 217 225 231 233 235 246 247 248 251 259 261 266 270 273 277 280 287 290 292 297 299 301 307 310 314 315 317 321 330 332 335 336 341 344 345 348 350 353 358 361 365 368 372 376 377 388 390 395 397 408 417 419 422 428 431 432 436 438 444 446 453 457 
19 1 156 161 165 171 173 191 197 202 216 220 229 233 237 241 246 251 253 254 256 262 264 265 269 274 276 284 286 292 299 301 302 304 307 310 320 321 328 329 334 341 342 348 350 354 357 359 370 375 382 384 387 395 399 400 412 414 416 420 424 431 433 434 446 448 450 451 453 454 460 463 
15 177 202 240 258 280 287 299 345 347 356 409 421 444 459 
10 162 164 170 176 183 205 210 218 222 226 231 232 240 243 245 249 250 252 257 259 278 279 280 284 285 287 291 294 301 302 305 314 318 319 322 338 340 341 350 351 353 369 381 383 387 404 405 408 409 410 415 424 425 427 434 439 441 445 446 454 460 463 
277 159 162 166 168 173 174 178 182 184 199 203 205 206 208 210 215 218 221 226 228 232 234 252 253 254 257 259 263 267 272 277 282 284 288 292 295 300 302 303 308 310 312 313 326 328 330 334 335 341 344 348 354 356 359 360 361 364 365 368 369 370 375 380 383 384 388 389 391 392 398 399 405 411 412 413 417 418 420 436 439 441 445 450 461 464 
89 1 161 162 163 166 168 170 178 182 186 187 191 192 196 200 203 213 215 217 218 219 224 225 228 230 236 238 246 252 255 257 265 269 270 272 273 278 280 281 282 287 291 292 295 297 298 299 309 310 313 314 318 319 323 324 326 330 335 342 344 346 350 353 356 358 359 360 361 364 365 367 368 369 375 376 378 383 390 397 400 402 404 405 407 408 412 413 416 418 419 420 421 422 426 427 429 430 431 436 438 439 441 442 444 446 449 457 458 462 464 465 
186 1 160 167 174 186 187 191 193 199 201 202 203 204 205 207 211 216 222 227 228 234 241 242 247 249 251 253 256 263 268 269 270 275 276 284 286 287 290 292 293 296 298 299 303 310 313 315 324 327 328 332 335 339 342 348 351 354 360 364 365 366 368 370 373 376 383 385 386 387 388 390 401 402 404 405 406 407 408 410 418 419 432 438 444 446 451 455 460 461 462 464 465 
216 162 165 166 173 176 177 186 188 190 193 194 197 199 200 206 209 211 212 214 215 220 221 224 231 233 235 236 238 239 241 243 244 245 248 249 250 251 258 259 260 265 266 268 271 275 276 278 282 287 291 293 295 299 301 303 304 306 308 310 312 314 316 318 320 322 323 324 326 327 329 334 335 337 340 342 349 353 357 366 375 379 386 392 393 395 396 399 402 403 411 412 418 419 420 422 425 428 430 434 435 437 441 445 446 447 450 452 453 454 461 465 
53 240 252 
224 156 158 162 182 183 184 206 212 214 225 232 233 243 244 259 270 272 277 280 281 290 312 316 321 327 330 340 345 352 356 368 381 382 385 389 390 395 404 408 424 426 448 460 462 463 
169 160 167 177 180 212 224 288 295 324 333 353 388 402 
257 162 175 196 208 209 211 227 234 265 266 267 296 317 356 396 399 405 412 448 449 450 
256 1 158 164 167 168 171 172 178 182 183 191 195 196 197 205 211 212 213 214 217 220 223 225 227 229 233 234 240 242 245 247 249 252 254 257 261 266 269 274 277 278 283 284 286 288 293 297 300 308 310 318 320 321 323 325 327 329 331 335 337 338 340 343 346 348 356 361 365 366 372 374 375 376 378 380 385 389 390 398 404 410 411 412 416 417 419 422 424 427 433 447 451 455 463 464 
108 157 162 164 179 181 182 187 195 197 203 209 213 215 217 224 225 227 229 238 240 241 243 246 256 258 270 276 284 296 302 304 305 306 310 311 318 324 326 333 336 344 346 350 361 370 373 378 386 390 396 397 401 403 405 421 431 432 433 440 443 448 450 453 457 459 460 462 
35 161 162 164 169 182 185 186 191 192 195 199 208 209 214 215 217 220 224 227 228 229 230 236 241 245 250 253 255 261 263 269 271 273 274 275 277 278 283 288 292 306 307 308 316 319 320 321 322 330 343 346 348 349 366 375 378 383 392 394 397 399 407 412 415 416 420 422 423 427 441 448 452 455 456 457 461 463 
238 156 166 170 176 192 194 197 204 211 218 223 231 268 270 274 276 285 287 291 292 295 297 318 320 322 327 329 330 348 353 360 366 376 378 384 386 398 400 413 416 430 440 443 455 463 
160 1 165 166 168 171 173 175 176 177 178 180 186 187 188 190 192 196 197 200 202 204 205 208 209 212 214 215 216 219 220 221 226 229 231 233 234 237 244 247 248 254 255 256 260 261 262 267 270 271 279 280 282 288 289 291 294 295 296 297 298 305 308 309 311 315 317 325 327 328 329 334 335 336 348 349 350 352 361 363 364 366 368 370 371 375 376 377 380 382 384 386 388 392 399 400 402 404 414 418 420 423 424 425 427 428 430 437 439 440 442 446 448 456 461 462 463 465 
113 156 169 175 177 189 193 213 222 233 246 252 254 269 271 306 312 313 319 334 343 346 358 369 377 386 454 459 
119 156 158 160 162 163 164 166 167 169 173 174 181 183 186 187 191 197 210 214 226 229 231 232 234 235 236 238 239 246 247 252 254 257 265 266 269 271 272 273 274 279 282 284 285 286 292 295 299 300 301 302 305 307 309 311 314 315 322 327 329 331 332 335 339 340 342 345 346 351 352 353 359 360 365 371 376 377 379 381 382 385 388 395 396 400 401 413 417 418 419 424 425 429 430 431 432 434 435 438 443 448 450 451 456 457 
163 156 157 161 163 164 168 172 178 179 180 184 186 187 194 196 202 204 205 206 207 208 210 213 222 223 224 225 226 231 232 234 236 240 241 242 244 253 254 262 264 270 273 274 275 276 279 284 290 291 296 308 310 311 312 315 317 318 321 325 326 327 330 336 339 343 344 347 350 360 361 362 364 369 373 374 375 378 379 381 383 387 388 391 392 402 403 406 407 410 412 413 419 420 423 427 428 432 435 436 437 438 440 444 449 454 456 458 459 464 
134 1 161 164 166 168 176 181 187 189 193 203 204 208 210 212 216 217 218 219 220 221 223 224 225 226 228 230 235 238 239 242 243 245 250 251 257 259 266 268 269 270 273 274 279 280 281 282 284 290 292 293 295 296 298 300 303 312 329 335 338 342 346 349 350 354 366 370 372 374 376 379 380 386 394 395 396 398 400 402 404 407 408 410 412 414 417 419 420 423 424 426 429 436 438 439 442 446 450 452 453 456 461 
136 1 156 160 161 163 165 166 167 171 179 182 185 188 191 198 199 201 202 203 207 209 210 213 216 224 225 228 231 239 244 252 253 256 259 267 271 273 274 276 278 280 283 284 287 288 290 295 299 300 301 302 305 306 307 308 312 313 323 326 327 332 336 340 343 344 350 351 354 356 357 358 361 363 369 371 380 382 384 389 390 394 396 397 399 404 405 406 411 415 422 423 425 426 427 429 431 433 434 435 440 449 450 452 453 455 458 461 
261 1 156 158 162 166 168 170 171 172 175 177 179 180 182 183 188 190 191 194 196 197 200 201 202 204 206 208 209 210 211 213 224 243 244 248 250 251 252 256 257 259 260 264 267 269 273 274 278 282 283 284 287 288 289 292 294 298 300 303 306 307 309 313 317 318 319 320 322 323 324 328 330 335 338 340 346 350 351 360 364 369 371 374 377 378 380 381 382 386 389 395 400 401 402 405 412 416 418 423 426 429 430 432 433 434 439 442 445 447 448 449 451 454 455 456 459 463 
36 159 175 179 210 252 256 267 270 292 294 316 322 351 376 383 390 395 422 462 
108 163 167 173 175 180 186 189 194 199 201 206 214 215 217 229 231 235 244 247 251 252 256 260 264 268 273 274 281 291 292 293 296 297 299 303 314 316 325 328 330 331 332 337 338 339 340 344 347 353 355 356 357 358 362 368 374 375 376 377 378 382 383 384 388 395 396 404 407 408 420 421 429 432 433 434 435 437 438 439 440 443 444 446 447 451 453 455 461 463 
118 180 181 186 202 212 235 269 279 290 294 313 344 369 375 378 390 392 396 403 426 452 458 
219 1 157 165 167 172 179 180 181 185 189 190 191 194 197 198 201 202 206 208 212 218 219 223 225 229 230 234 242 243 247 252 257 258 260 261 263 264 268 269 270 275 277 280 283 284 288 295 306 307 308 309 313 314 315 328 338 339 340 343 344 349 350 352 359 362 371 374 375 379 381 382 384 385 388 389 390 392 394 396 397 404 406 407 408 411 413 415 419 424 427 429 430 434 439 440 445 448 450 455 457 461 462 465 
80 168 175 192 205 221 240 251 275 290 313 314 321 328 333 336 337 340 349 355 380 408 411 416 424 433 438 443 456 
82 159 166 188 205 223 229 232 238 244 245 250 258 262 266 273 278 280 288 290 315 318 322 338 340 341 346 349 352 355 359 393 394 402 405 420 423 430 432 444 455 458 
194 1 158 159 160 163 165 168 173 185 193 202 205 208 229 247 257 289 313 318 330 341 350 352 370 378 387 396 400 420 441 443 449 
133 1 156 160 165 175 178 182 183 190 191 193 197 201 204 205 206 208 216 217 218 231 234 237 244 247 249 251 253 257 260 265 268 272 276 282 283 284 287 291 293 294 302 313 315 316 321 323 325 326 327 333 334 336 340 341 348 350 351 354 357 358 363 364 374 379 382 386 388 395 396 400 403 410 415 417 420 423 425 426 433 438 439 443 455 456 458 459 462 463 465 
293 156 157 167 190 211 212 222 232 235 239 244 249 256 262 266 272 273 285 287 299 318 320 327 367 369 411 416 420 424 435 439 
199 158 159 161 162 163 165 168 170 173 175 180 184 194 197 198 201 204 207 209 211 212 215 219 221 229 231 233 234 235 239 246 250 253 255 258 267 269 270 272 274 275 276 284 285 288 291 299 301 302 304 307 308 313 315 318 321 324 326 327 332 334 338 339 342 344 345 346 350 353 364 370 372 374 376 382 390 391 394 395 396 400 402 413 415 417 420 421 423 426 427 429 433 436 441 443 444 446 448 451 454 461 463 464 
42 228 256 371 396 412 439 450 455 
270 383 
48 158 162 163 174 177 187 197 198 201 204 236 241 244 245 256 264 272 273 326 328 329 338 343 362 384 389 391 404 415 416 437 440 452 460 462 
82 162 167 170 174 178 180 193 209 211 227 253 254 265 268 280 287 292 297 313 322 329 333 334 347 352 359 381 384 404 412 417 422 424 430 433 445 447 453 454 455 458 464 
215 169 196 197 203 218 233 295 313 348 363 381 403 423 426 
146 159 162 164 167 171 173 175 178 182 183 185 187 188 189 195 198 199 200 202 203 206 211 216 217 221 227 228 231 234 236 237 241 242 244 245 247 248 250 259 261 267 268 271 273 278 279 281 284 286 297 298 299 305 307 312 313 319 320 321 324 325 330 336 346 351 356 358 364 365 367 368 371 381 387 391 392 394 398 403 404 406 407 408 410 412 413 415 419 424 427 429 430 432 441 447 448 450 452 456 457 459 465 
258 1 156 158 159 163 168 169 184 185 194 195 196 200 202 203 204 207 208 213 215 217 218 221 222 223 225 226 232 233 234 235 241 242 248 252 255 256 263 265 267 270 271 275 276 277 280 288 290 293 295 298 301 302 305 309 312 313 314 319 320 323 326 329 331 335 340 343 346 348 349 352 356 358 363 364 365 366 372 373 375 378 379 385 392 398 399 402 406 411 419 420 423 425 428 437 438 441 445 447 448 458 460 
63 157 158 159 161 168 169 172 178 179 185 188 189 195 197 198 206 208 209 215 216 226 227 230 235 238 241 252 258 259 263 272 273 286 287 290 291 293 297 304 306 312 319 321 327 331 332 338 353 359 364 365 368 372 373 376 382 385 389 390 403 410 420 422 428 429 431 436 439 442 450 458 460 464 
163 166 171 178 179 190 194 211 217 227 230 242 246 255 258 266 272 276 279 281 288 300 304 305 309 317 321 325 328 330 333 356 359 362 378 383 401 404 409 413 415 421 423 425 426 429 435 453 460 
269 156 157 163 167 168 170 173 175 179 181 182 187 192 194 195 196 197 200 208 214 220 221 229 231 233 244 245 248 253 254 257 261 262 266 267 268 269 272 274 275 276 280 281 282 284 286 289 291 295 300 301 306 308 309 310 311 313 317 320 321 322 324 331 333 334 338 340 346 349 355 357 364 365 366 371 372 373 374 378 382 384 387 388 391 392 398 401 404 407 413 420 421 422 424 425 426 429 430 431 433 435 436 437 438 439 447 448 451 452 453 457 459 460 462 463 
140 1 158 160 161 169 172 176 177 178 182 188 189 190 191 195 198 200 202 204 210 211 215 216 219 220 221 224 225 226 227 228 229 234 239 240 242 248 252 260 261 264 267 268 269 270 272 276 277 279 280 283 284 286 287 293 294 297 304 305 308 309 313 315 317 318 324 325 328 329 334 335 336 337 341 345 347 349 350 352 356 360 361 364 365 366 369 370 373 374 377 380 384 385 387 390 391 393 398 401 402 405 408 409 413 414 418 426 429 430 431 436 443 444 445 446 447 449 455 456 459 461 462 464 
41 156 159 165 223 229 234 235 246 250 254 262 267 284 293 296 312 316 321 323 329 337 356 367 373 385 392 404 407 418 424 426 437 448 456 465 
44 156 157 160 164 171 172 173 178 179 183 184 187 188 189 193 200 202 203 205 208 221 223 224 226 228 230 232 233 236 237 248 249 253 257 267 272 274 275 276 279 283 284 291 295 299 302 305 308 312 313 314 315 318 319 320 325 334 335 342 347 359 364 375 382 389 396 397 399 413 414 415 419 420 431 432 433 437 446 448 456 464 
97 174 198 208 275 306 353 376 423 
295 157 178 183 201 224 243 259 282 283 294 298 315 320 324 373 380 405 407 452 
182 180 245 250 258 275 334 
111 86 50 2 198 260 258 239 165 61 245 265 202 254 193 273 179 102 208 45 74 254 201 155 157 241 4 276 118 159 64 132 98 1 21 195 246 204 29 29 247 287 5 170 88 149 136 232 226 192 34 50 50 128 10 78 210 192 292 80 194 270 44 155 222 204 271 144 145 13 261 281 291 186 35 27 99 292 93 262 78 43 283 238 11 156 25 67 254 185 122 90 13 99 196 227 73 297 278 151 148 24 282 111 84 120 202 221 260 262 63 181 216 72 290 118 56 168 206 91 259 274 157 157 54 161 267 100 188 262 187 112 289 178 79 172 163 163 285 19 212 140 1 232 255 250 261 50 177 273 294 163 158 193 139 84 47 286 156 291 226 174 174 271 262 110 175 5 57 298 22 2 258 286 110 142 50 9 3 119 18 248 12 8 251 146 206 266 10 262 131 20 135 251 151 158 237 193 79 54 87 282 37 31 286 189 257 127 193 157 208 89 122 29 233 212 291 22 293 183 137 214 19 77 209 96 250 89 1 226 177 30 171 2 236 31 283 21 64 131 59 222 218 214 236 242 185 195 241 43 241 96 276 82 89 103 33 17 57 115 95 74 182 178 177 76 182 104 150 72 136 167 186 77 105 258 269 85 84 18 7 98 126 276 224 300 41 226 102 52 63 181 87 78 181 135 190 139 127 56 81 237 78 53 36 22 101 138 123 253 20 62 195 31 242 174 99 245 58 108 134 284 76 183 168 80 33 284 182 211 28 254 42 45 90 137 61 124 167 45 220 155 259 73 94 98 87 283 11 100 280 268 135 212 258 89 215 230 33 186 204 259 197 166 159 39 191 150 230 300 162 257 282 289 219 27 269 72 208 294 133 255 159 207 50 248 223 165 28 228 231 289 42 5 152 48 118 52 120 181 8 176 42 261 116 248 243 84 17 199 20 171 19 200 124 96 214 187 211 27 32 69 42 43 179 124 261 192 170 72 57 142 206 72 219 296 169 241 110 292 252 84 167 217 230 116 197 108 85 27 189 173 7 241 232 58 150 75 141 76 82 210 22 102 97 
