312 468
105 165 172 196 220 223 225 229 245 275 348 349 351 392 393 408 410 439 445 459 
117 237 243 257 273 283 382 401 409 412 417 466 
172 160 162 165 166 167 168 171 172 177 180 181 189 191 193 199 201 202 207 210 212 216 217 224 227 229 234 240 242 243 244 250 251 253 254 256 257 258 261 264 267 277 280 281 284 290 292 296 297 298 300 301 306 308 311 313 314 323 324 329 330 333 334 335 336 339 346 347 349 352 354 355 356 357 358 360 362 363 364 368 371 372 374 375 378 382 384 386 394 395 397 398 401 404 405 406 417 420 421 422 425 428 430 432 435 437 441 442 447 448 451 457 460 463 
226 1 159 162 165 168 170 171 178 179 180 181 185 187 189 192 193 194 196 198 199 202 204 206 208 209 210 213 216 218 224 225 227 228 229 230 232 235 236 238 239 242 247 250 251 252 256 260 261 266 272 273 279 280 284 296 297 301 302 303 304 305 308 315 317 320 322 329 332 334 335 336 337 343 348 350 351 352 354 361 362 364 367 369 373 374 375 376 380 384 392 397 398 400 402 403 407 410 415 425 427 432 433 441 443 448 450 451 453 454 455 457 459 463 466 468 
255 171 285 301 302 304 465 
184 164 170 171 174 176 191 195 197 202 207 232 234 235 236 241 245 248 252 256 266 274 278 283 295 296 297 299 305 306 312 314 315 316 321 327 329 340 341 343 351 355 361 370 371 373 387 388 394 396 403 414 419 422 429 434 438 443 454 458 461 468 
46 1 158 162 163 169 170 172 173 174 179 182 184 185 188 190 193 194 197 199 203 204 206 208 211 212 213 215 218 221 227 231 234 238 243 247 248 254 256 257 260 268 275 276 279 281 286 292 294 297 299 302 303 304 306 308 309 312 313 315 319 320 324 333 334 338 342 343 351 360 361 365 368 369 370 372 375 380 386 387 389 396 398 406 417 418 423 429 431 432 434 437 442 445 451 452 455 457 458 463 467 468 
176 179 196 201 229 242 244 269 274 276 313 320 334 363 376 381 393 408 409 420 423 425 428 430 443 445 448 451 453 459 467 468 
114 160 164 168 181 184 186 192 193 195 204 225 227 228 229 236 246 247 253 254 261 264 265 266 271 297 306 314 331 334 338 342 345 357 361 362 368 375 379 380 382 392 394 396 403 404 407 411 418 447 449 451 452 453 457 463 465 
93 157 164 166 167 178 184 188 189 194 197 201 206 211 216 217 220 234 237 238 245 246 261 270 275 281 283 286 287 288 298 299 302 303 305 307 308 309 311 317 323 324 326 331 336 338 339 347 348 349 350 354 360 362 364 373 374 381 389 391 392 397 404 410 421 429 430 432 434 440 441 447 449 451 453 464 
175 158 160 176 189 204 209 225 226 229 231 235 242 254 261 265 271 280 285 287 293 303 305 312 317 331 337 338 347 348 352 354 355 375 376 388 396 416 426 430 439 451 455 458 460 466 467 468 
83 157 158 164 165 170 171 173 177 178 179 182 196 197 205 211 215 216 223 230 231 232 236 244 256 257 258 261 264 265 268 274 281 284 285 286 288 292 293 294 300 301 307 310 311 315 318 319 320 322 327 332 338 340 343 344 346 347 349 351 355 358 359 363 366 369 371 372 375 376 378 382 392 396 398 400 402 406 411 420 435 436 437 439 442 445 446 449 452 456 457 458 
293 1 166 168 171 178 182 195 200 201 206 214 219 220 222 226 231 236 241 242 243 251 260 262 275 279 288 292 293 295 296 297 306 315 324 327 329 332 344 346 354 358 369 386 389 390 395 400 403 405 409 410 412 415 421 430 431 441 442 449 452 
240 162 164 179 180 181 185 189 192 198 199 205 208 213 214 216 225 226 227 230 233 235 237 238 242 248 251 263 264 273 277 282 287 289 293 296 299 305 306 309 313 316 323 328 333 334 346 359 370 375 376 379 380 382 383 385 387 391 393 397 398 401 416 420 429 433 445 452 457 459 467 
249 1 158 159 174 176 182 197 200 226 245 257 270 282 292 311 315 329 344 356 367 368 371 376 377 395 406 426 443 458 
61 1 164 165 169 170 176 178 181 184 185 187 189 190 191 192 196 199 201 205 206 213 216 217 226 235 236 248 250 252 253 254 257 263 264 271 272 273 284 285 287 292 293 304 307 312 315 320 323 328 331 346 353 354 357 369 372 373 380 384 398 405 411 413 417 418 424 427 439 442 443 446 450 453 459 462 468 
190 190 276 290 336 343 351 383 385 412 428 437 454 468 
206 157 158 161 178 179 181 184 185 186 191 192 194 199 201 202 208 209 213 215 217 229 230 235 240 244 245 247 248 254 258 259 261 263 266 267 272 276 279 282 283 286 290 295 296 301 306 307 309 314 317 318 327 336 340 341 344 346 353 354 358 363 367 372 378 380 383 385 390 391 398 399 408 412 417 418 420 423 424 426 429 433 434 435 440 441 442 443 447 452 455 459 461 466 468 
180 1 158 162 180 181 182 187 192 193 194 195 197 204 213 215 216 218 222 223 231 235 241 248 249 250 252 255 256 257 260 261 262 263 266 267 269 271 274 281 283 284 285 290 295 299 300 311 322 326 329 332 336 340 345 346 348 352 353 354 357 361 362 368 373 380 381 383 389 391 392 397 401 404 405 409 417 422 426 437 438 439 441 444 445 449 453 454 465 467 
199 1 167 171 174 175 182 186 188 190 192 194 195 197 209 210 214 215 217 224 228 229 232 235 238 239 243 246 248 253 254 257 264 269 271 279 286 287 291 296 297 300 301 302 303 307 308 317 321 323 326 332 333 346 348 349 358 361 363 365 371 377 380 381 383 391 397 399 404 407 410 411 419 421 425 429 430 432 434 440 443 447 448 450 454 455 459 462 464 466 468 
253 165 178 207 220 242 245 246 256 261 297 301 308 327 343 356 368 371 385 401 410 444 445 
133 160 164 165 175 179 180 204 212 230 231 232 247 257 266 274 283 297 319 321 325 332 374 383 384 385 389 395 398 407 409 422 427 435 444 450 
52 163 165 169 175 181 185 192 197 198 209 210 211 215 217 223 227 238 244 258 272 275 279 286 289 302 315 316 326 329 344 355 357 365 366 371 377 384 393 395 402 407 409 413 415 416 417 418 430 439 441 443 445 451 452 462 465 
291 157 162 168 169 177 188 191 195 197 198 205 214 216 218 225 232 245 252 254 255 259 264 266 268 276 283 286 294 303 308 309 325 331 332 350 356 359 365 371 373 381 382 387 394 397 398 399 402 421 422 424 433 441 449 461 
247 182 253 268 292 341 342 381 420 
278 1 157 160 167 168 173 174 176 178 182 184 186 187 190 192 194 197 200 203 206 211 213 216 218 221 230 231 233 236 239 240 243 244 247 248 251 257 258 261 268 270 271 274 278 279 280 281 288 289 290 291 293 296 302 303 308 310 313 315 316 317 318 320 324 326 330 338 340 344 348 351 352 355 357 359 361 363 364 365 366 367 371 372 373 374 376 378 382 383 386 387 391 392 396 398 400 402 403 406 408 409 411 415 418 428 429 433 435 440 441 446 453 455 460 461 464 466 
233 169 185 191 203 205 218 224 229 232 235 236 245 259 275 278 281 288 298 315 322 324 339 356 367 372 380 402 412 416 418 420 421 433 436 438 439 441 449 450 453 463 
21 1 171 174 183 186 198 205 207 211 219 224 231 243 256 265 266 268 270 275 280 285 293 298 300 308 311 313 314 321 323 330 335 338 349 350 365 383 384 385 386 391 393 413 429 434 438 441 448 452 454 455 461 464 
300 205 220 221 226 241 257 285 338 377 414 415 418 421 423 440 452 459 463 
173 158 182 288 303 367 371 419 
247 160 162 164 167 169 174 177 183 190 197 208 210 214 218 220 226 227 230 238 240 243 249 256 261 266 274 276 288 293 295 297 298 299 303 305 307 312 314 317 328 331 334 351 357 371 373 377 378 379 381 384 405 407 408 417 420 421 425 427 436 442 443 447 448 452 460 465 
7 157 159 160 161 166 178 188 189 196 197 211 213 217 218 222 223 225 230 231 235 250 259 260 267 284 287 288 296 301 302 304 310 311 313 320 322 324 328 331 335 337 340 344 351 355 358 372 377 381 382 383 384 385 387 394 398 399 403 404 407 413 417 418 423 430 431 438 440 441 448 455 462 464 465 468 
243 175 193 194 200 203 205 209 211 213 223 229 263 264 283 301 303 315 343 346 348 353 360 365 367 379 404 430 432 438 454 
95 165 178 203 220 230 245 247 253 254 268 273 279 294 323 327 328 352 413 414 453 465 
46 159 160 162 163 165 166 170 173 178 181 182 183 192 200 204 209 211 213 215 216 218 220 222 225 226 228 231 232 233 238 239 242 243 251 256 257 260 265 268 269 271 274 281 283 284 287 291 294 296 297 298 299 303 314 316 319 322 325 328 330 333 335 339 340 341 343 344 345 349 350 354 361 365 367 368 369 374 378 387 388 389 390 398 399 402 406 408 409 411 414 415 416 417 419 421 425 426 427 432 440 443 444 446 447 449 452 457 461 464 466 468 
292 1 157 160 161 165 167 170 173 174 177 180 182 183 189 192 196 197 200 202 204 206 210 211 214 215 219 220 224 232 235 237 246 252 254 257 260 262 265 266 274 277 278 284 290 292 295 296 300 302 307 308 311 312 315 322 327 328 331 332 333 334 340 341 350 357 358 359 360 361 367 368 370 377 378 382 385 386 387 396 397 400 402 403 405 408 410 411 412 416 425 427 428 433 435 439 440 441 448 452 453 458 460 461 462 466 468 
201 162 173 174 176 186 192 196 197 215 218 223 231 232 234 235 237 238 242 251 254 256 259 260 262 273 276 277 279 281 282 283 285 287 295 298 300 301 304 306 310 311 313 315 317 319 321 324 325 326 336 348 351 355 358 366 367 370 375 376 377 382 384 386 388 394 397 401 402 403 405 411 414 416 418 425 429 433 437 447 451 459 460 462 463 468 
89 163 167 170 171 172 173 176 180 186 195 198 199 203 205 208 211 216 218 219 220 225 227 232 243 244 245 248 254 263 270 271 273 275 278 282 285 286 292 294 298 301 304 306 308 309 311 316 317 318 319 320 323 324 327 329 333 335 340 341 342 343 344 351 353 354 355 356 357 359 360 361 363 367 371 383 384 385 386 387 394 397 398 399 404 406 407 409 411 413 414 417 420 424 429 430 434 435 436 439 440 442 443 445 453 455 457 459 462 463 464 465 467 
257 162 163 164 168 170 173 177 178 180 193 195 196 198 209 214 215 218 222 224 225 226 229 240 246 250 255 259 263 266 271 272 282 283 284 288 291 294 299 300 308 310 312 322 328 329 330 345 346 347 352 363 364 366 369 370 371 374 378 381 389 396 398 409 416 428 431 435 451 453 456 459 461 463 465 
45 167 194 199 203 211 215 250 269 285 286 308 321 330 332 348 355 358 385 393 397 408 421 433 434 442 443 445 448 462 463 465 
152 162 165 168 199 229 231 233 277 350 361 386 410 411 416 419 
183 158 160 163 170 171 174 177 178 182 188 189 192 194 196 198 199 206 211 221 224 228 230 234 235 238 241 243 245 250 251 252 253 264 265 270 279 285 287 303 310 312 316 317 324 333 339 340 342 344 349 353 354 355 361 362 371 372 374 382 384 385 387 399 405 408 410 411 414 415 421 425 445 446 449 460 466 468 
221 1 160 161 163 164 165 169 171 173 178 183 187 188 192 193 194 195 197 202 203 208 210 211 212 213 216 218 219 220 221 222 233 237 245 246 247 255 263 265 274 277 285 287 288 290 293 294 296 298 301 304 306 307 311 312 318 320 326 327 328 329 330 331 333 338 341 343 346 347 349 353 354 356 360 361 364 366 367 375 376 379 383 384 389 390 393 396 397 402 405 406 407 410 413 423 428 430 433 434 435 438 439 441 448 451 454 455 458 460 461 466 
37 251 454 
20 159 163 165 167 170 171 175 176 185 188 193 195 200 201 205 206 207 213 216 222 225 228 230 233 241 242 243 246 248 249 250 255 258 259 261 268 269 270 274 275 279 280 282 289 294 300 304 305 306 316 317 320 321 322 328 329 333 337 341 346 347 348 349 350 351 353 354 356 358 360 361 364 370 371 372 373 376 378 382 390 392 395 399 403 406 415 416 418 421 422 428 430 435 436 439 446 451 452 453 455 458 
247 159 166 167 170 171 172 178 181 183 187 191 199 205 212 225 228 229 230 231 232 233 237 245 250 256 259 269 270 277 295 299 301 302 306 313 317 318 319 329 333 335 336 337 338 339 349 351 356 359 360 362 372 385 392 393 395 402 403 404 405 413 416 423 424 430 435 437 446 447 452 454 460 467 
171 1 163 165 168 169 170 173 178 185 186 187 188 190 191 194 199 200 203 207 211 212 215 218 219 221 224 225 227 228 229 236 237 241 244 245 248 249 251 252 253 256 258 259 260 262 265 266 271 272 275 276 277 280 285 289 290 291 294 295 297 298 301 305 307 308 309 310 312 315 320 322 325 327 328 329 331 336 337 340 341 342 348 357 359 360 361 362 363 365 369 374 377 378 380 381 383 386 390 395 399 403 406 408 409 415 418 421 422 425 426 428 429 432 434 436 437 441 443 445 446 450 451 452 453 458 459 462 464 466 467 468 
280 1 157 164 170 173 175 176 185 187 189 190 191 199 202 203 207 208 210 212 214 222 225 228 229 230 232 235 236 239 241 243 245 246 254 259 261 262 267 268 274 278 280 283 285 286 291 299 308 309 321 322 323 324 327 332 336 337 339 343 344 348 356 359 363 365 366 375 376 382 385 386 392 393 404 405 407 408 413 418 425 428 435 436 450 452 455 459 463 464 
160 211 237 310 423 
6 158 159 161 164 165 167 175 178 186 187 189 197 199 205 206 209 210 216 217 218 219 225 226 232 237 238 242 243 248 253 264 266 267 270 272 273 277 278 279 283 286 288 298 302 303 305 310 319 321 332 333 337 339 340 342 347 364 374 383 384 388 389 394 399 401 402 408 415 416 421 423 426 427 437 439 447 456 462 465 
197 1 157 159 164 167 171 172 175 178 186 187 188 192 193 198 200 202 204 205 206 208 210 211 212 213 214 215 216 222 224 229 232 233 237 238 239 245 247 249 250 251 255 258 262 263 266 272 279 282 285 286 287 288 290 295 296 298 302 303 307 313 314 318 320 323 326 328 330 336 337 339 340 341 342 348 349 360 361 365 367 371 372 375 384 387 391 393 400 401 403 405 407 408 411 416 417 418 426 429 430 431 434 436 438 439 441 444 446 448 449 450 451 459 462 463 
221 159 160 164 166 170 171 172 173 174 175 176 177 179 180 183 184 185 188 190 191 192 195 207 208 209 210 211 212 214 218 219 221 227 229 230 232 233 235 237 238 241 242 243 247 248 250 251 252 255 258 263 265 266 269 271 273 274 275 284 289 292 293 297 298 301 302 304 307 308 310 311 316 319 324 325 326 328 330 334 340 341 345 347 350 353 362 365 366 379 380 381 382 384 385 386 387 393 399 400 402 410 415 416 419 420 421 430 438 439 440 441 443 444 445 451 452 453 454 458 460 463 468 
273 157 159 161 165 166 168 172 173 181 183 186 188 189 194 195 197 199 202 206 217 222 223 224 226 240 244 247 249 251 253 254 260 262 263 265 278 279 286 287 289 290 294 295 299 302 306 322 324 326 331 334 335 336 337 339 345 346 350 351 354 360 365 370 371 375 377 379 383 384 385 389 395 396 399 403 406 409 413 417 419 420 423 424 432 434 447 449 456 458 462 465 
141 241 271 281 285 364 379 425 468 
28 159 177 179 190 191 195 200 207 215 220 246 247 250 251 258 259 264 267 268 270 273 278 281 286 289 292 301 304 307 325 326 330 332 337 341 347 361 365 372 379 383 387 401 409 420 424 428 440 442 452 454 460 463 465 466 
54 162 168 170 176 178 180 181 182 183 191 195 198 204 205 213 216 219 223 231 234 236 237 239 244 247 260 267 270 272 275 279 283 288 292 300 308 310 315 316 323 324 332 333 334 339 344 353 354 362 370 371 372 375 389 391 396 406 415 417 426 436 444 446 452 455 456 457 459 463 
233 174 185 211 242 283 309 404 410 441 448 465 466 
19 158 159 160 161 163 170 174 175 179 182 183 185 187 188 189 194 196 197 200 205 208 209 210 212 215 216 218 219 224 227 228 234 235 236 241 243 244 246 248 252 255 256 260 265 269 271 273 275 277 278 280 284 285 296 297 298 307 314 320 321 323 324 325 329 332 333 336 339 340 342 344 346 347 348 351 356 359 361 363 367 369 370 374 375 377 382 384 385 388 391 393 395 399 404 413 414 416 426 430 431 434 439 441 442 446 450 453 455 458 460 462 464 466 
140 161 166 172 175 177 178 182 183 184 186 192 195 196 197 200 204 205 208 211 217 220 221 223 232 235 238 239 242 243 246 254 258 262 267 268 270 272 273 277 279 280 281 283 288 289 291 292 295 298 300 302 309 312 314 316 317 318 321 324 328 329 330 335 336 337 339 343 344 345 346 348 349 355 359 366 368 371 375 379 382 388 390 391 393 396 404 413 415 418 419 421 427 429 431 432 433 440 442 444 447 450 453 456 460 462 466 
26 163 164 196 214 219 223 236 237 245 263 271 272 280 281 292 324 331 332 333 336 349 350 355 360 367 395 400 411 422 424 451 
64 157 165 171 176 177 182 183 184 190 193 197 203 205 207 213 216 219 221 224 226 228 235 237 239 240 250 251 254 261 262 264 265 267 271 278 281 282 287 288 289 293 305 315 318 322 331 337 338 341 343 346 349 355 367 377 378 380 385 389 393 394 395 396 400 403 411 414 417 424 426 427 429 436 443 445 451 453 456 457 458 459 460 463 
3 161 165 168 169 175 176 177 181 184 188 189 191 197 199 200 206 208 212 214 222 224 229 230 235 236 237 238 242 244 245 250 254 256 264 268 273 275 281 283 289 292 295 297 298 299 302 304 305 308 309 313 314 315 317 319 320 321 322 324 325 334 335 336 337 340 342 343 345 349 350 354 355 358 361 362 365 367 372 373 376 379 380 384 385 390 391 394 396 398 400 401 402 405 407 408 409 411 419 420 421 424 425 427 430 431 432 433 434 435 436 437 438 439 440 443 444 446 448 452 453 455 458 460 461 466 468 
66 164 168 169 172 174 175 184 189 194 197 199 201 203 209 213 222 230 232 233 235 237 238 240 242 247 252 255 256 275 276 281 282 283 286 289 290 293 295 297 302 303 320 323 324 327 328 332 337 338 346 351 357 359 362 367 369 374 376 383 384 385 389 392 394 399 400 402 411 429 431 437 440 443 446 448 453 459 460 467 
272 157 166 176 179 198 209 225 227 228 230 235 240 255 261 265 268 284 287 294 300 305 308 323 326 341 344 345 349 351 369 373 375 384 388 396 399 404 407 408 412 413 432 439 445 455 
205 1 167 171 174 176 179 181 182 189 193 195 198 199 202 216 223 235 239 240 241 254 255 261 272 273 279 284 285 293 296 303 305 306 307 310 313 317 318 322 329 331 335 336 341 345 347 355 357 370 371 372 374 382 391 394 397 409 410 416 421 425 427 429 454 457 458 459 467 
205 157 160 162 165 167 168 170 171 173 175 176 177 179 182 185 190 195 199 205 206 208 214 216 218 220 225 226 227 232 234 237 238 240 244 251 252 257 258 260 262 267 268 272 275 278 280 281 288 290 292 293 294 298 302 305 311 323 327 329 330 332 333 335 336 337 345 348 349 351 353 357 370 371 373 375 376 378 379 382 383 384 385 386 389 394 396 398 399 402 404 407 413 415 418 419 422 430 433 437 446 447 452 458 461 463 464 465 466 468 
211 173 181 185 188 213 226 236 239 256 260 262 269 271 273 281 284 285 287 290 301 307 323 325 337 349 363 378 381 388 398 402 406 444 446 460 468 
16 1 161 172 174 181 183 185 194 196 197 204 208 209 214 216 226 234 240 243 246 250 254 255 261 262 264 265 269 273 280 281 282 291 292 295 298 299 304 305 308 309 311 314 315 317 328 329 331 332 338 345 351 353 355 359 362 363 370 373 375 378 382 383 399 400 402 404 409 415 419 420 421 422 429 431 443 449 460 462 466 468 
62 157 163 165 171 178 188 204 216 219 220 224 236 237 249 275 282 288 291 293 299 301 308 310 328 348 354 378 386 397 405 406 428 455 457 463 
168 157 162 164 165 168 170 172 174 176 179 180 183 192 202 204 211 212 214 218 224 227 230 239 242 244 247 249 258 262 263 270 278 285 288 290 291 293 294 296 302 303 305 306 309 310 313 315 317 320 321 323 326 327 332 334 339 343 345 350 353 355 356 359 360 361 366 370 372 380 381 383 384 388 391 393 400 404 413 419 424 425 427 431 433 434 436 441 442 443 446 447 448 452 456 460 468 
161 1 157 159 162 163 165 173 178 183 195 208 213 219 222 224 226 228 230 236 240 242 244 247 253 255 258 263 264 272 276 279 280 290 299 309 314 315 325 326 328 333 337 341 349 358 365 366 371 382 384 385 387 390 392 395 401 406 415 416 419 427 430 439 444 449 455 460 462 464 465 468 
266 1 169 177 180 184 195 196 199 209 212 223 224 231 237 246 259 261 288 289 299 312 330 332 334 341 346 347 351 352 376 386 403 405 407 415 417 423 443 453 457 
22 158 160 163 164 165 166 169 170 171 176 182 190 191 192 194 199 201 202 204 205 209 213 214 216 219 220 222 223 224 228 229 230 231 232 234 240 243 245 246 247 249 252 257 274 275 279 282 283 285 291 295 296 300 302 306 308 311 314 315 319 320 322 323 324 338 339 340 343 345 348 352 356 358 359 360 361 363 365 367 368 370 372 378 381 387 388 390 397 398 401 403 405 407 408 412 413 415 418 424 425 426 427 428 437 439 441 445 446 448 451 455 456 462 465 
146 158 159 160 162 166 167 170 177 179 184 188 203 206 208 210 214 222 223 224 227 231 234 235 241 246 251 252 256 276 281 284 287 289 293 300 302 304 305 306 308 310 315 318 319 324 325 331 332 333 337 354 356 357 358 365 369 377 385 386 393 395 397 408 416 420 426 427 429 442 443 452 453 461 462 463 465 468 
140 157 160 165 184 196 198 203 210 215 271 277 283 285 296 297 299 304 308 329 357 380 411 452 454 
1 1 165 171 174 177 181 183 189 190 195 198 204 205 223 227 242 247 248 254 265 267 269 281 289 291 294 295 302 307 308 313 314 316 318 321 328 331 350 353 360 361 375 379 384 398 408 409 422 423 428 435 436 446 447 449 452 456 457 459 465 
27 1 159 178 191 200 201 205 207 214 221 234 236 240 248 251 256 262 275 286 290 294 295 309 315 323 332 333 334 336 340 343 354 357 365 370 371 373 379 384 403 405 410 412 418 419 427 434 452 454 455 459 
198 1 160 162 163 167 169 174 183 184 189 191 194 197 200 207 208 213 220 222 223 225 228 229 231 243 251 252 261 263 264 265 267 268 270 277 290 292 293 294 300 308 315 320 321 327 341 346 349 352 355 357 361 367 369 370 373 377 380 384 397 402 403 406 411 412 416 421 429 430 434 436 437 439 440 445 447 450 452 459 465 
60 157 158 159 160 161 163 166 169 170 172 173 175 176 178 180 181 185 186 187 192 194 204 214 217 219 220 222 225 227 228 238 240 246 248 249 250 253 255 257 259 260 264 266 268 270 271 272 273 275 276 282 285 289 294 295 300 302 304 306 308 309 313 320 321 326 327 329 331 337 338 340 343 345 346 348 352 354 355 356 358 361 363 368 370 373 383 384 385 386 388 389 390 394 399 407 408 409 412 414 418 419 422 426 433 434 435 436 438 440 443 445 446 449 450 453 454 455 457 458 460 466 
24 248 
258 160 162 168 183 193 210 216 256 262 266 269 272 286 294 295 298 302 305 320 321 336 358 359 360 361 370 425 430 435 446 448 461 
3 159 163 171 172 173 178 180 182 186 187 191 195 204 205 208 210 213 214 220 223 224 225 227 228 229 230 235 236 239 244 249 252 253 254 256 257 260 268 273 280 281 291 294 296 297 298 299 300 301 305 306 309 315 318 320 321 324 325 326 331 332 337 340 342 343 346 347 352 353 354 355 359 361 363 372 375 377 379 387 391 394 397 398 399 404 408 409 410 412 413 414 417 424 425 428 433 435 440 441 444 446 447 448 450 458 463 466 
103 179 342 412 
120 164 173 180 191 213 221 232 233 246 249 258 268 271 273 279 282 283 290 303 315 321 322 333 336 353 359 386 397 402 407 408 411 435 444 457 
57 293 
218 1 158 160 167 176 178 183 187 196 197 198 199 200 201 204 205 206 210 214 215 217 219 220 223 224 226 228 230 233 234 236 239 240 244 245 246 248 252 253 254 256 258 259 261 263 268 272 276 277 279 282 283 284 286 290 293 294 296 301 302 306 308 309 311 320 322 323 327 329 331 333 337 349 351 352 353 354 356 358 363 372 373 375 381 382 383 386 391 393 394 395 397 398 406 407 410 411 412 413 414 418 420 426 427 431 434 436 442 445 446 449 450 453 455 457 458 461 465 468 
17 1 158 175 178 187 189 200 204 210 213 218 222 227 244 247 248 251 252 253 254 258 259 263 268 272 276 282 293 312 316 318 323 328 330 339 349 355 363 364 369 375 379 387 394 395 397 400 401 403 404 408 414 421 436 448 457 460 463 465 467 468 
217 1 163 166 167 168 175 176 187 189 190 194 196 197 198 199 202 203 206 208 210 215 218 219 222 225 231 233 234 238 240 241 245 246 247 249 251 254 257 259 263 267 270 271 273 275 277 289 291 292 293 295 296 298 302 304 312 313 314 317 324 325 328 335 347 348 350 352 363 371 378 380 381 387 388 394 401 402 406 407 408 409 410 413 424 437 438 440 443 444 450 452 456 458 460 461 464 465 
92 159 161 164 166 169 177 194 217 224 228 239 243 249 253 268 270 274 306 308 309 323 329 330 338 340 347 351 355 368 371 390 397 406 412 421 444 447 454 455 463 464 
127 160 164 185 189 196 202 203 221 224 225 227 250 255 267 277 293 298 311 313 314 317 318 321 328 338 346 349 352 359 365 371 384 386 400 403 404 427 428 429 430 441 446 449 462 
233 167 173 177 201 203 212 213 214 217 219 223 224 226 228 231 233 234 236 238 243 249 253 254 257 267 268 270 272 282 283 287 292 302 305 306 308 314 318 322 328 331 338 339 341 342 345 346 347 357 361 362 368 371 378 379 384 400 403 404 405 406 408 418 421 422 424 432 433 435 438 444 445 456 459 460 463 465 467 
196 157 167 174 177 180 187 189 190 192 199 203 205 210 211 213 216 220 221 230 232 234 235 238 239 243 244 250 251 252 253 261 262 263 264 267 272 273 277 283 286 288 290 292 295 297 299 307 308 310 314 315 319 321 324 325 327 333 338 341 342 343 345 355 364 366 370 372 374 376 380 382 385 390 399 401 402 403 404 406 416 419 421 425 434 436 437 440 449 450 468 
223 160 162 165 172 173 184 186 188 190 192 193 194 197 198 202 205 208 209 210 212 214 216 218 219 221 222 224 226 227 230 237 239 243 244 246 252 254 255 256 259 264 265 266 268 270 272 273 276 278 279 280 282 284 286 287 288 289 290 293 299 301 304 305 307 309 315 318 320 321 323 330 332 335 336 341 343 344 347 348 351 352 357 363 364 365 366 372 373 378 379 381 383 388 389 390 394 396 397 398 399 402 406 407 409 411 413 414 416 417 418 419 421 430 431 436 438 439 440 447 450 454 456 458 459 462 465 
266 203 236 242 249 268 286 293 318 323 354 355 365 366 385 415 434 437 466 
34 158 159 163 164 167 169 171 172 173 174 179 181 182 187 189 192 195 197 201 205 209 210 211 213 216 219 221 223 225 226 227 236 239 241 244 245 247 251 254 259 263 268 270 271 274 276 278 288 290 291 293 296 297 301 302 308 312 314 316 321 328 330 332 333 334 335 337 341 342 347 353 357 359 360 366 367 368 375 376 377 379 383 384 385 386 387 395 396 397 401 402 404 406 407 415 417 424 426 427 429 430 431 433 434 435 438 439 440 444 445 446 447 448 450 453 454 455 457 458 459 460 461 462 468 
114 157 161 162 166 167 177 178 180 181 189 191 201 207 208 209 211 215 221 228 235 239 242 244 255 256 264 268 271 276 279 297 298 308 309 310 315 316 319 320 330 331 333 334 335 336 338 342 343 346 351 353 354 364 366 367 372 374 376 381 384 386 388 391 392 418 420 422 425 426 433 447 453 454 456 468 
3 1 157 158 166 178 180 187 200 243 256 278 293 325 337 341 354 373 392 397 421 422 423 428 454 
28 158 177 198 204 205 209 210 217 218 223 230 257 262 267 277 285 291 301 302 306 312 314 335 342 347 349 375 382 389 406 420 421 425 427 429 433 441 449 460 
146 157 175 183 190 196 207 214 215 224 230 231 238 246 248 260 261 264 271 274 279 284 287 299 320 322 337 340 342 359 362 363 369 375 379 391 400 408 409 412 421 422 429 430 431 433 438 440 441 445 451 454 
101 161 177 178 190 193 196 199 204 211 228 240 249 263 264 274 287 289 306 318 324 325 336 348 365 381 383 392 406 436 460 
69 160 162 164 166 168 170 171 176 179 182 183 185 188 190 195 196 200 203 208 209 211 215 219 221 224 230 231 237 242 243 248 251 256 259 261 262 264 265 266 269 272 275 277 278 279 281 282 283 285 288 291 293 295 301 304 305 306 308 310 313 315 322 326 328 332 339 345 347 349 350 352 355 356 357 359 360 365 374 379 381 382 385 389 390 392 397 398 400 402 404 406 408 413 416 417 422 427 431 434 440 442 444 452 453 454 457 
237 160 163 164 167 169 171 172 179 180 184 189 194 196 197 199 200 203 204 206 207 210 211 217 221 227 229 231 232 237 239 241 244 245 246 247 249 252 253 255 259 260 265 267 271 275 276 278 285 289 298 304 305 306 308 309 310 313 315 323 324 329 330 334 338 341 342 345 347 348 349 350 352 353 357 359 360 363 364 365 366 370 373 374 376 377 382 384 385 386 392 393 395 398 402 404 406 407 409 410 429 434 435 436 437 441 450 460 462 463 465 467 468 
113 1 158 161 178 208 214 218 222 227 236 238 241 245 246 252 253 254 276 287 293 295 298 299 307 308 316 321 324 333 340 342 346 348 353 361 362 368 369 370 371 373 379 381 382 384 390 403 410 412 414 417 432 438 446 447 450 457 458 466 
19 160 161 163 192 195 199 229 230 232 241 243 247 251 262 263 300 311 321 333 337 338 341 349 360 366 379 384 427 431 434 440 441 453 
41 318 372 385 439 
187 158 164 165 166 175 176 184 185 187 189 190 193 195 198 201 205 206 212 213 215 218 229 231 232 233 235 236 238 241 242 243 244 246 252 253 269 272 280 281 285 288 289 290 291 293 296 297 303 304 305 307 310 312 314 317 319 320 322 323 326 332 333 337 341 344 348 349 354 357 360 364 365 367 370 374 384 394 399 401 405 407 409 410 422 424 426 429 430 434 435 437 438 444 445 456 458 461 462 467 468 
43 164 166 168 170 179 183 184 186 188 189 190 195 196 198 200 204 206 209 215 218 221 225 226 227 229 235 237 239 243 245 248 249 250 255 256 258 262 263 264 270 277 278 281 284 291 293 294 297 298 300 301 302 303 309 311 315 330 331 332 334 338 340 342 345 346 347 349 358 362 366 368 372 374 375 376 379 381 382 384 385 392 393 395 396 398 400 401 407 408 413 414 416 417 420 421 427 431 433 436 437 438 442 449 450 451 455 457 460 463 464 467 
31 160 161 162 167 168 170 171 174 181 183 186 189 193 195 196 200 204 205 211 217 221 223 225 229 230 231 232 234 235 236 239 242 243 244 247 249 253 256 257 258 266 268 269 271 272 273 276 278 280 285 286 288 291 294 295 296 297 299 300 301 303 305 312 314 318 319 321 323 327 332 337 339 341 342 343 348 349 354 359 363 368 370 371 373 376 383 385 390 391 393 398 403 406 409 411 420 421 422 424 434 441 455 459 460 461 462 464 466 467 468 
159 163 173 177 181 186 190 194 203 204 211 216 222 223 232 241 242 247 260 263 266 269 270 279 281 283 297 299 301 303 304 307 316 318 320 324 327 328 333 336 337 338 339 349 350 353 355 357 361 371 374 376 380 384 389 392 393 396 404 406 408 409 412 425 427 428 445 455 457 458 460 
214 175 197 199 200 205 226 227 240 248 253 267 275 283 306 309 312 321 331 338 369 372 375 403 438 441 443 450 454 456 466 
201 161 171 172 175 178 181 182 183 185 196 199 201 205 206 207 211 213 220 225 226 229 231 232 234 235 236 237 240 242 247 248 250 252 254 255 257 263 265 267 272 274 276 277 282 284 285 289 291 292 293 294 295 297 298 303 304 306 312 314 315 320 322 327 329 331 332 335 336 338 340 342 343 345 349 351 352 354 355 357 363 364 365 370 372 381 382 384 385 398 399 400 409 410 414 420 425 427 430 432 433 437 438 439 441 445 447 448 451 455 462 464 465 
249 158 168 172 174 178 180 181 182 190 196 202 210 216 217 219 221 229 236 254 256 258 260 262 266 267 272 279 280 283 284 285 297 300 301 304 305 308 311 316 317 318 319 320 326 327 329 330 335 336 340 341 350 352 356 362 365 366 367 380 386 387 390 392 396 398 401 403 406 413 415 418 419 421 423 431 432 436 438 441 449 457 460 464 465 468 
148 158 160 164 165 166 169 170 177 178 179 184 185 188 201 204 206 208 217 221 222 223 227 235 237 241 249 253 262 266 268 271 272 273 277 283 284 286 291 292 306 308 310 315 320 324 326 330 336 339 341 342 345 347 352 353 357 363 364 365 366 374 376 378 379 384 388 392 393 397 399 403 404 413 415 417 442 455 461 462 466 
62 164 176 177 179 184 192 194 201 208 212 222 242 245 248 253 257 259 265 280 291 301 303 321 325 327 333 339 356 361 375 379 386 392 395 399 404 405 407 408 409 420 421 422 441 455 456 464 467 
204 166 170 178 184 192 205 225 227 238 250 252 299 332 357 398 404 414 421 425 432 445 447 453 462 465 
283 1 162 165 169 172 176 177 181 183 185 186 187 189 190 191 192 194 201 202 204 208 210 211 216 218 219 220 221 222 223 225 228 230 236 242 243 260 261 262 264 267 274 276 278 283 292 293 295 297 305 307 310 312 315 316 327 328 336 338 341 347 359 364 365 369 375 376 378 379 385 386 390 396 398 400 402 403 405 407 409 415 418 420 426 431 432 434 438 439 440 444 446 452 453 460 463 464 466 
231 165 166 173 179 196 204 214 215 219 220 222 248 250 253 256 259 262 263 269 297 304 308 311 318 320 325 327 346 349 358 361 366 399 400 410 429 433 437 438 442 443 446 460 463 464 466 468 
185 171 173 175 179 188 190 193 194 197 199 203 204 207 210 211 212 215 218 220 222 224 230 235 240 250 258 260 262 263 265 266 268 269 270 274 278 283 287 288 289 290 292 299 301 304 305 306 309 310 314 320 322 325 331 333 338 340 341 343 346 347 348 349 353 355 360 362 364 367 371 375 376 386 387 388 390 394 396 398 399 401 419 420 423 426 427 428 431 433 441 446 449 450 451 453 454 461 463 464 465 468 
298 405 
149 158 159 168 171 195 234 242 254 263 277 284 287 299 301 314 315 321 327 342 352 371 400 416 417 420 428 448 451 455 459 
269 157 158 161 163 164 171 172 173 179 183 191 194 196 197 199 200 202 206 207 208 211 213 221 223 224 226 228 229 231 237 241 243 246 247 253 254 255 256 257 261 269 273 274 279 281 282 283 292 293 298 302 305 306 307 312 313 314 320 323 324 329 336 338 348 349 350 351 352 354 359 360 363 367 368 370 372 373 375 377 385 386 388 389 392 395 398 402 406 408 410 412 415 416 421 425 427 429 434 437 444 449 450 452 454 459 466 467 
152 158 165 169 174 178 180 183 186 189 191 196 198 209 230 232 234 238 246 250 251 258 268 276 277 281 284 286 287 289 297 300 301 304 308 309 314 316 321 332 334 339 347 348 355 359 364 366 373 380 381 392 393 399 402 410 415 424 428 431 436 440 442 444 449 451 457 459 461 465 
75 157 158 160 164 165 166 173 175 176 177 182 184 186 188 193 194 195 198 199 202 208 213 215 216 217 220 224 225 229 239 240 244 247 251 256 257 262 263 265 266 271 274 277 278 280 281 288 289 294 299 301 302 303 313 314 315 318 319 325 326 328 331 332 342 348 351 354 355 356 357 362 367 368 369 370 374 376 379 380 381 386 389 390 392 395 396 397 401 402 404 406 411 412 413 419 421 423 424 429 431 435 437 440 443 449 451 452 453 454 456 457 458 459 460 464 
13 159 164 166 170 171 173 181 182 191 195 198 199 202 208 219 224 244 246 248 258 262 264 266 272 276 279 281 285 293 295 297 303 305 309 312 315 321 324 332 346 355 358 359 364 367 368 370 371 374 375 376 378 379 381 382 386 388 397 399 400 404 406 407 413 420 421 422 424 425 433 441 451 452 454 455 
286 158 164 168 169 176 180 201 204 207 208 213 215 222 227 228 245 247 261 272 273 288 293 298 300 302 303 315 318 325 330 340 353 356 357 366 369 377 383 385 390 393 411 417 419 432 437 438 449 452 460 467 
177 157 160 162 169 173 175 181 185 187 190 194 199 200 201 205 207 211 213 214 217 218 219 221 222 223 225 228 235 236 239 243 248 250 251 252 256 257 258 260 261 264 265 266 270 280 284 285 288 293 297 298 303 305 306 307 312 316 320 324 329 330 334 337 339 340 343 355 356 358 359 366 375 379 380 385 386 387 390 391 392 395 397 398 404 405 406 409 415 416 422 424 427 436 441 443 453 456 460 461 462 
145 161 165 181 202 220 226 229 230 236 254 277 290 293 303 324 332 337 352 356 362 366 380 389 391 392 395 400 443 445 451 452 458 462 468 
48 1 162 163 166 168 171 175 178 180 189 196 198 200 205 206 213 214 215 219 220 221 224 232 237 238 240 241 243 251 258 262 265 266 268 281 283 285 286 287 291 294 321 323 328 330 331 334 345 352 361 364 369 375 383 385 386 388 389 396 397 399 401 406 415 416 417 419 421 423 424 425 430 432 439 440 441 442 447 451 454 460 461 464 465 467 
138 159 160 162 163 165 169 171 172 173 177 178 185 187 193 194 202 204 208 209 210 220 221 224 226 229 230 240 244 251 252 253 255 259 260 262 264 265 266 268 277 281 282 283 284 285 286 287 290 295 297 301 304 305 307 312 313 314 315 317 318 319 321 324 325 330 334 335 337 340 343 345 346 352 355 360 362 363 364 377 380 382 385 389 391 392 393 398 402 403 404 410 411 413 414 416 418 427 429 430 431 435 438 444 446 447 449 450 451 454 455 456 457 461 464 467 468 
269 157 161 163 164 167 170 171 172 174 180 181 183 184 189 190 195 197 198 199 201 205 210 213 216 217 221 230 231 236 238 241 242 244 245 249 251 252 257 258 267 271 272 273 274 277 280 282 285 287 288 291 294 297 299 302 311 312 313 314 320 324 327 328 333 334 335 337 338 340 341 342 344 348 349 351 352 356 358 373 374 378 379 383 384 385 388 390 391 394 398 399 400 401 404 407 411 413 417 418 421 423 425 427 428 430 431 434 435 437 438 439 441 446 447 452 453 454 455 464 468 
299 163 173 174 208 215 220 246 247 252 263 268 269 287 288 290 292 299 309 319 326 328 343 345 360 365 396 398 400 403 420 424 429 
274 157 158 161 162 166 169 170 171 172 173 176 177 178 179 180 183 184 185 186 190 193 196 197 198 200 202 203 207 209 210 217 218 223 224 227 228 229 237 239 240 241 244 249 250 251 253 257 262 263 265 267 268 271 274 276 277 279 281 285 289 294 295 301 303 305 306 309 311 313 316 317 318 319 320 329 334 338 339 341 347 350 354 362 363 364 365 366 371 372 373 378 384 385 390 395 396 397 398 401 402 404 407 408 409 412 413 416 419 422 429 442 446 447 451 454 456 459 460 466 
274 161 170 171 172 175 176 181 183 189 190 192 194 196 198 202 210 216 221 222 224 226 232 235 236 242 254 256 259 261 264 267 268 271 276 277 281 286 289 297 298 299 302 304 307 308 309 311 313 319 324 326 331 337 344 345 346 347 350 352 353 355 361 362 365 371 372 373 375 379 385 393 395 397 404 406 409 413 416 418 419 421 425 429 430 434 437 438 442 444 448 450 451 453 462 463 
273 158 165 173 185 195 196 204 208 216 224 229 233 237 243 244 256 270 273 281 283 284 288 299 307 322 323 325 335 353 362 367 369 371 372 376 381 387 400 402 408 410 413 416 419 429 433 436 452 458 
275 164 165 169 170 172 174 176 180 183 185 190 193 194 197 207 214 218 219 223 225 235 240 243 248 252 254 255 256 261 263 265 267 268 270 273 280 291 292 298 300 303 311 316 317 318 320 323 324 329 330 337 339 341 343 344 347 349 350 351 352 354 356 361 365 367 371 376 379 381 382 388 389 395 397 401 403 405 409 411 412 413 415 418 421 422 424 427 430 441 444 445 448 452 455 459 460 465 
163 172 180 191 196 234 235 243 260 294 337 379 447 
296 1 160 165 167 168 172 179 184 187 194 202 207 212 214 225 232 239 241 243 245 248 262 267 268 271 277 278 285 287 291 299 302 303 305 309 310 312 313 314 316 317 328 329 336 338 341 343 350 375 379 404 409 411 416 424 426 428 430 433 434 444 448 454 467 468 
42 396 
71 159 181 202 208 220 222 224 234 237 238 242 245 248 264 267 270 278 292 300 301 307 317 318 323 326 341 348 352 353 356 366 375 378 382 404 407 408 410 413 422 423 430 435 438 439 443 446 456 461 463 464 466 468 
132 161 164 167 169 185 198 216 228 236 237 252 256 257 262 275 287 288 291 296 300 309 317 327 331 339 343 344 347 350 358 360 363 365 374 375 378 388 398 410 411 413 418 419 427 433 434 442 447 451 466 468 
157 1 159 162 164 165 168 171 173 174 177 184 191 192 193 196 199 201 206 211 213 215 217 222 229 231 239 243 244 245 246 251 257 261 265 266 270 271 286 287 292 299 300 306 312 315 318 321 323 328 331 349 350 353 354 357 365 368 370 375 378 387 392 393 394 401 402 403 405 406 411 420 421 443 453 460 461 462 463 
241 1 157 166 177 180 182 189 202 205 209 214 216 229 235 239 248 255 257 258 259 264 283 284 291 293 300 302 310 312 313 318 321 324 328 332 333 334 338 350 351 360 365 371 377 382 384 385 386 398 399 400 410 412 414 425 426 427 432 436 437 438 442 443 446 447 453 454 456 460 467 
168 1 158 160 164 165 168 170 172 173 177 179 181 188 195 197 199 200 202 204 205 206 208 209 210 211 212 213 215 219 225 226 228 233 234 236 237 238 240 241 242 245 247 248 252 253 254 255 261 267 268 270 274 284 285 288 289 291 293 298 299 301 302 303 310 315 319 320 322 325 328 331 334 337 338 342 345 347 349 352 353 354 355 356 358 360 361 363 366 369 372 373 375 379 394 401 403 404 406 408 411 412 415 418 429 431 433 439 442 443 446 453 454 456 458 459 464 465 467 
227 157 162 165 169 173 176 177 183 185 186 189 192 196 198 199 202 206 213 214 222 225 226 228 229 230 232 235 236 241 243 245 251 252 253 258 259 261 265 267 268 273 278 281 284 293 295 308 316 319 321 322 323 324 327 328 329 331 335 341 342 343 344 346 348 351 356 358 361 363 367 368 370 372 374 375 391 394 399 402 404 406 410 412 416 424 426 428 435 437 440 442 445 446 449 450 451 453 454 455 457 458 461 465 466 
265 1 157 159 160 161 162 173 174 176 180 184 188 194 195 203 210 212 213 219 220 222 231 236 238 239 240 250 253 254 255 259 260 264 270 276 278 281 283 284 285 286 290 292 299 300 304 305 311 315 319 325 327 328 333 334 345 348 349 353 362 364 369 370 377 378 379 382 386 387 390 392 394 397 400 408 409 410 411 412 415 416 420 428 430 431 436 437 442 444 461 463 467 
282 1 174 193 206 209 221 235 241 246 251 257 271 278 293 311 312 313 323 330 335 338 341 344 347 368 370 372 373 392 401 402 410 412 423 424 444 468 
206 257 272 278 360 372 373 385 391 409 411 418 447 451 457 
138 158 159 160 162 165 169 172 176 177 180 183 190 193 200 201 205 209 210 211 216 217 219 220 222 224 225 231 234 235 238 245 248 253 257 267 268 272 276 280 285 286 287 289 297 298 305 309 316 322 329 333 334 339 340 342 349 353 354 360 362 363 371 375 378 379 380 383 388 390 394 402 404 406 409 419 420 427 440 445 446 450 456 457 460 462 463 464 467 
202 157 162 173 178 181 186 188 196 199 204 206 215 230 231 240 250 251 254 267 278 284 291 295 304 311 315 317 328 332 344 345 361 371 372 381 404 416 417 425 427 428 429 432 435 437 438 441 454 456 462 465 466 
254 159 160 165 167 173 174 176 181 182 183 189 192 193 195 202 203 207 208 218 228 232 233 234 235 237 238 239 245 246 248 254 255 256 258 264 271 280 281 290 296 299 300 301 316 320 327 329 330 333 337 339 340 343 344 345 347 348 357 358 364 380 389 391 394 397 398 399 401 405 406 415 418 423 427 432 433 435 438 442 444 454 455 463 464 465 466 
127 1 169 170 177 182 186 189 190 192 194 197 201 204 207 212 217 218 220 223 225 227 229 231 233 234 235 237 240 248 250 252 253 254 255 256 257 258 259 261 262 273 276 278 279 284 287 290 291 292 295 298 299 304 305 306 312 318 319 327 329 336 342 350 359 366 369 375 376 378 386 390 392 394 399 402 406 407 410 416 417 419 421 426 427 428 434 435 449 453 462 464 
153 160 162 163 165 169 171 174 181 190 196 198 201 203 211 214 216 219 222 223 224 229 233 235 236 238 241 242 248 255 259 266 279 285 286 293 297 298 319 323 329 330 334 340 342 344 347 350 357 362 365 375 376 381 382 390 393 397 402 413 423 428 430 432 438 449 452 457 461 462 465 
59 158 160 161 164 167 168 177 178 179 188 189 191 192 196 197 200 203 205 206 214 216 222 224 225 227 237 242 247 249 252 255 257 260 262 264 265 267 269 271 272 273 277 283 287 292 293 299 301 303 308 315 316 318 322 323 324 325 327 328 332 337 341 343 349 354 358 363 368 371 373 376 380 383 384 389 393 401 404 405 406 407 410 412 421 423 425 430 432 434 439 441 443 452 454 458 463 
49 1 159 161 174 175 189 195 200 222 223 235 265 278 282 296 314 318 319 321 324 328 332 334 345 352 354 362 365 367 373 384 398 400 423 425 451 456 459 460 468 
236 1 161 163 164 165 168 171 176 181 186 191 196 197 198 205 209 226 230 238 240 242 250 254 256 260 261 262 267 270 271 272 274 280 281 286 290 291 295 296 298 301 302 305 311 320 332 333 334 337 343 350 356 361 362 370 371 373 381 384 393 396 399 411 416 419 420 426 428 430 433 435 437 439 443 444 445 446 450 455 458 460 466 
14 192 
173 157 166 169 182 191 196 227 233 238 240 241 247 250 254 259 260 264 287 312 317 342 355 356 361 368 371 382 414 424 426 434 437 441 459 467 
229 157 163 166 169 170 171 172 181 182 184 189 194 195 203 209 210 211 213 214 215 216 217 221 222 225 226 232 233 235 236 238 239 241 248 249 251 255 256 259 260 265 267 269 275 276 277 280 281 283 287 288 292 295 298 300 305 306 308 312 313 315 317 318 319 320 323 324 327 330 331 333 338 345 348 350 351 352 353 356 362 363 375 378 381 383 388 391 393 394 396 398 399 402 406 407 412 415 416 419 420 423 424 425 433 436 439 440 441 442 443 445 449 452 454 455 457 462 464 468 
10 1 157 161 163 165 166 167 173 174 179 185 187 188 191 192 195 203 206 207 211 212 216 218 224 226 228 230 231 235 236 241 242 247 248 249 251 253 255 256 257 259 262 263 268 277 280 285 291 301 307 308 310 317 318 320 325 326 329 331 332 335 339 341 344 347 350 352 353 354 362 363 370 371 376 377 384 386 394 395 400 402 405 409 410 414 415 417 419 420 422 424 428 429 430 433 436 439 445 454 455 456 461 462 466 
190 162 171 172 174 175 177 183 185 188 195 205 208 213 218 221 224 229 230 233 236 240 242 248 252 255 261 271 280 289 293 294 298 302 308 313 314 320 321 323 326 327 329 330 333 336 338 343 349 351 357 365 372 375 376 388 389 393 394 401 402 420 421 422 423 424 430 431 441 444 447 451 456 463 467 468 
183 167 181 183 201 203 205 207 211 213 214 215 220 223 228 230 231 237 240 253 259 263 269 271 276 279 280 281 285 288 289 291 298 300 302 304 310 312 320 323 325 326 331 332 335 338 339 342 344 345 358 361 366 369 377 378 381 386 387 389 395 398 399 401 410 411 412 415 417 418 422 423 434 438 440 445 450 451 457 458 463 464 467 
63 158 161 166 167 172 175 177 180 182 184 191 195 210 211 215 223 229 230 233 238 239 246 254 256 261 264 277 278 280 288 296 302 310 314 317 320 331 332 337 338 341 345 352 354 355 358 359 360 364 365 372 378 381 387 389 391 392 400 401 402 403 405 407 424 439 446 457 466 
53 234 307 
29 162 167 168 169 172 184 188 190 192 193 201 204 206 210 212 214 222 223 226 229 230 240 251 257 262 268 271 272 273 274 276 282 283 285 286 288 302 303 306 307 310 322 330 334 340 341 348 356 368 369 373 378 381 382 390 397 411 412 414 423 427 429 432 433 438 451 453 456 459 460 461 466 467 
172 161 166 167 168 174 178 179 180 182 183 191 194 196 200 204 209 210 213 216 223 224 226 228 229 230 232 234 236 237 239 241 242 243 245 246 247 251 252 257 262 264 266 267 268 275 284 285 288 290 293 295 297 306 308 313 314 317 325 327 328 331 332 333 338 344 345 357 366 367 372 374 376 378 380 382 383 384 394 400 401 403 409 411 412 414 416 417 419 420 421 427 428 430 434 436 438 440 441 444 447 448 450 455 456 460 461 462 463 
140 1 160 161 163 167 169 170 173 175 181 184 186 191 196 197 198 199 201 205 209 212 214 222 227 228 235 238 239 241 243 244 246 250 261 264 265 266 269 270 271 273 280 289 290 293 294 295 298 303 304 310 311 316 317 318 319 323 326 330 332 336 338 339 340 342 343 347 348 349 350 351 355 357 359 362 365 369 371 374 376 379 382 385 386 387 388 390 391 393 394 395 403 411 412 416 417 418 419 423 425 432 444 445 447 451 456 458 460 463 468 
148 162 164 169 179 180 182 183 191 198 200 201 220 227 234 238 255 264 266 271 281 282 289 301 306 317 325 334 345 346 351 355 356 364 367 376 379 380 387 395 399 401 409 410 412 419 428 459 467 
162 172 173 174 187 197 202 204 224 249 273 296 306 311 321 334 362 363 376 387 407 416 419 429 448 
31 1 161 163 168 170 176 179 180 185 189 191 195 197 199 204 205 207 208 212 217 227 229 231 232 233 235 239 243 248 250 251 259 266 267 268 271 272 284 286 290 291 295 297 298 301 304 305 310 311 321 323 324 326 328 329 331 338 339 342 344 349 354 357 365 367 372 381 383 384 389 390 391 392 394 401 402 415 416 421 431 434 435 436 438 440 446 447 454 456 457 459 460 462 463 465 467 
211 158 160 168 172 177 192 196 204 210 217 218 225 229 236 246 251 254 257 259 264 268 269 270 272 281 290 292 295 296 297 301 302 304 308 309 312 315 317 326 331 334 343 354 355 356 358 361 362 370 372 380 383 389 395 397 399 404 406 419 430 440 447 451 452 455 457 460 468 
47 162 168 170 188 197 209 213 215 221 223 226 227 228 229 230 231 232 238 246 247 248 249 255 256 261 262 265 279 284 286 287 298 299 305 307 308 311 321 324 326 344 347 352 358 360 374 377 379 381 383 387 389 394 406 408 410 420 423 424 425 426 429 430 432 434 446 448 450 451 453 455 458 465 
166 158 163 168 172 180 186 189 198 200 203 206 208 216 230 232 247 257 259 269 275 299 302 316 323 327 328 331 335 339 343 346 361 362 369 374 378 384 389 390 393 394 400 401 408 410 416 423 428 430 431 442 444 458 464 465 
299 160 161 191 197 204 209 212 221 227 230 232 233 241 256 269 272 275 276 280 287 290 291 295 299 302 314 322 323 324 335 338 339 343 348 350 361 372 386 389 394 399 404 412 414 428 436 440 444 454 464 
270 157 158 161 162 164 165 170 171 172 175 176 177 181 183 188 190 193 195 206 207 210 211 212 217 219 223 237 238 240 244 245 250 254 256 257 261 262 264 265 271 272 277 282 283 289 290 294 302 303 308 313 316 317 318 321 322 323 328 330 336 338 343 348 349 350 352 353 359 360 362 365 369 376 377 382 384 387 391 392 395 398 399 407 413 416 418 421 424 427 438 440 442 447 449 457 459 461 465 467 
123 166 190 220 224 247 254 287 300 321 359 363 366 372 378 421 431 436 456 466 467 
246 159 167 170 172 173 176 177 178 179 182 186 188 191 195 196 197 198 199 201 202 203 205 208 210 212 218 221 228 230 234 240 242 243 244 246 247 249 250 253 254 255 270 271 276 279 280 288 289 291 294 298 301 302 309 310 312 315 319 322 326 328 330 331 336 338 341 343 344 345 346 351 352 354 357 358 359 360 361 366 369 370 373 374 375 376 377 380 382 383 385 388 390 395 398 400 401 402 403 404 407 408 409 412 416 417 419 420 421 423 424 427 430 438 439 440 441 447 448 450 451 453 454 455 457 458 468 
166 157 162 164 165 169 170 172 175 176 179 181 182 184 190 191 195 196 197 198 205 207 209 210 215 218 221 222 225 228 229 236 239 240 244 245 246 250 255 257 258 259 260 263 264 265 266 268 270 271 275 279 281 282 284 285 286 290 293 296 297 298 299 300 301 303 306 312 313 317 320 321 322 323 325 326 328 329 330 332 340 341 343 348 350 351 355 359 368 374 375 378 379 382 387 388 389 391 394 397 399 401 404 407 408 412 414 418 421 423 424 431 437 442 445 449 453 461 464 467 
239 163 165 169 170 171 172 173 180 181 182 185 188 190 192 193 194 198 208 209 210 212 213 216 222 224 225 227 232 235 237 238 240 246 248 254 256 257 263 268 276 277 279 284 290 291 301 302 303 304 312 313 314 315 316 317 324 325 330 331 333 340 341 343 344 345 347 350 353 354 355 359 364 367 369 377 382 386 387 389 391 393 394 396 397 399 403 404 406 413 415 417 418 420 421 423 424 425 426 427 432 433 436 437 439 446 447 450 451 454 456 457 458 459 461 464 466 468 
178 191 205 208 213 216 222 223 241 248 254 258 268 270 272 281 290 303 312 316 372 376 383 391 419 427 440 450 461 464 467 
249 157 163 165 167 168 170 171 172 174 176 180 182 189 191 193 197 202 203 204 207 213 214 218 230 235 236 239 240 247 248 254 257 258 260 261 264 275 278 280 282 285 287 291 294 295 299 300 303 304 307 310 312 314 324 325 326 327 328 330 331 336 337 338 339 340 342 347 348 350 353 354 355 356 357 358 363 364 366 368 370 371 372 378 379 380 381 383 384 386 389 393 395 399 400 403 404 407 408 410 412 414 415 416 417 419 420 424 426 429 432 433 434 436 441 443 445 446 449 452 458 462 465 467 
233 157 158 166 177 181 197 198 199 204 212 219 225 234 235 236 237 242 253 262 264 266 272 281 283 299 303 314 315 319 320 323 328 329 331 334 341 352 359 361 364 371 375 383 386 390 400 410 422 430 431 433 437 446 459 465 
30 163 167 175 180 190 199 201 206 209 210 211 214 216 224 225 228 232 234 239 240 252 254 258 260 273 276 281 282 298 300 306 317 321 330 337 342 343 350 354 355 357 375 376 379 381 392 396 397 414 418 422 425 431 432 436 442 445 467 468 
165 185 191 198 223 237 238 254 275 278 311 326 327 335 341 369 373 375 402 405 408 426 434 452 
190 158 163 171 173 177 180 184 195 197 198 200 205 207 213 216 222 223 236 237 238 239 241 242 243 245 247 251 254 257 259 261 262 267 276 278 282 286 289 293 297 300 301 302 304 307 310 312 314 317 322 327 329 332 337 344 346 356 357 360 361 365 367 368 372 374 378 381 383 384 390 395 402 405 406 408 410 411 420 421 422 429 430 431 435 437 439 441 447 448 456 461 463 465 
163 157 159 161 174 178 183 191 192 199 202 209 233 234 235 243 248 254 256 258 266 268 274 277 283 284 289 290 292 295 319 320 333 341 342 347 353 356 357 359 375 389 390 392 394 395 404 407 411 412 420 431 433 437 438 440 442 468 
188 199 203 205 210 260 272 278 299 301 319 350 376 379 398 420 437 465 467 
15 1 160 163 164 174 192 197 199 201 206 213 227 228 233 235 236 239 256 261 270 307 308 309 312 318 319 323 325 333 334 336 343 344 345 351 355 357 373 381 396 397 398 404 407 412 416 432 438 440 459 
64 167 169 185 195 196 201 220 221 232 262 285 294 321 324 329 330 338 372 374 385 424 444 
44 1 158 160 164 167 177 180 181 184 186 187 189 191 192 193 197 199 201 203 208 211 213 215 217 220 221 222 228 240 241 243 245 255 256 257 261 264 266 268 272 273 276 280 286 292 295 298 301 306 312 323 324 328 330 337 338 339 342 343 344 346 348 354 355 358 359 360 369 370 382 383 385 387 388 404 405 406 407 412 416 428 433 436 441 460 
181 160 165 171 175 182 183 184 187 188 190 191 195 204 207 215 220 240 241 247 272 273 277 281 291 297 301 315 319 324 327 334 335 343 344 347 349 359 368 381 386 389 393 394 395 400 405 430 434 441 461 462 468 
189 1 175 176 178 188 192 218 266 280 295 301 309 337 338 345 346 347 349 369 374 376 383 406 410 418 435 442 444 454 
271 162 163 182 190 192 212 240 253 276 278 283 311 323 329 330 338 339 356 358 379 385 397 398 428 432 434 452 461 
23 1 171 174 184 188 189 193 195 197 199 201 203 207 210 221 225 227 237 238 239 251 252 259 260 263 264 269 272 281 285 286 287 293 299 305 312 313 321 322 324 345 348 351 357 360 363 364 365 374 375 383 389 391 393 394 400 403 409 429 431 437 441 451 453 454 455 460 462 464 465 466 
46 167 184 185 191 193 210 213 216 221 228 238 240 283 285 304 317 318 333 347 354 362 371 394 397 409 411 430 435 438 449 453 459 465 
140 158 161 162 166 173 178 179 183 185 195 196 197 199 202 205 209 211 213 217 222 224 226 231 237 242 246 252 254 260 262 268 269 271 273 276 278 280 284 286 295 298 303 304 309 313 317 318 321 322 324 330 334 335 337 338 341 350 351 357 360 377 383 384 391 397 407 422 423 428 433 434 440 441 446 448 453 460 464 467 468 
225 161 162 172 177 182 183 188 193 198 199 201 203 204 206 214 219 223 225 226 229 230 248 254 263 265 286 294 296 297 300 306 307 311 312 316 324 325 327 329 331 333 345 348 360 363 365 370 371 384 386 389 393 394 399 401 408 413 423 427 451 462 466 
295 157 160 164 165 170 176 177 181 185 189 201 202 204 208 211 212 218 222 225 226 235 236 255 256 263 266 270 273 275 287 294 296 297 302 306 311 314 317 322 323 326 328 333 338 343 354 355 357 373 375 379 381 386 387 390 391 393 402 412 433 441 446 448 456 458 467 468 
72 159 175 181 196 197 203 213 226 257 262 263 267 289 300 303 307 317 333 340 341 351 365 373 383 388 391 393 395 400 428 431 445 450 457 464 
210 157 159 163 169 172 176 180 183 184 191 196 198 199 200 209 219 229 233 236 237 246 255 256 260 264 266 267 268 269 270 271 278 286 292 294 301 323 336 337 339 341 348 354 356 360 362 365 369 370 371 378 381 383 387 389 390 396 402 409 412 415 419 433 435 447 448 449 450 454 455 458 462 
194 158 159 161 162 164 165 167 168 172 173 179 181 182 184 185 190 193 194 195 198 199 202 205 206 207 217 222 228 229 238 243 247 250 252 253 258 259 263 275 276 277 281 284 300 302 304 305 307 308 312 313 314 323 324 328 330 332 334 335 339 343 348 351 353 358 364 366 367 383 385 394 397 398 401 411 419 422 426 430 434 444 445 447 450 452 456 457 458 462 466 467 468 
62 158 164 166 172 179 185 187 194 195 205 209 211 212 214 223 226 235 246 248 250 253 263 266 268 271 272 273 280 282 285 289 291 294 298 305 306 308 311 314 317 318 319 321 322 323 324 326 331 335 336 338 344 350 351 352 356 358 361 362 363 366 370 372 373 379 380 381 391 392 394 399 401 405 409 410 412 417 419 425 429 432 433 436 437 440 445 450 452 456 457 459 462 463 465 
266 157 181 196 213 236 258 259 260 279 291 307 311 315 325 348 360 369 412 421 427 434 446 
157 165 277 
73 1 175 181 193 201 206 214 216 223 231 234 254 260 270 287 294 297 302 308 309 315 368 371 373 386 400 405 441 445 450 453 462 466 
223 1 158 159 164 165 167 168 170 173 186 187 188 194 201 203 208 209 218 220 228 229 230 234 237 249 251 255 256 257 260 261 264 268 272 273 276 277 282 283 284 285 286 297 299 301 307 310 321 323 324 328 329 330 332 333 337 341 345 351 352 353 361 363 365 366 371 374 375 376 382 384 386 393 397 404 406 411 420 424 425 433 437 438 439 441 442 444 447 452 454 457 459 462 467 
157 160 161 162 177 182 184 198 205 208 212 214 216 222 223 224 228 243 244 250 263 266 269 282 285 297 299 302 305 308 309 315 325 326 331 339 352 356 362 367 371 383 384 386 387 389 390 391 395 397 404 410 415 416 422 434 438 441 443 444 445 448 451 459 462 463 
207 1 157 160 164 171 175 177 178 181 182 184 188 190 191 197 198 199 201 203 209 211 219 221 224 227 228 230 231 232 237 241 243 244 245 251 254 258 259 261 264 266 268 270 272 276 278 283 286 289 291 294 296 298 299 302 314 315 318 320 323 329 330 333 334 336 339 346 347 349 351 352 355 356 357 363 365 374 375 377 378 380 385 387 391 394 395 396 400 403 404 406 407 408 409 410 411 414 418 426 433 435 437 438 439 441 448 451 467 
2 1 158 159 160 161 162 163 167 169 171 172 173 177 180 182 184 186 189 190 191 201 203 205 209 214 221 222 227 229 230 233 235 241 242 244 248 249 250 252 253 254 257 266 268 269 271 274 277 288 299 302 307 310 311 313 317 322 326 327 328 331 332 338 339 340 341 343 349 350 355 359 360 363 367 368 372 392 393 397 399 400 401 406 408 409 414 416 429 430 431 434 436 437 442 443 445 446 451 453 456 457 459 462 463 466 
150 175 185 196 197 213 219 227 229 238 242 252 267 271 285 297 303 308 309 319 341 344 348 354 361 364 366 382 416 421 435 440 446 456 457 
81 163 165 172 177 180 183 186 190 195 196 202 204 214 220 222 224 233 235 238 241 242 254 255 256 259 262 263 264 266 269 273 275 293 295 298 299 300 315 321 323 329 332 335 336 338 339 345 350 353 354 356 357 358 365 369 378 380 381 385 386 387 390 393 395 399 406 410 413 418 425 429 431 434 437 444 445 450 452 453 455 460 461 467 468 
270 1 158 163 164 168 170 171 174 175 176 180 181 186 187 188 198 200 201 205 207 208 209 211 214 219 221 222 228 232 242 246 248 249 252 254 256 258 260 261 267 269 270 273 274 275 279 280 282 285 286 287 290 291 293 294 295 296 301 305 306 308 309 311 312 315 316 319 325 326 328 331 343 347 349 350 363 366 368 372 375 376 380 384 385 388 393 398 401 404 407 408 409 410 413 415 416 419 420 421 423 427 432 435 437 438 439 442 443 445 447 450 451 453 455 459 460 466 467 468 
95 157 158 161 162 165 168 171 176 177 180 184 185 186 187 194 197 200 204 206 208 212 213 214 215 216 218 219 230 231 233 236 237 238 240 242 245 247 248 249 264 273 276 277 280 282 283 284 285 287 288 297 300 301 302 303 305 306 307 313 315 316 317 318 321 329 331 332 333 339 341 342 346 348 352 356 358 359 360 361 364 365 368 369 370 371 372 373 384 391 394 396 399 407 409 419 420 421 423 425 430 436 438 440 445 446 447 448 449 451 452 455 459 467 468 
7 172 176 181 183 216 226 246 253 254 303 317 329 336 360 370 372 422 444 
72 165 169 178 196 198 201 202 213 214 217 219 221 229 237 238 242 245 249 251 252 258 279 284 293 298 311 320 323 330 342 348 362 368 370 390 391 408 426 428 429 438 448 453 458 464 
161 157 160 173 174 175 176 179 185 188 195 197 206 210 212 216 219 231 232 235 236 237 238 245 256 258 259 262 264 266 267 271 272 274 275 277 279 280 284 287 290 291 293 296 297 302 305 307 312 316 319 320 321 323 328 335 336 337 339 345 346 348 349 353 354 356 359 365 367 368 371 376 377 379 384 386 388 389 391 393 394 397 403 405 416 424 425 427 429 431 432 436 437 441 442 444 445 451 452 453 454 456 461 463 
99 158 159 160 161 167 178 184 185 186 189 193 194 195 196 201 202 207 208 209 214 216 219 221 223 231 236 239 240 241 242 244 246 247 248 250 257 260 267 268 272 274 279 286 288 295 300 301 305 311 312 313 320 321 323 325 326 329 332 342 344 345 346 349 353 354 356 357 358 361 366 367 373 375 376 377 380 381 387 389 394 398 401 405 406 414 415 418 420 421 427 430 434 435 436 437 445 446 447 450 454 457 463 466 
97 159 163 171 178 180 181 184 186 192 193 198 204 205 208 209 220 225 226 229 234 235 236 241 242 251 252 259 265 272 281 296 298 306 319 324 328 330 333 334 336 341 349 352 362 372 376 379 382 394 401 402 403 406 408 409 413 417 429 431 448 449 451 458 464 
8 173 199 263 267 286 325 414 
149 169 204 215 279 297 300 322 440 
120 162 164 167 171 172 173 175 176 177 180 182 186 189 190 191 192 196 197 198 199 200 201 206 207 209 214 215 219 221 225 227 230 233 236 240 245 247 250 253 256 266 269 273 274 275 280 282 285 289 291 292 297 299 300 302 303 310 313 317 319 320 323 324 330 333 335 338 339 345 346 348 353 354 359 360 362 363 364 365 367 369 370 373 377 379 381 382 383 384 386 389 393 394 402 403 404 407 417 418 422 426 427 428 432 435 438 440 442 452 453 456 458 461 466 467 
242 158 166 167 168 170 177 181 185 189 195 196 199 201 202 212 213 215 219 221 222 225 228 239 240 242 250 268 277 280 281 282 290 292 293 296 316 322 328 333 334 341 342 350 354 356 362 365 366 367 370 371 376 381 383 386 388 390 391 395 403 407 413 416 424 427 438 441 446 448 452 453 455 459 
231 193 195 202 205 220 222 257 260 287 315 359 372 393 419 430 457 458 
132 158 173 190 192 201 218 253 262 268 269 284 323 333 335 338 347 352 372 389 421 439 447 452 454 458 463 464 
122 158 165 168 179 183 184 191 194 195 208 220 222 236 239 256 268 277 283 292 293 295 296 307 309 310 318 322 329 334 340 343 344 346 347 360 367 369 389 400 405 411 425 435 440 444 447 451 462 467 
62 185 195 232 239 263 285 296 307 334 335 345 366 389 417 
74 299 310 371 394 441 450 
175 162 165 167 173 179 181 184 190 201 202 207 211 217 220 221 222 225 234 235 237 239 252 267 268 270 276 277 278 284 285 289 295 300 303 305 310 312 320 322 324 327 335 339 348 350 351 352 353 360 362 363 365 366 368 374 376 377 378 387 390 392 395 398 409 411 414 416 420 422 426 431 433 435 438 442 444 448 461 463 
168 1 159 160 163 167 169 174 175 179 180 181 186 189 192 195 196 199 200 206 211 212 216 218 223 228 235 237 240 244 245 246 248 254 255 256 257 260 263 266 270 272 273 276 278 280 281 284 287 290 293 295 299 300 301 304 305 309 311 315 316 317 318 319 320 322 324 325 326 331 332 334 339 343 344 345 347 348 349 365 366 368 371 373 375 376 377 380 385 386 387 390 392 397 400 401 409 410 416 421 422 424 426 427 430 431 432 436 440 446 451 454 455 458 463 468 
137 165 166 174 177 182 191 193 195 199 200 205 207 221 225 229 240 247 249 252 258 268 270 271 276 281 282 283 285 292 295 299 301 306 307 316 318 320 324 335 338 339 342 344 350 352 353 370 378 385 389 403 418 424 432 437 439 443 451 453 457 458 463 
168 1 157 159 160 161 164 167 183 186 191 192 194 195 199 201 204 205 207 210 213 220 221 224 227 231 233 234 236 239 243 244 246 248 250 253 254 257 260 265 272 273 275 276 278 281 282 284 289 291 293 298 299 302 303 305 307 308 312 313 321 324 326 329 331 332 337 341 344 348 353 354 357 358 360 363 369 371 372 373 383 389 392 393 395 399 401 406 407 417 419 420 421 425 427 431 433 434 437 440 441 444 445 446 447 449 451 452 454 455 456 458 460 461 463 465 467 
116 158 178 179 183 187 191 194 207 217 223 225 233 242 248 258 261 266 268 273 278 280 282 292 296 304 306 308 338 355 356 360 367 370 377 387 390 397 399 410 411 413 417 428 430 438 453 457 464 
116 158 160 162 164 170 171 173 174 176 177 179 180 182 185 189 194 196 197 200 201 204 207 214 215 216 219 220 221 222 223 224 225 230 232 234 236 240 241 243 248 249 251 252 256 258 259 263 272 273 274 276 279 281 284 286 287 289 292 293 295 296 301 307 315 319 322 323 325 326 329 336 341 348 349 351 356 359 361 365 366 370 373 375 380 381 388 389 390 391 392 399 404 405 406 407 417 419 420 430 435 438 441 442 444 445 451 454 457 459 461 464 465 
268 157 169 190 194 197 200 217 223 236 264 271 278 286 290 297 302 304 310 315 332 336 341 354 380 395 407 413 420 425 433 455 457 
48 160 162 181 183 186 189 194 196 198 200 207 210 212 213 215 216 218 220 225 227 229 230 233 238 240 242 249 253 255 256 257 259 260 274 277 278 280 282 287 289 294 298 300 301 303 305 308 309 314 318 319 321 322 323 327 334 337 338 339 340 341 342 345 346 347 349 350 355 356 357 365 366 377 381 382 383 388 389 390 392 395 396 397 399 404 405 409 411 417 423 424 425 435 436 440 443 444 448 451 452 455 459 466 468 
11 164 167 170 173 179 182 183 185 187 188 189 193 194 195 196 197 198 200 203 208 210 217 227 232 235 244 246 247 248 262 266 279 286 294 295 296 301 302 304 306 308 323 325 329 337 339 344 346 348 349 350 352 356 365 366 369 373 376 377 378 379 381 388 393 396 399 401 403 404 413 417 418 423 427 428 430 441 443 445 446 449 450 451 454 461 462 463 468 
121 160 163 170 173 206 219 223 242 258 261 265 273 292 295 305 312 322 340 342 363 366 385 387 389 395 440 453 457 462 465 
94 173 178 182 187 188 190 195 198 205 218 222 223 235 240 241 242 244 249 251 257 258 264 267 276 281 285 292 295 300 310 315 322 323 326 329 330 337 348 358 360 363 367 371 375 379 381 387 390 400 404 412 415 421 425 427 432 435 436 438 439 443 459 461 
46 164 179 184 192 194 195 201 204 222 230 240 251 263 270 275 280 286 293 314 324 328 331 338 342 348 349 360 362 364 368 374 379 382 386 394 422 423 442 446 453 461 465 468 
260 161 165 167 170 173 198 199 208 213 223 225 245 250 253 255 256 267 268 272 279 280 300 301 314 315 318 345 349 360 362 369 374 380 391 395 399 402 403 405 408 409 410 412 413 421 425 429 430 440 441 445 447 448 457 465 
183 158 162 168 179 191 194 201 204 218 222 224 226 241 246 253 254 263 267 279 288 294 298 299 300 302 329 330 344 351 352 357 361 372 380 382 390 394 408 414 427 428 435 436 438 440 445 
221 175 179 182 211 215 231 233 237 242 243 247 250 251 258 268 274 279 286 294 296 298 313 353 358 360 370 380 387 393 399 411 425 449 466 
198 157 166 167 171 181 191 197 200 203 205 211 216 217 227 231 233 234 244 246 247 248 250 253 254 277 284 289 294 298 309 312 314 315 319 320 322 324 329 331 332 333 334 335 338 340 348 350 354 364 369 375 379 380 381 386 394 395 402 404 405 406 409 410 413 415 420 426 431 432 436 439 442 445 446 449 450 451 453 454 457 461 468 
9 158 160 166 171 175 178 179 184 187 188 191 198 214 219 220 223 227 228 229 231 233 234 235 237 245 246 249 250 260 261 262 263 265 266 267 268 271 273 274 276 277 279 283 286 292 293 294 295 298 302 303 304 305 306 308 314 315 318 321 326 331 334 337 339 340 344 346 349 350 352 353 354 355 357 359 360 362 363 369 371 372 373 375 381 382 384 387 390 394 396 397 398 400 404 405 408 409 411 414 418 421 426 427 429 436 450 453 459 461 465 466 
250 301 384 
135 288 341 418 439 
167 160 162 167 177 179 186 195 199 206 211 217 233 240 242 250 254 259 271 284 287 292 301 310 311 319 327 338 343 344 349 351 363 365 367 370 372 376 401 408 420 423 439 
64 161 164 169 215 217 225 254 288 293 295 301 305 317 342 360 380 403 436 445 453 466 
145 158 164 169 172 183 215 216 217 218 230 232 271 275 292 299 300 318 326 329 346 356 357 361 368 369 375 376 385 388 390 407 415 429 435 450 451 453 467 
58 169 174 188 191 196 197 203 206 213 216 217 224 226 228 231 235 237 239 250 252 253 256 257 259 261 265 270 277 283 292 294 300 302 307 308 315 316 326 328 330 339 340 344 347 354 356 360 364 372 376 381 382 384 385 387 388 390 391 395 400 401 402 403 404 405 408 414 415 419 423 424 427 435 442 443 444 446 455 459 460 461 465 467 
91 157 166 167 168 169 174 189 199 203 208 210 212 214 217 223 227 232 235 252 254 260 285 299 315 316 318 319 324 325 336 344 349 351 354 358 374 384 385 388 391 394 402 404 410 413 415 417 438 442 446 449 450 455 460 462 463 
54 164 169 174 177 183 189 190 194 196 201 203 209 210 213 215 219 220 221 233 234 241 242 243 248 249 252 256 263 265 267 268 278 279 285 289 303 308 312 314 317 321 326 327 328 330 340 348 351 353 355 356 357 359 361 363 364 369 372 374 376 377 378 382 384 387 388 394 401 404 405 407 408 412 414 425 431 432 436 438 441 442 448 453 455 461 466 
158 161 169 180 181 184 185 188 194 203 205 214 219 223 233 235 236 250 251 254 256 261 263 268 271 281 282 284 286 300 302 303 305 307 317 323 331 333 338 341 344 346 350 353 365 370 372 382 400 405 416 433 434 436 438 439 443 453 456 457 462 
74 159 163 165 174 177 184 186 194 196 198 199 200 203 209 212 213 216 221 222 226 229 232 238 239 243 244 245 247 251 252 256 258 264 267 273 282 283 284 287 289 295 296 300 302 306 307 314 317 318 324 325 329 331 332 333 336 341 342 344 345 352 362 367 368 369 378 382 384 385 386 388 399 400 402 412 415 416 418 420 421 423 427 429 431 432 437 442 443 444 445 446 447 449 456 465 466 468 
198 157 163 169 179 180 184 188 191 196 201 207 208 219 222 226 227 230 231 234 238 241 243 252 254 261 264 272 281 284 287 297 302 303 309 310 320 333 336 340 346 348 353 359 360 364 365 366 370 376 380 390 394 397 399 403 404 407 408 409 410 414 416 424 426 427 432 443 444 447 448 449 451 454 458 462 
92 187 226 286 373 395 396 403 461 
287 168 169 172 179 192 217 230 239 241 253 262 270 275 276 278 280 283 284 291 296 307 312 319 320 323 336 339 343 345 346 351 354 365 368 385 387 389 390 391 393 395 397 405 410 414 421 423 424 428 457 
157 239 245 253 309 321 348 428 
224 1 163 175 186 187 188 196 201 202 205 217 220 221 225 226 228 229 237 244 245 247 263 264 265 276 279 287 290 293 296 300 305 311 312 313 318 328 329 340 341 357 358 359 366 370 380 383 387 403 404 405 406 413 418 425 431 436 454 460 465 468 
135 225 252 255 263 303 348 435 438 452 
21 161 162 171 181 185 192 209 215 224 243 250 272 290 300 304 305 317 319 326 332 348 362 378 409 420 434 459 465 
244 166 167 169 170 177 178 184 186 196 202 206 209 210 211 212 214 221 234 237 239 242 247 250 252 261 264 268 271 273 277 280 282 284 285 292 298 303 304 313 315 319 320 324 325 330 334 336 337 338 342 346 351 352 361 370 373 379 380 389 391 392 393 394 396 400 402 404 405 413 415 416 418 419 421 424 426 428 432 437 438 440 442 448 452 457 459 462 465 
231 157 158 166 185 188 201 210 227 232 275 277 305 312 319 322 324 332 346 347 354 376 380 410 412 415 420 437 442 446 447 449 458 462 464 
67 166 177 183 190 205 210 218 223 229 242 243 244 251 252 277 279 280 281 282 283 286 289 301 315 320 323 326 328 334 368 380 390 391 397 398 399 404 406 409 422 427 428 435 451 453 457 459 460 
286 1 163 165 172 174 177 183 185 189 190 191 193 196 198 206 213 214 215 224 227 232 233 236 238 239 243 246 253 267 270 271 273 275 278 280 281 284 286 291 293 294 298 300 307 308 310 311 312 314 316 317 318 320 324 339 347 348 355 360 368 369 370 373 389 394 395 398 399 400 401 403 408 415 418 427 428 435 446 450 452 459 460 461 462 463 465 
47 170 181 195 225 248 250 270 274 278 281 296 297 327 333 335 338 366 403 408 446 457 
171 1 184 187 189 193 203 204 209 222 233 238 239 242 245 257 265 281 294 297 303 308 309 314 316 331 354 359 361 377 379 383 387 390 403 406 417 424 439 445 446 448 450 451 459 462 
293 158 163 164 165 167 168 171 177 178 180 182 191 192 194 195 196 198 211 218 227 230 231 242 243 253 263 265 274 280 286 287 292 299 300 301 302 304 306 310 311 313 319 324 328 332 338 343 349 350 351 359 361 370 377 379 382 386 390 392 399 403 411 416 418 422 428 437 438 439 444 450 453 462 465 467 
202 157 159 162 170 171 173 177 179 188 190 191 200 201 209 215 216 220 222 229 230 233 235 237 239 240 243 246 248 250 256 260 274 281 283 287 288 289 294 298 301 303 310 311 313 318 319 331 333 335 345 358 370 378 385 396 403 404 407 430 432 437 447 456 459 467 
120 168 201 211 218 246 265 270 280 284 311 326 329 334 368 382 394 406 416 430 436 458 463 466 467 468 
175 164 167 171 174 179 190 192 196 198 201 213 218 220 221 223 227 235 243 247 255 257 261 269 274 280 282 287 291 295 297 301 310 329 330 331 337 353 356 359 361 363 365 370 378 386 396 398 408 413 422 424 429 435 440 442 444 452 453 457 460 461 
74 162 186 187 192 198 207 209 213 218 220 246 284 293 295 296 332 341 355 361 377 379 380 401 422 446 450 458 
273 157 159 163 169 170 171 172 180 181 185 186 188 190 193 201 202 203 210 212 213 217 221 227 230 231 235 237 241 251 253 256 258 261 266 267 269 270 272 274 277 279 280 282 284 288 289 294 295 299 303 309 313 317 318 319 322 340 345 346 347 349 351 357 366 375 376 377 378 384 388 389 390 391 393 395 396 398 402 403 407 414 416 417 420 422 426 427 431 441 446 448 449 453 458 463 466 
183 172 177 178 185 189 213 214 216 235 236 248 254 261 269 273 279 282 295 303 304 307 318 322 328 336 342 346 348 353 387 403 405 413 415 416 420 432 441 459 461 
281 1 158 162 164 166 167 168 172 173 174 178 179 187 191 193 195 198 200 205 209 218 219 220 222 225 227 230 231 232 234 239 244 246 252 253 259 261 268 271 273 275 278 281 282 283 284 285 287 290 291 292 294 295 297 299 305 306 309 318 320 321 322 327 329 331 333 335 342 343 344 345 347 351 356 360 362 363 368 369 377 382 383 384 388 389 393 395 402 404 405 409 410 412 422 423 426 429 430 432 433 434 438 446 448 454 460 467 
36 159 162 164 166 173 175 178 181 187 189 191 194 195 196 197 198 207 209 211 213 214 219 224 226 229 230 233 238 239 241 246 249 255 256 257 260 262 264 272 280 281 282 284 287 288 289 290 292 293 295 296 299 300 301 302 306 308 309 312 314 315 321 327 333 337 338 350 356 358 360 364 367 368 370 371 379 381 383 386 388 389 393 401 402 403 405 411 412 414 419 420 421 422 424 428 431 432 433 437 439 440 442 443 444 447 452 453 458 459 
254 169 178 180 190 192 213 230 240 241 248 251 262 274 291 306 309 314 316 318 338 340 347 354 357 359 362 373 386 387 391 393 396 401 416 418 427 428 434 438 447 454 458 
243 158 162 165 166 167 169 170 187 189 194 196 198 200 204 205 206 214 221 222 223 224 225 226 232 233 234 235 241 244 252 254 256 261 270 271 276 282 296 304 306 309 311 315 317 323 324 326 333 338 339 343 344 346 354 362 363 364 368 377 380 398 399 403 405 406 407 410 416 418 420 421 422 423 430 436 438 440 442 449 454 455 458 459 462 463 464 
67 157 164 167 172 184 185 188 201 208 209 210 213 214 219 220 222 228 231 235 237 238 243 245 250 258 265 267 268 269 278 291 308 313 317 319 322 323 324 325 328 336 337 340 343 345 349 355 362 366 376 380 381 406 416 454 460 463 
105 157 160 162 168 171 175 176 180 198 203 204 205 209 210 214 218 227 228 234 239 240 244 251 252 255 262 271 281 282 285 289 293 295 305 309 311 322 323 324 325 326 329 332 339 342 347 350 351 354 355 356 363 367 368 373 378 379 387 397 402 405 407 410 411 414 417 418 427 428 431 436 442 444 445 451 459 462 
172 161 172 179 191 192 199 212 214 215 217 220 223 225 227 229 234 239 246 252 256 260 262 263 264 267 269 274 280 282 292 293 295 296 298 301 302 316 328 333 336 339 341 343 354 355 359 369 370 371 374 380 382 386 389 394 396 413 424 426 428 431 434 437 440 441 442 455 462 463 464 
281 157 160 162 166 167 169 170 175 181 186 187 188 193 195 200 201 204 206 214 215 221 244 245 248 253 267 268 282 299 300 302 304 323 324 332 340 342 348 349 355 359 370 381 386 395 403 408 409 410 411 433 437 446 452 456 459 460 461 464 468 
199 205 216 254 272 278 306 339 344 355 370 434 461 
23 161 163 170 172 173 179 182 184 185 186 188 191 193 194 195 197 199 201 213 216 217 224 225 227 232 233 234 236 240 245 246 247 254 255 256 257 260 262 263 264 265 274 276 277 281 284 285 292 296 299 300 302 308 310 318 325 326 327 330 334 336 340 344 348 349 351 352 353 363 364 366 372 376 387 392 393 394 398 401 403 404 405 411 415 416 417 419 420 421 429 430 433 435 440 441 445 449 450 451 458 462 467 
186 1 158 163 165 172 177 178 183 184 186 191 193 194 199 200 207 208 212 216 223 225 227 228 229 230 233 240 243 245 247 251 254 263 265 266 269 279 280 283 288 290 296 297 305 308 311 313 315 322 324 325 328 331 340 342 344 345 348 349 356 359 362 369 374 376 387 395 397 399 400 402 403 404 410 418 422 425 428 432 433 436 437 442 444 449 453 454 455 458 462 464 
154 161 162 165 172 173 176 181 182 183 188 191 195 196 197 200 205 209 213 214 217 219 221 224 225 227 232 234 241 246 250 252 255 260 262 265 271 275 276 278 288 290 292 296 304 305 309 311 314 322 324 325 345 346 348 360 361 363 366 367 369 371 376 380 392 397 398 399 404 406 409 410 411 414 415 421 425 428 429 432 435 437 439 441 442 445 448 449 450 456 458 463 467 468 
95 162 165 167 171 172 177 182 197 217 226 230 234 237 240 242 245 253 254 256 261 266 271 276 280 281 282 284 288 294 298 304 318 332 335 343 347 354 357 358 364 367 370 376 379 382 383 385 390 398 401 420 423 425 427 433 439 452 455 467 
221 159 160 161 162 165 168 171 172 177 183 185 188 191 197 203 206 207 209 221 224 227 236 239 242 243 251 252 253 256 258 275 278 280 281 285 292 297 305 307 308 326 327 328 330 334 335 339 345 348 349 351 355 364 367 369 373 377 382 384 388 390 393 395 407 414 415 422 428 430 432 436 438 439 447 448 449 451 460 464 467 
57 157 164 165 166 169 174 175 177 180 181 183 185 187 188 193 194 196 200 208 209 212 216 217 220 222 224 226 229 230 232 233 235 243 244 247 255 257 259 264 266 272 273 275 277 278 282 283 285 286 288 290 294 296 298 300 306 310 312 313 315 320 325 328 329 331 332 334 336 339 346 347 348 350 353 354 359 360 363 365 366 373 374 375 377 383 384 385 386 387 388 389 391 392 393 396 398 403 406 408 410 416 418 420 422 423 425 426 433 437 440 442 444 448 450 453 455 458 459 461 
260 244 246 329 331 345 357 358 372 390 405 410 446 
3 1 157 158 160 161 163 166 169 176 177 180 181 182 186 187 191 196 197 206 213 219 222 223 226 228 229 230 232 233 236 237 238 239 243 244 246 248 252 255 260 263 264 266 269 274 276 277 279 284 285 286 287 291 300 304 305 308 310 312 315 317 319 320 321 322 323 324 329 330 331 334 338 341 342 346 347 348 353 354 355 361 362 365 366 368 369 370 376 377 381 383 384 386 392 393 400 404 405 408 412 415 416 421 422 424 425 426 431 433 434 435 441 445 455 456 457 460 461 462 465 466 467 
230 159 161 163 165 167 169 171 173 176 177 178 180 182 187 190 197 200 201 202 203 208 210 211 215 218 222 223 225 226 230 232 234 235 239 242 243 244 245 248 252 257 259 264 267 269 270 271 272 273 275 276 278 281 282 284 290 294 299 300 305 307 309 311 312 313 314 315 319 321 323 326 330 332 333 336 337 342 349 350 352 353 354 355 357 358 363 366 367 370 371 372 373 374 375 376 379 381 384 386 389 392 395 401 402 403 408 410 418 419 424 428 431 433 434 437 439 441 442 443 447 452 455 456 460 461 465 466 467 
288 163 166 175 176 186 188 193 194 201 203 204 210 213 214 220 223 228 231 233 239 249 250 268 269 273 276 278 283 288 289 297 300 301 302 305 312 319 322 326 328 330 331 332 335 336 344 346 350 355 358 359 365 366 369 378 379 386 391 392 404 407 410 414 415 418 420 423 426 430 432 443 444 446 457 460 461 466 
243 169 171 172 174 179 184 186 190 195 199 203 207 212 214 219 222 241 249 256 257 258 259 262 263 276 278 282 284 295 305 312 317 318 332 343 354 360 361 365 366 369 376 386 395 400 401 402 409 414 415 417 419 427 429 432 436 442 443 450 452 460 464 
43 168 182 230 234 243 259 269 281 287 312 320 324 336 349 365 376 389 409 414 418 427 435 453 464 
130 325 374 393 
107 158 174 176 185 189 192 198 199 205 208 223 252 254 260 262 272 274 279 291 305 311 350 355 359 361 373 378 382 419 424 428 442 466 
234 158 160 162 166 168 170 174 176 178 183 185 186 190 191 192 193 194 195 196 197 203 205 207 210 211 212 218 220 222 226 227 231 233 234 238 239 241 243 245 252 253 254 255 256 260 263 264 267 274 278 280 283 285 288 291 295 296 297 300 301 302 305 313 314 315 316 319 324 327 328 330 331 335 337 339 340 341 343 346 350 355 356 358 360 362 364 366 368 375 376 380 384 390 391 393 394 402 410 413 415 420 422 426 429 430 433 434 436 440 442 443 444 445 451 452 453 454 456 459 463 464 465 
106 158 160 164 165 167 168 169 173 175 176 181 183 184 185 186 189 193 195 197 198 199 202 204 209 215 216 218 221 222 224 225 227 228 229 230 235 240 251 263 268 272 275 276 277 279 280 289 295 298 300 301 304 306 307 309 315 316 317 319 323 324 328 329 337 339 342 343 345 350 351 355 357 364 365 367 372 378 382 390 395 400 410 411 412 414 418 419 422 424 432 434 436 437 440 442 443 446 448 450 455 460 461 468 
269 157 160 163 166 176 188 189 204 208 219 225 226 229 234 238 255 262 264 277 280 285 286 294 298 299 304 307 309 311 315 316 326 327 330 333 348 358 362 368 378 394 402 405 423 427 442 447 453 461 464 
39 191 212 224 246 268 271 371 
236 163 164 165 166 168 169 170 172 173 176 177 178 183 184 185 187 188 192 194 195 197 200 202 203 204 212 217 218 220 223 224 225 228 231 234 237 240 242 246 247 248 249 258 260 261 270 271 272 275 280 286 287 288 290 291 293 294 301 305 308 309 310 311 313 315 317 321 322 323 324 326 331 333 335 336 342 347 350 351 354 356 357 359 365 369 370 372 373 376 378 383 387 392 396 398 403 408 410 418 419 420 423 425 426 428 430 434 436 440 441 443 444 455 458 459 466 467 
58 159 165 170 171 174 177 179 183 184 185 187 190 193 197 202 209 220 223 224 235 237 259 260 261 277 292 293 299 302 307 309 317 318 322 324 341 342 344 352 364 368 374 386 399 406 408 424 427 429 431 433 445 447 461 463 464 467 
116 1 161 164 169 170 171 173 176 178 180 183 186 187 189 190 193 194 195 197 202 207 208 211 212 221 222 223 224 226 227 228 234 237 238 245 249 251 257 263 264 265 267 274 285 291 292 294 295 296 299 301 305 307 311 317 320 322 325 326 335 341 343 345 353 362 366 368 375 378 379 382 383 384 388 391 394 397 398 400 403 406 411 415 421 426 431 432 434 436 442 446 455 458 464 
74 181 185 186 193 196 198 206 213 214 217 247 251 254 273 275 279 291 299 300 301 303 307 346 348 370 378 379 389 395 411 414 424 437 448 457 
38 157 159 163 164 169 170 172 179 183 188 191 192 193 198 211 212 218 219 220 224 225 226 228 232 237 238 240 241 243 245 246 248 249 251 252 254 255 256 262 265 266 267 272 280 287 289 290 291 294 295 296 299 300 302 303 308 310 313 317 328 332 336 342 344 346 347 350 351 356 357 359 361 363 364 366 369 370 375 377 382 384 388 390 393 394 395 396 398 399 405 407 409 413 415 421 422 426 429 430 432 433 438 443 445 447 448 450 452 453 456 458 459 461 464 468 
62 158 161 165 177 224 244 253 258 285 288 293 310 315 318 320 334 359 377 382 385 390 391 394 396 398 446 456 467 
215 1 161 163 170 171 174 177 180 182 184 185 187 189 190 191 195 196 199 220 231 233 237 244 246 247 253 254 256 258 263 264 267 270 277 280 282 284 285 286 289 295 296 297 298 299 308 312 313 315 316 317 318 319 320 321 322 323 326 327 328 330 332 338 349 351 355 356 361 365 368 373 375 380 381 384 386 387 390 392 393 394 398 400 401 407 411 412 416 417 419 422 425 431 433 439 441 443 447 448 449 450 452 453 455 459 467 
95 1 159 161 165 168 171 175 180 181 188 191 195 196 197 199 201 203 205 206 223 224 228 229 234 238 243 246 250 257 262 268 269 278 279 293 294 295 302 314 315 316 318 326 340 341 345 350 353 359 380 388 392 395 401 406 411 412 417 420 425 426 432 437 441 447 450 451 454 460 465 468 
171 159 163 165 169 170 176 177 183 184 185 188 190 193 198 201 207 211 215 219 222 227 229 231 232 233 235 243 247 248 252 258 260 261 262 264 268 290 292 293 299 300 303 305 310 311 319 320 321 322 324 325 326 329 335 338 339 340 342 343 344 347 348 349 350 358 361 369 370 374 377 378 379 380 382 387 389 392 394 397 399 408 410 417 419 420 422 423 428 430 431 435 436 437 443 445 447 449 452 457 458 465 466 
135 157 162 163 165 166 175 178 180 183 186 191 192 193 196 200 201 203 206 207 208 212 217 218 220 225 227 234 235 238 239 243 246 249 258 261 265 267 268 269 270 276 280 281 282 285 286 291 295 299 305 308 314 318 319 320 321 322 324 328 334 338 339 344 347 351 352 353 356 357 358 360 363 364 365 368 369 370 371 375 379 380 385 386 390 395 396 397 403 404 406 410 412 413 414 415 420 431 432 433 439 440 442 443 444 446 449 450 451 452 455 460 461 465 467 
189 161 164 166 169 170 172 179 182 185 186 187 190 196 198 199 200 203 205 210 218 226 232 234 235 238 239 240 247 248 250 253 255 256 257 259 261 263 264 266 270 276 279 281 282 285 287 290 303 308 309 312 317 319 322 323 325 326 338 343 344 345 348 353 357 359 361 364 365 366 368 369 370 372 374 376 378 379 380 381 382 387 391 392 393 404 406 410 411 413 417 419 426 427 428 429 432 433 440 444 446 449 453 456 458 459 462 464 465 
156 163 164 171 176 184 186 187 189 195 203 205 213 214 215 217 220 222 234 235 239 240 241 251 252 256 266 267 275 284 288 293 299 301 302 304 309 310 312 314 319 320 321 327 331 332 340 344 354 364 365 366 374 378 381 382 384 389 393 403 404 405 409 417 421 422 426 429 433 437 441 447 450 457 458 460 461 466 468 
42 202 132 52 162 97 161 134 35 165 70 250 296 68 287 138 197 4 245 242 155 92 5 213 298 190 125 157 87 22 68 43 147 92 42 171 275 20 1 102 74 248 130 78 67 195 172 55 204 170 74 172 136 155 239 50 255 16 52 67 226 9 46 268 135 133 110 27 196 242 276 161 15 172 118 124 4 61 259 256 294 69 289 221 197 239 288 245 29 267 224 118 165 97 44 33 35 27 213 281 57 249 260 119 194 220 239 48 272 48 246 264 134 108 235 13 115 142 9 139 197 110 50 120 141 213 62 144 281 243 126 53 210 166 207 170 262 66 120 63 204 73 296 85 178 18 61 192 154 199 117 300 50 127 70 8 251 44 103 251 52 167 127 293 75 92 56 278 128 142 156 126 233 64 106 120 61 37 149 197 180 36 267 125 172 223 114 75 7 77 14 17 5 76 149 44 158 199 59 255 198 100 27 240 116 96 23 26 150 243 92 27 101 253 179 110 245 61 131 210 155 252 98 98 269 212 59 7 188 264 168 171 292 59 254 201 244 256 224 113 12 169 46 46 202 9 284 149 11 153 97 222 6 165 265 21 190 233 98 62 171 212 245 34 145 12 95 267 197 142 8 37 138 71 278 247 225 89 115 115 43 194 36 77 259 132 105 121 161 240 190 102 183 116 194 162 97 81 296 31 69 70 213 294 160 255 250 48 64 89 230 269 269 20 231 290 174 225 258 188 266 91 278 155 40 206 181 283 244 178 28 31 30 155 40 78 294 227 10 100 207 124 272 11 110 280 98 215 178 54 292 82 21 102 143 45 103 160 291 293 132 80 92 214 99 81 24 283 187 103 111 3 26 117 266 159 102 110 219 214 237 174 190 151 185 54 89 239 277 245 296 52 134 58 212 189 82 70 223 99 212 147 124 280 206 147 14 167 81 107 141 202 138 207 193 100 160 207 138 284 288 87 201 33 273 47 275 118 135 186 76 20 287 22 163 262 120 83 188 5 21 168 172 264 280 133 81 254 4 234 145 7 260 27 275 111 226 178 7 288 271 101 23 290 193 95 281 259 
