314 471
224 185 196 206 209 210 246 249 285 294 307 364 429 437 440 463 465 
153 161 164 165 171 173 186 190 194 204 209 213 214 216 220 240 241 242 244 248 254 261 266 267 269 272 278 290 299 301 306 310 316 318 322 331 335 336 347 348 349 355 359 364 373 375 377 380 381 383 384 386 387 394 397 407 408 413 416 420 424 435 438 441 447 449 456 458 460 463 465 467 470 
6 162 163 165 169 176 179 195 196 198 199 200 202 205 206 208 218 224 228 235 239 240 241 244 250 251 268 271 275 276 278 281 291 299 301 302 305 313 318 319 321 322 324 330 333 337 338 343 346 347 350 352 360 363 367 368 371 378 380 383 393 406 409 411 412 415 417 419 424 425 437 443 448 451 454 459 460 462 465 469 470 471 
236 174 179 185 186 190 192 196 201 202 213 219 259 271 277 279 292 295 301 313 324 326 336 347 348 356 361 375 376 379 380 381 389 394 398 402 431 432 446 456 458 460 462 463 466 470 
273 158 162 164 165 169 171 174 176 185 200 203 204 208 213 220 222 224 229 238 239 241 244 248 251 253 255 256 259 271 275 276 279 282 283 290 291 295 301 305 308 309 322 326 327 332 334 335 340 344 347 353 359 360 362 363 365 372 387 405 406 408 414 415 417 418 419 423 426 432 435 442 445 449 454 459 462 463 
294 159 162 164 165 166 167 168 172 174 175 177 183 185 186 190 196 197 200 204 206 207 208 211 218 219 221 227 228 230 232 234 235 238 239 240 241 244 246 248 251 252 258 263 265 274 276 279 280 284 295 299 300 302 303 309 311 313 314 315 316 318 321 324 330 332 333 335 350 354 359 360 366 370 372 373 374 375 378 379 381 382 383 387 388 392 393 395 397 399 400 406 409 410 411 413 415 418 426 427 429 431 432 434 436 437 439 441 446 448 453 455 456 457 458 459 460 463 466 471 
257 158 161 162 168 170 172 174 175 178 180 183 184 191 193 195 197 202 207 211 212 216 217 220 223 230 235 240 241 242 244 254 255 256 257 261 262 263 264 268 270 272 275 285 286 288 291 293 295 300 305 309 312 313 314 321 326 331 332 341 342 343 346 349 351 353 354 365 366 367 368 370 371 372 377 386 388 395 396 406 412 415 419 420 423 425 428 429 430 435 436 437 440 443 451 452 455 458 459 463 464 465 469 
91 1 162 164 168 169 170 181 183 187 189 194 201 202 209 216 217 219 223 230 239 240 241 244 245 246 258 266 272 274 275 277 278 281 285 292 298 299 306 307 311 316 319 321 322 328 330 333 335 347 350 353 355 359 372 375 378 379 384 385 386 393 394 414 417 419 439 444 446 448 456 460 468 
234 159 160 162 168 170 171 175 182 186 189 190 192 203 207 210 212 216 219 223 233 234 238 239 247 254 258 261 264 270 271 274 275 278 281 292 294 298 304 320 324 327 331 334 336 344 351 358 362 365 366 372 375 380 385 386 390 391 401 406 409 410 411 423 428 429 431 432 436 437 441 446 449 453 454 
34 158 165 181 183 186 195 197 206 224 230 242 243 244 245 246 248 253 260 262 272 278 281 282 286 294 318 323 325 338 345 346 353 358 361 375 376 379 380 387 393 396 399 408 412 426 428 433 445 466 468 
66 1 158 160 162 164 165 166 171 172 180 182 190 194 199 204 205 207 208 216 218 222 224 233 234 240 242 247 251 255 256 261 265 266 269 271 279 280 284 291 294 295 297 305 317 327 329 331 332 338 343 344 345 347 349 350 351 353 356 365 370 372 373 379 385 387 390 391 397 399 405 407 410 413 414 415 419 429 442 452 453 454 459 461 465 468 471 
99 161 164 170 174 189 192 195 197 199 207 210 215 218 234 235 238 244 245 252 253 256 259 264 265 266 267 268 269 270 274 275 276 280 282 284 297 299 302 316 317 319 323 329 331 334 340 341 344 349 350 358 360 370 371 375 380 381 382 383 384 388 389 393 405 408 409 411 413 414 415 417 418 420 421 423 425 428 432 434 440 442 448 463 464 471 
275 161 165 168 174 177 190 192 198 199 200 201 204 208 209 211 212 226 228 237 243 245 247 252 261 262 263 264 265 266 271 282 305 307 308 310 312 316 317 319 322 324 325 327 329 330 331 334 335 338 339 342 343 344 347 349 353 362 364 366 367 370 372 375 380 384 386 393 398 408 413 414 424 425 429 432 436 437 440 441 445 447 451 452 455 459 461 470 
257 158 163 164 165 166 168 170 172 173 174 175 176 180 185 186 187 191 192 194 195 198 208 210 213 221 223 227 231 233 235 236 244 245 250 251 253 255 256 258 260 267 269 271 272 274 277 280 281 285 287 291 292 295 296 297 299 300 305 309 312 314 315 320 322 326 336 338 343 344 346 355 356 357 360 362 367 368 370 374 375 377 379 386 388 398 400 401 402 405 411 412 413 416 418 419 424 425 426 428 430 442 445 449 450 451 452 468 470 471 
262 1 158 166 169 194 198 212 221 228 232 237 245 252 265 284 296 324 328 332 343 345 349 350 352 356 365 367 369 371 374 379 385 386 390 394 398 402 411 423 425 427 428 441 449 465 
23 1 159 162 192 193 194 195 196 197 205 208 211 213 220 221 228 230 232 234 238 239 240 245 248 250 251 253 254 256 257 265 269 271 277 284 286 293 296 302 316 320 322 328 329 342 345 349 357 358 361 367 370 373 377 385 387 390 392 397 401 404 416 418 419 422 431 432 435 438 440 445 448 455 464 470 
111 1 161 162 163 165 168 172 173 179 182 185 186 187 188 190 191 193 195 197 201 202 204 205 210 214 215 218 219 222 223 227 228 237 242 248 249 251 255 257 259 264 265 267 268 272 274 283 285 286 289 290 292 293 294 295 297 300 305 307 308 309 311 313 316 319 320 321 322 324 325 327 332 334 335 336 341 342 347 348 349 350 352 356 358 359 363 366 371 377 378 382 385 391 392 395 397 398 400 401 402 404 406 407 408 410 412 413 414 415 419 422 428 431 437 439 441 442 449 451 457 458 462 466 470 
267 159 313 
86 1 181 186 189 191 192 198 201 215 219 223 226 227 229 231 232 237 248 250 256 262 271 279 280 281 291 293 301 308 317 319 320 322 324 331 337 341 343 345 352 358 371 373 375 388 391 393 394 397 400 409 416 418 419 433 437 438 439 442 447 450 455 458 465 466 
179 158 160 164 165 166 170 176 177 180 186 187 190 192 193 197 199 200 202 203 204 206 207 209 212 214 216 228 230 237 239 241 245 252 256 261 263 267 269 270 271 272 279 288 290 297 298 300 301 302 305 310 311 313 315 320 321 327 329 330 332 333 336 338 344 347 349 351 352 353 354 355 356 357 361 365 366 367 368 369 370 371 372 373 375 377 378 384 390 391 395 398 402 404 405 409 410 414 415 416 417 420 423 425 426 428 429 430 434 437 438 439 445 453 457 461 462 465 470 471 
142 297 410 434 
26 1 158 161 164 172 175 178 184 187 189 190 195 202 204 205 213 214 224 232 234 244 256 259 277 280 281 285 299 306 322 331 340 345 356 361 369 375 386 393 398 405 410 411 424 434 436 442 455 462 
158 159 161 163 173 178 182 183 186 187 191 192 197 211 213 216 217 220 225 226 227 228 230 231 233 236 239 241 249 256 259 265 267 268 269 285 287 289 290 293 294 295 300 303 317 322 330 333 339 340 347 354 357 358 375 376 377 378 381 384 387 388 390 395 396 397 402 403 405 407 409 411 416 418 424 425 430 432 435 436 441 448 449 452 456 458 464 466 470 
108 165 168 172 187 190 197 201 220 239 249 265 269 274 277 278 288 290 298 300 306 312 336 352 364 370 374 389 393 397 399 401 406 411 417 418 426 434 439 444 445 448 449 467 
217 171 248 445 
120 160 168 174 211 219 224 235 237 238 251 253 259 261 264 267 292 299 315 320 328 332 335 343 365 390 411 424 441 444 448 460 463 465 
143 208 246 
36 1 158 160 162 164 165 168 170 178 180 191 193 195 211 217 218 221 226 232 235 236 243 251 256 258 259 264 266 269 270 282 283 284 302 305 311 312 313 316 321 327 333 335 336 340 344 346 349 350 351 356 358 361 365 366 367 369 374 375 376 378 380 386 390 402 403 415 422 423 427 428 430 431 434 444 445 448 452 455 456 459 461 467 
160 161 172 174 180 182 183 219 222 224 230 235 237 239 249 251 257 259 283 291 293 295 298 317 320 334 337 340 350 353 354 362 364 365 368 369 370 374 396 397 399 408 416 419 420 448 464 470 
199 160 162 163 170 188 197 205 224 230 240 244 246 247 258 268 276 277 278 289 296 300 302 306 314 327 328 333 343 346 347 365 366 380 385 387 392 395 399 405 421 433 452 454 457 466 469 470 
65 160 173 187 208 216 222 234 238 253 265 271 273 277 280 289 292 298 299 303 305 306 317 322 328 349 366 369 376 393 394 407 415 419 421 429 439 
190 159 160 165 167 169 173 181 186 188 193 196 202 206 215 220 224 226 228 229 231 237 238 247 249 258 260 261 262 265 277 281 283 284 285 286 290 292 296 304 306 308 312 315 319 320 326 332 333 334 336 343 344 345 349 351 356 361 365 368 370 381 385 387 388 395 397 399 412 415 416 418 424 436 450 456 457 458 470 
187 159 160 166 170 176 177 178 185 191 193 194 199 202 204 206 207 211 218 219 221 222 224 229 232 233 234 239 242 244 245 249 250 255 257 259 260 261 262 265 268 270 271 272 278 279 281 285 288 293 296 303 306 307 315 320 321 326 337 340 341 351 355 358 359 361 367 369 370 373 375 385 388 389 391 393 400 409 416 418 424 429 430 433 436 447 450 456 459 466 471 
253 159 173 189 251 257 258 305 317 378 384 389 409 415 418 425 432 441 
237 160 161 169 170 175 178 180 181 182 185 188 190 195 196 197 198 203 211 214 216 222 224 229 242 244 250 254 255 256 257 262 263 266 267 271 276 278 281 286 288 289 293 308 310 311 312 318 320 322 325 326 327 328 344 348 349 355 358 362 371 373 383 392 401 407 410 412 417 418 421 422 423 427 428 432 439 440 443 446 447 456 457 458 461 
105 158 159 161 166 167 169 171 173 174 178 179 180 181 184 185 189 192 193 198 203 206 208 209 211 212 215 218 221 231 233 241 243 244 245 246 250 252 254 258 260 265 266 271 273 277 280 282 286 287 292 293 294 295 296 298 299 302 303 311 312 315 317 318 320 323 325 326 334 335 344 348 353 354 355 361 367 368 372 375 379 380 382 384 388 393 395 400 402 404 406 409 413 414 415 421 422 429 430 435 440 445 449 451 453 454 461 465 466 471 
98 1 159 161 164 165 170 174 176 178 180 181 189 191 197 198 199 202 209 211 213 215 222 223 231 232 235 239 242 245 250 253 256 259 260 261 264 268 270 271 273 286 290 291 293 295 296 303 309 326 328 329 335 336 339 345 347 348 349 355 358 366 370 379 384 389 391 392 394 398 401 405 408 412 426 428 429 430 432 440 443 446 455 460 461 462 464 465 
14 159 162 164 169 170 174 176 180 182 183 190 192 198 202 205 207 215 216 217 219 220 221 222 225 229 230 231 232 233 234 235 236 237 238 244 246 248 250 253 256 260 263 264 267 269 271 273 274 277 279 284 285 288 291 295 296 298 300 304 307 308 314 316 317 318 319 320 321 324 325 326 327 328 331 337 338 339 342 347 349 351 361 362 364 369 374 376 378 380 388 391 392 396 401 403 412 416 417 418 422 423 428 431 434 437 439 441 448 451 452 453 454 456 458 461 465 466 469 471 
240 160 164 165 168 176 178 186 187 189 197 198 209 210 219 221 222 225 230 231 242 246 248 253 257 258 259 265 266 273 280 281 285 286 293 296 297 303 304 305 310 316 317 318 323 326 343 346 358 364 372 376 395 400 411 413 430 454 462 467 
288 1 160 162 163 164 165 166 170 174 176 183 186 190 191 194 195 196 197 198 201 203 211 213 215 216 217 223 224 232 239 241 242 244 247 250 251 253 257 258 261 266 270 273 275 277 278 279 281 286 301 302 308 310 315 319 320 325 335 337 342 353 357 363 371 375 379 381 386 389 398 407 417 419 420 426 437 440 442 443 445 446 451 454 455 461 465 467 470 
274 163 164 172 173 174 183 191 197 198 224 232 235 236 240 246 251 268 271 274 275 285 286 288 289 291 297 298 308 317 320 321 323 324 337 343 345 356 360 368 378 390 398 399 404 422 434 435 442 447 455 463 464 469 
78 167 192 196 231 238 255 256 262 284 296 317 320 335 354 356 357 370 378 382 390 399 416 427 448 457 459 462 
65 167 168 171 172 173 176 177 182 191 195 198 199 201 203 204 224 227 231 232 233 234 238 240 241 243 245 246 247 249 260 262 265 267 269 270 271 276 277 278 280 285 288 290 296 301 302 304 306 312 314 315 317 318 322 323 330 331 334 335 341 342 346 349 351 352 353 356 357 362 363 367 368 370 373 376 382 388 390 392 393 394 400 403 409 416 417 419 420 422 432 436 437 440 450 452 453 455 457 460 464 
239 162 168 169 173 174 194 203 225 238 253 254 255 260 272 286 290 305 309 312 314 320 325 330 333 334 339 341 345 353 357 365 367 369 383 390 391 401 407 415 416 420 426 429 430 435 439 443 445 454 457 461 465 
104 161 166 172 174 176 178 179 181 186 193 195 197 200 206 208 211 213 215 220 222 231 232 239 240 243 245 246 247 251 256 265 266 274 275 283 291 295 297 299 305 310 317 329 337 344 345 348 351 354 368 374 377 385 394 396 400 403 409 417 418 423 430 431 434 437 442 446 449 453 454 455 460 464 465 469 
177 1 158 160 162 165 167 170 171 173 174 175 178 180 183 186 188 190 193 194 195 200 207 209 211 212 215 218 220 223 225 226 227 229 233 237 238 243 246 247 254 255 261 270 273 275 278 286 291 292 298 301 307 311 314 317 318 320 323 326 327 328 329 330 333 334 335 337 340 341 346 356 359 361 362 365 371 381 386 392 397 398 401 402 403 404 405 411 413 415 416 417 425 426 427 432 433 437 438 439 440 443 444 445 446 447 450 457 458 461 465 
111 158 159 163 172 174 181 182 185 186 189 191 193 194 198 202 203 205 206 212 214 215 217 220 224 226 227 228 232 234 237 242 243 244 245 246 250 251 253 254 263 265 266 267 274 279 280 282 286 290 291 294 299 306 309 311 312 316 324 329 335 345 348 351 353 357 361 363 365 370 371 372 373 374 375 379 380 384 386 392 394 395 396 399 400 403 406 408 409 410 411 412 416 417 418 420 423 425 426 428 430 431 436 437 438 439 440 442 447 448 449 453 455 459 461 463 464 468 469 470 
97 1 158 163 167 169 172 173 174 179 181 184 185 188 189 190 191 193 194 197 198 199 200 201 209 210 213 215 221 222 224 229 231 232 233 234 237 242 245 247 248 250 251 254 256 258 260 265 266 268 270 272 278 282 300 301 305 307 308 309 314 315 317 318 320 322 324 325 329 330 335 336 340 348 350 354 357 358 360 362 366 370 371 372 373 375 377 378 379 385 394 397 401 411 413 417 422 423 424 433 439 441 442 443 444 449 453 457 458 467 469 
250 1 158 163 164 171 174 178 179 184 185 190 191 194 195 196 208 209 210 211 214 219 225 226 232 239 249 250 251 252 255 258 265 267 268 277 278 280 284 288 294 298 299 300 301 303 307 310 312 313 314 317 319 325 332 335 338 348 352 354 356 361 362 363 364 366 371 374 379 382 393 394 400 401 402 403 404 409 411 413 415 417 420 421 424 427 431 433 436 437 438 439 441 444 447 450 453 454 459 461 466 
180 160 168 175 176 178 181 182 183 187 188 189 194 195 196 197 199 203 204 206 210 211 213 221 223 224 225 227 229 233 235 242 243 246 247 248 250 252 255 257 259 260 262 263 266 267 269 270 272 273 279 280 286 287 289 294 295 307 308 309 312 314 315 316 317 321 323 324 325 327 328 333 334 339 341 344 349 364 366 372 373 374 375 377 381 384 386 393 403 405 406 407 409 412 414 415 424 425 429 434 435 436 442 443 444 448 449 450 452 453 454 455 458 462 469 
214 168 197 223 224 296 330 337 338 380 413 414 439 
286 160 163 164 169 172 173 179 180 181 182 183 184 185 190 201 204 205 206 207 211 212 213 219 220 229 233 234 235 239 240 241 242 243 245 250 257 259 264 265 266 268 269 277 280 285 286 290 296 298 300 301 302 304 305 306 314 316 319 321 322 324 330 336 340 341 343 345 351 352 355 359 363 365 370 371 374 378 380 391 396 403 404 405 407 410 415 425 426 427 428 434 436 437 438 439 448 454 455 458 465 466 468 
267 158 160 165 168 171 172 173 175 177 184 195 198 200 201 205 211 212 217 223 224 230 233 235 237 238 241 251 261 268 270 271 273 283 285 288 289 290 295 296 298 299 314 315 321 324 325 326 327 328 333 334 335 337 339 340 343 346 349 362 364 365 375 378 380 385 397 398 400 401 404 410 415 418 419 420 427 428 434 438 446 459 462 467 469 
209 1 174 209 222 242 253 254 260 263 281 306 320 322 325 332 342 349 361 368 384 385 394 397 405 417 433 436 438 439 441 443 445 468 
293 1 187 207 209 221 222 230 240 241 297 304 306 351 369 386 404 405 418 422 445 458 471 
39 162 164 172 173 175 181 182 183 190 191 192 194 195 198 200 205 207 212 213 215 245 249 250 253 257 260 262 265 268 270 271 272 277 278 280 282 288 296 299 302 312 313 318 319 321 323 326 328 330 333 336 341 342 364 369 370 371 375 377 384 387 395 396 397 399 400 402 404 406 413 414 421 423 425 429 431 433 435 444 445 451 453 455 456 458 462 465 466 470 
41 1 163 166 167 169 170 186 187 189 194 200 215 221 222 230 234 235 242 244 248 252 254 257 263 264 266 269 271 272 275 276 278 281 282 283 286 290 298 301 302 310 319 323 327 331 332 333 337 342 348 353 355 356 357 364 366 369 370 375 376 385 388 389 390 391 393 394 398 400 405 408 409 411 427 428 429 430 438 439 440 443 449 451 452 460 462 468 
135 162 166 168 170 173 182 185 188 190 193 194 201 203 204 207 212 215 216 218 223 224 230 232 244 246 253 254 259 266 267 273 279 281 287 300 305 308 314 317 320 326 328 329 333 336 339 342 343 345 350 352 357 358 363 365 375 380 382 386 389 390 393 402 405 409 414 418 427 431 432 434 438 442 443 444 456 457 459 461 463 
296 1 164 172 175 182 186 272 294 397 458 459 463 467 
288 159 161 173 176 180 183 186 188 189 192 193 199 202 207 208 211 212 213 214 215 216 217 220 223 225 230 232 238 240 246 247 248 253 260 264 266 268 269 270 271 272 275 283 285 288 292 297 299 308 311 317 322 323 324 327 328 331 337 339 344 350 353 363 365 372 373 380 382 383 385 392 393 395 397 399 409 412 413 421 423 425 430 433 435 436 440 445 448 453 457 462 464 466 467 470 471 
53 159 160 161 170 172 176 178 179 180 181 183 184 188 211 214 225 228 232 234 241 254 255 256 260 262 265 266 280 293 297 298 301 322 340 341 343 349 359 361 363 372 375 381 382 386 387 410 414 416 418 424 428 430 436 437 443 449 457 459 460 463 467 470 
122 1 158 160 161 163 167 171 174 180 181 182 183 184 185 186 189 192 193 196 200 209 212 213 221 222 226 231 232 233 234 235 237 238 243 250 251 256 258 260 265 269 273 275 278 279 280 282 285 286 290 291 294 298 299 301 303 309 314 322 324 325 328 329 331 334 339 340 344 347 350 357 363 365 367 369 371 373 374 375 379 380 382 383 385 386 395 397 398 400 405 408 411 414 417 419 424 428 430 433 435 441 446 452 454 458 461 462 467 
181 185 204 216 222 226 236 246 247 257 262 263 287 291 293 296 307 313 320 325 329 330 338 346 347 354 355 372 396 397 400 402 407 413 416 429 430 440 461 
99 164 168 169 178 181 188 189 195 196 201 205 206 211 212 215 220 232 234 235 236 246 257 262 271 272 275 276 287 288 296 297 299 300 307 310 311 312 313 318 324 326 329 332 342 344 345 347 349 350 351 355 358 360 363 377 383 386 391 393 394 397 398 401 405 413 414 427 438 443 446 448 450 463 
177 169 175 201 206 289 303 320 330 368 380 394 443 
34 1 160 171 172 175 176 181 182 186 187 190 193 195 200 202 207 210 211 213 219 221 224 225 232 233 234 238 239 241 243 244 245 253 254 256 259 261 262 263 268 269 270 275 276 278 291 293 305 306 307 308 309 314 315 316 317 318 329 331 336 337 338 340 343 348 349 350 351 353 356 357 359 362 365 366 384 385 390 392 393 396 397 401 405 408 411 412 419 422 423 433 434 436 437 441 443 444 445 446 449 452 453 455 457 459 461 464 466 
240 1 166 167 168 170 178 180 183 186 187 188 192 201 202 203 204 205 206 209 210 211 216 230 233 242 244 250 253 262 270 273 275 277 280 287 289 295 297 299 300 302 306 311 315 316 320 324 327 329 331 333 334 335 339 340 341 342 350 352 356 361 364 367 369 370 372 376 379 382 384 391 395 396 397 401 402 403 407 408 412 413 414 416 421 424 426 428 433 434 438 440 443 444 449 451 452 455 456 459 460 461 463 464 467 471 
217 174 183 219 237 250 253 268 273 287 292 293 301 306 308 316 321 322 323 336 340 341 347 356 365 392 394 402 420 424 434 436 450 
265 1 159 163 165 166 180 181 182 183 185 188 197 201 204 207 208 211 212 214 216 219 220 222 223 227 230 232 235 239 240 243 251 252 256 260 261 266 268 271 275 278 292 295 297 298 300 307 309 310 311 313 315 319 324 335 343 344 349 353 356 357 360 361 364 365 366 368 370 372 375 377 383 384 386 387 388 389 391 394 395 396 401 402 405 406 407 412 413 416 418 419 420 428 435 437 442 445 449 451 454 455 457 462 463 466 468 469 470 471 
68 158 160 170 174 178 183 184 191 197 200 202 204 206 208 222 223 224 225 229 236 237 238 240 242 246 248 254 256 263 267 270 275 277 279 280 286 287 288 290 292 295 297 299 302 305 308 309 312 313 323 326 331 332 335 339 343 344 347 350 357 360 361 362 365 366 373 375 376 378 379 380 381 382 384 388 389 396 397 401 404 406 409 413 416 417 418 420 421 422 423 427 429 432 434 435 437 447 460 462 467 
256 161 175 178 185 196 198 222 233 244 246 272 278 311 315 317 318 332 340 350 352 365 372 389 395 401 404 413 421 435 436 439 440 448 451 
91 160 162 163 166 170 175 181 182 185 187 190 194 195 196 197 198 200 207 209 210 214 215 220 221 224 226 227 229 237 241 242 244 246 247 248 250 251 252 255 256 258 260 262 266 267 268 269 271 273 276 277 281 283 286 288 289 295 299 300 305 308 311 316 323 325 331 333 340 344 345 347 348 353 355 359 362 363 365 366 368 369 371 375 376 377 385 386 395 397 400 401 404 409 411 413 414 417 420 425 427 429 431 436 439 440 443 444 447 449 450 451 452 453 456 457 462 465 
194 158 169 171 178 180 186 190 191 192 199 200 206 207 210 211 212 214 215 217 218 219 222 227 231 234 236 242 247 250 253 254 262 270 271 272 275 278 281 282 283 296 297 298 299 307 312 313 318 323 332 336 339 342 345 356 362 363 371 375 378 381 388 391 392 393 394 397 402 405 407 409 413 420 422 423 427 430 436 441 442 444 445 453 454 455 457 466 468 469 470 
218 160 163 170 171 172 173 177 180 182 185 187 188 189 196 199 200 201 204 205 208 210 211 221 231 232 234 239 240 244 247 253 256 257 258 260 262 267 272 276 278 281 282 284 286 289 290 291 292 293 295 296 298 300 301 305 308 311 315 318 320 322 325 331 336 338 339 344 348 349 353 355 356 357 359 361 370 371 373 377 379 386 395 399 401 402 406 409 414 419 422 425 427 432 434 441 445 460 461 465 467 
209 159 162 165 170 171 177 179 187 193 202 205 206 212 226 227 229 237 238 239 243 244 249 256 258 259 263 271 273 293 294 300 301 306 311 320 328 329 330 332 334 340 345 351 354 357 360 369 370 378 388 396 399 412 416 419 426 431 436 437 440 443 447 448 457 458 464 466 470 
191 1 165 170 179 180 189 193 222 224 225 228 245 246 247 262 270 275 277 281 283 295 304 313 318 320 324 325 327 338 349 350 358 363 369 374 384 393 399 400 406 407 409 410 419 435 449 465 
252 161 165 172 174 177 182 190 195 201 204 210 213 215 217 220 223 227 232 234 236 239 250 251 256 262 263 265 274 277 279 294 300 307 311 320 321 330 340 341 344 345 348 356 367 371 377 378 384 388 395 405 413 418 419 420 423 425 429 438 440 442 445 447 454 455 459 461 465 469 
9 1 160 162 174 175 180 181 182 186 188 207 209 213 218 219 220 227 228 231 234 235 247 251 255 260 266 269 270 272 274 283 284 285 286 291 294 295 297 298 301 304 308 309 310 314 317 320 321 325 329 330 333 336 340 346 351 364 368 372 374 380 382 383 384 390 391 401 403 405 408 411 413 421 424 434 441 442 443 444 446 448 450 455 458 459 
28 158 159 161 162 164 167 168 169 170 183 186 188 191 193 200 208 213 219 220 225 227 228 230 231 236 237 244 245 248 251 254 257 260 269 278 282 287 291 292 293 304 309 315 319 322 329 331 332 335 347 348 349 352 353 358 360 361 362 364 366 368 370 380 387 388 389 390 400 404 405 407 409 412 420 421 423 424 427 429 430 432 438 440 445 453 456 459 463 
159 163 164 168 173 179 181 184 190 194 212 224 230 231 233 237 239 242 253 259 261 264 267 268 270 273 274 275 276 277 279 285 300 301 303 312 326 333 337 338 344 345 346 350 351 352 354 355 358 365 370 372 373 379 385 389 390 391 393 394 408 415 418 424 439 444 445 455 457 464 465 467 469 470 
126 158 159 162 169 170 172 174 179 182 194 195 196 198 199 200 201 205 208 212 217 228 229 231 248 258 267 271 273 275 278 284 287 288 296 297 298 306 321 322 324 326 331 333 336 344 345 350 351 352 355 360 361 365 367 369 370 373 377 382 389 390 391 396 398 403 406 408 409 413 414 416 422 423 425 426 430 432 434 435 439 440 441 443 445 450 454 456 460 461 464 468 471 
6 161 164 165 182 186 188 198 203 208 220 222 234 250 252 254 266 279 304 318 319 320 322 326 329 348 366 369 375 385 387 403 407 409 418 422 426 441 446 451 460 
207 159 165 166 170 171 174 191 192 199 205 215 222 232 235 236 238 243 244 253 255 258 265 270 277 287 302 305 306 311 315 324 330 341 342 344 354 364 367 380 381 382 384 387 389 398 404 430 432 433 436 439 441 444 447 450 453 454 457 458 460 462 465 467 
164 162 165 168 170 175 177 180 181 182 185 186 188 190 191 194 197 198 200 202 204 208 210 211 213 215 221 228 233 234 235 236 242 243 246 247 251 254 255 262 263 265 266 275 282 283 285 286 288 289 292 297 299 301 306 308 309 314 315 317 327 329 334 335 337 340 341 342 344 345 349 350 352 354 357 360 361 362 364 366 368 376 379 380 381 382 383 384 387 389 390 395 402 404 408 410 412 413 414 416 417 420 422 428 432 433 434 435 437 439 444 445 446 447 449 450 453 454 455 463 471 
228 165 173 178 180 185 186 189 192 193 198 199 206 214 219 225 227 230 234 239 240 241 242 244 255 262 269 278 283 301 306 308 310 311 312 313 314 318 323 340 341 348 353 356 359 361 369 370 376 380 382 383 384 399 417 421 422 426 444 445 466 469 
162 173 174 184 185 187 189 198 205 209 214 231 233 237 246 248 249 253 254 258 260 265 268 279 294 296 307 311 321 325 331 341 345 346 362 367 385 391 399 404 410 419 420 435 445 455 461 468 
125 1 163 164 165 166 167 168 171 172 173 174 178 182 183 190 196 200 201 202 203 209 212 214 215 217 218 220 227 230 231 232 235 238 242 244 245 247 249 253 255 258 261 272 274 278 283 284 290 291 293 294 297 301 307 312 314 316 323 324 330 334 335 338 340 341 343 344 345 346 351 356 358 359 361 363 366 368 369 371 372 374 380 386 393 394 396 398 399 401 411 412 413 414 420 422 427 428 429 431 440 443 445 450 455 457 461 469 471 
244 158 159 160 166 168 171 177 179 181 186 192 194 197 199 200 205 209 218 219 220 228 230 234 235 236 237 242 246 247 249 251 252 254 255 259 261 263 267 271 279 283 284 285 288 292 301 305 310 311 312 313 320 321 325 333 339 340 344 346 351 354 357 362 369 372 374 376 382 384 385 386 387 389 393 396 400 401 402 405 408 412 413 420 421 423 426 427 433 436 442 445 446 453 455 461 464 465 470 
149 1 158 159 160 161 163 164 165 167 171 182 186 187 193 195 198 199 200 201 203 212 216 218 219 224 225 231 232 237 240 244 245 248 249 251 256 258 260 263 266 270 276 280 284 286 303 312 314 316 318 322 323 326 327 331 338 340 341 347 348 361 363 375 376 377 378 379 382 384 388 394 409 417 418 419 420 423 427 429 432 434 438 444 449 454 464 
212 164 165 166 179 182 184 187 190 208 211 220 227 232 235 239 241 243 262 263 272 287 293 294 297 298 299 301 305 331 338 354 363 368 401 409 429 434 450 454 456 463 466 
131 216 265 398 
22 158 159 160 164 167 169 171 173 176 179 183 189 190 191 192 194 198 199 202 204 207 208 215 219 223 228 233 237 243 244 248 258 259 261 266 281 284 287 288 291 292 293 299 303 308 310 311 312 314 315 321 322 323 324 328 330 331 334 335 336 342 344 347 355 357 360 366 367 375 379 381 383 388 389 390 395 400 401 402 404 407 410 411 413 415 416 421 422 424 429 433 436 438 441 442 448 452 455 456 459 464 465 469 470 
140 160 161 162 163 170 174 177 178 181 189 191 200 209 213 216 219 220 221 222 226 239 243 247 249 254 258 259 261 266 268 270 272 273 274 275 281 282 283 292 297 298 300 311 314 317 318 319 320 321 327 333 340 346 348 350 352 353 355 357 360 363 364 371 374 378 381 382 384 389 390 399 405 407 411 419 421 423 438 442 453 455 457 459 463 
295 172 182 221 230 231 236 237 238 248 262 276 283 286 287 299 306 324 354 375 378 383 392 434 437 454 
235 159 317 321 342 349 434 437 471 
174 1 173 174 192 197 233 250 256 275 287 290 304 305 306 308 311 319 336 344 347 377 383 384 433 436 440 443 445 458 
153 159 164 165 168 169 173 175 177 178 182 183 186 189 190 194 208 209 216 219 222 227 230 234 238 243 251 253 258 260 267 275 277 280 281 283 284 287 291 297 300 303 306 312 314 315 316 317 318 319 321 323 329 338 341 342 344 347 348 351 352 353 355 356 357 358 360 364 369 372 373 376 377 380 385 392 394 397 398 403 404 405 412 417 419 424 425 427 429 433 434 443 444 445 447 449 455 457 458 459 460 461 
151 186 217 220 224 234 236 274 280 282 295 330 333 343 346 371 408 410 417 418 432 462 465 
142 1 160 165 173 175 176 180 182 183 184 185 186 190 193 198 199 203 205 208 209 217 226 227 228 233 234 245 252 256 262 267 269 270 275 276 279 283 291 294 297 302 306 307 311 312 317 321 323 328 335 341 344 346 360 363 365 366 367 369 371 375 384 390 394 395 396 400 404 405 408 412 416 433 439 441 447 456 458 
279 159 162 163 164 166 169 171 176 178 180 183 185 188 190 191 192 196 199 202 203 204 205 206 211 212 213 214 215 218 220 221 222 225 226 227 229 231 232 233 234 236 237 241 246 254 255 256 261 263 266 269 270 272 281 286 287 288 289 290 292 293 294 298 303 304 306 309 310 312 313 314 316 320 321 323 324 326 327 338 342 346 348 355 356 359 371 373 376 377 378 380 381 384 385 386 388 389 390 392 394 396 397 398 400 407 411 412 414 416 422 423 424 425 428 432 434 435 438 440 441 443 444 447 449 451 453 464 467 469 471 
114 172 182 187 193 195 241 247 261 264 279 290 300 340 351 357 381 385 400 401 403 405 408 414 416 428 429 447 448 452 453 454 466 
259 159 160 166 179 186 187 192 203 212 213 215 219 222 223 224 226 229 230 232 233 238 240 246 247 248 249 251 253 258 260 262 263 268 271 272 274 275 278 294 297 306 307 309 311 316 325 327 332 334 341 342 345 346 347 350 356 360 362 376 382 384 386 388 390 396 401 402 412 414 417 425 431 439 445 446 452 455 464 465 468 
159 162 167 170 173 175 178 180 181 187 190 196 198 201 205 207 208 223 225 226 227 230 237 244 245 249 250 253 255 262 263 265 267 276 277 282 284 289 292 293 296 297 299 303 304 309 310 311 313 316 320 327 328 331 334 335 339 341 343 344 348 349 352 353 355 358 359 360 363 366 371 372 373 374 378 380 381 385 387 392 394 396 403 406 408 412 413 414 416 423 426 441 442 445 449 450 451 452 453 455 457 461 463 464 466 467 468 469 
210 160 165 166 170 173 175 176 180 184 191 200 201 207 221 228 239 243 252 258 262 272 277 285 287 288 293 299 302 309 316 317 320 324 327 329 330 333 337 338 341 342 348 351 353 363 370 371 372 375 378 380 383 386 388 401 408 410 411 416 418 427 431 437 439 445 447 448 449 453 455 456 460 461 463 468 469 
7 159 168 179 182 191 199 205 206 217 223 224 234 255 262 265 279 280 300 303 306 344 361 381 383 384 385 402 403 405 438 439 443 447 
17 163 168 169 176 186 187 197 200 202 204 207 226 231 232 233 235 237 241 243 247 252 259 266 282 288 291 302 305 308 311 316 317 318 321 333 334 345 349 356 359 360 376 377 381 382 386 387 399 406 409 417 423 424 425 426 427 428 433 434 442 445 446 447 453 459 462 467 469 
75 162 167 176 177 181 185 188 190 192 193 199 202 205 206 208 209 213 216 221 225 226 227 228 231 232 234 240 241 243 244 245 248 249 253 260 266 267 270 271 276 278 283 285 286 290 293 300 301 306 309 311 321 329 330 333 337 338 340 342 344 346 350 352 354 364 366 368 373 375 383 385 394 396 397 398 410 411 415 419 420 422 423 428 430 433 434 436 437 438 439 441 442 444 449 451 456 457 458 461 466 467 
62 1 158 160 171 173 176 177 182 184 185 189 192 194 202 208 212 215 217 218 219 221 223 227 230 234 236 238 239 242 245 246 247 248 250 251 255 259 260 270 277 281 288 298 304 308 311 312 313 314 316 317 320 323 325 328 329 330 331 333 335 336 340 342 343 344 352 353 355 363 364 366 373 375 376 395 401 404 412 418 424 426 428 429 431 440 446 448 454 455 462 468 470 471 
53 169 191 204 235 267 268 326 354 361 415 
127 158 159 160 162 167 168 175 176 177 179 185 187 189 197 198 209 213 214 219 220 222 225 228 229 231 232 235 251 253 262 269 270 271 278 279 280 282 285 287 295 296 298 301 304 305 306 311 313 315 316 320 321 323 324 325 326 327 328 329 331 333 335 337 346 349 352 354 359 369 381 391 396 403 405 411 412 413 414 420 421 423 425 426 427 428 431 432 433 435 437 438 444 448 452 455 458 466 
166 1 159 162 164 169 176 178 179 181 183 184 185 189 190 193 194 195 196 199 203 213 217 218 219 222 229 231 238 240 244 245 249 251 257 260 261 264 266 267 269 270 274 277 279 281 282 287 288 289 293 294 295 300 302 307 308 311 312 317 321 324 327 329 332 338 347 351 356 366 369 371 372 375 378 380 381 382 383 385 386 387 398 399 401 407 409 411 412 413 414 418 419 420 423 426 428 429 432 441 442 443 449 454 456 459 460 461 464 466 469 471 
193 159 160 163 174 185 187 199 202 204 209 211 221 230 246 249 250 273 281 287 291 292 294 295 299 300 302 303 316 323 324 331 334 337 338 347 351 356 366 373 389 392 394 398 402 408 419 421 433 438 440 448 450 457 464 469 
179 168 170 173 185 189 190 226 229 241 245 267 282 290 291 300 301 306 318 333 354 365 371 373 379 386 390 394 401 410 414 421 431 436 437 456 464 465 466 467 
14 166 169 173 189 191 202 206 210 212 225 233 235 247 248 249 252 255 283 294 302 320 324 333 343 360 364 366 368 382 385 388 403 418 423 429 445 446 453 455 457 458 471 
239 163 165 166 171 172 174 177 183 186 187 188 189 191 193 195 196 197 206 209 211 219 220 226 233 238 241 243 245 249 254 256 258 259 265 267 269 275 276 279 283 287 289 292 299 300 306 314 316 331 332 334 345 348 353 354 365 367 372 374 375 380 382 383 384 385 387 394 397 402 404 408 409 411 416 418 425 431 432 433 440 445 447 449 453 455 458 460 461 464 467 468 
61 161 169 173 176 182 183 187 196 197 198 202 209 211 213 216 217 218 223 227 228 239 244 246 251 258 261 264 265 266 270 277 282 291 293 295 302 303 305 308 312 323 330 335 336 338 340 342 347 348 352 353 358 364 365 366 370 372 377 383 388 389 390 395 400 406 413 416 417 419 425 426 427 431 432 435 443 452 453 456 457 462 464 467 468 
178 178 223 246 259 306 309 352 359 392 401 408 430 450 452 463 464 
260 1 163 165 169 174 182 186 187 190 202 203 204 209 217 219 220 224 227 229 232 237 238 241 247 250 254 256 257 258 266 268 273 274 275 277 280 294 297 299 301 302 303 304 306 314 315 316 318 320 325 328 330 331 342 344 345 350 355 368 370 377 380 383 386 396 397 398 404 408 413 417 421 434 435 442 445 449 453 456 457 458 463 465 471 
106 1 159 163 164 171 178 179 180 183 190 191 192 193 196 202 225 227 229 233 236 237 240 241 246 252 253 254 256 260 271 278 280 281 285 287 288 295 296 298 301 303 305 307 308 309 310 314 315 319 325 329 336 338 341 342 345 346 347 353 358 368 370 371 382 386 393 394 408 409 416 417 419 427 428 429 438 451 455 457 458 462 464 466 468 469 
203 161 166 170 177 178 179 182 183 186 195 201 205 206 209 213 216 218 223 229 230 235 242 245 256 258 262 267 271 274 279 282 283 286 290 293 296 298 299 303 305 306 307 310 311 317 318 322 326 328 331 332 336 338 341 342 343 344 345 346 347 352 356 360 362 368 369 373 378 379 381 384 394 395 398 399 403 411 412 414 417 427 428 436 441 445 454 455 456 457 461 465 469 
251 1 160 162 169 171 174 177 181 186 195 208 209 212 214 215 216 225 229 230 234 242 252 257 259 261 265 268 271 278 284 289 290 292 293 295 297 299 304 305 309 313 317 321 324 325 335 336 338 344 350 352 354 360 364 366 367 369 371 379 385 388 405 412 414 424 426 427 431 433 434 441 448 450 454 457 469 
181 164 169 184 187 193 195 203 224 225 291 292 293 295 319 329 367 376 380 387 391 397 442 453 455 461 
95 162 163 167 189 190 194 199 202 209 210 216 217 223 224 227 243 247 249 252 261 266 268 270 275 279 281 285 291 295 298 302 305 307 308 314 318 319 323 327 331 335 343 345 353 354 364 367 371 375 379 380 381 389 399 401 406 423 426 428 429 435 437 441 443 455 458 462 468 
70 222 246 259 334 337 372 384 386 395 440 453 461 
52 170 196 213 219 238 308 328 468 
116 1 159 169 171 172 179 184 186 187 188 195 196 198 202 203 206 210 213 216 221 223 224 225 231 237 248 249 251 254 255 264 279 281 282 285 286 290 292 314 319 321 324 327 336 342 344 346 350 353 356 367 369 370 379 380 385 386 391 392 395 398 399 400 404 411 415 420 421 425 434 436 442 445 452 457 458 460 462 463 466 470 
61 162 196 212 224 225 234 235 238 253 258 277 284 292 299 317 322 349 376 386 393 395 412 424 426 431 433 439 444 445 446 449 451 462 468 
259 161 165 170 172 174 175 177 178 180 181 184 186 192 197 198 201 202 203 206 207 208 210 212 213 216 218 225 228 229 239 245 248 256 259 265 267 269 270 274 276 282 292 295 299 301 302 316 322 325 329 332 334 338 345 349 356 357 358 360 367 370 372 374 383 384 385 387 389 391 393 396 403 404 406 407 410 414 416 418 420 422 423 432 437 438 450 452 457 461 463 464 465 466 468 469 
287 1 158 160 164 165 167 170 172 176 177 182 184 186 191 200 201 202 204 206 209 223 224 230 232 237 238 248 250 251 252 256 259 263 265 269 270 275 276 278 286 290 293 294 295 298 304 307 308 309 319 323 325 328 329 331 334 344 345 351 353 359 363 369 372 376 384 385 388 390 391 393 395 396 402 403 404 405 409 414 424 425 429 430 433 436 449 451 452 457 458 462 466 468 470 
48 159 192 197 212 216 219 224 245 250 258 263 265 281 292 295 300 314 338 356 365 374 392 394 406 425 436 447 454 457 463 
209 158 166 170 177 181 190 205 207 225 234 248 265 270 291 314 316 320 342 347 349 371 387 388 405 413 415 421 425 444 447 449 453 
122 158 167 174 180 186 202 203 205 206 207 208 215 219 246 248 249 267 268 271 272 274 276 278 279 281 282 284 289 302 303 306 313 314 318 326 329 335 336 338 341 346 349 360 363 365 368 369 373 380 382 383 393 406 411 415 425 429 432 434 435 439 443 445 446 452 454 465 470 471 
36 170 179 187 188 191 196 205 218 222 231 235 294 299 301 321 331 334 336 339 343 365 383 403 408 416 418 425 439 458 465 468 
268 1 158 159 161 164 169 173 178 185 186 190 192 196 201 210 213 215 216 220 221 233 234 236 237 239 240 244 246 248 249 250 252 253 255 256 257 259 264 266 268 274 279 280 281 288 291 294 296 297 301 303 304 306 315 321 322 323 325 329 330 335 347 348 349 350 352 355 366 367 372 375 376 380 383 387 397 398 399 401 403 406 413 414 415 417 420 422 423 425 426 432 433 438 444 445 447 448 451 452 454 456 458 464 465 467 
24 158 162 164 175 185 186 187 188 190 191 192 201 202 204 206 207 211 212 221 222 224 229 235 242 245 248 251 252 253 257 259 261 263 268 269 273 278 279 282 284 285 287 288 290 292 295 297 298 302 303 313 315 316 319 320 324 326 328 331 341 345 352 354 360 363 364 366 369 370 371 373 375 377 385 386 394 396 398 399 403 404 410 411 412 413 415 417 425 427 435 439 443 446 451 452 455 462 463 467 469 471 
222 162 165 166 167 168 169 170 177 191 192 196 197 212 216 218 221 226 234 236 241 244 246 249 250 264 265 266 267 269 271 274 276 277 279 282 283 284 285 288 289 291 295 296 297 299 300 307 312 314 316 321 323 327 331 333 337 354 356 360 364 368 369 375 381 383 388 391 399 402 410 413 428 430 431 439 445 448 453 456 459 464 470 
120 159 160 162 163 170 177 178 183 190 193 195 196 197 198 201 202 204 209 211 216 222 231 233 237 245 249 250 251 252 255 258 262 267 271 272 273 276 278 280 295 300 302 310 311 315 316 319 321 324 329 331 333 338 340 341 344 345 349 350 351 354 355 358 359 362 366 369 370 376 378 382 383 384 388 397 399 404 406 409 410 413 419 425 426 427 429 430 432 435 436 439 441 446 447 449 450 454 457 458 459 461 
281 159 163 164 167 173 174 176 189 193 195 212 215 227 231 243 268 269 270 275 276 278 284 291 295 301 323 324 329 336 342 347 348 362 374 376 390 393 394 403 404 421 426 432 436 438 440 445 452 461 
57 158 164 168 169 181 185 193 197 208 211 214 218 240 241 257 259 260 262 264 265 268 269 270 271 274 278 283 290 292 294 303 307 310 312 326 330 331 335 341 350 358 362 365 367 368 375 376 379 389 393 395 401 409 413 416 424 427 432 451 453 456 459 468 
34 1 160 163 178 179 180 181 183 187 196 198 221 227 230 241 244 246 254 258 259 261 263 267 268 271 272 273 279 280 283 288 293 294 297 304 305 306 310 316 321 323 324 334 347 350 352 376 377 378 385 387 395 399 402 403 408 410 412 417 421 424 426 427 434 437 438 439 440 443 455 458 463 464 466 471 
129 1 163 168 169 175 178 180 183 187 190 194 195 196 199 200 202 203 204 206 208 213 215 216 219 220 222 224 225 230 231 233 234 250 258 264 267 269 271 276 278 279 280 284 285 290 291 293 294 295 296 314 318 319 321 322 325 326 327 328 332 338 339 343 346 352 356 357 359 361 363 364 368 369 373 374 375 376 379 387 388 390 392 399 400 405 406 411 417 418 423 425 429 430 433 434 435 436 437 440 442 443 444 445 446 448 449 451 455 459 461 462 464 465 466 468 471 
10 159 163 166 167 169 172 177 178 179 181 184 189 194 197 199 202 207 209 210 211 222 227 231 237 240 243 244 245 249 251 255 256 259 260 264 268 269 272 273 274 276 277 279 283 292 297 299 300 306 307 308 309 312 313 315 316 317 318 319 326 328 329 334 335 337 341 343 348 349 351 353 354 358 359 364 365 367 370 371 377 378 380 383 384 386 390 394 396 400 405 406 407 408 412 413 414 416 419 421 423 424 426 427 434 436 438 439 440 442 446 447 452 459 460 462 463 465 466 467 468 470 
204 164 172 175 178 183 191 197 204 229 232 243 245 247 249 251 262 270 283 285 296 302 316 330 347 348 357 360 363 371 377 381 388 398 403 405 412 413 417 446 450 453 466 467 
203 160 162 165 168 171 174 177 181 182 184 186 191 193 199 200 204 206 210 213 214 215 216 220 221 224 235 236 238 242 244 248 249 250 251 252 256 258 259 261 267 270 272 273 274 277 279 280 287 290 292 297 303 306 307 309 317 318 319 321 322 324 326 329 334 337 338 339 341 342 343 348 351 352 354 355 358 359 361 362 363 364 366 367 374 377 378 381 385 390 393 398 402 406 411 414 416 417 419 422 423 424 428 430 432 433 436 438 439 441 443 446 447 450 454 457 463 464 467 471 
76 331 
48 159 161 162 167 168 169 172 173 175 186 191 199 202 207 209 212 213 217 220 225 226 229 230 238 245 248 252 257 261 262 274 275 276 281 283 288 290 294 299 300 304 306 312 313 323 339 345 354 361 365 372 378 379 383 386 387 390 393 395 398 400 402 404 410 415 418 423 424 431 436 437 438 441 443 446 450 454 457 461 464 465 471 
274 1 173 179 181 191 201 205 210 224 225 230 231 240 243 255 256 264 271 273 279 282 284 286 295 296 306 327 328 359 364 365 370 372 377 390 406 407 408 413 416 426 427 428 435 437 442 451 454 471 
190 1 159 161 163 166 167 172 180 181 184 187 189 195 196 203 206 208 215 220 221 222 225 226 227 229 245 246 253 254 256 258 260 264 270 271 273 274 275 279 282 285 292 294 298 299 301 303 313 314 315 316 317 320 321 326 331 334 337 338 341 343 346 348 349 350 353 355 358 361 362 366 372 376 377 378 381 384 386 388 390 391 392 396 399 402 405 408 410 412 414 420 429 433 435 438 439 445 449 457 467 
6 177 185 213 240 247 266 278 288 290 295 305 337 338 381 397 409 415 438 446 448 464 465 
38 160 162 165 169 170 173 180 184 185 191 198 213 218 231 233 235 237 249 252 255 258 262 267 269 273 275 280 300 301 305 313 317 330 331 334 337 344 347 351 356 357 361 363 367 369 370 371 374 380 387 395 396 399 401 404 405 415 423 428 429 430 441 446 447 451 454 456 457 465 466 
184 166 169 175 178 180 184 189 190 192 193 196 199 203 208 211 212 216 217 232 233 235 239 240 244 246 247 249 250 251 252 255 256 260 264 270 271 272 277 279 280 281 283 287 294 295 296 297 298 299 301 305 307 310 312 320 321 322 323 324 325 326 327 332 333 334 336 337 339 345 348 350 357 364 367 369 372 375 379 380 383 386 388 392 394 395 399 402 403 405 406 408 410 411 413 415 417 423 424 431 432 436 448 449 452 455 457 462 464 466 468 
138 163 165 169 170 175 179 180 181 182 184 187 188 189 190 191 200 203 204 209 210 224 233 234 237 242 243 249 250 255 263 266 267 268 270 271 279 280 282 287 290 292 293 294 295 297 298 299 300 301 304 308 314 317 318 319 320 324 327 329 330 331 333 335 338 339 340 342 345 347 352 353 359 361 363 365 371 373 374 375 376 377 378 380 381 382 383 384 386 393 396 397 399 400 404 405 406 409 412 423 426 430 433 435 438 441 449 450 453 456 457 458 459 463 466 467 470 
247 160 161 163 169 177 178 179 181 188 203 205 209 210 212 213 214 215 216 217 222 223 227 228 235 236 237 240 244 245 266 268 270 271 273 274 277 281 285 287 291 295 301 302 308 314 330 333 334 337 338 345 348 352 355 356 359 368 369 370 372 373 374 375 377 382 385 389 390 394 400 401 403 406 410 412 414 415 420 426 432 434 444 446 447 449 452 459 461 462 465 468 
161 158 163 164 165 166 167 168 170 174 182 183 186 190 194 198 204 205 208 214 215 216 221 236 237 240 242 248 256 258 263 265 266 271 273 277 280 282 283 286 290 292 294 295 296 305 308 310 313 318 323 325 327 330 332 335 336 339 341 344 348 351 353 354 357 358 359 370 372 378 379 380 384 385 389 390 392 397 399 403 404 407 408 411 412 419 420 421 422 423 427 429 434 437 438 440 441 442 448 450 451 455 456 460 462 467 468 469 
141 161 162 164 166 168 169 171 176 178 184 186 187 189 191 193 197 200 202 205 210 215 216 220 226 227 232 235 237 240 243 247 251 253 254 258 267 270 271 272 273 276 278 284 285 289 290 299 301 303 305 310 319 324 328 330 332 333 336 339 342 344 346 347 355 360 361 369 371 373 376 377 378 380 384 390 391 394 397 401 402 406 410 414 415 417 419 422 425 428 432 433 439 442 445 446 447 450 453 455 458 461 464 465 466 467 471 
52 158 163 164 165 167 170 171 173 174 175 177 179 185 199 205 209 210 216 217 222 225 226 227 229 230 233 235 236 237 241 243 246 248 253 256 257 262 263 265 266 272 278 279 286 288 291 297 298 302 305 311 314 326 329 334 339 342 350 352 353 355 359 362 363 367 373 374 381 390 393 394 396 397 399 405 406 411 413 415 416 421 431 432 433 439 441 443 445 446 449 451 452 454 455 456 458 461 465 468 469 471 
201 161 164 169 176 177 180 182 183 184 195 196 227 230 242 249 280 289 311 339 340 349 350 352 354 357 360 361 371 373 375 393 397 419 426 432 444 449 452 454 
62 158 165 168 169 170 171 175 177 186 187 192 203 206 210 211 212 214 215 217 222 230 237 238 239 242 243 244 245 246 250 255 269 271 272 273 281 282 293 298 300 310 314 318 320 321 322 323 324 335 339 350 353 356 360 365 366 368 372 384 385 386 389 391 392 396 402 415 420 421 423 427 433 438 440 442 444 445 448 450 452 453 454 460 465 468 469 470 
138 205 208 232 237 336 337 
119 162 168 170 182 183 212 217 223 234 253 256 266 272 289 291 293 303 304 341 346 348 358 367 373 374 376 413 435 441 445 447 448 454 455 464 470 
46 158 163 164 171 174 177 183 185 193 194 195 204 205 207 210 212 213 215 235 236 238 242 243 252 253 254 255 256 260 262 266 270 272 279 283 291 298 300 302 309 312 315 317 321 325 326 327 328 330 332 333 337 340 348 354 360 363 370 371 374 380 382 385 390 393 396 397 403 405 407 409 411 412 416 418 426 431 432 436 437 438 446 447 449 451 454 467 471 
273 159 170 172 173 174 175 180 182 190 194 201 204 206 210 215 218 230 231 240 251 258 260 266 277 278 280 282 284 293 308 317 324 329 343 345 361 366 374 384 387 396 398 411 412 415 425 431 438 440 441 450 455 460 464 470 
130 1 161 162 163 168 172 174 175 185 187 193 194 195 196 200 201 208 211 216 218 220 224 225 226 228 235 238 244 246 248 252 253 256 260 262 263 266 272 273 275 277 281 285 287 288 291 292 294 295 296 299 301 302 303 306 307 311 315 319 322 323 324 327 329 331 333 335 337 340 341 342 344 345 346 348 353 354 355 356 360 365 368 375 376 382 385 387 390 391 392 395 398 403 405 406 408 421 426 428 431 433 434 437 445 447 451 452 453 458 461 463 464 468 
75 164 167 170 175 178 180 181 183 185 192 197 204 205 210 211 223 228 231 244 249 252 254 262 274 277 298 299 313 319 323 325 343 346 369 373 379 383 392 395 397 405 406 419 420 422 427 429 432 434 437 440 443 457 463 
99 159 162 166 169 170 171 175 178 180 183 184 189 193 195 200 206 207 210 214 231 232 235 236 240 241 244 245 260 262 267 270 271 284 289 291 292 297 298 305 307 312 315 320 321 323 326 328 339 344 345 350 353 354 355 356 361 363 364 368 375 376 380 381 383 384 387 390 392 393 395 398 401 402 404 413 416 419 428 433 434 435 437 438 441 449 450 452 453 456 458 459 460 463 466 471 
113 159 160 162 164 167 168 169 171 173 175 176 179 182 184 189 190 191 192 194 210 216 217 225 227 229 230 235 241 250 253 266 278 295 297 299 300 301 309 321 327 331 332 333 334 344 345 347 352 354 359 367 368 370 381 382 389 390 391 396 399 404 406 417 420 424 425 426 435 436 438 440 443 454 457 462 463 
97 1 164 168 169 173 174 175 176 178 182 183 186 187 188 191 192 196 197 198 200 207 216 224 226 227 234 236 240 242 244 245 249 251 253 255 258 259 261 264 266 268 269 270 271 275 276 278 289 293 294 295 296 297 299 300 301 302 303 304 306 307 308 310 312 313 315 318 320 321 326 329 330 331 332 333 339 346 354 357 363 365 366 368 376 384 392 394 396 397 400 401 402 404 407 409 414 416 417 423 424 429 431 432 433 436 437 440 445 449 455 464 470 
263 161 162 163 190 192 200 207 213 214 226 236 249 259 260 263 264 265 273 276 280 285 294 299 302 306 308 311 312 323 325 329 330 339 342 354 358 362 363 369 383 389 391 398 401 402 409 422 423 425 430 439 442 444 449 466 
11 159 164 168 169 178 181 182 184 193 199 202 208 209 212 214 215 216 225 226 243 256 261 262 264 267 268 272 275 278 282 283 284 285 291 293 294 295 307 309 318 319 322 325 338 339 346 349 351 352 358 360 361 363 366 367 371 378 380 382 384 387 388 390 394 402 404 405 413 421 424 427 430 440 444 446 447 448 452 455 457 460 461 464 465 469 470 
238 159 163 168 170 171 172 181 182 192 195 197 199 200 201 210 224 225 226 227 230 244 245 253 255 259 261 262 267 268 276 278 282 295 300 306 316 320 322 324 327 329 331 333 336 337 338 340 349 350 352 353 354 360 363 367 369 372 374 382 385 388 389 390 391 394 395 396 397 404 416 417 426 432 439 446 453 458 461 466 
26 1 160 166 167 169 177 178 180 185 187 192 197 202 205 206 207 209 210 213 216 218 220 229 232 233 235 239 241 243 244 250 251 252 253 256 262 265 266 267 268 269 274 275 279 281 285 288 289 290 292 293 299 302 305 307 313 314 317 321 322 324 325 326 327 331 334 335 337 338 340 342 346 348 351 352 354 355 363 365 373 377 379 383 389 390 391 396 399 401 406 407 415 419 420 421 422 429 432 433 434 436 442 445 447 449 451 452 455 456 457 459 461 462 465 467 468 
194 233 243 280 281 308 364 415 431 
163 1 250 284 
222 159 161 167 168 171 180 181 186 192 196 203 205 206 207 209 212 213 217 218 226 227 229 232 233 234 235 237 239 241 246 249 250 252 263 265 266 271 272 275 276 277 278 279 280 292 297 299 301 308 309 310 312 318 321 327 328 331 333 334 335 338 341 343 344 347 348 350 352 353 357 361 366 370 371 374 375 377 378 381 382 384 386 387 388 391 396 400 403 412 413 417 420 422 424 427 429 430 432 433 437 439 441 444 446 450 451 452 454 455 456 458 460 461 463 466 469 470 
220 1 191 198 212 218 238 242 247 287 298 302 351 357 370 434 443 456 458 
163 160 172 174 181 185 192 205 243 250 253 262 267 282 306 317 329 330 331 363 368 403 428 439 444 450 457 464 470 
61 1 162 163 164 168 174 176 179 184 186 187 189 191 194 196 202 206 207 214 215 216 218 224 227 230 231 233 239 240 246 247 249 253 254 259 261 262 264 272 274 276 278 280 284 286 289 292 293 302 305 307 312 313 316 318 327 328 329 330 336 338 340 343 346 348 349 350 351 354 360 361 362 365 366 370 371 373 374 377 378 381 390 391 392 394 395 399 404 410 411 413 415 421 423 429 431 433 438 439 440 441 442 449 456 463 465 466 468 469 470 
125 169 172 188 214 215 220 230 257 270 271 276 280 282 285 293 305 324 327 333 340 343 353 357 367 377 394 400 404 405 407 418 420 422 425 431 451 452 460 470 
26 1 179 187 193 197 199 214 231 239 252 256 281 300 303 311 313 314 319 321 322 323 324 325 326 340 343 344 345 355 356 358 360 362 363 374 379 380 394 397 398 401 404 428 432 435 444 445 454 463 468 
291 178 183 199 207 233 234 259 263 295 301 321 323 363 397 426 450 471 
159 1 164 173 177 179 181 187 198 201 208 236 240 250 254 260 263 268 275 283 294 296 298 318 326 338 347 351 353 361 362 369 372 374 382 395 398 399 401 407 408 412 417 418 420 426 431 433 435 464 465 
12 210 211 264 277 344 349 392 400 404 409 439 448 457 468 
89 158 160 163 175 178 188 193 195 196 205 217 227 229 233 240 241 244 248 249 253 262 265 272 277 281 283 284 287 288 305 307 325 327 343 350 354 361 375 377 379 380 385 388 393 395 396 417 420 427 428 429 437 446 448 469 
71 158 159 160 161 163 168 171 173 174 181 183 185 186 187 190 191 192 194 195 196 198 199 204 209 210 212 213 218 219 223 224 227 228 229 230 231 237 242 243 247 250 251 254 261 263 264 265 269 270 271 272 277 279 285 286 287 289 293 295 305 309 310 311 314 315 320 324 326 328 331 333 334 338 341 346 347 348 350 353 359 360 364 366 367 368 369 371 373 382 385 387 389 390 391 392 398 419 420 422 424 425 426 428 430 433 444 445 448 452 459 461 466 467 469 470 
76 160 164 165 171 172 176 180 190 195 199 203 204 208 211 215 221 223 226 228 235 237 240 241 242 244 254 263 264 265 266 270 272 278 281 288 289 294 300 303 309 315 317 336 340 348 350 363 365 368 372 373 376 379 386 392 408 420 426 439 444 450 455 465 470 
235 171 199 323 330 335 401 
133 159 169 170 180 193 200 203 229 231 233 235 248 266 268 269 270 277 278 297 307 311 315 318 321 322 323 325 340 352 358 364 388 392 393 395 401 417 432 439 441 455 457 460 464 
107 158 165 168 171 174 179 186 187 191 197 202 219 220 221 222 223 225 226 227 236 245 246 264 268 277 295 297 307 308 341 342 345 346 354 359 362 363 366 370 374 379 381 385 387 388 391 412 417 421 425 426 429 435 438 440 450 454 456 457 460 466 467 471 
297 1 160 161 162 164 166 170 188 205 216 224 226 227 230 232 237 238 240 247 250 254 259 261 263 265 267 271 280 284 285 295 304 308 315 324 333 338 340 345 347 348 350 352 353 363 368 372 375 376 377 378 380 389 390 394 396 402 410 414 416 417 420 421 425 433 434 435 437 460 461 462 
230 264 330 
111 174 185 189 230 232 235 238 244 257 269 281 286 317 333 348 349 381 394 425 
11 163 166 172 180 183 191 194 198 199 221 225 239 244 246 248 252 259 261 267 273 284 290 295 296 308 315 321 330 332 333 341 347 348 353 357 362 363 364 369 377 379 380 382 400 402 403 412 416 419 420 425 431 436 438 446 454 458 459 461 465 467 469 
98 166 167 186 191 192 200 206 211 213 216 221 226 229 231 235 240 242 243 245 247 250 251 254 261 262 263 264 286 291 292 297 300 302 305 308 313 316 318 319 324 328 330 338 347 351 357 362 368 380 382 385 386 390 391 393 397 405 410 412 415 417 418 423 425 426 434 439 441 442 445 448 449 455 459 460 468 
260 1 178 193 195 204 208 214 225 227 233 234 236 238 243 253 254 284 285 291 300 310 316 327 332 334 336 349 355 356 357 358 361 365 396 400 402 405 414 430 434 446 451 459 460 466 
11 162 165 179 186 188 190 191 192 194 196 199 202 203 208 209 216 219 220 225 226 229 231 237 241 242 245 246 248 249 251 252 261 264 265 269 272 273 278 283 285 288 289 290 292 293 294 297 301 302 303 307 308 313 314 316 318 319 320 324 325 326 337 338 340 345 350 351 353 357 359 360 362 363 365 367 370 373 375 381 382 384 385 387 389 390 391 396 397 399 400 405 409 415 416 418 419 420 421 422 427 431 433 439 441 442 443 445 454 456 462 463 464 466 467 469 470 
189 161 185 205 219 244 248 268 273 275 286 290 297 326 349 356 361 375 380 385 407 411 413 418 451 453 459 463 
300 158 163 165 166 167 168 170 171 172 174 175 177 181 186 196 197 198 204 205 214 215 217 223 227 228 229 231 232 240 248 249 250 251 252 256 257 260 263 264 270 271 275 276 278 279 286 287 288 289 295 299 300 304 305 306 308 310 314 317 319 320 321 323 325 328 331 332 333 334 340 341 342 343 351 353 354 355 356 358 360 363 368 369 370 372 380 383 386 387 388 390 394 395 397 400 403 406 411 412 415 417 420 422 423 424 426 429 430 433 436 440 442 443 446 450 451 457 458 462 463 467 
130 166 168 171 177 180 186 188 192 197 198 199 200 210 215 217 221 223 227 229 230 231 235 236 241 254 259 260 265 266 268 273 274 291 296 308 311 316 325 327 330 342 346 350 375 392 393 397 401 407 415 417 421 424 430 439 444 445 447 450 452 455 463 469 
126 164 166 170 199 200 209 214 216 217 220 222 228 234 240 248 254 257 260 263 269 270 271 274 288 291 293 297 298 301 305 307 309 316 319 321 329 332 338 341 342 355 357 367 371 373 382 393 400 409 414 423 427 429 431 439 441 443 448 454 455 456 458 460 463 
276 159 160 161 172 178 180 182 183 189 192 193 195 202 203 207 210 212 216 219 220 221 223 229 231 235 236 237 238 242 244 245 251 252 253 256 258 259 267 270 273 279 284 285 286 289 291 292 295 297 302 305 307 316 318 322 325 326 329 330 333 335 336 339 341 343 344 346 349 350 352 355 356 359 368 371 372 374 378 383 385 387 389 392 393 395 396 397 402 403 404 407 409 413 414 415 416 418 419 422 426 427 431 432 434 435 436 437 445 448 450 454 462 464 466 467 469 471 
150 175 179 183 194 195 196 201 203 204 205 212 217 220 221 226 228 229 233 236 238 246 247 251 255 261 263 266 268 269 273 275 283 287 288 292 293 294 296 301 304 306 309 312 333 335 339 342 344 346 349 361 363 369 375 379 380 381 384 385 386 387 394 395 398 403 407 410 412 421 429 437 439 440 441 443 444 449 459 461 463 
19 165 177 188 191 193 194 198 200 210 217 228 239 242 245 246 247 249 253 257 267 271 273 277 285 286 298 306 309 324 334 337 340 344 353 357 360 361 362 365 366 369 380 386 395 396 397 403 419 423 424 431 437 438 468 469 
273 174 188 205 209 210 217 218 219 230 231 232 233 242 245 246 256 259 272 275 278 279 281 282 283 284 286 293 309 312 320 331 334 345 347 354 356 361 367 373 394 395 402 406 409 429 443 444 451 454 464 467 468 
288 1 160 163 170 172 175 176 178 181 193 197 199 201 210 211 216 218 228 229 233 237 239 240 241 246 250 251 254 259 260 263 264 275 279 287 289 290 291 292 295 299 304 305 306 307 313 318 320 321 326 328 331 336 337 338 346 347 348 354 355 359 371 374 375 393 396 397 402 404 406 407 409 413 418 419 421 424 429 435 436 437 439 446 449 451 453 458 459 460 462 465 467 
38 159 160 167 176 179 181 189 193 194 197 202 210 211 217 218 220 221 225 230 231 232 235 237 242 246 247 248 255 257 258 262 264 271 277 278 281 284 288 289 290 294 298 299 300 301 303 305 307 312 317 319 328 340 344 346 352 359 360 368 370 371 377 388 390 392 397 403 409 413 421 424 429 435 442 444 451 453 456 458 459 461 464 468 471 
97 1 161 163 166 167 169 174 178 183 184 185 188 191 194 196 199 201 216 219 220 223 226 229 231 237 241 245 248 256 259 263 265 267 273 288 291 294 298 302 303 305 315 316 317 320 321 322 323 325 326 330 332 333 338 339 342 344 347 351 353 355 356 357 363 368 372 373 374 376 385 386 393 394 402 405 411 412 419 423 425 429 432 433 434 437 447 451 452 455 456 457 460 461 462 463 464 467 469 470 
54 1 159 160 166 172 173 180 181 184 187 189 193 201 202 207 211 213 218 223 226 229 231 236 244 245 249 251 253 254 256 262 263 264 267 270 273 274 276 277 278 289 294 297 299 304 309 312 316 318 319 325 326 330 331 333 337 338 340 345 346 347 348 349 350 352 354 361 362 363 364 365 366 372 375 376 380 384 385 388 398 399 401 403 407 416 421 425 426 428 432 434 437 439 440 443 446 448 450 451 457 461 462 464 465 467 470 
263 1 158 168 169 175 178 179 192 194 202 204 211 216 221 222 223 224 225 227 235 241 245 248 254 256 257 258 260 262 265 266 268 271 275 279 284 288 290 294 296 300 305 306 312 313 314 317 319 321 329 332 338 340 342 345 346 348 361 364 375 396 399 409 418 421 426 427 428 445 454 456 462 463 
149 161 163 165 167 169 177 190 204 209 211 214 219 225 233 237 252 253 256 260 261 262 263 267 269 270 276 285 289 293 295 303 305 314 322 328 330 332 343 350 370 385 386 388 389 391 400 405 409 411 422 427 428 432 437 439 440 442 444 454 461 462 465 470 
284 159 160 162 163 165 166 170 173 182 185 187 190 191 202 203 205 208 210 213 223 227 228 229 231 234 240 243 244 250 254 257 258 261 267 279 280 282 285 287 293 298 299 300 301 306 307 308 315 317 320 323 324 326 334 337 352 353 362 365 372 373 376 383 389 395 396 400 402 407 412 414 416 417 421 430 444 445 452 461 468 469 
59 159 160 161 163 164 173 176 183 190 192 193 197 198 207 208 210 216 219 225 230 233 237 240 242 245 246 247 248 253 256 257 258 261 264 265 270 279 281 282 283 284 288 290 292 293 298 303 305 307 308 313 315 321 323 325 327 328 331 334 336 340 343 345 350 360 361 368 378 381 388 390 391 392 396 397 400 408 410 417 418 429 430 435 436 442 443 444 447 461 
24 158 162 171 173 174 180 182 188 189 197 199 200 205 208 210 217 218 219 230 233 239 241 242 243 244 259 260 265 269 270 271 272 276 277 278 282 286 288 293 296 298 303 307 308 311 312 317 320 322 323 326 328 333 339 340 341 344 358 360 361 366 379 384 386 393 405 409 413 414 415 419 422 424 426 430 431 432 433 438 439 440 442 443 446 447 449 453 455 456 458 468 470 471 
234 1 158 162 164 165 166 168 169 170 171 174 175 176 177 182 188 189 193 197 209 212 219 220 224 227 229 230 233 234 239 246 247 249 250 251 252 255 256 257 260 264 265 266 267 272 273 275 279 280 282 283 284 291 295 298 299 306 307 308 315 316 317 319 326 327 328 331 332 333 335 337 343 344 352 353 356 359 371 374 386 390 391 393 398 402 403 404 405 409 420 425 429 430 432 433 435 440 443 445 448 452 470 471 
153 158 172 193 195 197 205 211 215 217 219 224 232 236 239 240 243 250 258 259 263 265 270 271 273 276 278 283 284 285 298 303 304 307 308 310 322 329 337 339 340 353 365 366 367 368 387 390 393 394 399 401 402 404 414 422 423 426 443 444 460 464 469 
50 1 175 177 180 205 212 220 230 233 242 244 245 258 260 261 263 270 280 290 301 304 336 343 344 345 348 359 360 369 380 383 396 403 404 406 407 409 410 428 434 438 441 443 450 451 456 458 469 
39 158 175 176 177 196 204 206 212 216 219 224 226 245 257 259 266 273 291 299 307 308 310 313 315 320 330 338 343 363 364 365 373 375 378 387 396 418 441 449 456 457 461 462 
22 161 168 183 184 187 192 210 214 224 230 251 258 270 278 284 285 287 309 312 326 329 333 334 338 344 348 369 378 379 391 395 404 412 413 419 425 430 432 444 448 452 457 460 469 
106 158 160 164 178 179 180 190 192 200 204 206 210 213 216 220 221 224 227 233 249 251 264 268 276 277 279 282 287 289 295 302 309 310 316 317 321 338 342 343 346 349 357 360 361 367 385 387 388 392 393 394 403 412 413 418 425 427 434 436 441 444 447 448 455 461 462 463 467 468 469 471 
136 218 222 231 251 262 270 279 282 287 303 349 361 384 397 398 427 
220 160 162 166 167 169 176 177 178 179 182 184 185 186 187 191 196 199 205 213 214 220 222 224 231 233 235 236 237 241 242 252 254 255 256 267 269 271 275 281 286 290 294 295 297 300 308 313 315 326 327 328 331 332 338 343 346 354 357 362 365 368 369 376 378 381 382 384 385 387 390 391 392 395 401 402 406 408 410 412 415 417 423 424 429 438 442 443 446 447 448 453 455 458 462 464 466 
22 161 165 176 179 180 191 193 194 199 204 208 209 212 217 237 241 243 244 245 248 249 258 259 262 263 266 271 273 277 282 287 289 294 296 298 299 302 315 318 325 329 339 340 352 355 365 373 374 376 378 379 380 381 383 384 388 393 394 395 400 404 405 409 418 419 427 429 431 438 441 446 450 455 464 467 
7 1 161 166 169 172 176 190 192 194 195 197 199 200 202 204 205 208 210 212 214 220 221 226 228 230 234 235 236 237 238 239 243 246 251 252 253 254 256 257 260 262 267 271 275 277 280 282 287 288 289 293 297 304 307 310 313 317 319 320 321 323 330 337 338 339 341 343 344 345 347 350 356 357 360 367 370 371 373 375 381 384 385 388 389 392 394 397 403 404 405 413 414 415 417 424 426 427 428 434 440 442 444 450 451 453 456 457 461 462 465 467 468 471 
134 1 161 167 171 179 184 187 196 197 201 204 210 218 223 228 229 231 237 238 239 242 251 253 257 263 264 268 270 273 274 277 278 287 290 296 300 304 310 315 329 332 336 339 342 346 357 359 362 364 365 367 371 375 379 381 386 388 389 390 392 404 405 407 408 415 416 431 435 437 440 443 446 455 459 460 466 467 
78 164 167 170 171 175 183 185 187 188 190 193 194 195 197 203 204 206 212 213 215 217 223 225 227 228 235 239 248 249 250 259 261 270 272 273 281 287 289 294 295 311 314 315 316 317 323 324 326 331 338 340 341 342 346 349 356 359 363 369 370 371 378 381 387 388 391 397 399 401 402 408 416 419 422 424 426 428 429 430 434 436 439 443 445 455 460 461 463 465 470 
11 175 180 190 191 197 202 208 218 227 248 249 257 261 264 266 271 288 313 317 323 336 348 368 371 380 383 390 394 419 423 426 449 463 466 
245 161 165 173 175 184 185 186 190 206 210 221 222 223 227 240 243 255 267 268 285 290 291 316 333 338 349 354 356 377 388 405 423 425 445 462 464 
279 167 181 192 202 218 228 235 253 255 264 272 285 287 288 294 297 313 321 329 335 340 359 365 418 431 434 438 447 449 451 456 466 467 
44 159 161 162 167 168 170 174 178 182 187 188 191 195 196 198 200 205 208 210 211 218 219 220 226 228 231 237 239 246 247 250 251 257 260 262 268 269 272 275 280 281 282 286 289 290 291 292 297 300 302 305 314 316 320 322 323 324 327 330 331 337 340 347 350 352 353 354 356 357 358 359 360 363 365 371 372 376 379 380 385 390 394 395 403 405 407 410 413 414 415 417 424 429 437 438 441 442 445 446 447 449 450 454 461 465 466 471 
218 160 176 183 210 255 265 306 308 327 353 369 425 441 453 462 
221 170 192 201 202 234 240 249 264 288 292 293 297 342 367 382 397 400 470 471 
83 175 176 178 186 197 223 227 229 230 232 233 237 238 244 250 252 261 263 264 267 269 272 280 282 283 285 288 289 295 296 299 300 304 305 307 309 313 320 324 326 344 346 349 352 355 368 370 371 373 376 377 382 385 392 396 400 406 412 416 418 419 424 425 426 428 429 432 434 454 455 458 463 
276 161 163 171 173 176 210 211 212 216 228 229 239 267 271 275 290 292 301 302 303 313 315 317 320 323 342 351 357 362 366 369 373 377 380 390 393 395 398 401 405 417 420 421 422 423 425 444 447 452 456 462 463 464 465 468 470 
5 160 163 168 169 179 188 193 194 196 197 198 203 205 206 208 213 217 221 224 225 230 234 235 236 237 241 265 266 270 273 277 280 281 282 283 285 300 301 308 311 314 317 318 320 321 323 335 338 347 360 361 362 366 368 369 371 373 375 376 379 383 384 387 392 393 394 399 402 406 407 408 412 413 416 427 432 434 443 444 445 446 447 455 456 458 464 467 471 
194 1 158 160 161 163 166 170 171 174 176 178 181 182 186 188 191 200 201 202 206 207 211 212 214 216 217 218 219 229 230 235 237 238 244 245 246 247 248 250 251 253 261 262 264 265 267 268 270 271 274 275 281 283 284 287 289 296 318 319 320 321 333 335 340 346 350 351 353 360 362 365 371 373 378 379 381 386 388 398 402 405 406 408 410 412 414 416 419 422 425 431 439 445 448 450 453 456 460 462 464 465 468 470 
120 160 163 172 176 179 182 188 198 200 202 205 213 215 216 220 226 228 239 244 250 259 272 277 281 293 301 310 314 320 322 325 327 338 345 363 365 369 377 382 396 405 406 421 441 442 455 
179 162 164 169 170 174 175 177 181 184 192 199 208 212 214 227 232 235 247 253 254 263 265 269 273 278 280 282 290 292 296 301 302 304 314 325 337 338 344 359 364 367 374 383 399 403 405 409 420 421 422 427 436 438 442 453 455 461 466 
260 158 163 168 170 173 176 178 182 190 191 198 203 209 223 229 234 235 239 242 248 251 252 254 255 256 261 262 265 268 275 288 292 296 299 308 315 335 337 342 346 358 366 367 376 378 384 388 393 401 408 410 411 412 413 421 423 424 426 431 436 438 458 459 461 466 
297 264 308 361 367 369 
166 160 180 188 192 193 197 198 202 208 226 229 236 237 243 246 259 260 265 270 271 277 280 290 303 305 306 312 318 319 320 325 328 335 341 342 353 354 356 357 360 362 363 368 371 390 393 399 402 403 407 412 413 414 415 416 432 434 440 446 468 469 470 
182 159 162 165 171 172 173 175 177 178 180 183 185 188 192 198 202 203 204 206 215 217 218 222 223 236 240 248 250 253 254 255 256 257 258 259 260 263 270 277 280 282 283 288 290 291 292 304 305 307 309 310 313 314 317 319 322 326 327 328 339 348 350 357 361 363 365 368 369 372 373 377 379 380 382 392 395 397 400 401 403 404 405 410 413 414 419 423 429 430 433 434 437 445 446 450 451 453 461 463 468 469 470 471 
218 172 213 285 316 377 415 421 424 425 434 439 442 444 
171 171 177 197 200 208 215 218 236 275 294 299 320 321 342 372 375 420 444 446 460 
135 158 159 162 163 167 168 169 171 176 181 182 188 189 190 193 197 199 200 204 207 208 212 213 216 217 222 223 228 231 232 234 236 237 242 244 245 252 253 255 261 265 269 270 273 277 278 282 284 288 297 299 300 304 309 313 318 320 321 325 327 328 330 334 336 337 342 345 348 350 351 352 355 358 359 365 373 375 376 378 381 382 383 384 386 391 397 401 402 404 405 406 416 417 419 421 428 432 434 437 438 439 442 446 450 452 453 456 457 461 462 466 
14 1 158 161 163 164 165 167 168 172 175 183 184 185 188 189 190 196 203 205 210 214 215 225 226 233 238 240 243 244 254 256 257 258 260 261 262 264 270 272 273 279 285 289 301 303 306 307 314 321 324 328 329 333 339 340 342 343 349 360 361 364 366 370 372 374 387 388 389 390 391 393 394 401 402 403 404 414 420 423 426 428 431 434 435 436 438 439 443 451 454 455 457 460 461 465 466 469 
201 1 165 167 170 171 172 176 182 183 184 186 193 194 196 198 199 200 202 204 209 222 225 228 229 231 233 235 243 245 252 255 261 262 268 269 270 271 276 279 281 282 284 285 291 292 294 296 297 299 301 303 305 308 311 314 316 320 321 323 324 326 328 329 334 338 346 349 355 363 370 374 378 379 391 392 393 402 406 407 411 414 415 416 423 424 434 436 437 440 443 454 461 462 464 465 468 
265 1 159 168 169 171 172 173 174 177 190 192 193 200 202 206 215 218 220 222 226 228 230 235 243 244 247 251 252 253 254 257 259 265 266 268 269 270 278 281 284 290 298 302 303 305 313 315 317 318 320 329 330 331 334 335 337 338 342 344 347 348 350 366 368 370 373 374 375 377 379 380 385 392 399 401 404 408 409 414 420 422 426 429 436 438 440 444 445 456 462 464 465 
179 165 169 182 207 208 219 248 251 258 276 281 282 292 293 310 312 320 338 345 349 353 366 367 370 387 410 425 433 437 441 445 446 466 469 471 
198 160 161 163 169 170 175 181 188 189 194 198 200 201 206 208 211 212 213 215 220 221 222 223 227 228 234 235 236 241 242 244 250 251 255 258 259 260 262 263 265 270 272 277 280 285 286 288 293 297 299 302 306 308 313 317 319 321 322 324 325 332 333 340 342 343 347 348 349 350 352 353 355 361 364 367 369 379 380 381 387 392 396 401 402 404 405 407 410 412 415 417 418 420 423 424 425 427 429 430 432 435 440 441 443 447 449 450 453 456 459 460 461 463 464 465 467 
111 162 163 164 173 187 188 215 243 276 277 291 299 330 366 401 406 408 420 
104 162 182 186 193 197 203 206 210 216 230 231 237 240 243 253 256 285 292 301 308 310 332 337 364 365 380 384 390 396 411 414 416 426 431 449 454 467 468 
184 192 195 202 351 458 
96 159 160 161 162 166 171 179 182 195 197 198 203 204 205 213 219 220 222 223 230 233 237 242 244 251 260 264 286 287 289 291 293 294 296 298 310 311 312 319 322 328 331 332 334 336 339 343 348 358 364 366 370 372 378 392 394 402 404 411 415 423 424 427 428 432 438 443 444 451 463 464 466 468 470 
60 162 163 164 167 171 173 176 177 183 185 187 191 195 202 203 204 206 212 214 215 219 222 228 232 234 238 243 246 253 256 258 262 263 266 270 276 277 282 283 284 286 287 288 289 293 299 300 303 311 312 318 319 320 325 329 337 341 342 346 349 353 354 356 357 359 362 363 365 375 378 379 380 382 384 386 391 392 394 397 398 400 401 402 406 407 411 418 420 421 425 428 431 432 435 437 438 441 442 443 444 446 448 449 452 453 455 456 458 459 460 462 464 465 470 
220 159 163 167 171 178 181 183 188 198 200 201 215 222 223 224 225 231 232 234 238 254 255 257 258 263 264 265 276 279 285 287 289 291 296 298 299 307 309 314 317 321 322 325 330 332 338 345 349 355 357 367 369 370 382 383 388 392 394 398 405 408 409 412 414 422 425 426 436 438 444 446 449 454 458 459 462 464 466 470 471 
92 1 169 172 174 178 180 184 185 186 191 194 197 201 203 206 208 210 224 225 227 244 259 268 271 278 279 280 283 287 288 290 293 296 297 298 301 318 321 322 325 327 339 348 352 356 359 367 368 369 370 377 384 386 388 390 393 394 395 399 400 409 411 412 418 424 441 448 449 460 464 465 
243 158 161 163 168 169 170 171 172 173 175 184 187 188 197 198 201 207 208 209 211 212 216 219 220 221 222 223 224 227 232 233 235 236 245 246 252 256 261 262 268 271 273 276 278 279 280 283 286 290 292 293 294 298 299 304 307 308 310 311 312 313 316 317 318 321 337 338 342 343 348 349 352 358 359 361 363 365 367 368 371 372 374 376 378 379 380 382 383 386 387 389 391 392 395 399 404 406 407 409 414 422 425 432 436 437 438 442 443 444 447 448 452 455 456 463 466 467 470 
119 160 161 162 170 177 181 187 191 197 201 205 206 209 210 215 216 217 221 225 228 234 235 237 240 243 248 253 263 265 268 271 274 275 277 279 292 294 296 297 299 306 311 313 320 324 326 328 332 335 339 342 345 346 362 363 368 369 376 379 380 381 385 389 390 391 394 395 396 399 400 401 404 407 409 410 411 413 415 422 423 426 427 432 436 437 443 447 464 
287 159 162 163 165 166 169 171 174 175 177 179 186 187 188 189 190 196 198 201 207 210 212 213 222 223 224 226 227 228 230 232 234 238 240 241 250 251 253 254 255 256 258 260 262 266 267 269 271 272 274 277 281 283 287 291 293 296 300 301 303 305 307 311 312 313 314 315 316 317 318 325 327 330 333 334 336 337 338 344 347 348 349 350 354 358 362 364 367 368 376 377 379 380 382 383 386 390 391 393 396 398 399 401 403 404 406 408 409 411 413 414 415 416 417 421 423 427 428 437 441 442 443 445 449 450 451 455 458 461 462 465 468 469 471 
235 163 166 167 169 171 172 175 176 182 184 191 194 195 210 212 217 222 230 236 237 248 250 259 266 268 276 277 282 287 291 293 294 296 297 298 302 312 316 319 320 323 331 332 336 343 344 347 349 350 364 365 367 372 381 386 392 401 403 404 407 413 418 422 423 438 439 442 450 451 452 453 455 456 458 460 463 465 
270 159 161 162 169 174 185 193 198 202 206 209 211 215 216 223 227 232 234 237 239 241 244 254 255 264 265 266 271 277 283 286 288 289 292 302 314 317 320 325 335 336 340 346 349 352 355 361 362 380 381 403 410 412 423 425 428 432 434 436 439 444 455 467 469 470 
291 171 175 191 195 199 206 216 226 231 232 236 264 274 293 300 301 309 310 313 317 329 330 338 341 351 354 358 361 368 384 390 406 415 424 429 432 451 459 
141 166 172 179 180 182 200 214 217 230 251 256 262 267 271 280 287 290 297 299 314 320 323 339 370 374 376 378 382 389 404 406 417 425 432 457 471 
186 162 165 169 179 186 197 198 200 202 205 206 213 216 241 243 248 251 258 260 266 269 271 274 284 291 302 307 308 314 325 329 333 334 336 360 361 362 364 376 380 382 391 401 404 408 412 414 422 423 427 428 431 436 437 443 455 459 
20 184 186 194 197 204 207 208 209 213 216 217 223 227 229 232 233 234 236 240 243 245 247 249 256 265 276 277 280 283 289 294 299 300 303 306 308 311 314 321 334 337 342 343 346 354 362 369 377 381 383 388 389 398 408 416 419 420 429 430 432 434 441 444 445 449 451 452 454 455 459 460 462 463 464 465 467 468 
108 170 179 184 185 192 196 199 224 227 232 255 256 260 264 266 267 270 282 287 293 296 313 320 323 332 337 340 353 354 356 360 371 372 376 377 378 385 386 388 389 393 405 419 437 444 455 459 465 471 
196 159 162 164 167 168 169 177 179 181 183 187 188 190 201 202 203 204 205 209 211 215 219 223 227 228 230 231 234 239 244 250 252 254 259 260 263 264 268 271 272 280 283 286 287 294 298 300 302 314 318 321 322 323 328 331 333 337 338 343 350 353 359 362 363 364 366 368 373 377 381 386 392 396 398 406 408 411 412 418 423 425 427 435 436 437 439 440 448 449 460 461 462 467 470 
179 1 163 168 172 173 174 183 188 189 190 191 192 195 196 200 201 205 208 209 210 211 213 214 217 218 220 229 233 234 235 236 240 242 243 248 251 254 259 266 269 271 274 278 279 284 286 289 297 300 303 305 306 310 322 323 326 328 330 335 336 338 343 344 347 350 356 358 361 362 366 368 369 372 378 381 384 387 389 390 391 395 397 398 402 404 407 412 414 417 419 420 423 425 426 427 430 435 436 439 440 441 448 449 451 452 453 454 455 457 461 462 466 467 
49 160 162 170 173 174 178 182 186 197 198 201 203 205 212 215 223 224 232 236 237 241 245 249 258 259 260 263 265 274 276 278 279 285 288 291 298 316 322 326 329 330 340 343 344 345 346 353 356 359 362 363 364 370 371 373 391 403 410 418 422 424 432 438 440 442 448 461 466 469 
153 170 183 207 215 233 258 265 270 277 283 298 306 321 330 333 339 358 374 385 393 394 404 411 424 430 
53 160 161 162 164 166 169 172 173 175 178 181 182 184 189 200 208 210 212 228 231 243 247 251 254 256 259 260 266 268 269 274 275 280 284 285 305 306 314 322 325 331 337 342 345 348 351 355 359 363 365 369 370 372 380 383 389 390 401 405 406 408 409 411 413 414 416 417 418 420 421 428 442 448 450 454 469 
86 158 159 160 168 170 171 178 181 193 194 197 199 200 205 215 222 224 229 231 232 240 244 250 251 258 264 269 274 277 310 311 315 324 332 344 352 354 357 359 363 364 375 388 391 393 400 403 414 416 419 427 428 430 434 435 436 437 443 449 455 466 
28 158 160 161 164 167 168 171 173 175 176 179 184 187 190 192 194 196 197 198 199 203 205 206 207 210 211 216 219 222 223 225 229 234 235 239 241 243 244 246 248 252 253 255 256 257 259 264 265 266 267 272 273 276 277 279 280 281 294 296 298 303 306 307 309 311 323 326 328 332 333 336 342 343 346 349 353 356 357 358 362 364 365 366 367 368 370 372 373 376 382 385 390 393 394 395 397 398 403 404 405 408 411 413 415 417 418 424 428 429 430 431 434 436 439 442 449 450 451 455 457 460 463 464 465 468 
42 159 164 170 172 175 180 181 187 188 189 190 191 201 212 213 214 216 218 225 234 235 236 246 248 255 257 261 265 272 279 280 281 282 296 298 302 305 307 328 337 339 344 345 346 353 354 359 362 364 366 370 375 376 382 383 386 388 396 400 406 411 412 421 422 423 426 441 447 464 465 466 471 
261 1 160 161 173 178 179 181 182 191 209 210 211 221 226 229 230 234 236 237 240 242 245 247 248 251 252 264 265 269 288 289 295 297 300 301 302 303 306 307 310 311 315 316 318 321 326 329 332 335 339 344 350 356 361 370 374 376 378 394 397 402 409 410 414 439 448 455 467 471 
156 1 160 163 165 167 171 177 182 192 202 204 209 212 213 214 215 216 217 218 222 223 224 227 232 234 241 246 247 250 253 254 260 262 268 271 272 278 280 284 287 292 296 298 302 311 315 322 326 333 337 342 346 354 355 356 357 359 360 361 364 365 366 371 380 384 386 389 391 392 393 402 408 417 419 425 426 433 434 439 441 447 453 465 
80 162 165 186 192 223 251 268 280 303 310 319 323 326 339 346 347 370 433 434 470 
46 1 159 162 163 164 169 173 176 180 183 190 191 192 194 195 197 203 204 205 206 208 211 212 213 215 218 221 227 230 234 236 237 238 240 249 250 252 255 257 258 262 266 270 271 275 276 277 278 280 283 284 286 290 294 298 300 303 305 310 312 314 319 320 321 322 323 328 331 335 337 346 350 352 354 364 365 366 378 381 382 384 390 391 392 395 396 397 400 403 409 410 412 417 418 420 421 423 433 434 436 437 439 440 441 443 446 447 454 456 457 458 465 467 470 
1 162 163 165 175 176 183 184 185 195 215 224 225 232 234 235 243 244 246 286 289 291 293 309 312 316 319 320 325 329 330 342 347 350 351 355 362 371 380 383 388 391 406 420 425 428 429 434 439 442 445 457 464 466 
11 160 161 172 183 243 288 321 342 361 365 384 386 388 416 426 446 448 449 
251 162 163 174 176 177 179 181 184 189 190 191 192 193 195 196 197 199 202 203 205 215 216 218 220 221 224 225 229 230 231 236 247 250 252 253 254 255 259 262 265 266 267 273 276 279 282 283 284 285 287 294 295 300 301 302 303 305 309 319 321 322 323 324 326 327 331 337 342 343 344 345 347 349 350 353 355 359 365 368 369 371 373 377 387 391 395 401 402 404 410 414 415 417 418 425 428 429 430 440 445 447 449 450 453 456 458 462 464 465 468 470 471 
262 1 158 172 177 186 191 193 202 213 214 217 218 225 232 235 250 268 281 283 290 296 304 322 323 325 327 339 345 348 349 358 361 370 378 395 399 403 407 417 426 432 438 459 461 
22 158 160 163 165 170 174 182 183 184 185 186 187 188 189 192 195 196 198 202 210 212 213 217 220 223 225 228 229 233 237 239 244 258 259 263 267 268 275 276 277 283 284 292 293 294 297 298 299 313 315 316 324 327 328 330 336 337 338 339 340 342 344 346 350 351 352 368 371 372 375 378 381 384 386 387 388 391 396 400 401 403 411 416 418 421 423 428 434 445 446 448 451 457 470 471 
138 174 
37 166 181 187 194 197 199 202 225 231 238 240 242 243 293 309 322 326 335 336 357 362 363 367 371 388 404 415 426 447 449 453 455 457 458 463 467 470 
187 1 158 161 165 166 167 173 174 175 179 180 182 185 189 190 191 192 195 202 203 205 216 218 219 220 225 226 228 230 237 239 241 244 247 249 251 253 254 264 267 269 270 274 277 284 285 290 292 293 295 298 301 302 305 307 311 313 314 315 319 321 323 325 336 340 341 344 345 347 351 354 355 359 360 363 364 368 369 371 375 376 378 379 386 388 390 395 398 399 409 410 412 415 416 420 421 422 428 430 433 434 436 439 442 443 446 451 452 453 459 467 469 471 
103 161 164 166 167 168 171 185 186 188 191 194 200 202 205 209 217 218 219 224 230 231 236 237 239 241 244 257 260 264 267 268 269 270 272 275 277 288 291 294 295 298 301 306 309 314 315 316 317 318 320 329 330 331 332 333 334 340 341 345 346 347 353 359 360 366 367 372 374 378 381 383 388 389 391 394 395 396 397 398 399 402 410 412 424 426 428 429 430 431 432 436 441 445 446 452 454 458 460 462 
202 1 159 163 172 173 180 181 185 193 198 200 201 202 214 215 216 221 222 223 224 225 228 232 236 237 238 247 248 254 255 256 266 275 277 278 284 289 290 293 298 299 303 304 305 307 309 311 318 324 326 327 338 339 341 345 350 360 363 364 366 369 372 378 385 387 391 398 405 415 424 425 431 435 440 442 446 448 449 455 457 459 461 467 469 470 
52 1 161 162 171 177 180 181 183 211 215 216 218 228 232 234 236 240 253 260 265 268 271 272 278 279 284 287 289 296 297 310 312 318 321 322 323 324 330 331 338 341 343 344 351 352 353 357 362 366 371 373 379 383 398 399 421 422 423 427 431 434 443 447 449 452 453 455 456 457 459 461 466 467 468 471 
238 1 158 161 162 165 167 172 174 176 178 179 184 185 186 187 188 192 193 194 198 200 203 205 207 209 210 212 217 223 224 233 234 239 240 243 244 245 249 258 259 260 269 270 271 272 274 276 280 283 289 293 294 295 296 299 300 306 312 313 314 315 317 319 320 321 324 325 329 330 331 332 336 337 338 342 344 347 351 358 359 360 361 362 364 366 367 375 377 378 384 386 396 406 409 410 411 414 415 420 421 422 423 428 433 434 435 436 437 439 443 447 450 466 468 
164 1 159 160 162 163 174 183 185 188 189 192 195 198 206 213 216 219 221 229 237 240 241 245 248 251 263 271 274 275 288 290 291 293 296 297 299 300 301 307 309 313 314 317 325 329 330 332 340 348 349 353 359 360 370 371 373 375 380 384 387 391 394 395 400 402 403 407 408 410 423 434 439 442 444 445 448 453 456 459 461 466 
220 1 165 168 169 176 180 185 187 188 196 197 206 214 222 231 242 253 256 257 266 268 271 276 279 285 289 295 297 306 311 312 326 332 333 334 335 341 342 347 348 352 353 358 359 361 369 374 378 384 385 392 400 404 415 416 421 422 427 431 434 435 436 437 439 445 447 452 455 460 462 464 
257 1 158 161 162 165 169 175 178 179 183 187 190 191 194 198 200 201 207 210 212 215 220 221 222 225 227 229 230 232 235 239 241 242 246 248 257 264 266 267 271 274 277 279 292 293 304 308 310 311 332 335 336 341 344 346 350 352 356 357 363 368 370 371 373 375 376 377 379 381 384 387 388 390 392 393 395 396 399 404 406 415 416 417 420 421 425 429 430 431 432 434 440 446 450 451 455 462 463 466 467 471 
28 166 208 223 286 342 362 381 470 
230 161 164 179 185 189 194 208 217 222 223 239 242 252 258 259 265 272 277 281 285 287 303 309 315 323 328 332 341 343 353 354 359 360 361 364 369 374 383 388 393 394 404 421 442 444 451 457 
155 159 160 169 170 171 174 177 178 181 183 185 187 189 193 194 195 198 201 204 205 207 210 211 213 217 221 222 223 225 228 229 230 237 249 250 254 257 259 261 262 265 266 267 271 273 275 280 286 287 288 289 290 298 301 303 304 305 308 311 315 316 318 321 323 324 327 331 333 334 335 339 340 345 351 352 353 360 365 371 374 375 377 378 382 384 389 391 392 393 395 397 398 406 408 409 410 417 428 430 431 440 441 444 449 451 456 457 459 460 464 467 468 469 470 
96 158 166 167 168 170 172 176 177 181 187 194 199 200 203 210 213 220 227 230 233 234 238 239 242 245 252 256 259 276 278 280 286 295 298 302 304 305 306 308 310 311 315 317 319 324 325 326 327 329 339 343 345 349 350 352 353 356 357 358 359 363 364 365 368 375 377 380 381 382 383 384 386 392 394 405 406 409 413 416 421 422 423 425 436 438 439 441 443 445 447 450 453 458 465 468 469 471 
113 1 160 165 167 169 173 179 183 185 186 192 194 203 227 235 244 248 252 259 262 268 269 275 276 277 279 283 287 296 297 298 301 302 306 311 319 322 324 328 331 333 336 338 340 342 343 345 354 355 356 357 361 363 368 379 383 384 399 400 401 403 405 407 408 413 415 417 419 430 431 434 438 463 465 467 469 
139 163 168 170 172 174 175 176 190 192 209 212 213 217 218 228 232 234 237 239 244 247 251 252 259 261 263 264 266 271 277 279 281 283 291 297 299 301 308 314 318 321 322 329 337 338 343 345 357 358 362 363 364 366 367 369 374 375 378 382 383 385 388 389 391 394 395 396 398 399 401 402 418 423 426 431 432 439 443 447 449 452 457 462 464 465 
171 163 164 166 168 177 187 198 199 222 225 226 229 238 240 244 247 250 261 262 264 266 275 277 283 292 297 298 300 301 302 313 315 318 319 321 322 324 329 336 338 345 346 353 361 366 372 373 375 376 386 388 394 397 399 401 413 415 418 419 420 421 424 426 428 433 435 436 441 448 451 452 455 459 
201 169 172 179 181 183 194 198 200 201 204 210 216 217 223 226 228 234 242 244 245 252 266 277 281 282 289 291 292 297 302 305 313 322 331 332 338 344 347 353 354 359 360 361 363 373 383 389 391 392 399 407 408 409 418 419 424 428 434 435 440 445 447 
124 1 159 160 162 165 166 167 170 172 177 179 182 184 185 198 199 200 201 204 205 208 209 210 212 216 220 222 223 224 226 228 229 232 233 241 242 244 247 251 252 253 254 255 256 257 261 262 266 267 268 270 275 278 281 286 287 290 294 296 298 305 306 307 310 311 312 313 314 315 319 324 325 326 332 335 336 337 338 339 341 343 345 346 349 352 357 360 362 364 373 376 378 382 386 391 397 398 401 403 406 407 408 411 412 414 417 418 422 423 425 427 432 435 437 438 439 442 444 445 446 450 451 455 457 459 461 464 465 470 
53 166 168 181 186 213 256 265 269 270 276 302 309 331 343 375 423 430 450 
165 168 173 242 278 290 296 318 346 354 376 385 394 401 421 448 456 
60 166 174 176 177 184 187 190 199 201 210 212 216 217 220 222 241 244 245 246 248 250 261 262 263 266 272 277 287 293 294 295 302 306 313 314 315 318 326 328 337 338 341 351 362 369 372 378 383 388 394 395 398 402 403 406 408 414 415 416 418 422 423 437 438 441 442 443 451 455 456 457 463 465 467 
231 1 163 164 166 168 171 176 179 182 188 192 193 194 196 198 201 204 206 211 219 221 222 225 228 231 236 237 241 243 244 247 249 255 257 268 271 272 273 274 276 277 279 284 286 288 293 295 297 298 304 307 309 313 319 320 321 323 327 331 334 335 338 344 347 352 362 365 370 372 373 386 387 390 395 401 404 409 410 411 416 419 421 427 433 435 439 441 444 449 450 454 455 459 461 466 
165 160 162 178 182 187 189 202 203 206 216 219 230 233 234 238 243 248 257 260 264 266 267 268 274 276 279 281 282 289 292 297 304 305 306 312 313 324 326 331 335 348 349 359 360 363 368 371 374 375 376 381 383 385 386 387 391 393 398 420 428 429 430 433 435 446 451 455 457 458 460 461 463 466 471 
216 1 159 164 168 174 175 179 181 182 184 192 193 196 197 198 203 211 218 219 224 229 231 233 234 239 240 241 244 246 248 253 255 259 260 264 265 272 279 283 291 292 296 299 300 307 308 309 310 313 317 321 328 329 330 332 333 334 337 340 341 342 343 344 354 358 362 365 367 368 369 371 372 373 375 378 379 384 386 388 390 391 393 399 407 409 412 415 416 419 420 421 422 425 430 433 434 436 438 439 441 443 444 445 453 454 455 456 461 462 464 468 470 
199 199 204 251 276 279 289 344 349 362 363 375 376 382 394 413 415 417 429 
24 162 165 171 173 174 175 180 184 186 190 191 192 193 194 195 196 203 205 210 211 212 213 221 224 229 230 231 232 233 234 235 237 239 242 243 244 246 250 254 255 257 258 259 262 264 265 270 271 273 274 277 279 281 291 297 298 302 307 314 316 320 323 325 326 331 334 336 338 350 351 354 355 356 357 359 367 376 377 378 382 387 388 392 393 398 400 403 404 406 409 410 411 413 416 418 421 423 429 431 434 435 436 438 445 446 450 452 454 455 456 462 463 466 468 470 471 
247 163 166 170 171 175 181 191 201 207 209 210 212 216 219 221 227 235 239 240 247 249 253 258 260 266 269 271 278 279 282 283 287 290 300 305 308 309 317 323 325 326 329 333 341 343 350 354 360 361 362 364 365 366 369 370 372 375 376 377 379 388 401 406 415 417 423 430 431 435 436 437 438 441 450 451 462 464 467 469 471 
109 159 171 172 183 187 188 190 195 201 206 210 213 214 215 230 233 234 235 236 238 240 245 254 258 260 261 269 274 282 287 294 295 296 299 303 305 307 318 335 337 347 355 359 360 364 365 367 371 374 376 385 387 392 397 409 414 415 424 425 428 440 444 449 458 459 469 
207 1 159 169 173 174 176 180 183 186 187 191 193 196 197 199 200 202 206 208 214 217 221 222 223 231 232 239 246 248 249 251 253 261 271 275 277 278 284 287 289 290 292 293 298 300 302 311 312 317 319 321 326 327 329 340 342 343 345 349 353 356 360 378 381 382 385 387 393 403 409 412 413 416 417 421 424 429 431 433 434 443 444 448 452 459 461 
9 167 173 190 198 216 225 230 236 240 259 272 290 293 305 312 345 364 393 397 415 
154 161 164 169 172 173 182 183 184 187 189 190 192 194 198 202 203 205 206 207 209 211 213 217 220 221 225 231 232 237 239 241 242 247 251 253 255 257 264 267 268 270 272 276 278 279 283 287 289 295 298 300 301 305 308 309 312 314 319 321 322 323 325 331 334 337 340 341 342 343 344 363 368 370 373 375 377 379 386 397 399 403 406 408 412 419 421 425 429 430 433 434 435 436 437 440 442 443 447 448 450 453 457 458 462 466 
284 109 34 130 170 148 274 289 192 172 188 247 62 299 133 213 10 99 132 142 152 240 10 298 246 244 66 153 192 36 186 144 84 77 168 14 107 73 9 204 227 43 124 232 198 84 135 24 84 155 231 8 294 255 170 8 49 11 288 188 54 70 186 40 57 70 223 286 286 18 260 210 121 154 289 62 293 89 57 181 202 135 76 7 50 37 45 236 247 96 232 133 254 251 68 88 39 211 158 47 18 211 158 170 272 292 55 67 54 126 99 270 65 199 23 135 112 87 66 137 72 294 6 210 283 47 172 181 147 87 68 112 142 169 266 91 261 265 21 87 197 131 166 168 81 139 300 178 132 289 39 156 74 285 177 161 159 99 209 237 136 191 115 294 214 54 42 258 222 50 271 226 292 268 269 186 261 221 259 281 20 265 163 226 203 97 93 262 192 154 133 35 122 230 18 58 34 67 111 215 271 211 215 104 245 132 233 57 181 150 221 60 165 211 34 202 256 129 180 160 80 72 219 27 209 233 280 164 155 203 248 207 200 148 121 75 158 171 291 72 89 33 182 59 32 196 247 241 162 131 62 210 119 131 233 60 57 154 206 196 111 160 82 116 157 125 221 89 275 56 15 51 97 193 182 97 219 258 143 29 235 103 230 284 196 115 61 124 170 179 61 282 144 99 6 243 176 250 163 178 224 103 170 124 290 133 263 13 217 298 282 5 285 134 33 54 209 284 150 84 29 102 35 191 104 238 62 148 73 24 199 109 225 92 34 230 113 56 26 250 274 267 69 39 119 297 79 5 136 69 82 179 55 190 27 214 166 118 29 142 277 112 285 299 11 173 39 300 279 213 27 238 91 54 191 141 104 101 194 193 267 91 195 166 38 138 242 163 261 70 108 51 279 24 235 285 22 297 97 209 76 155 144 197 177 240 158 272 14 49 219 130 6 228 108 252 275 49 182 69 273 258 207 71 184 134 131 73 154 258 69 9 42 7 8 2 87 72 253 280 200 278 242 72 73 98 168 75 45 297 130 203 259 119 13 140 161 300 56 114 236 12 189 20 90 87 37 286 182 183 218 
