316 474
10 1 160 161 162 164 175 179 182 185 193 194 197 198 201 208 213 215 219 220 224 225 227 228 231 233 234 237 238 239 243 244 248 249 250 251 253 254 257 258 259 261 262 266 279 282 284 286 290 291 292 295 297 298 300 301 304 308 309 311 314 317 319 321 323 328 332 335 336 338 340 346 349 351 352 353 355 361 362 364 366 367 371 374 375 377 378 385 386 387 391 395 397 398 400 406 407 414 418 419 422 432 436 437 441 448 453 460 467 470 472 473 474 
140 163 166 170 174 175 176 178 189 204 209 223 224 230 231 235 236 254 255 256 257 259 262 263 266 267 277 289 290 291 293 311 313 316 319 332 335 346 347 357 367 373 378 380 397 399 417 430 435 439 444 458 459 460 469 
224 160 161 168 177 182 187 188 192 195 198 201 202 204 205 208 212 218 221 234 239 243 247 250 253 256 261 267 272 279 280 283 285 286 292 295 310 314 318 330 337 342 348 352 353 355 356 362 363 366 367 368 370 375 381 387 388 389 391 398 405 407 408 409 410 413 424 442 457 459 468 470 472 474 
210 160 166 167 170 172 184 186 188 192 194 197 198 205 206 214 215 219 221 223 229 233 234 237 240 242 249 258 260 267 269 276 284 286 296 305 306 307 308 310 315 317 320 324 327 353 354 357 358 367 379 385 393 402 405 409 418 419 423 439 441 443 451 453 458 460 465 467 468 469 471 
214 159 160 163 174 182 183 186 187 189 201 205 207 208 211 218 219 224 225 230 235 249 250 268 272 276 282 298 306 308 323 325 333 334 335 338 350 351 361 363 364 366 367 372 374 386 388 391 392 399 402 405 413 416 423 435 443 457 464 468 470 
13 1 159 161 162 163 167 177 179 181 182 183 187 188 189 197 198 200 201 203 206 209 210 213 216 219 223 225 227 228 230 242 246 251 259 261 263 265 268 272 273 275 277 282 287 290 294 298 304 312 317 319 320 321 323 329 332 336 337 338 340 344 348 349 350 351 354 359 368 373 377 378 379 388 391 397 398 401 404 405 406 411 412 413 414 420 422 425 428 438 439 448 449 451 456 463 470 471 474 
244 162 169 170 175 179 183 185 196 198 200 208 218 223 227 228 239 242 244 254 261 262 266 267 269 275 288 292 295 301 312 323 331 336 347 360 367 369 373 377 392 401 425 427 432 446 448 451 459 460 461 
66 182 187 212 213 224 232 252 261 263 285 302 324 355 357 367 373 392 425 434 449 
120 159 172 178 183 185 198 205 228 239 247 254 264 276 287 292 297 298 312 313 315 322 323 324 348 363 369 373 379 380 385 400 411 412 415 419 430 438 444 452 462 463 467 470 
183 168 169 171 173 188 191 199 222 227 228 233 257 259 271 284 287 294 295 305 309 320 330 333 347 349 362 381 385 396 399 408 418 426 432 436 441 445 449 464 466 469 470 
17 161 162 163 168 169 171 173 175 178 179 184 194 196 198 199 200 202 205 207 208 213 215 218 219 220 225 226 228 231 240 249 253 254 256 259 265 273 274 281 285 295 296 299 304 309 310 312 314 319 320 326 332 339 340 347 348 355 356 357 361 367 369 372 376 377 378 381 384 385 389 390 392 393 396 397 400 401 402 406 408 412 415 418 420 422 423 436 440 444 446 447 449 463 464 465 467 469 474 
79 1 179 187 189 190 195 210 228 230 234 241 260 265 289 290 310 315 330 333 337 343 344 347 349 360 372 374 376 379 388 392 429 431 432 451 456 469 473 
118 204 211 228 234 247 258 276 277 322 324 325 344 360 373 447 
86 159 166 177 185 187 189 190 191 192 194 195 203 206 210 215 216 218 221 224 232 236 238 241 245 248 249 251 258 260 283 294 295 300 305 317 322 326 335 336 358 364 366 367 379 389 390 392 395 398 401 403 407 409 414 427 431 432 433 436 441 442 447 457 466 471 
47 163 167 168 170 180 182 186 191 197 200 202 206 209 213 215 216 225 228 232 233 234 238 246 256 257 258 259 267 268 270 274 285 288 297 299 303 310 318 319 324 333 334 338 339 342 343 351 354 356 358 370 378 379 380 386 404 417 419 420 430 435 436 437 438 445 451 454 455 457 461 464 474 
71 162 181 189 190 201 205 207 213 216 220 227 236 240 248 256 257 262 264 269 270 275 281 282 286 292 293 301 302 315 316 321 325 339 359 371 376 379 381 384 401 408 412 413 416 430 432 446 450 454 456 462 465 467 468 469 471 
37 160 161 167 171 174 175 178 180 183 185 189 192 193 194 195 200 203 204 205 207 209 210 212 213 218 219 220 222 226 229 230 232 233 235 237 242 243 246 252 253 254 257 259 261 267 276 279 280 287 288 289 292 298 299 302 304 308 311 312 318 319 321 327 330 331 332 333 334 336 340 343 346 348 350 351 353 358 363 365 367 372 378 380 384 387 389 390 404 409 412 416 417 418 419 422 423 424 427 437 440 441 444 445 446 448 449 454 457 458 465 466 467 468 469 473 
71 159 160 161 167 171 180 183 186 187 188 191 193 197 198 200 201 203 209 214 220 221 224 227 229 231 239 245 249 251 253 255 257 263 264 268 271 276 277 279 284 285 286 288 289 290 299 300 311 312 315 316 317 320 321 322 323 325 326 328 331 332 333 336 347 351 357 358 360 361 364 370 372 374 375 380 381 387 388 391 395 396 400 406 410 411 415 416 417 419 422 424 425 427 428 429 432 441 443 446 448 450 455 458 461 462 467 469 
210 160 162 167 172 179 188 189 190 193 194 204 235 242 253 257 262 266 268 270 277 279 283 285 287 289 299 302 306 310 314 316 318 328 334 345 346 347 353 354 357 361 376 377 378 379 385 387 400 406 415 420 427 429 434 440 448 459 460 465 467 474 
48 159 170 172 174 177 179 180 184 194 195 197 200 202 216 219 221 229 239 240 246 247 256 259 263 264 266 267 268 270 273 275 278 281 285 286 287 290 291 293 295 298 300 302 307 310 313 315 316 320 322 326 332 333 335 337 340 343 348 353 359 360 364 369 370 371 372 374 379 380 383 386 392 394 402 403 405 420 424 425 430 439 444 446 447 449 450 455 456 458 469 470 471 472 
267 1 159 160 169 172 175 179 185 187 188 189 191 198 200 202 205 209 215 216 218 221 225 226 229 232 235 236 239 241 242 244 245 246 249 253 257 258 259 266 270 275 277 280 281 289 290 303 305 306 307 308 309 310 311 312 315 316 320 322 330 336 337 341 342 344 348 356 358 360 368 369 370 372 373 375 381 383 385 386 389 406 410 411 415 420 422 423 428 429 430 435 436 444 446 447 448 450 451 452 453 456 460 463 467 470 
57 161 163 167 168 169 171 175 179 180 181 182 183 185 186 191 195 199 201 210 214 216 217 218 220 223 224 227 228 232 233 234 237 239 240 241 242 243 246 252 255 256 258 260 263 265 267 270 272 273 277 280 284 288 289 291 304 310 313 315 316 318 320 322 323 330 332 333 335 339 341 344 347 350 352 354 362 364 365 366 369 371 373 374 376 377 378 379 380 383 386 387 390 391 393 394 395 397 398 399 402 403 406 413 414 418 419 422 423 428 429 432 436 444 447 450 467 468 470 473 
260 1 165 167 169 174 180 184 185 189 193 195 198 203 207 213 214 218 219 221 223 227 233 236 244 247 257 262 267 269 273 283 286 289 292 295 300 305 308 310 317 324 331 335 338 339 340 341 344 346 350 352 353 355 360 362 373 376 388 392 394 404 408 411 419 422 423 427 431 437 438 441 442 444 458 459 460 462 464 466 472 
6 1 160 173 185 186 191 197 206 208 215 220 225 227 249 252 261 271 275 278 285 286 295 298 301 312 327 347 372 373 383 386 389 400 411 427 439 446 450 454 457 458 462 463 473 
196 161 162 165 176 182 183 187 189 192 193 194 195 197 203 206 208 209 210 212 216 218 220 227 229 230 232 233 234 235 236 237 242 243 244 246 247 251 253 255 266 267 271 273 277 278 279 280 283 285 288 289 290 298 300 301 302 303 309 311 313 320 323 324 327 330 331 336 340 341 350 355 356 358 361 367 368 369 371 373 375 382 383 384 398 409 411 414 421 423 427 429 431 433 434 435 436 437 438 441 445 447 448 455 459 461 465 467 472 474 
215 161 177 195 265 299 321 330 336 339 385 409 436 453 
197 164 167 173 178 179 180 181 183 187 189 191 192 193 194 198 200 201 208 212 216 218 222 224 228 230 237 239 241 244 245 247 248 259 262 264 268 270 271 276 277 278 281 284 286 287 290 292 293 294 301 304 314 315 316 321 323 324 326 327 329 332 344 345 348 350 353 354 357 358 360 367 368 369 370 373 383 387 392 395 396 398 401 402 403 408 409 410 418 420 421 422 423 425 426 430 431 432 433 434 438 441 444 445 446 451 453 454 455 457 460 461 466 472 474 
204 173 182 187 206 207 229 250 294 316 349 350 401 415 443 456 459 462 463 468 470 472 
66 166 173 178 180 190 191 193 197 198 200 204 206 207 220 231 236 240 243 246 247 249 253 256 257 259 261 263 276 292 294 296 300 301 304 307 312 316 331 334 336 340 352 359 375 381 390 391 395 398 404 406 408 409 419 421 424 425 426 432 436 445 447 472 
139 166 168 179 184 190 199 208 215 221 224 227 231 236 247 253 254 260 263 266 276 280 286 288 289 295 296 299 300 303 306 319 325 327 333 338 341 351 355 358 359 367 375 388 392 393 399 412 413 418 425 426 427 433 450 451 465 469 
24 159 168 170 175 180 181 186 187 188 189 190 191 192 194 195 199 200 205 206 208 209 210 211 215 219 223 225 226 229 230 233 234 236 237 239 245 246 250 251 257 261 262 266 268 269 271 272 280 281 284 288 292 293 294 295 297 298 302 303 304 305 308 312 313 314 315 318 322 324 329 330 331 333 335 338 340 345 347 349 350 351 352 355 358 359 361 364 366 369 374 375 377 379 383 389 392 393 395 397 398 404 407 408 410 412 418 424 426 428 431 434 435 436 437 439 443 447 452 458 461 465 471 474 
92 162 165 166 168 173 176 180 183 188 189 191 198 201 203 204 206 209 212 213 218 220 222 223 224 227 231 232 235 237 238 243 244 251 252 254 260 262 263 267 268 273 275 276 278 281 287 288 290 291 292 293 300 302 303 304 308 312 313 314 315 316 318 328 331 333 335 336 338 342 347 348 349 350 355 356 361 362 369 373 375 376 378 379 380 382 384 385 389 390 391 393 394 397 398 400 402 403 404 405 406 409 411 415 416 419 420 422 423 428 429 431 433 434 439 441 445 452 456 462 466 469 472 
120 1 161 162 163 164 167 174 180 185 190 196 209 210 211 219 230 238 258 263 269 273 277 278 287 289 301 318 321 330 333 350 352 354 358 375 377 380 388 390 393 397 407 416 426 434 438 446 461 468 472 
71 163 164 166 167 171 175 183 185 190 192 196 197 201 215 217 219 220 223 224 227 230 243 247 253 259 264 284 285 293 295 297 299 316 317 324 327 328 332 335 343 347 348 352 364 371 375 384 387 389 403 407 408 410 411 417 418 422 432 442 446 450 459 461 469 
82 163 164 168 174 180 183 184 185 186 187 190 196 197 205 212 219 225 226 228 230 238 242 244 248 265 267 270 272 277 280 281 282 284 286 290 294 308 311 312 317 321 322 324 328 334 335 341 342 344 349 362 363 364 366 372 378 379 385 388 392 394 395 397 401 402 404 406 408 409 418 421 423 431 435 436 448 451 454 463 465 467 473 
17 218 222 285 328 
287 160 165 168 171 172 175 177 180 181 188 199 201 205 207 208 209 210 212 219 223 225 226 231 244 251 258 260 264 267 270 274 276 277 279 280 281 283 284 288 293 295 297 300 304 305 306 308 313 318 319 324 325 330 338 340 342 344 347 358 364 368 369 372 377 380 384 408 410 412 421 424 426 429 433 437 438 443 447 450 454 458 460 467 468 472 473 
294 1 159 162 166 173 179 182 186 187 188 190 197 199 203 207 209 210 220 221 225 226 228 230 234 237 238 245 254 255 256 259 260 275 276 279 284 286 291 302 305 309 311 314 317 323 325 332 333 340 343 344 351 352 354 355 358 359 360 361 366 369 371 372 376 377 379 385 390 391 394 395 396 399 405 408 409 410 413 416 420 422 426 427 430 432 434 438 439 440 441 442 444 450 456 457 464 467 469 472 474 
155 1 160 161 166 175 176 177 180 181 182 193 195 198 199 202 204 205 209 210 216 217 220 224 225 229 230 231 232 238 241 242 246 249 253 258 260 261 263 267 270 271 276 278 283 287 295 303 310 324 325 331 332 336 337 339 340 341 346 353 357 362 364 368 371 372 374 375 376 377 379 380 383 384 387 390 395 396 397 400 403 410 412 418 419 420 424 430 432 438 448 450 452 457 458 461 462 466 469 474 
227 178 183 186 199 240 252 395 412 456 
269 182 281 342 345 356 368 411 462 
26 160 161 165 166 168 169 177 182 184 189 190 191 205 229 232 242 243 255 256 265 267 270 276 278 282 283 285 286 292 295 297 302 304 305 306 313 315 319 320 321 323 324 325 326 336 337 338 344 348 349 350 356 358 366 371 372 379 380 381 383 385 388 389 390 392 393 400 401 402 406 409 413 421 427 429 431 435 436 437 439 446 448 453 456 459 474 
253 166 167 171 175 176 179 180 182 183 184 188 190 197 208 210 217 222 223 233 238 245 249 250 251 255 265 267 278 280 282 284 285 292 294 295 300 301 305 307 308 309 311 313 318 320 324 325 336 337 348 349 350 352 354 356 358 360 364 365 374 375 380 381 383 387 389 390 397 401 402 404 416 417 419 421 429 443 445 449 450 455 467 473 
289 159 160 161 166 167 168 169 172 173 176 177 179 181 186 188 192 195 203 210 211 212 218 222 226 231 234 236 238 240 242 244 249 252 253 258 259 260 261 262 264 266 267 273 275 276 281 286 287 289 291 292 296 298 300 302 309 310 319 323 326 327 328 334 340 342 343 345 346 350 354 355 357 361 368 369 373 375 380 382 383 384 385 392 393 402 404 407 408 412 420 427 428 429 430 432 437 440 441 445 450 453 455 457 458 459 462 468 470 472 
62 171 173 181 183 185 191 194 200 207 212 214 217 220 223 226 228 229 230 258 264 271 275 277 279 282 285 292 293 297 299 315 321 327 329 330 333 335 339 342 344 350 354 380 385 395 402 406 411 420 423 431 433 441 442 458 461 464 465 466 474 
142 1 162 168 171 173 179 183 185 191 194 195 198 199 201 205 211 225 226 227 229 239 243 248 252 256 257 258 261 267 271 273 274 282 288 290 297 300 301 310 311 314 318 322 323 325 326 337 338 339 350 354 356 357 358 362 363 365 368 375 376 378 381 383 391 392 394 396 399 405 408 410 411 413 414 415 422 423 428 430 431 432 434 435 442 447 456 457 461 462 464 466 473 
14 168 270 321 324 337 363 407 409 
98 243 303 322 
128 161 163 164 165 167 168 169 170 172 174 175 179 184 187 193 194 197 199 201 203 207 209 213 215 223 226 227 229 235 237 238 241 244 247 253 255 257 260 261 266 268 269 272 273 275 283 285 293 295 300 307 312 315 320 322 324 327 329 332 336 337 340 343 344 345 348 350 351 352 354 355 359 360 364 365 368 369 371 372 375 380 382 385 392 395 398 399 401 406 407 408 409 411 420 431 432 433 435 436 437 438 442 447 448 451 452 453 454 456 459 460 462 467 
154 1 181 224 230 274 276 300 302 311 325 327 332 339 359 368 385 389 413 414 429 431 
189 1 163 203 233 241 267 273 275 282 287 303 318 319 352 359 361 362 375 432 436 440 442 461 474 
217 159 161 166 169 172 175 178 187 188 191 195 197 199 202 204 206 209 211 213 215 216 225 228 232 233 234 243 248 249 258 260 269 276 280 282 289 290 295 299 301 312 315 319 321 347 349 351 352 355 375 376 380 387 388 394 396 400 411 415 417 418 426 427 428 431 436 437 438 448 452 459 460 463 465 466 473 474 
156 162 163 164 166 175 177 181 182 183 185 188 190 194 195 197 199 201 202 204 206 208 209 210 216 223 227 230 234 235 236 238 241 242 243 244 249 250 251 253 256 257 258 260 261 266 268 270 272 278 280 281 282 285 287 290 293 294 296 299 300 303 304 306 315 322 323 324 330 333 334 335 336 337 338 339 340 341 348 349 350 352 357 360 361 365 368 371 374 376 377 379 383 387 388 390 392 395 397 401 406 408 409 412 413 414 424 425 427 428 438 440 441 442 446 448 449 450 452 456 459 463 469 471 472 
198 159 161 163 164 166 168 178 179 181 182 183 191 192 196 198 205 211 214 219 226 228 229 230 232 237 238 239 244 248 249 252 261 262 263 266 271 272 273 274 283 284 287 288 290 291 295 296 298 302 305 307 308 312 316 317 319 321 322 329 338 341 347 351 358 360 364 365 366 369 372 376 386 389 390 393 397 409 410 413 415 416 417 422 425 427 428 429 435 438 441 451 454 456 457 458 459 460 461 462 463 464 467 470 
287 160 166 167 168 169 172 177 178 180 185 186 187 188 190 191 202 203 205 206 207 210 211 213 214 216 219 222 224 226 233 234 236 237 239 244 246 255 258 261 262 266 277 284 287 291 296 300 312 313 318 319 323 324 325 331 332 338 339 341 345 346 351 357 359 363 364 366 371 372 375 377 379 381 382 383 389 390 391 393 400 404 408 413 418 421 422 426 427 429 430 434 438 442 454 456 459 460 468 470 473 
2 159 162 164 166 180 181 182 183 188 189 190 192 195 196 198 200 202 205 206 209 210 212 213 216 223 227 230 231 238 240 241 245 246 253 258 259 260 266 267 271 276 280 290 302 303 304 319 321 325 326 329 337 340 343 351 356 357 360 361 363 365 371 375 376 386 398 400 401 407 411 417 423 428 432 437 443 444 447 448 451 453 457 458 461 465 466 467 469 472 
232 159 161 163 164 168 170 173 180 183 186 190 193 194 198 200 203 206 209 211 213 220 223 224 236 241 244 247 248 252 257 258 259 263 267 271 275 278 281 282 289 309 317 322 323 324 328 333 338 342 349 353 355 359 360 361 362 365 378 382 383 386 389 392 393 396 399 408 409 410 413 414 417 422 423 425 428 431 432 434 437 438 439 449 450 456 466 467 472 473 474 
254 173 177 181 185 189 192 197 200 206 207 211 218 223 226 228 233 234 235 239 241 246 248 249 251 252 253 256 260 266 279 294 305 309 310 315 321 322 324 328 341 342 346 347 351 354 355 357 360 362 363 370 371 375 378 379 383 384 389 395 397 399 402 406 408 412 415 416 429 434 437 439 441 443 444 446 448 453 455 459 463 469 
292 160 162 164 166 169 170 171 172 173 177 178 182 183 186 188 190 193 194 195 199 200 201 203 204 211 214 217 218 220 224 227 229 236 238 242 243 245 250 256 258 259 263 267 270 271 277 280 282 286 287 292 293 296 301 303 308 310 311 313 314 319 320 322 324 325 326 331 336 342 345 346 347 356 358 362 363 364 365 367 371 374 375 378 379 380 382 384 386 390 393 395 401 403 406 408 414 418 419 421 424 425 429 433 436 437 438 440 441 444 445 447 449 451 452 453 454 457 458 461 466 467 468 469 470 474 
50 168 175 180 184 186 191 195 196 199 212 215 217 219 221 224 226 232 233 236 237 240 241 247 249 251 253 254 264 268 273 274 275 279 281 283 287 289 295 299 301 306 308 309 313 320 338 340 349 353 362 373 374 384 391 397 398 399 405 411 416 427 431 447 452 459 465 466 468 
219 162 164 166 172 173 174 175 177 180 190 193 195 197 200 201 204 206 210 211 213 214 215 216 222 223 225 226 235 239 241 245 247 248 253 259 260 264 267 268 270 272 280 283 291 294 296 300 303 304 311 315 316 318 324 328 331 338 346 348 356 358 360 362 367 369 378 379 380 383 390 392 393 401 402 403 405 406 415 416 418 422 424 427 428 433 441 448 453 459 460 463 464 467 468 473 474 
66 162 167 170 186 193 199 204 208 210 211 214 215 217 219 220 228 234 235 247 257 264 271 276 279 287 288 296 304 310 311 312 314 317 324 326 327 328 345 346 349 356 357 361 362 372 374 384 386 397 404 408 413 414 425 426 432 452 454 457 466 
129 160 162 164 171 172 175 176 178 179 185 189 190 195 197 200 201 205 206 209 216 217 218 220 229 233 234 236 237 239 244 248 256 259 264 265 266 267 270 272 273 282 283 291 300 302 303 309 319 320 325 335 337 338 340 345 364 370 374 375 382 384 387 389 390 391 392 395 407 408 411 416 417 418 420 422 423 431 433 437 438 439 456 459 463 467 468 
176 178 185 192 194 197 205 209 219 226 229 242 243 254 266 284 285 286 300 301 309 310 317 318 322 328 330 335 362 367 368 371 378 385 398 402 410 412 417 418 429 432 436 447 451 458 459 468 471 472 
22 162 165 168 170 174 182 183 184 188 205 206 211 212 215 221 227 228 231 232 236 237 241 242 247 257 265 268 270 272 273 276 277 283 296 297 302 306 310 312 313 316 318 320 334 336 338 339 342 345 346 348 353 355 356 357 358 359 360 364 373 375 380 382 392 394 395 397 400 402 404 409 411 414 415 419 429 430 440 441 445 454 461 462 463 466 
282 161 163 170 178 188 193 209 210 220 221 236 237 245 247 256 257 258 263 269 276 285 289 296 302 324 327 356 363 368 374 375 379 410 412 420 428 431 434 449 453 455 461 
198 1 161 167 172 174 175 176 178 179 181 185 187 188 192 193 197 198 202 203 204 205 208 212 215 216 217 219 220 222 225 226 233 235 236 239 247 249 251 258 261 262 263 270 271 275 279 280 281 283 284 285 297 298 301 302 306 313 314 315 318 321 322 323 324 326 330 335 337 341 342 344 345 353 356 360 361 363 367 371 372 373 377 378 379 382 383 387 390 392 396 397 399 400 402 406 409 412 414 417 421 426 427 428 429 430 432 434 435 436 437 438 441 446 447 449 450 451 452 453 455 459 463 464 468 470 471 473 
27 165 169 179 242 281 287 301 347 366 373 388 391 434 436 445 
140 161 188 192 193 198 213 214 234 235 237 239 245 246 249 252 258 271 274 286 299 302 309 311 331 341 345 348 370 371 372 389 392 394 398 403 407 409 414 416 421 427 436 438 441 450 453 457 467 
194 168 170 175 177 178 179 180 191 196 197 198 199 200 202 205 206 208 210 213 215 226 227 229 231 233 236 245 246 248 253 254 255 260 263 264 265 268 271 275 278 285 289 292 296 297 299 300 301 305 311 312 313 314 316 317 320 321 323 324 326 327 329 330 335 337 338 340 341 343 344 348 349 350 351 352 355 358 360 369 370 374 376 378 383 384 385 389 395 396 399 404 405 414 417 422 428 430 431 437 443 446 453 459 461 466 
33 160 172 177 184 203 209 220 222 223 227 231 235 239 245 246 247 262 264 269 271 277 295 296 301 305 306 315 320 346 355 356 367 368 376 381 387 390 399 404 406 407 416 423 424 427 442 447 469 
134 159 160 166 178 183 187 193 195 201 205 211 218 220 224 237 240 245 256 257 261 263 267 281 284 285 288 291 293 295 298 309 330 350 353 356 357 360 372 389 406 411 414 416 421 429 436 437 458 
239 202 203 228 296 347 367 379 380 412 420 453 456 
280 1 160 169 172 173 181 186 188 193 197 199 201 204 205 209 211 212 215 217 222 224 226 229 233 235 240 243 244 247 248 253 267 268 270 276 280 289 303 307 312 318 343 357 361 363 366 372 382 385 390 394 395 405 408 414 415 420 423 425 443 446 447 454 455 460 463 464 472 
78 165 170 194 201 205 219 242 272 292 308 313 315 319 328 340 385 407 413 416 418 428 433 
8 1 160 169 172 179 182 185 186 194 202 204 206 207 217 225 228 231 235 238 239 246 251 253 255 258 263 265 268 269 272 274 280 281 286 295 298 299 300 302 303 310 314 321 324 327 332 339 348 356 361 369 370 373 376 383 385 398 403 406 411 416 426 430 433 435 436 443 447 448 449 451 452 455 459 463 467 469 472 473 
293 1 164 170 182 194 195 200 206 209 218 220 245 246 252 257 266 267 276 284 293 295 306 313 317 338 342 345 386 407 413 427 432 453 454 455 461 
47 1 165 169 178 181 186 189 190 194 204 205 207 209 212 217 223 224 232 234 236 238 243 244 245 246 250 251 252 254 256 258 263 264 271 283 290 294 295 297 299 300 303 308 311 312 313 330 338 344 345 357 360 362 372 384 386 389 391 392 397 399 400 401 403 409 411 426 428 437 443 448 459 463 469 
108 159 167 175 182 189 196 202 208 255 298 299 323 330 331 332 351 382 408 447 455 469 
241 167 177 181 183 194 215 227 240 250 259 279 301 326 334 366 368 373 392 426 446 450 451 457 467 473 
99 184 189 210 217 218 223 232 239 248 264 269 270 278 282 285 300 303 307 323 336 350 352 353 354 367 380 382 383 386 392 398 400 414 423 425 434 438 457 460 467 471 473 474 
234 1 165 168 170 173 178 179 182 185 187 195 196 198 202 206 210 211 212 214 219 220 223 230 231 237 242 243 246 248 249 251 253 256 257 260 261 262 263 265 266 267 276 282 283 285 286 287 288 290 294 297 302 305 309 310 314 315 316 318 320 322 323 324 325 329 336 339 341 345 346 348 359 368 372 374 377 387 388 397 400 407 413 417 420 421 424 428 430 431 435 440 441 442 447 448 451 454 455 460 461 466 469 470 471 
58 165 184 185 230 235 246 247 249 260 275 277 308 327 330 389 399 406 415 
127 160 164 167 175 189 197 201 205 212 237 238 240 243 244 249 254 256 262 263 264 277 279 282 284 292 296 304 312 316 330 331 333 364 365 369 371 379 389 419 422 429 433 440 442 462 472 
237 163 177 190 205 218 221 240 243 263 269 271 276 284 288 292 309 311 323 325 338 340 344 346 353 360 361 364 365 369 371 384 392 395 398 422 426 443 448 449 451 457 470 473 
218 170 174 180 182 186 188 191 192 193 195 199 202 209 219 224 229 233 240 242 243 244 248 251 258 262 266 270 271 275 279 283 289 290 292 294 302 305 310 314 315 319 321 325 331 337 338 339 340 341 343 348 349 350 353 354 357 365 366 368 371 377 381 386 388 391 394 403 405 406 408 422 423 427 432 435 445 448 449 453 454 456 458 459 462 465 474 
169 159 162 165 166 172 174 181 184 185 189 190 193 199 200 209 214 215 219 221 223 224 225 234 236 238 244 245 248 249 255 263 265 268 269 271 274 277 279 287 290 294 296 301 302 305 307 310 311 313 315 317 318 321 323 328 330 333 337 338 339 347 348 350 352 353 358 359 361 363 376 380 381 385 388 391 393 404 405 406 410 412 413 417 428 431 434 436 439 441 446 449 450 455 457 460 465 470 
56 160 162 171 174 175 180 183 185 186 187 192 195 201 202 203 205 206 216 217 219 221 222 224 225 226 229 232 234 238 239 240 245 246 247 248 252 253 258 259 260 261 264 272 277 278 279 280 285 292 294 295 296 297 303 305 306 308 309 310 311 314 321 328 329 332 337 341 346 347 356 359 363 365 366 367 373 387 395 399 401 402 405 406 408 410 412 416 419 420 426 428 429 430 433 434 453 455 456 457 458 459 464 465 468 469 472 
100 166 170 172 173 174 179 180 181 183 192 200 206 207 213 214 215 218 222 225 236 249 251 276 280 285 287 296 297 299 301 307 312 317 323 324 328 331 353 365 367 375 382 383 387 390 392 395 400 402 406 408 410 414 416 421 423 425 427 429 439 452 454 458 459 464 471 
38 1 159 160 161 162 169 174 176 180 182 188 192 193 197 204 205 209 211 213 216 217 218 223 224 229 237 242 251 252 253 256 260 264 265 268 275 276 280 284 288 292 302 305 307 315 319 320 321 322 328 331 334 338 345 351 356 358 360 363 367 368 370 373 379 380 382 385 386 387 390 392 393 399 400 401 404 406 408 409 410 411 415 418 419 420 421 422 424 427 431 434 436 437 439 440 441 446 448 449 453 455 458 462 470 471 472 473 
68 192 203 218 220 255 257 259 275 293 297 313 314 319 345 347 356 358 364 366 377 402 405 436 444 447 461 
168 163 172 173 183 189 192 201 212 215 217 218 223 228 230 234 241 243 251 267 284 294 300 310 316 327 336 339 342 349 350 351 356 361 362 369 381 394 398 399 400 404 416 425 438 442 445 449 456 457 467 469 474 
277 172 186 187 189 192 198 201 202 203 204 210 211 221 223 224 226 227 231 236 241 243 248 253 258 261 265 266 271 274 275 281 289 291 296 300 302 304 307 312 313 317 327 329 349 359 361 364 365 366 367 368 375 377 379 380 385 386 396 406 407 408 413 416 420 423 425 432 446 447 451 455 457 464 466 468 471 474 
80 159 160 165 166 167 171 172 175 179 180 183 184 189 190 192 194 196 199 205 206 207 213 215 218 219 229 231 234 235 237 240 249 250 252 262 266 271 272 275 285 289 292 295 299 300 303 304 305 312 313 315 324 327 329 330 332 333 338 344 347 348 349 353 363 365 367 369 370 372 375 382 384 385 386 387 389 391 407 414 415 420 421 424 427 435 436 442 444 451 455 458 462 463 467 471 474 
110 162 163 170 179 182 185 192 196 209 213 220 235 238 243 245 252 256 262 269 270 271 272 291 299 300 301 307 310 315 320 328 331 332 334 336 338 339 341 344 347 348 349 360 363 368 378 384 386 388 391 394 401 419 424 432 433 438 439 447 459 461 463 465 466 
99 165 167 173 177 182 184 191 203 211 217 220 223 224 225 238 239 240 249 251 253 254 256 259 260 267 271 273 277 281 282 290 291 292 294 296 300 305 311 312 315 317 322 325 328 330 332 336 340 345 351 355 356 357 362 370 372 373 377 379 381 382 386 387 388 390 391 393 399 401 405 409 411 413 417 421 423 427 428 430 437 438 448 450 452 453 457 459 462 466 473 
78 159 162 165 167 168 169 170 171 178 182 188 193 197 200 202 216 217 224 228 237 239 241 243 249 251 252 265 268 277 284 286 288 292 297 298 300 302 303 308 309 318 323 329 330 331 333 337 339 341 345 347 348 349 355 357 366 367 369 370 373 375 377 381 386 387 389 392 396 397 399 400 401 406 407 410 413 416 423 424 427 428 431 432 437 440 445 450 457 462 464 466 470 472 474 
141 202 243 261 265 275 315 331 350 354 361 370 375 395 401 415 423 447 457 
286 160 177 178 181 184 187 188 193 198 201 203 204 205 209 213 215 218 221 222 225 231 232 236 239 243 247 248 249 251 252 253 255 257 259 260 261 264 270 274 276 281 284 291 294 295 296 298 299 300 303 305 306 308 309 310 316 321 326 330 331 334 336 340 345 348 350 357 358 368 371 376 393 394 396 403 407 409 412 414 417 418 420 421 425 427 429 432 443 445 446 449 456 457 458 460 465 466 468 473 
135 167 191 193 206 207 213 214 220 228 235 240 252 285 296 298 304 306 313 325 339 356 358 359 362 364 376 397 430 437 439 443 448 
137 160 161 162 164 165 170 172 175 178 181 183 185 186 187 188 190 191 193 195 197 198 202 204 207 209 213 215 218 222 225 231 233 238 239 240 244 245 250 255 257 260 261 262 265 272 273 276 277 278 279 283 286 287 288 289 290 291 293 294 296 299 301 307 312 313 322 323 325 331 334 338 339 345 349 350 351 353 355 356 360 366 368 369 370 372 373 375 390 392 393 397 398 399 400 401 408 410 411 416 419 421 422 428 429 430 432 439 446 448 449 453 454 455 462 466 468 469 471 472 
233 212 
166 159 161 166 175 191 195 197 200 204 206 209 212 219 221 229 230 237 256 264 265 269 271 274 280 295 310 314 335 340 342 344 345 346 352 360 361 362 367 382 386 388 391 397 398 401 406 432 434 439 440 442 445 455 456 457 459 462 463 465 467 471 
83 1 160 165 169 170 173 174 175 176 181 185 186 194 195 198 199 200 201 203 204 205 206 214 216 219 228 230 231 232 233 236 239 240 241 242 244 246 247 254 256 257 258 263 275 281 284 286 291 295 297 298 299 300 308 309 313 316 317 318 321 328 332 333 335 338 340 344 350 351 356 357 359 362 364 370 371 372 374 376 378 380 381 386 388 393 394 401 403 407 409 415 416 420 428 429 430 431 437 438 439 445 449 450 452 453 454 456 458 459 461 463 465 468 470 471 
279 1 168 169 170 174 176 179 182 184 193 195 196 197 202 212 213 215 216 223 226 230 232 242 247 249 250 253 257 263 264 266 267 276 277 278 286 287 292 293 306 307 308 309 310 311 313 314 315 320 323 324 325 333 337 341 345 347 349 352 354 358 360 361 364 366 378 392 394 396 400 403 406 410 415 416 418 420 421 424 428 430 432 434 437 438 444 456 457 458 461 471 472 
257 200 335 416 422 
283 1 169 173 183 188 194 196 199 204 205 217 226 241 242 245 247 254 257 259 266 269 270 274 292 297 301 302 309 329 335 339 341 346 347 352 358 364 369 370 373 375 382 388 399 403 404 406 412 413 416 420 424 425 426 433 434 435 443 444 
209 182 184 220 222 225 242 245 273 315 340 371 
105 1 160 169 170 181 182 188 197 199 201 210 218 220 222 230 231 236 237 244 246 247 249 255 257 260 267 270 280 285 293 295 302 305 315 317 318 325 337 342 347 348 350 352 357 360 361 362 363 364 369 370 374 375 377 378 379 382 389 393 394 396 399 401 403 406 411 413 415 418 425 433 434 435 436 438 442 450 454 467 
146 159 161 162 164 165 170 175 181 185 186 187 192 193 195 196 198 202 203 208 212 213 215 219 221 225 228 229 230 234 236 239 241 244 247 250 256 257 258 264 268 269 270 271 272 273 277 278 280 290 296 298 306 309 311 314 328 330 332 333 335 337 340 341 343 344 345 348 353 354 358 361 362 366 367 368 374 377 378 380 381 382 389 391 395 396 397 400 402 409 411 412 415 417 425 431 434 435 438 439 441 443 444 445 446 447 449 452 454 455 457 459 460 462 466 467 470 472 474 
262 160 171 172 180 186 190 192 194 198 204 220 222 228 233 236 237 242 250 251 258 260 278 284 297 303 306 307 311 312 317 322 326 336 338 356 358 363 367 396 401 404 405 414 415 422 437 441 453 467 
142 159 163 168 176 178 183 188 192 205 212 217 218 220 240 248 256 271 282 284 288 295 296 299 306 310 314 320 322 327 328 333 334 351 357 363 364 392 396 397 398 408 409 410 415 417 418 422 430 431 441 442 446 447 450 454 456 460 461 472 473 
247 160 166 192 202 268 278 294 331 337 341 344 348 356 361 388 395 401 411 429 433 441 451 459 472 
181 1 164 168 169 170 172 175 184 192 194 195 198 199 203 206 208 209 211 215 222 224 225 228 229 230 231 235 236 237 238 240 242 244 246 249 259 263 264 266 267 268 270 271 272 275 276 279 280 283 284 285 289 292 295 302 307 308 314 315 318 323 324 329 331 333 335 340 346 348 349 350 351 361 362 363 368 370 379 380 383 388 389 390 391 393 395 396 406 408 410 413 418 420 433 435 436 439 442 443 450 457 459 461 467 468 469 472 
214 166 170 171 176 177 179 189 197 198 201 202 204 205 211 214 217 219 220 223 225 226 231 233 235 237 242 247 252 258 259 266 269 274 275 277 283 286 288 289 294 296 300 301 303 304 305 306 307 315 318 326 327 328 329 335 337 342 346 348 351 354 355 363 367 370 384 394 399 400 402 412 414 416 417 422 433 434 435 438 447 451 453 454 455 459 468 469 472 
248 167 169 173 181 209 239 240 251 261 263 290 311 320 333 342 368 386 387 394 406 411 414 460 474 
271 159 164 172 174 175 177 178 179 180 181 183 184 188 193 195 197 202 203 206 207 211 217 221 222 224 226 232 236 238 240 245 246 248 251 253 262 263 265 266 267 270 272 277 281 282 285 296 297 299 300 301 304 307 309 311 313 316 317 321 322 323 325 326 328 334 337 340 341 342 343 344 345 348 349 355 358 359 360 362 363 365 366 370 372 375 376 379 380 382 383 390 392 394 395 399 403 406 409 412 413 416 419 422 424 426 430 431 432 433 439 442 453 454 455 456 457 461 464 465 467 471 472 474 
10 162 163 164 168 169 172 173 176 178 183 184 185 187 189 190 193 195 196 197 198 201 206 211 212 216 218 223 224 229 234 237 240 244 245 248 249 250 251 254 258 266 269 270 271 272 273 274 275 277 281 283 284 288 290 293 295 297 299 301 302 303 305 312 313 314 315 320 326 327 333 337 341 342 344 355 359 360 364 365 366 367 370 371 372 373 376 377 378 381 384 388 389 395 396 402 407 413 418 419 423 425 426 429 430 431 432 433 440 452 454 461 462 463 466 467 472 473 474 
211 161 164 165 166 174 178 181 188 193 199 202 208 209 216 222 226 227 228 240 252 256 266 267 275 276 277 280 283 285 286 306 310 316 317 319 325 326 329 353 357 363 379 402 404 408 410 413 423 425 434 436 446 449 452 453 454 461 468 469 470 473 
31 160 164 165 166 170 171 173 174 176 180 181 182 183 184 186 188 189 203 205 207 210 211 219 226 228 229 230 231 232 233 243 245 248 250 254 256 257 266 267 275 277 281 286 288 306 307 311 313 318 320 324 326 331 332 334 337 340 345 347 349 351 353 355 359 361 362 366 372 377 378 383 391 393 400 401 406 410 412 413 414 416 418 420 422 423 427 429 430 432 435 436 438 440 441 445 448 450 451 455 458 459 462 465 468 470 
45 162 166 169 174 179 183 190 193 199 205 214 216 218 220 223 224 228 230 235 241 245 247 255 256 261 262 272 273 274 282 284 285 286 293 295 298 299 300 307 315 325 329 332 344 351 352 353 356 358 359 364 365 366 368 370 373 374 376 378 380 381 384 394 398 399 400 404 410 411 420 422 426 428 433 450 453 456 459 461 463 472 
12 161 163 170 171 173 175 176 177 178 181 182 195 199 203 211 212 215 216 218 219 220 222 227 230 231 238 244 245 253 258 264 269 271 273 283 284 287 293 294 295 300 303 304 305 309 312 319 320 323 324 325 328 331 338 341 344 347 354 355 357 361 362 365 367 371 372 376 386 387 388 395 399 407 416 419 420 423 424 425 427 428 431 432 434 443 453 454 455 458 464 471 472 473 
201 159 163 176 177 183 188 195 196 197 202 203 207 210 223 227 229 236 239 254 261 271 274 288 289 290 292 294 295 296 303 310 314 316 317 320 325 326 327 330 342 350 351 352 353 354 369 372 373 380 388 391 393 395 397 399 400 408 410 411 415 416 417 420 421 422 428 431 438 439 440 441 452 461 464 
218 159 161 165 166 170 179 180 181 183 185 186 187 189 190 194 207 213 214 215 216 217 221 223 227 241 244 247 250 252 254 260 262 268 271 273 280 281 287 294 296 298 300 301 302 303 312 314 315 321 323 326 327 334 335 336 344 345 350 351 353 363 364 367 372 376 384 387 391 392 397 398 399 400 401 404 408 412 413 414 419 424 426 427 430 432 433 435 441 443 444 448 449 450 458 464 470 471 
168 163 177 188 210 224 227 228 248 318 323 364 372 375 395 408 410 415 419 422 433 438 455 470 472 
284 160 161 165 169 177 180 182 184 185 186 187 188 189 191 193 194 195 196 197 200 201 208 212 214 215 217 218 219 220 223 227 228 229 233 234 239 240 246 252 253 258 261 263 265 269 275 276 277 278 279 290 291 294 297 308 309 314 315 322 327 329 331 332 337 340 342 343 344 345 349 350 359 368 370 371 372 373 374 375 380 383 384 385 386 388 389 391 393 394 395 396 398 402 404 405 410 412 415 417 420 425 428 435 440 442 444 445 448 450 456 457 458 460 463 465 472 
79 1 160 162 166 168 174 177 178 180 183 187 188 191 197 199 202 205 206 207 210 213 214 217 220 221 222 225 229 231 234 235 236 238 242 243 244 248 250 253 257 263 265 271 273 279 282 284 287 291 294 295 299 302 304 305 306 308 311 316 318 321 323 326 328 336 337 338 340 344 347 351 353 356 357 360 364 366 367 368 370 373 376 377 378 382 385 386 387 388 392 397 402 405 411 414 415 416 422 427 428 430 431 432 433 435 436 439 441 442 446 448 453 456 462 465 466 471 474 
57 162 168 175 177 180 190 209 210 222 230 248 249 274 282 283 285 293 319 345 347 368 370 376 377 379 407 410 411 414 417 436 444 456 460 
30 160 161 167 168 170 172 173 189 195 197 200 202 214 237 241 244 249 255 272 280 281 282 309 311 331 333 346 352 357 358 361 383 388 404 418 420 440 447 449 455 458 462 463 467 470 
137 160 167 168 169 173 176 183 189 191 193 194 195 197 199 200 201 205 206 210 213 219 224 227 228 232 233 241 242 244 248 249 252 253 257 259 260 262 263 264 267 272 273 276 279 280 283 294 303 307 309 311 312 319 320 322 323 327 332 333 337 339 341 344 351 354 356 362 363 364 367 374 378 380 381 386 389 390 391 393 394 400 401 405 407 410 411 412 415 419 422 423 424 426 433 434 438 444 446 447 449 450 452 457 460 461 466 469 470 471 
229 159 161 167 168 169 172 174 179 181 185 188 189 191 193 194 198 199 200 202 206 207 209 212 213 216 219 223 227 239 242 244 247 254 256 259 263 266 267 270 271 274 276 280 282 285 288 290 291 299 301 304 305 310 311 312 314 317 322 333 336 339 340 342 343 350 351 362 363 364 365 367 368 374 379 386 392 398 402 412 418 419 420 422 423 424 425 429 432 433 438 439 443 449 455 456 458 464 471 473 
186 160 162 164 169 173 174 175 178 180 184 185 186 187 190 194 197 198 200 214 215 217 218 219 221 223 225 228 231 232 234 237 243 247 249 251 253 257 259 261 266 268 269 271 274 275 278 280 284 285 287 289 290 291 297 300 307 308 310 311 317 319 321 325 328 335 336 340 351 354 355 357 358 359 360 361 362 371 373 377 378 383 385 387 391 396 398 400 402 406 410 413 415 417 422 423 424 425 432 434 438 439 440 445 446 453 455 456 457 459 461 462 464 465 468 469 470 
83 1 168 171 173 175 176 181 182 188 203 204 212 215 218 219 231 232 233 243 244 252 253 255 259 260 263 266 269 270 281 283 284 285 292 295 299 302 311 322 323 324 326 332 336 347 352 356 364 370 372 375 384 385 388 391 392 403 407 408 418 421 423 427 432 440 446 451 453 454 455 467 472 474 
86 166 174 182 183 198 208 228 232 234 235 241 243 253 257 269 270 284 298 299 316 333 334 336 342 352 368 373 376 379 398 399 469 474 
14 166 169 178 179 184 191 207 208 217 220 229 230 231 259 261 263 264 272 277 279 281 295 298 302 305 307 308 310 315 318 320 323 326 329 330 334 336 342 344 357 358 360 364 370 375 382 383 386 403 407 415 416 419 423 426 428 435 439 474 
40 168 169 170 179 182 183 184 189 194 195 199 200 204 208 212 223 228 234 240 244 264 267 270 274 277 284 286 287 288 290 293 299 307 312 316 331 333 336 341 342 346 347 353 355 356 357 361 364 372 376 378 379 381 382 387 388 394 395 401 403 405 408 409 412 415 416 422 424 425 439 440 443 445 447 459 465 
59 160 162 163 164 169 170 172 177 179 186 188 189 200 201 202 207 212 214 215 217 219 222 225 229 235 239 248 252 254 264 270 276 278 279 280 282 285 286 300 302 305 308 310 311 312 314 316 318 321 325 331 333 345 348 356 366 367 371 372 386 388 394 395 399 404 405 410 411 415 421 423 430 435 441 445 448 452 453 454 464 467 471 474 
149 159 160 161 162 165 166 168 170 171 172 174 175 188 204 205 207 208 210 213 214 221 223 228 233 237 241 244 245 247 250 251 253 256 259 262 264 267 268 270 276 284 286 287 292 297 299 308 310 313 314 316 317 318 319 320 323 324 326 327 332 333 334 336 339 344 348 349 352 353 354 355 364 365 367 368 370 372 373 376 377 378 379 380 381 384 385 387 388 393 396 398 399 404 409 410 412 413 419 421 423 424 427 430 431 433 434 435 438 440 442 448 449 450 454 456 458 459 462 463 464 470 
220 1 160 169 172 173 178 179 185 186 189 192 197 211 223 224 226 229 236 237 240 244 246 247 248 250 252 260 261 264 268 270 275 277 279 281 283 284 292 294 297 300 323 330 334 340 341 352 355 357 361 362 363 366 370 372 373 376 378 379 380 381 384 385 393 395 406 407 408 409 411 424 429 432 434 436 443 444 446 448 451 457 460 470 472 
270 437 
153 161 163 167 176 178 179 182 184 192 194 203 207 209 215 221 234 235 236 237 240 241 254 269 276 280 282 289 294 297 301 303 314 317 319 321 326 332 339 343 347 352 358 369 375 377 380 381 383 390 394 397 399 402 413 414 428 433 434 448 454 456 457 458 460 469 
124 170 172 176 177 180 181 185 193 194 195 201 213 216 220 221 227 230 239 247 249 253 266 267 269 273 274 278 283 289 295 298 300 301 305 309 311 315 316 322 323 326 338 340 342 343 348 358 361 367 371 390 391 393 397 399 400 407 410 420 424 426 432 437 438 440 455 458 460 464 468 473 
154 167 176 180 181 184 188 190 212 213 214 215 222 236 241 267 281 295 302 304 305 312 327 339 348 354 355 356 361 388 390 396 400 401 402 408 413 418 423 438 445 459 464 465 472 
98 159 170 174 175 181 182 183 185 194 203 207 214 218 220 227 228 231 232 235 238 245 247 249 252 253 258 259 267 269 270 278 282 285 289 293 304 311 312 319 322 323 324 329 330 332 336 337 343 346 347 354 355 357 359 362 363 370 375 380 381 383 384 386 388 390 392 395 396 404 408 412 415 418 419 420 422 423 425 428 429 431 432 434 440 441 449 455 459 461 462 463 466 468 469 471 
60 1 159 161 164 166 170 176 179 180 182 183 185 186 187 188 189 192 193 194 198 199 201 202 205 206 207 219 220 221 222 226 227 228 229 237 243 244 247 249 251 252 262 264 266 268 269 271 276 277 278 280 282 283 290 292 295 302 314 316 319 320 321 327 329 330 331 334 340 342 344 345 348 350 351 360 362 363 366 377 380 383 384 386 388 390 392 393 394 395 398 401 402 404 416 417 421 427 441 445 446 450 451 466 467 470 471 472 473 474 
35 167 174 181 187 197 199 216 219 236 242 243 257 279 295 296 312 316 317 326 339 340 365 372 376 379 384 404 428 431 442 443 444 450 459 
296 180 181 191 192 193 201 205 208 215 217 218 219 231 232 235 237 240 243 246 247 252 254 255 257 258 271 273 278 284 286 299 302 306 311 315 316 319 326 328 329 331 336 341 352 357 358 368 370 379 390 391 393 405 410 411 412 420 422 427 433 436 437 448 451 455 459 460 461 462 463 472 474 
231 207 
2 159 160 166 168 173 179 184 187 190 204 210 212 214 217 218 221 222 223 227 230 231 235 237 239 240 242 248 249 250 254 255 257 259 261 262 270 277 280 282 284 288 291 306 308 309 310 316 317 329 332 336 337 346 348 356 357 358 362 363 365 368 369 372 374 375 376 378 379 384 389 390 396 398 401 411 415 417 418 421 425 426 432 435 441 448 468 
166 161 162 165 167 170 173 177 179 182 185 187 195 199 204 205 207 208 212 214 215 216 217 220 221 224 226 228 229 234 235 237 238 242 244 246 249 250 264 265 272 277 278 282 285 288 290 300 302 303 306 308 311 315 317 327 331 333 334 335 336 341 342 343 349 350 355 356 357 361 366 371 376 377 378 384 389 393 394 398 405 409 410 413 414 416 417 421 424 429 430 432 434 436 438 439 441 444 450 452 453 455 457 459 461 462 465 470 472 
27 180 197 200 211 212 223 238 266 287 307 333 373 386 410 
169 160 163 177 181 182 183 185 188 195 196 197 204 207 217 219 222 239 240 245 246 251 253 256 261 268 279 283 287 293 295 298 303 307 310 321 322 330 338 339 341 345 354 356 358 360 365 381 384 395 397 400 402 405 408 412 418 421 427 433 434 443 444 449 451 458 461 465 467 470 472 
13 1 161 169 177 208 217 223 229 261 265 266 269 283 298 317 331 333 341 362 375 406 410 411 428 429 430 453 
170 1 161 167 172 177 181 184 185 188 190 194 200 201 206 214 222 226 241 246 248 257 259 262 267 275 278 280 289 296 297 299 302 303 304 309 311 317 318 323 328 329 333 339 341 345 346 350 351 357 361 382 383 387 388 393 404 414 416 417 421 426 427 429 435 438 443 448 449 454 457 460 471 
238 159 163 165 176 180 185 186 190 200 201 203 207 208 212 225 227 228 231 232 236 239 244 257 260 261 267 271 272 281 282 286 287 289 308 313 325 326 340 342 343 349 350 361 367 369 370 371 372 373 378 383 388 391 398 403 404 407 413 416 420 422 427 433 453 463 466 469 471 
221 161 176 192 194 211 212 217 231 250 275 296 307 349 351 356 379 386 388 400 407 415 428 452 453 457 461 464 473 
261 159 165 169 171 195 206 212 227 239 262 268 275 297 300 303 311 314 318 319 330 332 340 349 350 360 373 376 379 387 402 405 425 436 437 438 444 447 457 464 465 469 470 472 473 
230 159 166 169 178 190 195 198 203 204 211 213 216 219 222 225 227 229 233 234 235 236 237 239 243 247 254 257 259 262 266 273 274 277 278 279 282 283 287 288 289 295 297 298 299 304 307 310 313 317 318 319 320 324 328 329 332 337 339 344 347 351 353 366 368 373 374 375 386 388 391 393 395 396 397 398 399 401 402 406 407 414 417 418 426 440 445 447 448 452 461 462 463 464 466 469 
255 178 199 241 282 286 321 412 437 462 
200 1 159 165 178 179 185 186 187 190 191 192 203 210 211 223 224 225 230 231 235 241 243 245 250 252 255 261 262 266 267 268 274 284 286 288 292 304 305 309 310 312 315 316 320 323 324 325 327 329 330 343 344 347 351 352 357 360 363 365 378 384 386 388 409 413 418 421 424 425 429 430 437 441 442 445 452 462 463 470 
249 171 180 187 189 193 194 195 196 202 206 212 214 223 225 231 237 251 257 259 264 266 267 269 278 279 295 300 301 304 308 314 315 326 330 333 336 339 341 355 361 363 367 370 375 377 378 383 388 418 426 429 431 444 447 451 459 462 466 
294 160 163 168 177 205 235 244 253 267 311 323 373 376 380 412 419 437 441 454 461 
33 1 159 160 162 168 172 174 175 176 177 180 185 190 191 195 198 199 200 203 204 205 206 208 209 213 216 217 218 219 221 226 227 229 230 231 233 234 239 240 241 243 254 256 257 261 262 263 269 271 272 273 278 282 285 288 289 290 293 297 301 302 303 304 305 311 312 316 317 321 323 328 332 335 336 338 340 343 345 349 356 357 358 359 361 362 363 364 366 367 368 369 372 376 379 384 385 386 390 393 395 401 402 403 407 413 415 416 422 423 426 431 434 435 437 439 440 441 444 445 455 458 460 463 465 466 469 472 
73 172 289 330 339 357 372 413 463 
278 160 170 183 195 201 217 218 219 226 228 235 242 254 255 256 257 262 263 270 276 283 290 294 300 321 327 330 333 334 344 353 364 375 387 388 396 412 417 420 426 429 432 441 442 446 449 450 460 
4 174 182 215 226 298 300 305 309 316 331 344 379 393 406 409 415 451 465 469 473 
15 160 161 164 165 168 170 174 176 179 186 188 191 193 195 202 209 214 222 226 240 242 243 245 247 248 249 253 256 264 265 271 272 273 277 287 291 292 293 294 295 297 299 300 308 312 325 326 346 352 359 370 376 380 381 389 391 392 395 397 400 402 406 420 423 434 443 445 446 447 458 461 467 468 
222 168 171 172 174 175 178 180 182 186 188 190 191 194 199 201 202 204 208 212 216 221 224 227 237 246 247 249 253 255 256 259 261 262 266 267 270 274 276 278 280 282 284 287 288 293 296 298 299 300 303 307 309 312 315 317 318 321 322 323 325 326 328 329 333 335 338 345 346 356 368 371 376 378 384 385 386 387 389 390 391 392 394 395 397 399 403 406 407 409 411 412 415 421 428 431 434 435 439 442 446 452 453 454 455 460 461 463 464 466 471 
299 1 160 164 165 167 173 175 176 181 183 193 201 202 213 219 222 224 226 228 230 241 273 277 279 301 315 316 317 326 327 332 333 342 345 350 361 365 367 375 376 380 382 396 397 399 404 415 420 422 427 428 432 433 437 441 448 450 451 455 456 457 460 461 463 465 466 471 
136 167 174 185 214 216 220 223 255 264 266 268 270 280 288 300 313 322 338 341 359 363 366 377 382 410 445 
123 160 166 167 168 172 174 175 179 182 183 184 185 188 189 192 194 195 197 198 200 203 204 207 209 210 213 215 218 220 223 225 226 232 233 234 235 236 237 238 239 244 246 247 252 264 269 272 281 282 286 287 291 292 296 304 306 308 309 311 317 318 326 327 332 333 335 342 343 349 351 352 354 355 356 360 361 363 364 366 371 373 378 379 381 382 384 385 386 387 388 391 396 399 400 410 417 419 424 430 432 438 440 446 448 449 450 451 454 457 458 461 464 
19 171 174 177 183 188 192 196 208 211 221 223 240 248 263 264 284 293 299 305 320 330 337 348 355 367 390 391 395 396 404 406 417 424 465 466 469 472 
222 1 159 162 168 170 171 172 174 184 187 190 192 198 202 205 206 207 208 209 210 211 212 216 219 220 221 228 236 238 241 243 249 250 251 254 261 266 267 268 271 278 290 291 292 293 296 298 301 308 310 317 318 319 322 325 326 337 344 345 351 352 357 359 361 363 370 373 374 384 386 388 393 395 403 404 413 418 423 430 432 436 443 448 458 461 468 472 
2 162 163 166 168 174 176 177 179 182 185 187 189 192 193 195 201 202 205 206 212 214 215 222 225 228 231 234 236 238 241 242 246 247 248 254 257 261 264 268 272 278 283 284 286 288 289 290 292 297 299 301 305 307 312 318 320 323 327 328 337 340 343 344 345 351 352 354 359 361 362 364 367 369 370 371 376 378 379 380 381 382 388 392 395 399 401 402 404 405 416 417 419 425 427 429 430 431 432 433 440 445 450 451 453 458 465 468 469 472 
139 182 186 222 237 256 257 258 259 355 368 371 407 413 443 462 463 466 469 
81 159 160 161 162 164 166 167 170 173 174 175 183 187 188 191 194 201 208 212 213 221 222 224 231 232 237 239 241 249 250 254 256 260 261 266 270 271 273 277 278 280 282 286 300 307 313 314 322 325 326 327 329 331 334 343 344 345 349 351 355 357 358 359 362 367 379 381 383 385 386 389 396 397 399 401 407 408 409 410 412 430 431 433 434 436 441 452 453 457 461 463 466 468 471 473 
17 160 179 181 185 189 192 193 199 200 201 204 206 207 208 209 210 220 222 224 226 230 232 234 245 246 249 253 254 256 266 269 272 273 274 282 283 284 286 293 294 295 296 298 300 301 302 303 304 307 308 313 315 317 318 320 322 324 327 329 331 338 340 344 345 347 348 355 363 364 368 369 371 372 376 382 387 388 389 390 401 402 403 412 414 417 421 423 424 426 427 428 429 433 435 439 441 446 447 448 452 453 457 459 462 464 465 467 468 
26 176 178 179 184 191 204 209 217 218 224 226 232 235 238 243 251 257 259 261 270 274 281 285 290 292 296 297 300 301 304 310 313 322 324 329 335 336 337 348 363 370 373 375 381 382 400 401 425 429 433 443 444 453 473 
175 160 162 164 175 178 181 192 200 218 220 223 234 238 256 261 265 269 272 274 286 287 288 292 293 295 306 308 310 315 322 324 326 329 336 343 347 352 368 372 374 376 378 385 390 394 400 402 403 406 415 416 423 424 433 443 460 461 472 473 474 
203 162 165 178 179 180 191 195 197 203 226 232 236 239 241 242 245 247 250 251 253 254 255 257 259 261 263 269 271 276 279 289 294 299 305 310 312 315 319 327 328 330 332 338 343 344 347 351 353 358 361 362 369 374 378 383 384 389 390 391 394 403 408 411 419 423 425 432 435 438 443 445 449 450 456 464 466 471 
134 165 407 
194 161 163 169 179 182 189 192 207 208 213 215 221 222 226 234 235 236 238 243 248 250 258 259 263 264 275 277 281 284 290 292 299 300 301 312 314 315 320 321 326 330 333 337 340 344 345 348 352 353 359 364 365 367 368 370 374 383 387 389 392 396 397 398 407 411 412 416 417 422 435 440 444 447 449 450 456 
222 162 164 165 166 167 169 171 175 185 187 198 201 214 216 220 228 233 234 235 237 243 245 247 250 253 254 258 263 264 266 267 268 279 281 284 287 288 289 290 291 292 293 295 296 298 299 301 302 305 308 309 312 313 317 322 323 327 329 330 333 335 340 342 343 349 352 355 365 368 370 372 376 377 380 384 388 390 397 398 401 406 408 411 415 418 419 420 423 425 427 431 435 437 438 444 445 447 454 455 466 470 472 
265 159 160 161 162 163 167 171 173 176 177 178 182 188 194 197 200 203 204 206 207 209 211 214 215 221 222 224 233 236 246 248 253 255 256 259 262 266 267 270 271 273 275 278 280 282 284 285 286 291 292 296 298 299 305 306 307 309 310 311 315 320 321 324 326 327 328 330 335 336 341 343 346 347 348 350 355 356 357 367 368 369 372 373 375 377 383 387 388 393 395 397 398 400 401 402 403 404 405 408 409 411 420 423 424 427 435 437 439 440 441 447 448 453 455 457 458 466 470 471 473 
53 1 162 174 176 184 186 187 189 191 194 195 199 204 210 213 215 216 218 220 222 223 224 226 228 240 244 250 256 264 268 271 272 273 275 276 279 287 291 293 294 296 297 299 302 304 305 312 313 320 323 324 326 328 330 332 335 336 337 339 342 344 346 348 350 353 354 355 357 361 362 363 366 368 370 371 372 374 376 383 384 391 393 396 397 398 400 407 408 409 411 416 417 419 420 421 431 433 435 436 442 443 446 447 451 452 456 458 459 460 461 463 465 468 474 
176 160 161 162 164 166 167 168 169 170 178 180 181 182 186 196 197 198 199 201 205 209 217 224 229 234 239 241 245 250 254 257 258 259 260 263 264 271 272 274 277 279 286 287 288 295 296 298 300 309 310 312 314 317 318 320 323 325 335 343 346 347 350 351 352 358 363 365 370 373 379 384 386 389 391 409 411 413 419 420 421 423 424 429 433 436 441 443 446 447 452 453 455 457 458 462 464 465 470 
261 162 164 170 171 172 173 174 184 188 190 196 198 203 204 205 207 211 220 224 228 233 239 250 251 292 297 298 306 312 316 319 321 323 327 328 329 331 332 338 346 349 350 353 354 355 358 361 379 382 383 386 394 395 400 402 405 406 408 409 410 417 421 423 426 431 433 435 437 439 441 450 451 455 456 461 462 464 467 
16 1 159 169 172 183 184 189 192 194 195 196 197 201 203 204 207 208 209 221 228 230 231 238 247 249 253 255 264 268 269 270 271 273 274 275 277 280 281 286 290 291 295 296 299 300 309 312 313 316 321 326 331 334 335 337 343 344 345 349 352 368 383 386 388 389 390 394 395 396 397 401 407 413 419 420 422 423 426 430 436 438 439 442 443 446 448 450 456 458 468 469 470 474 
143 160 166 167 172 176 178 179 182 183 186 189 195 200 204 212 214 216 220 223 225 226 227 228 230 235 241 242 245 257 258 261 263 268 280 282 286 290 293 294 297 298 302 305 307 319 329 330 342 345 346 347 350 351 353 357 370 371 375 376 385 389 391 393 400 402 403 406 407 408 411 412 417 418 428 429 430 431 435 436 438 445 451 454 459 461 464 465 468 469 471 474 
207 1 164 172 177 179 184 195 200 202 207 217 219 224 238 243 244 252 260 267 285 292 299 302 311 314 322 331 333 334 336 341 344 346 349 351 354 374 380 383 390 393 394 403 411 420 430 431 432 434 441 446 447 449 452 453 455 458 467 
240 181 220 221 250 271 273 280 286 291 310 316 319 324 339 362 369 371 374 379 380 385 408 412 415 417 427 458 
249 176 190 207 222 245 247 269 325 347 358 371 383 438 449 
117 1 160 161 162 166 170 171 172 175 176 178 179 180 185 187 188 190 194 195 203 205 217 222 226 227 228 233 234 237 238 244 253 254 255 258 265 269 276 282 283 284 286 289 290 291 293 294 297 298 299 302 304 306 309 310 312 313 314 315 316 319 323 329 335 336 341 342 346 348 352 354 358 361 364 368 373 380 383 386 391 392 393 395 396 400 404 409 410 413 414 415 417 419 420 422 423 429 431 434 437 438 441 443 444 449 453 454 455 458 460 462 465 469 470 473 
96 159 165 172 175 181 185 200 201 209 212 216 219 222 224 229 239 241 244 246 249 250 251 253 257 259 263 266 267 272 275 286 288 290 296 299 303 310 328 333 346 351 354 361 364 365 370 373 377 388 389 393 394 406 410 417 421 426 429 431 446 451 455 457 459 463 474 
227 168 172 173 175 176 177 178 185 186 187 204 208 210 219 221 222 223 225 234 236 245 246 250 254 256 257 258 267 270 274 291 294 296 299 315 316 317 319 320 327 330 346 351 362 371 373 374 383 389 390 391 392 398 400 403 404 405 406 412 415 421 431 434 435 437 442 444 449 450 453 456 460 472 
20 172 173 175 176 178 199 204 213 223 250 258 259 273 275 283 289 308 312 329 337 348 351 353 357 370 373 381 386 388 390 391 400 410 412 418 421 428 452 454 470 
196 163 168 172 176 185 186 190 202 225 232 238 241 242 249 254 256 264 265 268 270 273 276 280 285 299 319 335 340 341 346 357 361 368 373 374 382 383 384 385 413 423 426 442 446 456 460 467 468 
287 160 161 165 166 167 173 175 177 178 187 191 201 203 204 209 214 216 217 218 219 220 222 226 231 232 234 237 238 239 250 251 253 255 257 259 264 265 266 270 274 278 281 282 284 286 290 291 293 296 299 303 306 307 308 312 314 317 324 325 333 336 337 342 345 346 350 352 354 365 373 375 376 383 389 390 392 396 397 400 407 409 413 415 416 417 418 421 427 431 433 449 458 459 466 
135 182 194 206 209 219 220 224 225 230 235 246 247 250 254 263 273 276 279 282 289 308 325 336 342 352 357 361 370 375 382 386 401 405 411 415 417 425 426 440 451 457 462 464 467 
68 162 166 168 172 176 181 184 185 188 190 196 205 210 213 217 229 233 234 236 238 241 242 243 249 252 253 255 258 265 271 273 283 284 285 286 290 293 302 304 306 312 319 320 321 332 334 335 340 341 342 358 363 367 369 371 372 387 388 397 403 404 408 412 414 416 418 419 422 423 426 427 428 430 431 437 440 444 445 449 450 453 466 
2 161 164 169 176 177 179 180 184 185 186 187 189 190 192 193 194 197 199 205 206 207 212 214 216 217 219 224 225 226 227 229 231 235 238 241 243 244 246 247 250 256 266 269 271 272 273 274 275 277 280 285 288 290 292 299 300 301 309 310 311 312 318 319 322 325 326 329 330 333 337 338 339 340 344 346 347 351 352 354 357 359 361 362 364 365 368 370 371 376 377 379 381 383 384 386 387 390 391 393 399 400 402 404 405 407 409 416 417 419 420 423 426 430 433 434 436 441 443 444 449 451 453 454 455 460 463 469 470 
133 161 164 166 170 176 177 180 181 183 189 190 193 195 197 202 204 206 210 211 213 215 234 235 236 237 241 243 248 251 252 253 255 258 267 268 270 279 281 283 291 295 298 300 302 306 310 312 314 318 329 334 335 337 338 341 343 347 349 350 352 353 359 363 373 377 385 389 391 392 395 396 401 403 407 408 412 413 414 416 417 418 420 428 430 432 435 439 442 444 452 454 455 459 460 463 466 467 468 469 
151 160 162 164 167 168 172 177 179 180 181 184 185 186 189 197 199 202 207 208 210 212 213 216 217 218 221 223 224 227 228 231 232 234 235 240 243 245 248 249 253 255 257 260 264 265 270 272 275 277 280 281 291 298 304 305 308 310 314 316 319 321 322 324 325 327 328 329 339 341 346 347 350 353 355 356 360 361 364 366 368 372 374 376 377 385 396 397 398 402 403 404 405 411 414 415 416 417 418 422 423 424 425 427 434 436 437 438 439 440 441 443 444 449 453 454 455 459 464 465 468 470 471 472 474 
236 1 162 165 168 171 172 175 180 184 188 191 194 197 201 207 208 209 211 212 213 218 225 230 234 235 243 244 246 247 251 262 264 266 267 268 276 284 285 288 290 292 300 302 305 308 321 322 326 328 329 332 336 339 340 345 354 356 361 364 376 379 380 381 385 386 389 391 392 395 396 399 404 405 415 418 419 422 423 425 427 430 434 438 442 446 447 448 451 452 457 458 459 468 473 
171 1 162 165 168 170 172 176 177 178 183 184 185 188 189 194 196 198 206 210 214 217 220 222 226 227 236 238 240 247 249 253 254 255 259 266 272 274 279 286 289 296 297 301 303 307 311 312 317 320 324 326 332 334 339 343 350 351 355 357 359 362 373 375 376 377 378 379 384 385 391 393 397 398 399 401 402 404 406 409 415 417 419 420 423 428 430 432 433 437 440 443 444 445 447 448 451 452 453 457 458 459 464 468 
208 1 161 163 168 173 174 175 181 183 186 189 191 193 194 197 199 207 209 218 225 230 239 240 247 249 258 260 261 263 265 282 283 284 285 286 289 293 297 300 302 303 308 312 313 314 315 318 324 327 328 331 336 343 347 351 354 362 363 365 375 377 382 386 391 393 394 396 397 399 404 406 407 409 414 415 418 419 422 447 454 466 467 471 
53 160 161 162 163 165 166 171 174 177 182 186 187 189 190 193 194 195 196 197 198 203 211 213 228 232 247 248 249 254 264 274 276 279 280 285 286 287 303 310 328 332 337 342 343 347 355 356 365 374 378 388 389 392 393 395 403 405 409 413 419 420 423 434 438 444 448 449 450 453 455 461 462 463 473 
154 166 170 172 173 175 178 182 184 187 188 190 194 196 200 206 211 213 216 217 219 220 222 226 231 233 244 251 258 261 262 277 286 288 289 290 291 292 295 297 300 301 306 315 319 328 330 332 337 340 344 347 348 350 355 356 372 379 380 386 387 389 392 400 401 405 411 417 423 426 432 434 436 437 447 449 452 456 462 463 466 469 472 473 
202 1 159 164 166 167 171 174 177 178 188 190 191 198 199 203 206 209 221 225 227 228 234 236 241 251 255 260 261 263 267 277 278 279 283 285 313 314 319 320 321 323 330 337 341 344 347 349 355 359 360 375 381 383 384 390 396 401 404 408 409 411 413 420 422 424 428 429 436 441 444 445 446 452 454 458 459 464 468 469 472 474 
167 159 160 165 166 168 170 173 175 178 179 180 181 182 183 184 185 186 188 191 195 199 201 202 203 208 209 211 219 227 228 230 235 239 240 242 243 249 253 256 257 258 263 264 265 268 271 272 277 282 285 286 289 292 294 295 296 300 302 305 308 312 314 316 317 322 326 327 329 331 335 336 340 342 343 344 347 350 351 364 367 368 369 370 372 375 385 390 391 394 404 405 408 410 411 412 415 417 420 423 425 430 434 435 436 437 441 448 450 454 464 465 472 474 
124 163 164 171 173 175 188 190 193 196 200 208 214 218 219 221 228 232 239 244 258 261 262 271 275 280 281 285 287 293 302 307 310 315 324 325 328 329 330 333 335 336 337 350 355 356 360 368 369 373 374 376 385 390 395 407 408 409 416 421 429 430 448 449 454 457 462 463 471 474 
224 160 165 177 178 180 182 183 184 186 187 195 197 205 211 216 219 224 225 239 245 250 254 255 264 268 270 276 285 288 294 296 297 303 315 319 327 331 334 338 345 346 353 355 366 372 375 378 379 385 388 391 393 394 396 397 404 408 415 422 428 438 439 442 446 451 453 458 459 472 
207 166 169 173 180 188 191 194 255 259 264 270 272 289 298 310 311 315 317 328 329 332 333 335 336 344 349 350 355 365 368 396 403 415 427 431 433 438 448 457 463 465 
214 161 162 163 167 168 177 179 183 184 186 188 193 196 198 199 200 205 208 213 215 219 223 226 230 234 236 238 239 241 245 247 249 250 251 252 255 256 258 261 266 267 268 269 276 279 287 288 289 290 296 297 298 301 305 306 307 319 320 323 324 325 326 328 333 338 341 343 345 347 349 350 351 352 353 357 358 360 361 365 368 369 370 371 374 377 384 385 386 388 395 397 400 401 404 406 408 411 412 413 414 416 418 419 420 421 422 426 427 431 433 436 438 439 452 454 457 459 461 463 467 468 473 
89 179 196 234 246 254 280 316 320 325 373 407 410 417 452 468 469 
93 1 161 165 166 168 170 173 175 176 178 181 182 184 186 189 195 198 199 203 205 206 210 218 220 221 222 226 227 228 229 230 233 235 241 245 256 258 261 263 264 266 267 268 269 271 273 274 275 278 279 280 285 286 287 289 290 295 296 298 303 307 309 312 314 316 319 320 321 324 326 335 336 337 338 341 346 348 354 355 359 360 361 362 364 374 376 378 380 383 394 396 398 399 404 406 411 414 415 416 417 424 428 431 432 437 438 441 444 447 449 451 455 457 459 461 462 463 473 474 
147 168 183 192 205 211 236 258 271 305 308 345 351 358 373 388 409 422 445 453 474 
233 166 377 415 455 458 
267 169 171 172 173 174 176 177 179 180 182 185 186 189 191 197 198 202 206 207 212 214 216 218 219 220 224 227 229 230 231 233 234 235 236 239 241 244 245 249 255 261 264 267 271 272 273 277 280 281 283 288 289 291 293 295 297 302 303 305 309 311 312 315 316 323 324 325 326 328 329 339 340 342 350 354 357 358 360 366 369 378 380 382 383 385 390 391 395 402 403 406 409 414 426 429 431 435 436 440 449 456 461 462 463 466 473 
107 161 165 166 176 184 195 199 205 207 210 211 213 215 222 225 231 235 253 258 261 263 264 271 279 298 301 302 307 311 317 319 326 331 334 337 344 345 351 359 366 372 373 379 380 383 386 388 390 393 402 406 413 416 429 431 432 438 455 458 459 462 466 469 473 
214 170 173 175 204 210 215 217 223 224 228 231 235 238 239 248 250 254 255 260 264 274 292 295 296 300 305 306 314 332 334 338 342 346 354 361 367 378 379 384 386 388 394 396 401 411 412 422 433 441 442 443 447 453 459 462 468 472 
176 1 159 169 172 175 177 182 183 186 194 197 208 212 221 224 238 241 242 246 250 254 260 263 278 283 287 295 298 301 302 309 311 324 327 331 334 340 343 350 361 363 364 365 366 378 381 384 391 393 398 404 405 408 409 415 416 419 422 427 432 434 443 445 447 448 454 462 464 
181 159 161 164 166 168 175 179 181 186 189 199 200 202 203 204 205 212 226 230 238 239 246 251 252 256 257 261 263 264 266 267 270 271 273 275 280 281 286 290 291 292 293 296 299 302 304 312 313 316 317 326 330 334 335 341 344 349 352 358 361 367 368 370 376 377 378 379 394 398 401 403 409 411 412 415 416 421 422 424 428 430 434 436 439 441 445 447 449 453 456 457 461 463 464 471 
110 161 165 185 200 201 210 212 218 229 234 236 241 243 245 251 252 256 258 262 267 270 272 274 280 284 285 289 298 301 303 313 317 319 328 332 334 346 361 365 372 374 377 378 386 390 391 403 404 405 412 432 436 455 458 467 474 
163 159 160 168 175 192 217 219 228 282 284 310 335 342 360 396 397 415 436 449 473 
42 159 164 167 169 185 187 191 193 198 202 204 208 215 218 226 227 228 230 237 238 239 240 243 246 247 249 250 261 263 264 269 272 274 275 286 291 293 299 300 302 306 311 315 316 320 324 326 329 331 335 337 340 341 343 347 353 355 361 363 364 366 371 372 373 390 392 399 403 404 405 408 410 415 420 422 429 431 433 436 439 441 445 448 451 454 456 461 465 470 
257 224 236 251 269 277 327 385 438 
235 176 184 244 255 256 276 277 327 343 389 393 397 405 421 429 437 438 466 
122 162 165 168 170 174 185 186 193 194 196 198 201 205 207 212 217 219 222 223 238 245 247 248 250 252 262 264 265 273 274 292 293 296 298 301 302 303 304 308 312 315 322 326 328 333 334 344 345 350 353 354 356 367 371 372 373 379 381 385 390 391 392 397 404 408 410 412 413 414 421 425 435 447 448 457 459 463 465 466 469 474 
97 168 173 175 178 179 194 195 197 199 207 209 227 233 250 260 263 266 268 274 277 278 282 283 284 299 306 308 310 312 333 335 343 344 351 354 355 369 370 382 384 386 391 392 401 402 417 418 425 429 433 435 440 441 447 453 454 455 461 
139 161 169 171 172 175 181 185 190 196 197 199 202 203 206 208 210 216 227 229 230 232 239 243 250 251 254 255 256 257 259 264 265 267 271 273 277 285 290 291 292 295 296 298 299 305 306 308 314 317 318 323 324 325 328 329 330 332 334 340 346 347 349 353 355 358 360 363 366 367 368 369 370 371 372 374 379 381 382 384 389 390 391 398 399 400 401 405 407 408 409 410 413 415 418 421 428 435 441 442 447 448 451 457 459 463 469 
102 177 184 234 255 277 282 289 296 299 314 318 323 324 328 335 347 348 366 376 387 405 410 415 418 425 440 441 448 460 461 464 
54 160 173 175 184 201 213 216 220 224 227 231 235 242 258 261 270 276 289 300 304 311 313 324 330 337 341 361 362 374 380 386 391 395 397 398 401 415 421 422 424 438 455 463 464 473 
113 1 165 167 172 191 195 203 212 218 225 229 232 237 238 246 247 252 257 266 267 270 275 277 289 310 312 325 339 357 358 371 373 374 386 411 425 429 434 439 452 456 460 463 464 470 
169 168 174 177 182 184 189 190 197 201 203 204 208 212 214 216 219 223 224 228 231 233 237 238 239 248 254 255 258 260 263 267 269 270 276 278 279 287 290 291 293 295 297 301 304 318 322 325 326 327 333 340 344 347 350 354 357 360 363 365 369 371 372 377 379 380 383 387 391 396 397 400 406 409 416 417 425 426 428 433 434 436 448 456 458 460 465 466 467 468 470 474 
108 159 162 165 170 173 174 186 188 189 197 199 201 202 221 222 223 225 226 227 230 236 240 241 243 244 248 252 253 254 257 259 260 265 271 272 274 277 284 288 291 293 294 299 302 305 311 319 323 329 331 336 339 341 343 344 345 348 353 354 355 359 363 364 367 369 371 380 382 383 387 388 390 392 398 400 404 407 411 419 421 432 434 436 437 438 440 444 447 448 452 458 459 467 468 470 472 
241 165 169 171 174 175 181 193 198 201 207 208 212 215 217 219 226 232 238 246 249 250 252 265 266 273 274 277 284 291 296 298 299 302 304 307 308 309 310 311 317 318 319 325 329 333 336 337 338 339 341 348 352 356 362 363 366 368 371 378 381 382 384 385 391 398 399 401 402 403 406 407 408 409 411 414 422 423 424 430 431 432 453 454 459 462 463 
95 165 166 178 188 190 194 209 221 226 227 229 232 242 250 291 317 326 356 409 429 431 442 445 453 455 456 457 466 473 
243 162 168 180 182 185 186 187 191 192 193 195 196 198 213 223 224 237 239 248 249 252 253 263 267 277 279 280 283 285 289 304 307 309 314 318 319 321 329 334 335 338 343 363 365 367 372 374 375 380 383 399 406 409 412 426 430 442 444 453 469 
104 164 175 176 177 179 180 184 185 189 190 191 192 195 198 201 202 204 205 207 212 213 217 220 222 226 230 231 236 238 241 242 243 247 249 253 256 257 258 260 261 262 264 265 266 272 273 280 284 285 286 287 290 293 296 297 300 304 307 309 311 312 313 318 321 324 326 328 330 333 334 338 342 344 349 352 353 356 360 361 362 364 365 378 379 381 384 387 390 393 395 406 410 412 413 416 417 426 427 429 433 435 436 439 443 446 448 450 451 456 460 461 462 467 471 474 
3 1 164 166 167 175 178 179 188 191 192 194 196 198 206 209 210 211 213 216 222 223 228 232 233 235 237 245 246 250 252 256 257 259 260 267 275 276 278 280 287 290 295 297 299 300 304 308 309 310 311 313 318 320 324 327 329 331 333 336 340 347 352 355 361 362 369 372 374 387 396 400 401 404 417 418 422 423 426 428 430 436 444 452 455 458 461 463 465 467 470 471 
1 162 165 172 176 184 190 193 197 200 204 205 206 209 215 217 221 224 228 229 237 238 239 243 245 246 247 249 252 253 255 257 259 260 265 267 273 279 280 293 296 298 300 301 303 309 313 315 318 321 322 326 330 331 336 338 340 344 346 357 359 360 361 366 367 372 375 381 390 391 394 395 398 400 402 404 409 410 411 413 418 427 429 435 436 439 440 441 442 443 446 447 457 462 463 465 470 472 
95 196 204 215 231 233 239 244 252 259 280 328 332 374 376 391 404 407 411 421 424 427 447 464 
19 164 174 177 182 188 189 192 201 204 210 211 214 217 218 219 222 223 239 246 248 252 255 260 261 265 272 274 275 279 286 294 301 302 306 307 308 309 313 315 316 318 321 323 324 335 336 337 338 341 346 349 363 365 370 373 378 379 381 383 388 389 392 393 398 399 411 414 415 417 418 423 429 435 439 440 441 442 453 454 460 470 
72 1 163 166 168 170 173 174 177 179 184 185 186 190 197 199 202 203 204 205 206 207 208 209 211 213 218 219 221 222 224 227 229 230 235 239 247 254 256 257 258 260 265 279 280 281 282 285 286 288 290 293 294 297 298 305 308 316 317 318 319 324 325 328 329 331 332 333 336 338 341 345 346 350 351 352 354 361 362 364 369 376 378 379 381 387 390 392 395 396 397 405 410 412 415 416 418 419 420 422 423 424 429 430 433 435 436 438 440 442 445 448 449 450 451 452 458 460 462 465 470 
48 1 161 162 165 166 167 171 174 176 177 179 182 189 190 192 193 195 197 202 207 209 210 212 214 218 223 226 227 232 240 241 243 246 249 250 251 255 258 263 265 266 267 268 271 275 276 277 278 284 285 293 294 300 303 304 306 308 309 310 311 312 313 320 323 324 325 330 332 333 335 346 355 358 360 365 367 368 369 373 374 376 383 385 387 397 402 415 416 417 423 428 432 434 436 437 443 449 450 454 455 459 460 461 462 465 469 474 
70 159 167 171 175 179 181 182 186 204 225 231 237 238 240 245 251 258 259 262 265 267 283 287 292 295 299 302 303 314 321 338 340 341 346 353 356 366 379 388 401 402 406 415 417 420 434 450 456 466 468 473 
61 1 160 162 164 168 169 172 173 176 179 186 192 203 206 208 209 213 215 226 239 240 249 252 254 255 273 278 279 282 283 286 290 294 298 300 301 302 307 309 312 313 316 318 322 323 333 339 340 344 348 349 351 352 354 358 361 368 372 373 375 380 382 384 385 387 388 394 397 401 406 407 408 414 417 419 424 427 428 431 432 438 450 451 453 454 470 474 
68 1 168 171 173 178 179 181 182 183 185 188 189 191 192 195 197 200 203 213 216 219 221 223 227 228 230 233 235 237 239 251 258 259 261 266 270 271 272 280 282 284 288 291 296 300 301 304 305 307 312 315 317 318 321 323 330 332 334 343 346 351 359 360 363 365 366 379 380 382 383 386 389 393 396 397 398 402 406 407 409 412 413 417 420 426 427 432 436 437 439 442 445 446 450 451 452 453 457 462 466 467 474 
85 159 162 163 167 171 173 176 179 180 183 185 187 190 195 197 198 199 201 212 214 218 223 224 229 230 237 243 244 245 246 252 258 263 265 267 275 277 280 283 287 291 300 304 305 309 311 312 313 315 317 320 324 326 327 331 332 333 336 337 342 344 346 348 354 357 360 363 364 369 372 380 387 389 390 392 393 394 397 399 400 401 409 413 416 417 418 422 430 431 432 435 436 437 439 442 446 449 456 461 462 463 465 466 468 470 
157 243 
182 163 168 169 184 189 196 204 209 211 234 243 249 253 255 271 288 291 299 315 319 329 333 341 358 359 363 376 397 401 402 407 435 439 442 452 458 
52 159 165 167 171 172 174 177 184 185 186 187 189 201 206 208 209 210 216 217 218 219 220 222 224 227 229 230 235 238 239 242 252 258 260 261 262 267 268 273 274 276 278 279 288 290 295 296 298 300 301 303 307 311 312 313 314 319 320 328 332 333 334 335 339 346 348 350 352 353 358 365 368 369 374 377 378 380 389 392 394 397 401 405 406 413 417 418 430 432 435 437 441 442 447 449 451 455 459 461 464 472 
155 1 159 163 166 167 168 170 173 177 189 192 193 194 198 202 203 204 205 206 209 210 215 219 226 229 230 232 236 238 243 245 251 252 253 260 262 265 272 273 275 276 277 279 280 282 284 285 289 292 296 306 307 309 318 322 323 325 331 332 337 342 344 347 349 350 353 355 357 363 364 367 368 377 382 389 390 392 395 398 405 407 410 411 414 418 422 423 425 426 427 431 432 435 442 444 455 459 464 466 468 469 473 
213 159 160 163 166 170 172 174 177 183 184 190 192 199 200 201 202 204 213 216 221 228 236 237 239 241 242 243 245 249 253 254 260 261 263 265 270 273 276 283 285 297 302 309 310 316 319 328 331 332 334 340 341 345 346 350 362 366 368 370 373 374 376 378 379 380 383 385 388 389 390 392 396 397 402 404 408 410 414 418 422 423 425 429 435 440 441 446 447 448 451 454 456 458 461 467 469 474 
98 163 169 170 176 179 184 189 190 193 196 202 207 208 209 224 234 239 240 245 248 262 263 265 279 280 284 285 288 294 297 300 302 305 307 309 313 315 319 321 322 324 329 331 334 340 342 347 348 349 351 352 360 366 372 376 380 388 389 396 398 403 415 416 418 420 428 436 443 444 453 455 457 458 461 467 468 
220 1 160 161 173 174 175 176 178 184 190 192 194 195 198 199 200 203 207 208 209 215 217 218 221 222 229 231 232 233 236 239 242 246 247 253 254 255 258 260 262 267 272 277 281 282 287 288 292 314 331 350 354 358 363 364 365 366 367 369 372 381 393 395 400 402 406 417 422 428 430 438 442 443 448 460 462 466 470 
105 170 244 246 266 294 345 348 370 380 382 436 438 448 461 
124 161 166 196 208 209 213 216 223 230 239 243 248 255 257 261 270 277 280 285 296 297 301 310 314 317 320 325 328 330 331 357 358 361 366 370 371 375 389 399 402 406 420 421 427 431 441 444 452 454 456 457 465 470 
48 1 160 165 168 171 175 179 184 188 189 191 196 200 203 204 205 206 211 212 214 215 220 224 225 226 227 229 233 234 236 238 242 244 247 249 250 253 254 256 257 260 266 272 273 274 276 278 283 285 291 294 295 298 302 306 309 310 311 314 324 325 328 334 335 337 339 342 343 344 345 346 349 350 354 355 356 357 359 360 361 368 369 372 373 377 378 382 383 384 389 390 393 398 399 405 407 411 412 413 414 415 416 417 420 424 426 431 437 441 453 459 471 
35 1 159 160 161 164 168 173 177 185 194 204 206 214 223 225 233 237 240 241 242 243 247 250 255 256 257 269 275 284 286 288 292 294 296 300 303 310 311 315 320 325 328 329 337 342 348 355 359 361 362 367 371 374 378 391 393 404 406 416 417 427 438 448 450 459 463 466 473 
131 160 161 173 176 190 193 197 200 205 217 219 220 225 232 238 239 246 252 259 264 266 277 287 294 298 304 308 318 321 329 333 353 356 357 358 374 375 383 384 389 392 393 395 400 419 420 424 428 439 448 452 455 
166 159 161 166 170 171 172 173 176 179 191 197 201 202 205 207 217 219 223 224 226 227 242 245 249 256 258 268 270 271 274 278 287 292 298 300 302 303 306 308 310 312 315 318 319 325 331 334 335 340 341 342 354 359 363 365 368 371 373 376 379 386 387 391 392 396 406 410 411 415 416 420 424 426 433 442 451 456 470 471 
86 160 163 164 168 172 173 174 176 182 183 184 188 193 197 198 201 203 205 207 211 212 213 215 216 218 221 223 224 232 236 240 241 243 252 254 256 259 264 267 268 270 273 275 276 277 279 280 287 299 305 306 309 313 320 321 324 325 329 332 340 346 351 353 354 358 360 361 363 369 371 373 374 375 379 383 386 389 392 394 396 397 398 400 402 403 405 409 411 412 414 416 420 422 426 431 434 436 438 439 440 442 447 448 453 455 458 460 461 463 466 467 468 469 470 
55 159 162 175 178 180 181 182 184 185 187 190 192 196 197 199 204 211 213 215 225 226 227 243 245 254 256 258 260 264 265 266 268 270 275 277 278 279 280 281 286 288 290 292 293 294 296 299 300 311 313 317 322 327 339 341 342 344 345 347 348 361 362 365 367 368 374 375 376 377 378 379 380 382 383 387 388 393 397 402 412 416 420 421 424 427 430 432 435 438 441 446 450 451 454 457 460 462 464 467 469 472 474 
147 1 159 163 172 173 176 180 182 183 188 189 190 192 199 200 202 203 204 209 210 216 219 223 227 230 232 233 234 235 239 244 246 248 252 257 260 261 264 267 268 269 274 275 276 277 284 285 286 288 289 301 302 306 307 309 311 313 314 316 317 322 323 324 327 328 332 334 336 340 346 347 349 361 386 387 390 392 395 402 404 407 409 410 411 412 415 417 421 426 427 428 431 432 437 442 451 453 459 460 462 464 465 467 468 469 474 
276 1 160 161 163 165 166 168 172 173 174 181 190 196 200 202 207 210 211 216 218 223 225 236 237 242 246 250 256 257 258 264 265 271 273 274 280 281 285 288 293 295 298 305 310 311 314 315 316 317 319 329 339 340 343 344 345 347 354 355 357 360 363 365 367 371 377 379 388 390 392 394 395 403 404 405 408 409 411 412 415 417 421 422 423 427 432 435 439 442 447 448 454 455 460 464 468 469 471 472 
15 170 171 178 183 185 191 196 199 205 209 229 230 231 233 259 261 263 266 285 289 299 318 325 334 353 400 405 416 419 423 435 439 471 
165 1 159 160 164 171 192 194 201 202 203 204 233 237 241 260 270 271 274 278 301 305 306 313 324 329 351 361 362 364 369 377 402 408 414 418 420 422 424 430 436 437 446 454 458 460 
29 160 162 164 165 169 172 175 177 178 179 192 196 198 201 204 207 208 212 213 214 215 216 217 218 219 225 226 230 232 234 235 238 239 240 251 252 257 258 262 270 276 277 278 279 284 292 295 298 304 305 306 308 314 322 324 327 329 330 339 342 343 344 345 346 352 355 361 362 368 371 372 375 376 383 384 388 391 392 398 399 400 401 409 413 414 415 417 418 421 425 428 429 431 434 436 439 440 445 446 448 449 450 453 454 457 458 460 463 466 467 468 470 473 474 
10 161 164 165 172 175 185 187 190 192 194 200 206 210 212 216 219 220 221 223 229 236 253 254 255 258 262 263 266 275 281 283 290 293 300 303 306 311 317 318 320 321 324 326 330 333 345 346 348 351 353 357 359 360 363 365 368 369 375 377 379 380 388 389 390 391 393 396 409 416 428 429 432 435 438 440 458 460 462 466 473 474 
142 172 186 191 193 202 208 209 215 246 255 259 266 278 280 286 301 328 332 363 377 403 417 425 439 443 447 459 
173 159 160 168 175 176 179 182 185 186 188 189 199 201 202 203 206 208 210 211 212 216 218 221 222 224 226 231 234 238 240 245 247 258 260 261 268 269 271 272 273 277 283 287 291 292 308 312 320 322 323 326 331 335 336 339 340 343 344 346 347 351 355 358 359 360 364 365 370 371 374 378 379 383 384 385 386 387 389 390 395 399 403 404 405 407 409 411 414 416 418 419 423 424 425 426 432 434 437 438 442 446 449 450 452 460 465 468 469 473 
26 159 165 168 169 172 176 179 181 183 184 193 198 203 205 215 229 231 232 233 234 235 236 240 242 243 244 250 266 277 278 279 280 282 287 288 291 292 300 304 305 309 315 319 322 323 326 327 331 332 335 336 339 340 343 347 350 351 352 354 358 363 364 371 372 374 381 384 385 386 387 393 401 407 409 410 411 415 416 420 421 428 429 433 435 442 444 447 450 452 454 456 461 463 469 470 471 472 474 
55 159 165 173 177 186 192 196 198 202 203 204 208 210 232 242 243 244 246 248 252 253 256 258 259 261 264 267 271 273 290 292 296 302 303 306 308 311 313 316 317 319 320 321 326 334 349 351 352 358 361 362 363 378 384 408 410 412 413 415 424 426 429 432 434 440 450 451 461 462 463 
96 160 168 170 174 175 178 179 180 181 182 188 190 193 196 197 202 205 206 213 216 218 220 238 239 241 245 246 251 252 257 260 263 268 269 270 271 274 277 281 283 285 292 294 296 298 303 304 306 309 310 311 316 317 318 320 327 328 330 331 339 340 342 348 350 352 358 359 360 364 365 366 370 372 373 378 381 382 384 385 386 389 390 393 394 405 408 411 421 422 426 430 431 433 435 436 440 443 446 447 451 452 456 457 458 459 466 468 471 
123 164 165 166 167 168 169 172 177 180 181 188 192 193 196 198 200 201 204 207 208 213 218 226 231 242 245 246 247 248 250 252 255 256 261 262 266 269 275 279 281 282 283 284 285 286 288 293 299 300 301 302 303 310 311 313 315 316 317 321 323 325 330 331 334 335 340 342 346 351 355 362 363 367 370 371 372 374 377 378 382 385 389 390 393 394 395 396 401 404 406 409 414 415 417 422 424 425 426 428 431 434 438 439 441 445 447 450 453 461 462 465 468 
183 168 170 172 174 176 178 181 185 186 187 190 191 192 194 195 197 198 200 201 202 204 210 213 214 217 221 223 226 227 228 230 232 237 251 252 254 256 258 260 263 267 268 269 270 272 276 280 281 285 287 288 290 291 292 293 295 300 301 303 309 310 311 313 317 324 326 328 330 331 333 334 336 337 341 342 343 348 352 355 358 373 379 382 389 390 391 395 398 399 400 404 406 407 410 411 417 420 426 435 436 440 442 443 445 449 452 454 455 456 458 469 470 473 474 
290 163 166 171 172 181 184 194 195 196 197 198 200 204 206 212 217 223 226 229 233 252 256 257 259 260 261 262 266 268 272 273 280 282 285 291 292 294 306 310 315 323 324 329 330 333 334 339 341 343 354 357 359 360 361 365 370 372 384 386 390 397 399 402 404 408 409 413 415 418 419 421 424 430 439 442 454 455 466 472 
247 163 179 192 197 206 215 226 230 239 240 251 258 265 281 288 289 294 303 311 312 314 336 341 351 359 360 361 373 375 377 380 441 464 467 
279 163 165 167 168 172 173 176 178 187 188 189 190 192 196 200 203 204 207 209 211 215 218 223 224 226 229 235 236 240 242 246 248 249 252 253 257 262 268 273 276 283 285 290 291 293 294 296 297 298 300 301 303 304 305 319 320 321 322 324 326 327 332 333 334 336 340 341 344 345 346 347 356 357 361 362 369 370 372 378 379 380 381 389 390 391 393 397 399 403 404 405 407 408 410 421 422 423 427 430 435 438 446 448 451 452 458 460 461 463 464 471 472 
34 216 236 389 408 419 
200 159 160 165 168 169 170 180 183 196 200 205 207 212 216 218 223 229 230 259 261 284 290 298 301 305 315 319 321 323 327 336 341 346 347 355 362 364 367 373 378 390 391 394 397 418 421 425 430 431 432 436 441 442 444 455 458 461 468 473 474 
157 179 180 181 195 235 243 250 254 258 265 266 273 281 289 294 309 312 330 331 365 374 375 385 386 436 440 444 447 473 
72 219 242 280 292 325 393 446 
129 159 163 165 169 173 180 184 191 192 194 201 206 208 209 212 214 217 218 221 223 226 227 229 230 234 238 240 250 252 255 257 261 262 263 266 267 271 279 285 287 290 297 302 303 305 307 308 309 311 319 320 324 325 330 334 336 337 338 345 347 349 352 354 356 357 360 361 363 365 369 370 371 373 375 382 386 388 391 392 395 396 404 405 406 407 410 412 413 414 415 418 419 422 423 424 425 426 428 429 430 434 440 444 455 457 458 460 462 463 466 467 469 
163 160 162 164 165 168 176 177 181 182 184 185 191 192 200 201 205 206 209 216 220 222 223 228 230 231 233 237 238 242 243 247 248 249 251 252 253 254 257 263 264 265 269 270 273 277 282 283 284 287 296 297 298 299 300 302 308 311 313 318 320 334 338 342 349 356 358 363 370 372 376 378 379 381 384 385 387 390 398 401 402 405 406 408 409 410 411 423 425 436 437 447 448 452 460 462 467 469 471 472 
55 1 163 164 169 177 180 181 183 184 187 189 190 193 200 211 213 215 216 217 220 222 234 238 243 245 250 254 256 259 263 272 273 280 283 289 291 292 296 299 301 304 306 308 309 313 317 318 322 325 326 328 329 334 336 341 342 345 351 358 360 364 373 374 377 378 380 385 390 397 403 405 408 409 410 411 413 418 419 421 422 427 429 433 447 449 453 454 459 460 462 464 465 468 469 473 
208 160 161 165 172 175 182 190 196 197 204 211 217 222 228 241 256 263 267 277 279 296 304 319 323 324 327 329 331 334 339 344 349 351 354 355 359 361 366 378 379 383 385 396 402 404 410 412 413 417 423 425 442 451 453 454 462 464 465 471 473 
197 166 167 168 170 173 179 180 187 190 194 197 198 201 203 205 209 210 214 216 217 222 225 232 240 243 247 248 258 266 273 275 278 279 284 286 287 290 291 293 295 298 299 301 306 311 315 319 320 323 327 337 339 345 348 355 361 372 374 383 386 388 392 398 403 407 409 418 419 422 424 433 441 444 452 453 460 461 463 466 467 473 
22 159 160 161 163 164 167 168 170 172 175 177 178 180 183 189 192 195 196 200 201 207 208 210 212 215 218 220 222 224 226 227 236 237 238 247 248 250 252 253 254 262 265 267 268 280 284 285 286 287 298 299 303 306 308 310 317 324 326 328 333 334 336 337 339 344 352 358 361 364 373 374 376 378 379 385 386 387 391 392 395 396 397 399 401 406 407 408 409 419 421 426 434 436 437 442 443 444 446 449 455 456 457 460 465 470 473 
35 1 160 162 165 169 175 179 181 186 187 188 191 196 199 205 213 214 228 233 235 237 250 254 256 257 263 266 268 270 273 279 280 283 290 291 292 294 295 298 299 303 306 308 314 316 326 328 334 335 351 361 362 366 368 372 373 379 382 386 387 389 392 395 402 404 416 417 419 422 423 427 428 431 433 440 442 450 452 453 457 459 460 462 463 469 471 474 
243 160 165 175 202 203 208 211 223 227 232 250 259 263 279 285 327 354 363 375 406 414 462 468 
238 270 296 314 
235 173 189 192 197 206 223 243 247 261 266 280 281 283 287 301 307 326 368 383 386 396 397 405 434 436 438 453 
68 162 164 165 167 168 171 178 180 182 184 187 189 193 194 200 201 203 205 211 215 219 220 224 225 228 232 234 239 241 242 249 252 253 255 256 261 262 265 272 280 285 287 299 302 303 307 308 310 313 322 332 343 347 353 358 360 363 368 369 371 372 373 376 385 393 396 400 406 408 409 411 412 413 415 416 417 419 420 421 422 429 439 442 443 447 450 452 455 458 461 463 464 467 468 469 471 472 
202 164 184 189 206 208 210 213 216 223 224 227 228 232 243 248 256 258 261 268 282 284 292 296 301 307 311 316 332 339 340 348 356 363 365 371 372 373 377 383 385 392 394 397 400 403 404 414 419 423 428 429 434 438 439 444 447 449 462 467 469 
270 159 160 164 166 167 171 173 177 179 181 182 185 187 189 192 194 198 201 204 205 206 207 208 210 211 213 214 216 217 219 221 222 225 227 230 237 238 240 243 247 255 257 259 262 269 270 271 272 274 279 284 286 293 296 297 305 306 311 312 313 314 315 319 321 323 324 325 327 329 334 335 336 343 344 350 352 360 364 365 368 370 371 373 374 380 381 383 390 392 395 399 400 401 404 407 410 415 416 419 420 421 424 425 427 428 429 432 434 435 439 440 442 443 444 445 447 450 451 452 455 462 465 466 468 472 473 
245 159 164 166 167 170 171 173 176 178 180 189 190 195 196 205 208 211 214 216 219 220 224 225 229 230 232 233 235 238 239 247 253 255 264 266 268 271 275 276 277 281 282 284 292 293 295 296 298 300 301 306 308 309 310 311 315 318 322 324 333 342 343 344 350 352 354 356 365 367 371 384 386 387 389 391 394 397 399 400 406 410 412 415 417 420 422 424 426 427 431 432 435 436 438 446 448 449 450 451 452 455 457 460 461 464 465 474 
196 166 185 187 192 208 210 212 215 222 233 235 250 252 270 274 280 283 286 299 306 314 330 349 357 361 372 380 381 390 393 397 407 408 412 419 432 435 436 445 446 457 471 
178 166 185 191 242 324 334 372 409 470 
144 159 160 163 166 168 169 170 171 172 175 188 190 191 197 199 202 206 218 223 227 235 238 239 243 246 248 249 268 271 273 277 278 287 290 293 296 297 299 303 310 319 323 329 331 338 340 343 347 349 351 352 354 356 357 359 361 362 364 369 374 378 381 389 390 391 397 404 405 407 412 413 414 422 426 430 431 436 445 449 452 454 458 459 461 468 469 
192 160 164 186 244 263 273 277 284 288 324 357 369 375 398 399 409 413 418 420 427 430 434 442 458 464 
253 163 182 199 204 215 226 230 244 250 251 256 263 266 268 269 272 274 278 283 291 309 314 317 318 323 326 339 360 361 396 398 409 418 439 444 454 
206 1 160 162 164 165 166 167 174 176 179 181 184 185 187 190 191 192 193 195 196 198 203 205 207 209 211 213 214 218 219 225 228 232 239 244 246 248 251 253 255 256 258 261 263 266 267 268 278 280 281 284 287 291 295 296 304 306 308 309 314 320 323 329 331 332 333 334 337 339 340 345 353 354 355 356 363 364 367 375 382 386 387 388 390 393 394 408 412 422 423 424 431 435 436 438 440 441 442 451 454 455 456 458 459 460 463 466 469 470 472 
286 163 164 170 171 182 186 187 194 197 199 224 234 239 240 241 247 248 253 263 265 276 283 289 300 301 303 306 308 309 311 313 320 321 327 329 331 335 343 346 351 352 355 356 360 362 367 370 389 393 403 404 414 424 431 434 435 438 442 449 457 458 460 466 467 468 469 
299 1 159 161 164 167 174 176 178 184 190 191 193 203 206 218 220 221 222 223 224 226 228 232 233 237 241 242 243 246 248 250 252 260 264 266 267 268 273 274 278 280 281 282 284 285 291 292 293 296 297 300 301 306 307 313 314 321 322 331 334 339 340 344 349 351 355 357 358 360 363 365 370 372 375 376 377 383 384 385 386 389 390 398 399 405 415 416 419 421 426 429 431 433 435 438 439 440 443 445 447 454 456 463 464 467 469 
203 160 162 165 166 167 171 175 180 182 188 190 191 192 204 206 209 213 220 225 228 229 231 236 237 239 244 246 249 251 257 258 260 261 267 268 271 272 274 276 283 286 297 298 305 306 307 311 317 318 321 328 330 331 334 339 342 344 350 355 356 358 359 360 361 367 368 371 372 386 389 391 394 396 402 404 406 409 416 420 422 425 430 434 438 440 441 445 447 449 450 452 460 461 467 469 471 
8 170 190 192 199 210 225 238 275 278 280 282 295 299 305 315 339 346 352 355 360 361 373 396 409 438 448 451 469 
140 159 162 163 164 165 166 167 170 179 182 184 188 190 193 198 202 205 209 214 218 224 226 229 235 237 240 242 243 245 247 251 252 253 256 258 259 261 265 272 275 277 281 285 286 287 288 290 296 298 299 307 315 318 322 325 326 328 329 330 333 340 341 342 343 344 347 351 355 357 361 362 366 367 371 373 377 378 380 381 383 393 394 396 397 399 401 408 409 412 413 423 424 425 428 429 437 438 440 441 452 460 466 470 472 
62 159 162 163 169 172 179 184 185 194 200 209 213 214 217 224 231 232 234 236 238 240 243 244 261 266 270 273 274 279 283 285 288 289 292 293 294 300 306 308 310 314 320 325 332 333 343 344 345 347 348 350 364 371 375 384 387 407 408 417 418 420 421 428 431 432 441 442 443 446 464 469 471 474 
115 160 165 174 185 191 196 199 200 206 211 212 213 216 234 235 237 244 245 260 282 294 297 298 309 319 327 339 346 347 357 358 372 373 377 379 387 420 435 439 446 456 465 466 471 472 473 
114 159 173 177 189 196 202 205 206 208 213 254 255 260 263 275 279 282 284 285 286 287 288 290 293 295 301 306 308 313 317 326 327 333 339 350 365 366 381 387 388 396 405 422 423 440 441 442 450 452 
24 248 350 
141 178 182 190 202 207 224 232 243 260 269 272 276 290 293 295 296 299 318 322 347 352 374 382 388 393 411 412 423 432 438 440 450 458 462 468 470 
261 167 170 182 187 199 216 238 255 256 257 271 301 306 314 318 321 327 332 344 351 359 372 399 402 417 418 427 447 449 454 
85 218 97 281 290 139 29 9 121 244 271 156 140 277 212 90 265 296 27 63 104 54 242 9 187 97 100 264 49 252 68 114 235 148 126 102 260 291 13 96 212 116 243 203 74 31 19 290 99 131 287 212 78 124 148 67 99 45 271 19 227 275 233 297 271 258 155 254 289 235 22 39 139 95 38 106 124 272 232 174 238 232 295 73 257 197 155 295 36 140 85 233 54 79 198 280 286 146 159 251 169 167 234 159 86 65 213 101 157 78 167 284 22 96 204 6 229 87 136 125 14 23 286 119 225 229 270 255 35 138 104 204 47 4 141 101 241 282 144 83 49 88 215 176 78 119 132 70 251 126 240 121 228 243 289 251 156 64 229 247 82 177 256 79 131 167 13 71 85 284 19 214 50 13 241 241 2 191 51 229 235 212 66 176 266 13 259 9 7 15 147 286 88 45 126 50 131 94 9 223 119 233 267 261 128 82 262 239 45 174 128 14 176 140 53 173 102 146 298 62 268 159 53 254 205 216 138 193 31 220 204 200 9 37 62 64 99 224 179 133 172 65 62 45 300 275 288 144 145 41 289 231 247 123 160 90 176 245 64 121 106 181 82 207 200 273 282 32 38 131 233 148 266 216 79 246 136 176 33 238 1 224 138 256 37 275 168 98 185 103 56 140 152 18 112 147 198 31 35 55 9 233 182 16 83 69 33 38 258 156 202 187 45 98 48 50 119 126 218 108 152 11 287 211 22 77 141 245 52 224 286 70 145 73 134 106 32 151 229 240 96 77 41 272 295 188 288 125 4 99 26 129 175 267 294 128 184 259 157 263 180 299 197 248 56 178 187 56 237 189 120 51 82 20 289 286 297 266 50 79 23 222 168 261 144 212 92 134 96 65 3 142 93 106 33 140 295 171 141 105 271 111 83 213 219 13 191 144 76 268 209 40 276 193 243 162 182 239 226 140 233 162 139 138 240 169 8 246 12 195 62 251 295 91 23 279 151 31 192 55 199 262 37 37 149 282 210 261 40 32 102 209 186 19 113 249 116 219 269 248 16 288 260 175 125 298 130 99 27 155 168 13 159 98 
