32 48
88 19 24 39 41 
31 21 23 26 28 29 40 41 47 
39 21 25 26 27 29 30 31 32 36 43 45 48 
45 1 17 19 20 24 25 26 29 35 41 42 45 46 48 
66 19 20 25 27 29 30 31 43 44 
94 22 28 31 35 39 45 47 
43 18 21 26 28 37 38 39 41 46 47 
87 25 26 27 36 37 38 40 46 
37 38 47 
4 26 33 
41 25 34 40 43 
48 20 25 29 34 35 37 40 42 43 46 
38 1 19 20 21 30 41 
35 1 26 27 40 
83 17 18 20 21 22 23 25 31 38 40 41 44 48 
33 18 32 
34 1 22 42 
20 19 36 
77 1 28 29 33 36 
31 34 43 46 
95 27 
95 21 22 25 26 27 30 37 38 41 44 48 
6 26 27 32 35 36 39 42 46 
97 25 33 
87 31 39 42 44 45 48 
38 17 19 21 29 30 36 41 45 
6 17 39 
63 17 19 29 40 42 47 48 
87 1 17 21 22 27 31 34 36 48 
61 17 18 21 28 29 31 36 37 41 42 45 47 
93 43 48 
32 30 32 
29 48 44 16 32 97 17 15 71 30 76 91 6 59 53 43 44 53 28 13 7 56 75 17 31 31 79 17 95 92 50 27 24 43 41 64 59 21 29 48 18 85 19 87 45 93 19 69 
