324 486
144 164 165 180 199 207 211 218 222 230 238 242 259 260 265 278 295 299 300 301 310 320 329 339 345 353 360 365 367 374 391 396 399 403 408 410 412 424 427 443 446 448 454 458 460 461 463 466 468 473 477 479 485 
158 1 165 177 195 205 220 228 240 247 250 256 267 270 279 286 289 301 302 306 310 317 324 327 330 340 347 348 357 361 363 367 368 370 378 385 386 390 401 405 407 416 426 437 438 455 457 460 465 470 472 478 479 484 
104 167 170 174 175 176 179 180 181 186 196 199 202 203 204 205 209 217 218 220 223 224 230 231 232 233 235 236 240 244 247 250 256 259 263 266 267 268 274 282 290 291 293 307 309 310 313 316 321 323 324 325 328 329 337 338 339 341 342 350 351 353 356 359 362 364 369 373 378 381 389 391 393 395 402 404 405 406 407 408 409 410 412 413 419 422 426 428 432 433 435 445 446 448 450 454 459 460 461 464 465 466 468 471 474 479 
31 164 172 177 180 184 188 203 204 208 221 232 235 244 245 248 256 273 276 280 283 284 289 296 321 324 325 326 333 335 342 351 361 383 386 388 410 417 420 423 444 445 449 459 463 470 477 479 
260 173 243 281 318 325 334 349 356 376 381 389 401 477 481 
67 388 
118 1 165 167 170 171 173 175 177 185 186 188 191 192 193 195 201 204 206 209 210 216 218 219 224 225 230 231 232 234 238 240 243 244 246 253 254 255 260 261 262 265 269 270 274 276 277 278 279 287 290 293 297 300 302 305 308 310 311 316 319 332 337 339 340 342 343 345 346 347 348 349 352 353 354 355 356 357 361 363 364 372 375 378 385 386 390 394 396 397 400 407 411 413 415 420 424 425 429 432 435 438 439 443 446 454 455 459 465 466 467 469 470 471 475 476 478 480 485 
252 166 172 182 185 186 194 197 203 208 212 216 217 219 232 234 238 239 240 243 254 256 259 264 272 274 281 290 299 306 315 330 331 349 350 354 361 367 392 401 415 434 435 449 452 453 462 465 471 472 477 479 485 
130 163 186 212 263 269 286 287 301 326 356 364 390 399 402 411 412 414 422 437 446 472 475 484 
261 168 169 171 182 187 192 193 202 207 209 216 229 231 232 233 234 235 242 244 245 248 259 264 277 278 280 282 288 294 297 299 301 302 303 305 307 310 312 315 327 328 331 335 337 338 345 354 356 362 368 380 381 384 390 397 403 405 409 413 423 426 427 428 430 436 437 451 456 460 463 465 467 468 473 476 479 480 482 
7 164 168 171 183 186 190 202 214 222 226 232 250 254 259 260 261 264 269 279 288 300 312 323 326 328 329 330 331 339 340 341 344 351 352 358 369 370 379 385 391 419 425 426 430 433 434 435 437 450 454 463 472 484 486 
155 163 167 172 178 179 193 207 208 209 212 213 215 222 235 248 252 254 263 266 277 280 281 286 293 305 306 309 312 317 320 321 338 339 353 358 359 363 368 369 370 378 381 383 385 390 401 408 418 439 442 453 458 460 464 470 471 475 485 
108 1 163 176 185 195 198 206 216 219 223 224 235 236 237 240 246 248 256 264 270 281 283 285 286 291 294 298 303 305 309 310 315 316 318 320 322 333 343 369 373 378 379 380 395 396 401 404 405 411 413 416 432 436 439 441 443 444 445 448 451 455 457 466 470 471 
47 171 180 185 189 237 242 264 266 302 310 313 319 332 336 340 376 408 409 421 443 447 452 453 465 
115 163 164 168 172 174 177 182 183 190 191 194 195 199 200 206 211 217 220 224 229 231 232 233 237 243 244 251 254 262 267 268 276 282 284 285 294 296 301 303 314 317 319 321 326 330 331 337 342 348 353 362 367 371 378 381 385 387 391 392 393 397 399 401 405 411 413 414 433 436 438 444 445 453 461 463 465 467 468 472 483 
42 202 205 234 247 251 268 314 358 360 376 412 413 422 453 
220 170 193 201 225 226 238 256 281 284 345 347 353 372 378 406 411 414 432 441 460 480 
292 163 166 170 171 174 175 176 178 180 181 185 189 193 194 196 202 204 206 211 212 213 216 219 224 228 232 234 237 243 246 247 248 251 254 260 264 265 274 276 278 280 282 284 285 287 288 289 290 292 293 294 298 299 303 307 308 309 315 316 322 323 324 325 326 327 329 332 334 339 340 342 347 348 352 354 357 358 367 371 372 374 375 379 386 388 389 395 398 400 401 404 406 407 411 412 417 418 419 422 423 429 430 431 433 438 440 442 444 447 450 453 458 460 461 470 476 477 481 486 
245 163 164 171 172 173 174 175 181 183 184 187 191 192 195 196 203 205 207 211 217 218 219 221 222 223 225 227 230 231 232 237 238 242 244 245 248 249 254 257 260 262 263 266 269 274 276 277 281 282 283 284 285 286 289 290 291 292 296 299 302 303 304 309 312 320 325 331 334 339 343 345 346 350 352 354 356 357 359 362 365 369 372 373 374 375 376 380 383 385 386 387 388 390 397 398 399 400 406 407 409 413 415 416 421 425 431 432 434 437 438 442 443 444 445 448 452 454 456 461 463 467 468 473 476 481 482 485 
102 164 167 171 172 176 184 186 187 191 192 196 198 199 201 202 203 204 208 210 220 222 223 225 226 229 231 232 233 235 236 238 239 241 245 246 247 250 251 252 255 261 263 264 265 267 271 272 273 276 286 291 293 294 299 301 310 312 313 316 317 319 325 327 328 330 333 336 338 340 341 342 346 347 354 355 357 361 367 370 376 388 389 394 397 398 399 405 408 410 412 413 414 415 418 422 425 426 429 430 434 436 437 443 456 461 463 466 477 478 482 486 
37 167 172 173 175 176 179 182 186 187 188 189 194 198 200 201 204 206 207 210 230 231 235 237 238 242 244 245 246 250 251 257 259 262 264 271 274 275 276 280 283 287 288 290 292 293 297 301 307 309 312 313 318 321 326 337 338 345 346 348 350 354 355 357 358 361 362 364 370 372 375 376 383 390 391 399 402 405 407 410 411 412 414 415 421 423 424 425 427 430 431 432 433 437 439 441 442 443 451 457 458 459 460 461 463 473 474 475 477 482 483 
14 1 164 165 168 174 183 184 185 188 193 197 200 203 212 216 218 219 221 222 223 226 230 231 232 238 241 255 257 262 264 269 271 277 280 282 296 297 304 306 308 317 319 320 321 323 331 335 337 339 340 356 359 361 362 366 369 370 375 377 385 390 406 407 422 426 427 429 433 434 435 436 440 447 449 450 457 460 468 472 474 475 479 485 
159 181 190 195 204 213 223 230 234 235 236 237 243 248 250 254 262 266 272 275 276 277 278 284 287 288 290 293 300 302 307 314 318 320 321 323 333 334 339 350 358 359 368 370 380 386 391 393 394 396 397 400 401 403 406 407 409 410 420 435 437 447 450 451 452 464 465 466 469 472 473 478 480 481 
131 1 163 166 172 174 197 206 221 228 229 230 235 236 245 247 249 258 267 272 285 289 290 293 296 304 312 315 317 318 325 326 329 343 345 347 349 350 355 367 379 387 396 399 400 401 410 414 415 419 420 422 424 430 434 435 438 445 450 452 460 463 464 470 481 483 484 
117 164 165 166 171 183 184 185 187 192 195 198 204 207 209 212 217 227 235 239 241 246 247 261 263 273 274 278 282 288 290 291 292 293 297 301 302 304 306 314 317 320 321 322 324 329 331 332 340 341 343 344 345 357 367 368 370 373 378 384 389 390 396 399 401 409 415 416 419 420 422 424 432 436 439 442 444 445 450 453 457 461 462 464 486 
175 164 165 171 172 175 176 179 184 190 195 202 205 208 209 210 211 213 215 218 221 225 226 227 228 239 241 242 244 251 252 254 262 265 267 269 271 272 273 274 277 280 285 287 288 291 295 296 301 303 304 305 310 313 317 321 323 325 326 330 333 334 335 337 339 346 354 357 358 361 366 372 373 374 375 378 380 384 385 388 389 393 396 397 401 403 406 407 409 415 420 424 425 426 429 431 433 436 438 439 441 443 444 447 452 454 459 460 466 467 475 476 478 
236 164 168 178 186 200 203 205 222 226 246 248 251 254 255 258 266 273 293 296 307 319 321 325 350 356 363 373 380 383 386 392 402 405 408 410 427 433 444 449 458 462 467 482 
157 164 171 177 178 179 181 185 194 202 204 205 211 220 232 239 247 250 251 258 285 293 299 300 307 310 312 317 318 324 325 336 337 340 347 348 351 353 355 360 370 371 373 374 375 390 394 398 405 409 411 416 420 433 436 440 448 451 452 455 456 458 461 462 463 467 475 484 
72 168 173 175 179 181 182 188 190 197 199 202 215 217 219 220 223 231 235 241 242 244 247 249 259 261 264 270 271 272 274 277 278 283 288 289 300 306 309 310 318 321 322 323 324 327 332 343 344 345 352 355 359 362 364 369 373 379 396 407 413 417 418 427 434 435 442 444 450 457 466 476 477 478 483 
74 164 168 173 174 175 185 189 191 193 194 199 200 201 204 206 213 214 215 232 237 249 251 258 264 265 271 272 298 303 307 311 316 320 321 322 325 327 328 339 340 341 344 347 349 360 375 385 387 388 391 393 397 399 400 406 408 415 438 443 448 454 456 457 486 
282 166 169 170 171 173 175 177 180 183 185 187 189 190 192 193 194 196 199 202 204 209 212 216 217 220 223 225 234 239 240 242 247 249 253 256 257 262 263 265 266 269 273 276 279 282 284 290 293 295 296 299 302 303 304 308 309 310 328 329 335 338 339 341 342 344 345 348 351 360 361 364 368 369 377 379 380 383 385 387 391 392 396 397 398 402 406 419 429 435 438 447 449 456 458 464 465 468 480 481 483 486 
76 168 170 171 172 176 177 178 179 188 193 197 201 202 203 206 207 208 211 212 213 214 215 220 223 224 226 227 237 238 243 248 259 260 262 265 266 276 277 279 280 291 292 301 305 308 314 317 319 327 331 332 333 336 344 345 353 355 358 368 373 376 377 381 383 386 389 396 404 418 423 424 426 429 430 431 432 434 435 438 440 441 442 443 446 447 453 462 464 465 467 472 473 476 478 483 486 
55 165 166 171 180 186 188 198 199 200 209 211 214 215 221 223 224 228 235 254 256 257 267 273 278 281 290 303 311 314 322 323 335 342 346 354 357 358 361 366 373 384 385 386 398 404 407 431 435 437 439 451 458 461 466 473 479 483 
36 164 208 209 212 227 238 252 255 262 268 288 302 322 325 348 365 391 415 416 425 431 440 455 459 464 485 
297 165 168 171 175 178 181 183 188 190 194 198 199 206 213 217 227 233 235 240 246 250 257 260 263 269 270 273 275 282 285 288 294 297 303 308 315 318 320 322 326 329 330 332 333 335 336 340 341 345 348 350 351 354 359 361 363 369 373 380 384 386 390 391 392 396 399 402 407 408 411 413 414 418 422 427 429 436 439 441 442 443 447 448 449 452 458 466 472 475 478 481 482 483 484 
51 165 167 170 171 173 175 180 184 187 202 207 208 211 214 219 221 225 226 230 232 233 236 241 243 244 247 249 253 255 267 278 281 283 284 286 287 294 299 322 331 348 349 354 357 359 360 372 373 374 381 384 386 391 396 398 399 401 402 404 405 412 417 418 431 434 440 442 447 454 456 458 462 468 471 472 474 477 
99 163 177 192 194 196 227 229 231 239 244 246 250 261 271 276 281 289 306 312 317 321 327 331 338 344 347 352 353 362 364 372 384 397 401 408 410 416 419 421 426 432 440 444 454 458 459 463 464 472 473 479 482 485 
142 165 211 321 343 384 409 437 438 478 
96 310 
200 1 164 165 167 171 174 181 183 193 197 198 204 205 208 209 213 226 227 228 229 230 232 236 241 251 252 263 272 276 277 279 280 295 298 303 304 318 320 323 332 333 342 344 346 347 349 352 353 359 363 368 371 380 381 383 387 388 390 392 395 403 408 414 416 421 426 429 431 433 437 439 440 441 442 445 447 449 453 454 456 461 467 469 470 478 481 484 
253 165 167 168 170 174 178 180 181 184 193 195 205 206 207 212 213 219 222 227 232 237 249 251 254 260 264 267 279 281 285 287 294 298 304 306 310 311 325 326 327 333 335 336 341 345 346 350 351 353 363 366 368 370 373 374 380 381 385 388 389 390 392 395 396 398 406 407 409 410 419 421 422 425 426 428 429 430 431 432 434 435 436 439 442 444 446 447 449 451 454 455 459 471 473 474 483 
128 168 171 177 180 185 186 189 190 193 198 199 207 208 209 221 226 231 236 239 241 248 254 257 263 269 270 280 288 292 294 299 307 310 311 320 323 345 347 354 357 362 366 371 384 395 401 403 404 406 408 409 418 420 422 423 424 425 439 444 448 451 454 461 468 473 480 482 483 485 486 
28 178 194 240 292 294 315 322 340 372 373 394 404 427 434 457 466 
293 164 169 173 179 180 189 193 197 211 215 216 218 226 227 228 230 234 236 239 246 247 248 252 254 262 264 268 270 281 282 284 285 295 297 303 325 326 329 335 341 344 346 350 353 359 367 371 375 378 380 383 384 391 392 393 394 396 399 410 416 419 426 427 430 431 433 440 441 443 457 458 465 470 485 
121 164 169 170 173 174 180 183 186 187 190 195 201 202 203 209 217 222 231 232 233 240 242 243 255 256 273 281 294 298 302 306 307 326 328 340 342 343 344 351 352 355 364 365 370 378 392 397 402 404 411 422 424 426 428 429 436 439 442 443 448 451 453 454 462 469 472 
172 164 165 166 171 179 180 187 191 194 206 207 211 215 222 224 226 231 236 237 242 244 249 257 261 262 265 267 268 269 271 272 274 275 276 278 282 285 292 304 306 307 308 309 315 316 317 325 338 340 341 344 345 356 360 361 364 366 368 369 370 376 377 380 384 388 401 405 407 415 416 420 424 426 429 430 432 433 439 442 443 455 457 459 463 467 476 477 478 480 483 486 
216 1 170 183 195 203 218 229 245 289 312 352 383 390 392 407 417 422 435 455 471 
271 170 192 206 217 229 253 255 259 262 267 270 283 314 344 348 355 369 399 408 421 428 435 438 443 468 481 
79 1 182 194 291 296 332 364 369 398 419 437 
140 165 167 173 177 178 180 184 186 196 204 209 210 212 214 216 217 220 221 224 225 230 242 249 252 259 263 268 269 274 278 286 287 290 293 299 303 305 306 308 321 323 325 328 329 330 331 335 336 337 338 339 340 341 342 343 345 347 349 350 352 353 362 367 374 375 380 381 382 384 386 388 389 390 391 393 395 404 405 408 409 411 412 413 417 418 419 424 426 428 429 430 431 432 434 436 447 457 458 460 463 466 470 475 479 480 481 484 
282 167 174 179 191 192 194 200 203 205 215 229 234 240 244 264 266 269 276 300 334 347 349 363 366 377 408 411 412 418 424 425 445 456 474 480 
135 256 
6 1 164 165 167 168 172 173 174 175 176 180 183 188 198 206 207 210 223 227 244 246 254 257 261 262 265 268 273 277 280 281 282 284 285 286 298 300 301 303 305 310 313 315 317 318 319 323 324 325 327 330 335 336 338 340 341 349 357 360 361 362 363 365 367 368 371 372 373 382 384 388 391 393 394 396 397 401 412 419 420 421 424 425 429 430 432 435 436 437 447 448 449 451 457 458 459 460 461 462 463 464 466 468 470 471 474 475 477 479 482 483 
109 163 166 168 169 180 181 194 195 200 202 209 212 214 216 217 219 224 226 227 231 235 239 242 243 246 248 254 259 260 263 264 270 277 278 281 283 288 296 300 301 302 307 310 313 314 315 329 330 331 340 346 349 352 355 363 364 373 377 378 380 383 385 393 396 409 411 412 418 419 420 425 426 428 434 435 436 439 441 442 443 444 452 453 457 461 463 475 478 479 483 484 
279 167 172 173 174 178 179 180 181 182 183 186 200 201 202 205 206 209 211 215 219 220 225 226 235 238 239 240 246 248 256 258 260 262 264 270 272 274 277 279 280 282 283 284 285 288 291 294 303 306 307 308 309 312 316 318 322 328 331 332 335 347 348 350 352 354 356 366 367 372 376 381 383 389 390 392 394 396 397 398 400 401 403 405 406 408 410 417 418 419 422 423 427 428 431 433 437 439 440 444 445 447 448 449 456 458 461 462 466 468 469 470 472 473 474 478 480 481 483 485 486 
105 1 167 173 176 178 179 184 186 190 193 194 195 203 204 206 207 209 211 212 215 219 220 222 226 227 228 231 232 236 246 248 250 251 254 261 264 268 270 273 274 275 276 279 280 281 283 284 290 291 299 301 303 309 310 312 316 318 320 321 322 327 329 335 342 343 348 351 353 357 362 363 364 365 373 375 377 381 383 384 385 389 391 395 397 402 405 407 408 410 415 416 417 419 420 424 426 427 432 433 435 439 440 447 448 451 452 454 455 458 459 460 461 462 463 464 466 468 469 470 477 479 482 483 485 486 
264 169 178 187 193 196 197 201 204 205 209 214 222 225 226 231 240 257 259 266 270 273 279 280 292 296 311 322 323 324 330 333 336 343 357 361 368 369 382 383 387 389 390 392 396 412 415 418 419 423 426 427 428 436 440 441 446 449 451 461 464 469 477 
110 168 177 185 189 193 197 200 209 215 216 225 226 229 230 231 232 237 245 246 248 249 251 255 263 267 304 308 318 320 328 329 331 334 337 350 362 363 370 373 376 388 391 394 402 403 409 412 437 439 452 454 455 473 476 478 479 
225 165 166 167 176 177 184 190 192 202 206 214 220 223 231 235 240 245 248 250 255 272 278 280 288 289 294 296 298 299 300 302 303 305 311 315 324 332 334 337 344 347 351 362 365 371 375 378 379 382 386 393 397 398 400 402 408 416 417 423 425 429 431 432 440 441 442 444 447 453 461 464 466 470 482 
182 163 164 170 171 174 176 177 179 183 184 185 187 190 191 192 193 195 202 205 208 210 212 213 216 218 224 226 236 239 242 244 247 252 254 260 262 266 268 269 270 271 276 279 285 286 288 291 295 296 298 300 302 303 304 306 315 318 320 321 324 326 328 330 337 340 346 352 356 357 359 360 362 363 364 366 370 371 374 378 379 380 381 384 386 387 388 391 392 393 394 395 401 402 403 404 405 408 413 416 419 423 426 427 428 431 434 437 445 447 448 450 453 455 457 460 465 472 473 474 476 477 478 482 484 
250 164 167 174 180 188 192 202 203 214 215 227 228 230 232 237 239 240 242 245 246 249 262 264 265 271 279 281 283 284 295 296 299 300 303 304 305 309 310 313 314 322 327 328 329 332 337 340 341 343 347 348 352 353 355 361 363 366 370 371 373 374 375 376 377 402 404 407 410 412 414 422 423 426 427 434 435 440 447 452 454 457 458 464 471 472 480 485 
95 170 194 203 226 240 268 288 301 448 475 483 
196 186 210 
122 167 168 174 176 177 182 184 191 194 196 205 206 207 211 214 219 221 222 234 247 249 251 256 258 265 273 275 276 280 282 285 290 299 302 314 319 321 323 324 331 334 335 342 343 344 350 351 353 354 356 357 366 368 372 375 376 381 390 391 393 396 397 403 405 408 409 415 421 423 424 429 432 435 441 442 447 448 451 459 463 464 469 476 484 
37 165 167 169 171 173 174 179 181 183 195 197 198 199 202 206 211 214 220 226 227 235 236 237 248 249 253 256 257 258 263 265 267 269 274 276 283 284 288 291 292 293 294 299 302 307 309 310 315 324 325 326 330 331 336 339 340 349 350 354 355 358 367 371 373 377 382 385 386 387 388 390 393 399 400 401 403 406 407 409 421 422 424 427 432 433 436 438 442 444 449 452 456 457 458 467 477 478 479 480 482 483 
85 168 170 173 174 181 182 186 189 190 191 200 203 206 208 211 216 218 219 220 221 223 232 235 239 243 250 260 261 270 288 289 293 301 302 307 309 310 313 316 318 321 324 328 358 359 366 367 371 372 373 375 377 378 381 383 384 388 409 410 415 417 419 420 425 429 434 436 437 447 451 453 457 459 460 464 466 473 478 482 483 
279 1 164 165 168 172 173 175 179 181 182 185 186 188 193 194 197 205 214 216 217 218 222 225 228 229 232 233 240 246 251 253 257 265 268 269 271 276 280 282 283 286 289 290 291 294 296 300 303 304 306 308 311 312 315 317 323 327 331 333 336 338 340 344 348 356 358 359 365 366 368 370 372 374 376 379 381 382 387 389 390 392 393 400 404 407 408 409 411 414 415 422 423 424 426 429 430 432 434 442 444 446 453 455 457 461 464 467 468 469 470 478 
144 165 172 188 207 218 226 251 275 279 286 291 311 315 317 325 330 344 345 356 364 367 370 388 394 404 408 410 422 426 431 440 442 445 456 459 465 477 479 
65 163 164 165 167 173 174 178 179 181 184 192 195 196 197 198 199 202 204 205 206 210 214 215 224 228 231 234 235 238 242 243 246 248 249 250 251 252 253 254 256 257 261 262 266 272 274 275 276 277 282 284 289 291 292 295 296 298 302 307 308 312 314 319 321 329 330 333 334 335 336 337 343 344 347 350 359 362 369 370 372 375 385 390 392 393 399 401 402 405 406 407 408 410 411 412 416 419 423 431 432 433 435 439 440 441 447 452 457 460 461 464 468 470 473 476 477 478 479 482 485 
152 167 170 172 173 181 182 183 186 193 197 199 201 203 204 205 208 212 213 218 220 221 222 227 229 230 235 237 238 239 240 243 249 252 253 254 255 260 262 263 264 272 273 282 284 288 290 297 298 299 302 303 307 308 309 310 318 320 326 329 330 331 335 336 337 342 350 353 358 362 363 368 369 371 372 373 374 375 376 379 394 398 399 400 402 403 406 407 416 418 420 421 425 427 428 433 434 438 440 444 445 447 449 451 452 453 457 458 459 460 466 467 471 475 477 478 479 481 486 
212 170 171 184 190 192 202 203 206 207 210 222 234 248 249 253 269 272 283 290 311 312 320 323 324 351 358 371 390 396 418 430 438 443 449 456 461 462 472 473 474 475 479 
75 163 165 167 173 178 194 199 203 210 212 215 217 228 241 251 252 262 269 277 278 282 283 287 297 304 318 326 335 340 343 344 345 347 364 369 370 385 390 412 416 422 426 428 435 436 441 445 454 462 467 468 480 482 486 
204 164 165 171 179 189 192 196 208 216 230 233 236 241 245 255 259 266 274 276 283 289 301 313 316 317 319 322 334 342 345 348 359 361 364 369 386 388 389 392 393 395 408 413 419 425 427 432 434 435 443 445 458 462 464 465 468 470 471 476 483 
110 1 167 168 191 202 211 216 222 223 230 233 242 243 253 260 261 262 279 289 292 295 311 321 326 328 331 337 354 358 373 375 391 394 416 417 420 422 425 430 435 441 444 449 451 453 455 460 469 474 476 485 
252 169 170 174 177 180 187 188 190 192 194 195 196 197 199 201 204 205 215 216 217 218 219 221 223 226 229 238 239 243 244 249 250 253 254 259 260 263 264 283 289 292 302 304 306 307 308 313 316 319 327 328 329 337 339 343 347 351 353 360 362 363 365 366 368 369 371 375 377 379 380 389 395 398 400 403 405 413 415 416 419 420 421 426 427 428 429 431 437 438 439 440 441 442 443 445 446 447 450 454 458 459 462 463 466 467 474 475 482 484 486 
207 206 254 269 290 291 303 315 333 350 362 372 381 383 387 408 
13 163 170 192 209 213 217 218 233 239 241 246 249 256 262 265 271 273 279 280 284 288 299 307 317 318 324 328 334 338 349 358 359 371 386 392 395 406 408 419 424 426 428 429 430 433 434 435 446 458 472 477 
176 1 163 166 168 172 176 177 178 183 184 185 186 187 192 194 203 206 207 215 216 218 221 222 223 226 231 234 237 239 244 246 248 249 252 255 256 257 267 269 270 273 274 275 277 279 287 288 290 295 299 303 305 308 313 314 315 326 329 333 334 336 339 341 342 345 347 351 353 361 364 368 369 378 382 383 384 385 391 394 397 398 402 408 414 415 416 417 419 420 423 425 426 428 431 436 439 444 445 448 451 452 458 459 464 470 471 472 475 476 478 480 
298 163 169 176 179 193 203 204 208 218 220 221 224 226 229 232 243 251 267 269 273 274 276 291 295 296 299 300 326 327 331 333 334 337 338 341 348 349 350 354 360 367 369 371 372 389 394 395 398 399 407 410 414 415 422 439 440 443 446 449 451 455 457 464 468 472 475 476 477 478 
203 165 168 171 172 176 180 188 189 190 193 195 196 197 200 202 208 212 215 217 228 230 231 233 237 246 247 249 251 253 255 258 261 262 263 266 267 268 269 271 274 275 277 278 287 292 294 297 302 308 309 312 315 321 324 326 330 337 341 352 355 356 360 361 362 366 368 372 374 377 379 380 385 393 395 400 408 411 413 415 416 419 420 421 424 426 432 433 436 438 445 447 448 449 450 455 463 466 468 472 473 475 479 481 
51 163 164 167 168 170 171 172 173 174 177 178 181 185 186 187 189 190 191 192 193 195 199 203 208 209 211 215 219 222 227 236 238 241 242 243 244 247 248 249 250 252 253 262 264 265 266 268 276 281 282 286 297 298 299 302 308 310 311 312 313 315 318 321 323 324 327 336 342 347 348 350 351 354 356 357 359 366 368 370 371 372 376 378 379 384 386 394 396 407 408 410 415 417 419 423 424 425 426 427 428 430 431 432 436 438 439 440 443 448 456 461 466 467 470 473 476 477 478 482 483 486 
169 164 165 167 168 171 173 179 181 185 188 197 203 204 208 215 223 224 225 230 235 240 244 248 251 252 265 269 280 289 293 294 299 305 311 318 326 338 341 345 352 354 356 359 361 364 365 368 376 379 383 387 390 393 399 402 419 425 430 431 434 444 451 454 464 467 471 474 481 483 
20 163 165 167 168 169 177 182 186 194 241 260 267 268 270 275 279 282 287 295 297 310 312 315 321 322 328 335 343 355 358 374 378 388 402 425 429 438 455 475 484 
128 167 176 181 189 191 192 203 208 213 216 239 241 242 248 270 271 273 286 288 291 303 330 333 334 343 349 361 362 364 365 377 402 408 411 415 427 436 446 450 461 466 471 476 478 483 
92 1 163 164 165 166 170 172 173 181 183 184 189 191 196 197 198 199 201 202 204 205 206 208 209 211 212 215 222 223 227 230 232 234 235 236 238 241 252 255 259 260 262 263 264 268 270 271 275 276 278 280 281 283 287 288 293 295 296 303 310 311 314 317 318 319 321 323 326 329 332 333 334 339 342 343 349 353 356 357 359 360 362 363 365 366 371 377 379 384 386 387 388 393 396 399 405 408 409 415 416 420 429 431 434 439 443 444 446 447 448 450 452 453 457 458 460 466 468 469 475 478 479 485 486 
274 166 167 169 171 174 177 179 180 181 184 191 192 193 197 200 203 204 207 211 218 221 222 223 225 227 230 232 236 238 244 245 248 250 252 253 256 258 262 263 265 267 270 272 276 281 282 284 285 286 291 293 294 296 299 300 301 302 304 307 310 311 326 333 337 338 339 343 344 345 349 351 352 353 354 357 358 363 365 366 369 375 378 382 385 386 387 390 391 393 394 408 415 416 419 425 428 431 433 437 441 444 445 446 459 460 465 468 472 478 481 482 483 485 486 
299 205 208 215 269 279 289 313 316 321 341 342 348 388 390 400 421 427 
115 1 167 171 174 177 182 183 191 198 199 209 211 215 219 226 228 235 237 242 244 245 247 250 251 253 254 255 259 260 263 264 270 277 284 289 292 296 298 303 305 316 330 334 335 337 339 340 344 345 346 350 357 358 360 361 367 383 392 393 401 402 415 416 421 426 427 428 433 435 436 443 444 447 449 453 456 465 472 477 479 481 483 484 485 
175 166 169 171 177 178 179 180 184 192 193 194 195 200 201 209 213 214 219 220 227 228 230 231 233 235 240 244 245 248 257 258 260 262 265 269 273 280 281 284 289 290 291 297 299 302 307 308 312 316 326 327 340 341 342 348 349 350 351 354 356 357 358 361 367 368 372 374 375 379 383 384 385 390 391 392 398 407 408 415 416 423 425 426 427 432 433 434 438 440 442 443 445 447 448 454 455 458 459 461 463 464 465 469 471 472 475 478 481 484 486 
272 166 170 177 178 180 181 184 189 191 192 195 201 202 204 208 209 210 211 214 216 217 220 229 230 240 241 243 245 248 249 250 253 257 258 259 263 264 272 275 276 277 281 284 285 288 296 297 298 299 300 303 305 306 309 312 313 320 323 326 327 328 334 337 340 343 344 350 352 353 354 357 359 361 362 364 366 367 368 371 374 375 377 383 392 393 401 402 406 407 416 419 424 425 428 429 432 433 434 437 438 439 442 443 444 451 453 459 460 463 466 468 470 474 476 484 485 
32 1 165 168 177 187 192 199 200 206 208 213 223 228 234 241 244 247 251 257 259 261 265 278 281 282 287 295 296 299 303 308 309 316 321 327 329 330 336 341 345 347 350 351 353 367 368 371 373 375 376 377 379 382 383 391 395 396 399 404 405 410 414 417 418 419 427 430 434 438 439 444 456 460 468 470 475 480 481 
222 179 181 188 196 197 208 220 227 232 239 250 264 265 266 267 274 278 281 284 288 293 298 309 311 312 338 341 346 351 352 357 362 363 376 378 380 381 383 384 392 393 400 401 402 403 406 409 428 429 431 438 443 448 450 454 461 464 468 469 
127 1 166 167 170 173 175 181 182 185 186 188 189 190 191 192 194 195 196 197 205 210 213 214 218 221 222 233 234 237 238 239 241 243 246 247 249 251 252 253 255 258 259 260 265 271 273 274 276 283 286 290 300 302 304 309 310 315 317 318 321 323 331 337 339 343 345 350 353 354 355 356 357 358 361 363 369 373 374 375 376 380 381 383 384 386 387 388 389 391 392 393 394 395 405 406 410 411 414 416 417 420 422 427 428 431 434 439 443 444 445 448 452 454 459 460 463 472 478 483 
149 1 163 164 165 166 168 173 174 177 185 195 203 205 208 211 213 214 216 224 236 241 252 254 255 257 269 274 276 277 279 281 283 286 291 296 313 319 320 324 326 333 338 340 345 348 351 360 365 370 371 373 380 384 388 391 393 397 401 405 409 413 420 421 427 431 434 439 441 449 452 455 460 462 472 477 481 
43 165 192 201 206 212 216 220 224 225 226 259 264 267 283 297 298 299 303 314 323 325 330 345 348 365 367 375 376 384 385 389 396 405 424 429 431 441 456 464 471 
176 189 197 213 230 240 251 254 275 370 378 393 398 468 
276 169 172 177 206 209 221 222 233 234 236 261 296 306 328 357 383 396 399 400 405 436 456 
47 175 176 179 196 200 203 208 209 211 213 215 220 222 226 230 231 233 241 242 246 247 248 252 259 264 269 273 277 280 283 284 285 288 289 290 301 302 305 306 309 311 313 314 320 323 328 330 331 333 340 345 357 358 359 360 361 362 363 367 376 379 380 381 383 385 387 390 393 394 399 403 404 413 414 416 418 420 421 426 427 429 431 437 438 439 441 444 450 451 452 454 460 461 464 465 470 471 473 478 479 480 482 
189 176 182 187 191 198 215 217 218 222 223 239 241 244 247 249 251 252 255 262 266 270 272 280 284 287 289 292 293 298 307 313 317 319 321 323 327 329 332 333 337 340 346 349 353 359 363 370 379 386 388 389 391 399 403 405 411 415 423 434 437 440 442 444 447 451 459 460 461 464 466 468 473 481 482 486 
182 1 167 175 178 186 191 198 200 206 216 220 221 223 224 231 237 238 242 247 250 254 263 265 275 280 290 302 305 311 314 316 318 319 322 324 329 331 332 344 356 361 367 373 374 379 380 384 389 395 400 415 421 425 431 433 440 441 443 444 448 449 450 454 462 467 468 470 476 480 
196 163 164 168 169 171 175 177 178 182 185 187 189 190 194 195 196 200 201 202 204 208 213 220 224 225 228 229 235 236 239 240 246 247 249 250 252 257 259 260 262 270 276 278 281 282 284 285 286 295 299 300 302 305 308 316 318 327 328 329 330 332 333 335 336 340 343 344 345 362 364 365 368 369 370 374 375 379 381 383 385 386 387 392 393 394 395 398 399 400 404 406 408 423 424 425 426 428 443 444 446 456 459 462 465 467 468 469 473 474 475 478 
221 163 166 170 172 178 179 190 193 198 199 206 209 219 221 222 223 224 225 232 247 251 252 253 265 269 270 271 277 278 281 295 301 308 309 312 313 315 323 325 328 331 337 338 339 343 344 345 353 359 361 372 387 390 399 401 410 411 414 419 421 430 436 447 448 455 456 460 465 476 484 
104 169 170 173 178 180 182 184 186 192 194 197 198 202 203 206 208 210 212 214 217 220 226 227 230 232 234 235 247 248 250 253 258 260 261 270 277 278 286 289 293 296 297 299 300 301 302 306 307 309 312 319 320 321 324 325 327 328 329 331 333 337 341 344 346 350 351 352 356 357 365 371 373 375 383 384 386 392 401 407 408 409 413 415 416 418 429 430 432 436 442 443 444 445 451 455 459 460 461 470 473 479 483 484 486 
214 169 170 190 197 206 209 215 229 231 233 237 246 248 254 255 260 262 263 271 278 289 297 300 315 316 324 338 340 342 344 356 360 384 404 416 425 428 432 436 443 448 477 486 
219 167 168 169 172 175 177 180 181 183 186 195 197 198 199 201 206 207 208 209 217 219 221 223 224 225 227 235 239 242 243 245 248 249 251 254 268 270 271 272 273 275 278 280 281 285 287 291 296 299 303 305 314 316 317 320 324 330 334 336 339 341 346 350 354 360 361 366 367 368 369 370 372 373 374 375 377 379 386 388 390 399 401 403 407 410 416 420 423 428 431 433 436 438 443 445 448 451 454 455 459 464 468 469 470 471 476 477 478 485 
165 163 170 173 174 175 178 179 180 181 182 183 185 186 187 194 198 200 203 204 209 212 216 220 222 225 237 241 244 247 250 253 262 263 264 265 268 269 271 280 286 288 290 292 294 299 309 310 311 313 318 320 321 322 330 332 334 336 337 338 340 344 345 346 347 350 351 352 353 354 356 359 360 362 366 367 370 373 375 377 379 380 382 383 384 388 389 391 393 396 403 408 419 421 422 424 430 432 433 434 436 437 438 439 442 444 447 451 452 453 461 462 476 479 482 483 
168 172 198 199 201 202 214 218 222 238 248 250 273 292 303 305 311 315 317 360 393 402 415 424 431 440 441 449 454 455 459 462 473 
50 163 166 169 172 173 174 183 186 191 192 193 196 201 202 203 204 207 211 213 214 218 221 224 225 229 232 236 237 238 239 244 245 246 248 253 254 258 263 266 267 268 269 271 272 273 275 277 280 281 287 288 291 295 296 299 304 305 308 320 322 323 324 325 326 327 328 329 332 336 337 338 341 343 349 353 356 361 362 364 374 376 380 387 388 391 392 393 395 399 401 402 407 408 412 416 417 419 422 423 425 428 429 431 433 439 440 442 443 444 448 450 451 453 454 455 457 458 462 464 469 473 475 477 482 
238 163 167 170 174 176 177 182 191 192 193 195 196 197 199 200 201 206 211 212 214 221 224 225 226 233 235 238 240 242 243 246 251 254 257 259 266 270 272 274 276 281 282 283 284 285 286 289 290 295 299 303 311 312 314 317 327 331 337 340 342 343 347 357 359 360 361 362 368 369 372 375 376 377 378 381 382 384 387 388 391 392 395 404 405 411 412 414 415 417 422 424 430 431 433 438 443 454 456 460 463 467 468 473 478 480 
147 163 172 187 188 193 196 200 201 204 206 213 216 228 232 240 242 258 259 260 261 273 282 283 287 292 296 298 302 306 308 311 312 315 320 321 334 336 340 342 349 358 359 363 369 372 376 387 389 398 403 404 415 417 418 427 429 432 435 458 464 469 470 480 
201 163 165 169 172 173 174 175 177 182 183 185 186 191 197 198 206 207 209 221 227 230 233 234 238 239 242 243 244 245 246 260 261 265 266 272 279 280 281 287 288 296 302 307 309 310 318 320 322 323 327 328 330 334 336 338 339 340 344 345 349 350 352 361 364 365 373 382 383 384 387 404 407 410 414 418 419 420 423 425 432 434 435 436 444 447 450 453 457 458 459 462 465 468 474 484 485 
162 164 165 166 168 175 176 182 183 186 189 193 200 201 204 206 207 208 209 211 217 219 223 232 233 235 245 248 249 253 254 259 260 261 263 267 268 273 279 280 282 285 287 288 289 295 297 300 301 304 305 322 325 326 327 335 336 337 341 343 347 349 351 354 357 360 362 364 368 370 372 373 374 376 377 378 381 383 385 386 387 389 390 395 399 400 401 409 410 414 415 423 425 431 433 434 437 440 442 444 446 449 457 458 459 461 462 467 477 478 480 482 
129 163 164 166 187 190 197 198 199 200 202 205 213 215 223 224 225 226 227 228 229 230 232 234 235 236 238 240 241 244 247 248 265 266 267 270 275 285 286 289 302 303 307 308 309 313 324 326 329 331 332 333 334 335 342 346 348 349 350 360 361 365 382 385 390 391 396 398 400 403 406 409 413 415 419 420 425 426 427 436 439 440 445 451 452 457 460 466 474 484 
256 164 167 168 186 193 208 210 216 218 228 230 257 258 259 260 264 271 284 294 296 304 309 319 344 348 350 358 360 362 363 373 374 386 389 390 392 404 413 415 419 422 427 428 429 433 434 435 438 439 452 453 457 466 469 472 
61 163 189 255 285 312 333 357 370 414 482 
288 167 172 178 181 185 217 218 223 227 228 229 237 238 241 245 257 259 265 292 311 312 317 318 320 329 351 353 354 370 372 377 387 388 389 393 397 416 417 428 450 465 468 471 473 485 
177 170 174 187 209 210 211 220 225 287 310 329 331 340 346 365 382 386 406 412 413 452 458 464 468 476 
257 1 163 165 169 170 171 173 175 179 181 182 187 190 199 200 201 203 204 205 221 222 223 227 233 234 242 243 245 247 249 250 251 253 254 258 259 264 265 271 272 275 277 278 281 287 290 291 296 297 302 303 306 307 312 315 317 320 324 326 327 329 331 332 334 337 338 340 342 345 351 353 355 358 362 363 365 368 369 373 374 377 380 386 391 392 395 398 406 411 413 415 416 421 424 426 427 430 431 432 435 441 444 445 447 448 449 450 453 456 457 462 464 465 467 473 475 476 478 482 485 
39 164 166 171 174 177 186 187 190 192 196 209 211 217 218 244 247 253 255 265 293 301 316 319 323 324 325 326 328 353 359 360 362 363 373 375 382 384 385 390 396 430 438 439 446 453 461 467 469 472 475 478 479 486 
127 163 164 171 179 182 183 185 186 192 195 199 202 206 210 211 213 214 215 217 224 233 234 239 243 244 246 253 255 262 268 270 275 276 277 280 286 289 290 291 295 296 297 306 309 311 315 316 320 321 323 325 326 329 330 334 336 337 340 344 345 348 361 362 365 366 367 369 370 372 375 376 384 389 392 394 395 400 404 409 410 412 414 415 417 419 421 424 425 426 428 437 440 441 444 446 448 449 453 458 459 460 461 462 464 465 466 468 469 470 471 475 476 477 482 483 484 486 
75 163 193 203 245 478 
173 1 163 173 174 184 190 192 197 203 212 219 230 241 258 263 271 274 288 293 296 304 320 331 339 340 344 355 359 361 363 374 375 379 380 381 387 388 394 410 411 427 431 440 449 457 461 467 471 476 481 482 
123 167 197 198 208 210 244 259 271 312 324 358 370 400 401 421 432 442 482 
274 165 174 177 183 184 186 189 190 191 192 198 200 202 207 211 218 221 224 230 235 239 249 250 256 259 276 283 284 286 288 293 299 304 307 312 313 315 316 317 325 326 334 335 337 340 341 343 346 347 348 356 361 364 368 373 385 388 390 395 396 397 398 401 405 409 410 415 422 428 436 438 441 442 444 449 455 463 465 466 469 473 476 477 478 
54 163 176 211 225 248 251 263 265 268 289 314 336 337 359 382 384 401 404 428 465 480 
105 171 181 182 194 195 197 201 214 219 222 226 230 240 245 246 249 250 252 253 254 256 257 263 268 272 277 292 294 296 300 301 317 320 321 333 341 342 344 348 349 351 352 357 359 364 365 369 377 380 381 382 384 386 392 394 398 413 422 427 432 442 449 455 458 468 470 478 485 
171 174 178 179 189 190 191 196 198 203 216 225 230 231 259 263 269 273 278 281 292 322 365 384 387 389 403 422 425 429 430 435 436 448 452 455 457 459 463 465 466 470 474 475 
40 164 168 170 172 176 178 179 180 181 182 184 194 200 203 205 207 208 209 210 218 223 230 239 241 245 247 248 250 252 253 257 266 269 270 271 274 277 278 281 283 286 288 289 293 294 300 301 302 305 310 317 319 320 321 333 335 336 345 350 351 353 359 361 365 373 378 379 384 388 391 394 399 400 402 404 408 409 412 413 414 415 417 418 424 425 433 435 441 443 445 448 450 452 453 455 458 462 468 470 471 473 477 483 
5 170 183 185 193 202 212 220 223 238 239 246 255 256 268 269 270 278 279 282 296 301 304 308 324 331 349 355 358 366 378 379 390 414 421 435 436 452 454 471 473 479 
292 163 166 169 170 171 172 173 176 183 187 189 190 191 194 195 196 202 203 204 207 211 229 235 237 238 242 245 246 247 248 255 258 260 267 268 275 278 282 284 286 287 293 299 300 302 303 304 305 307 310 316 317 318 320 327 329 331 332 333 335 336 339 343 346 353 354 356 359 362 374 380 390 391 397 400 401 402 403 404 406 407 408 409 414 415 421 423 427 428 437 443 447 448 449 457 458 463 465 467 469 474 475 485 
284 279 330 331 402 449 
12 163 172 173 177 180 191 192 202 203 206 210 211 212 213 223 225 227 230 232 236 239 240 241 248 255 256 258 265 267 270 273 274 278 282 285 290 291 304 309 311 313 317 319 326 329 335 337 338 341 342 345 351 362 364 367 368 370 373 386 389 392 395 398 401 404 421 429 432 435 436 440 441 442 444 452 455 459 460 467 474 476 482 484 
113 172 177 182 186 187 193 199 200 207 208 218 222 223 229 234 235 239 242 248 251 255 267 268 270 272 274 275 276 281 287 292 294 300 315 317 318 328 329 335 336 337 338 340 341 342 352 353 354 355 360 363 364 365 369 370 374 377 378 380 390 396 397 399 407 412 413 415 419 420 425 426 428 434 436 438 444 445 446 448 450 451 452 456 457 460 461 472 474 475 476 478 483 
134 163 167 172 179 180 183 195 208 214 216 225 228 232 245 250 254 267 270 271 278 279 286 289 303 304 308 312 317 333 340 350 351 354 355 356 359 367 378 381 385 389 390 393 394 397 402 404 409 416 435 445 451 457 462 467 471 486 
179 189 208 214 237 239 241 244 254 266 306 329 351 406 423 430 439 455 465 472 476 486 
193 163 173 209 212 216 269 271 275 277 322 330 334 339 340 346 349 355 358 368 374 376 380 384 385 388 395 400 408 437 453 467 468 478 
9 198 207 239 245 257 269 273 289 290 326 332 350 355 385 390 412 420 436 
18 164 166 169 170 174 175 177 178 182 183 186 188 189 191 193 195 198 202 203 205 206 215 216 219 220 223 224 232 233 236 237 243 245 246 247 248 250 251 252 258 259 261 263 267 268 271 274 276 278 287 288 291 296 302 305 306 308 309 311 313 314 316 319 320 321 322 323 326 328 347 353 358 363 371 372 377 378 383 384 385 388 390 396 400 401 402 408 412 417 418 419 425 427 429 430 432 434 437 439 441 442 444 446 447 451 453 457 461 463 466 468 469 472 480 482 483 485 486 
135 184 189 195 199 204 219 233 264 304 308 316 318 321 334 349 354 378 385 386 404 407 408 431 438 441 450 458 463 
193 165 167 169 173 175 177 181 182 186 187 189 190 198 203 204 207 209 212 215 216 219 220 222 224 227 228 231 232 234 238 239 248 250 252 253 255 256 257 262 265 280 282 288 289 290 295 301 302 305 306 307 308 311 313 318 322 325 327 335 343 346 353 354 358 360 368 378 380 383 384 385 388 390 396 397 399 400 402 405 408 410 413 414 417 424 428 436 440 445 447 448 455 463 481 483 484 486 
173 1 166 167 171 172 177 178 182 186 191 194 195 201 208 211 213 217 218 220 223 230 235 237 240 241 242 244 245 255 257 258 262 265 266 268 269 273 275 276 277 279 288 291 293 295 296 299 300 305 306 307 311 316 318 322 325 326 329 331 332 333 336 337 341 343 344 349 350 351 358 359 364 367 368 369 371 375 376 377 378 379 380 381 383 384 385 387 391 392 394 395 396 401 402 403 404 406 409 410 411 417 423 428 431 436 441 444 447 449 452 454 457 458 460 463 466 469 470 475 476 478 479 485 486 
8 164 187 193 197 201 206 215 226 285 287 291 300 308 309 319 322 331 342 353 360 363 399 419 423 426 434 435 459 486 
299 163 166 167 170 175 180 188 190 192 198 199 200 203 206 207 208 217 218 220 221 224 225 227 228 230 231 236 237 240 241 242 244 252 256 264 265 269 270 271 273 282 286 288 290 292 300 302 303 304 309 310 312 313 314 315 321 323 328 332 335 336 358 359 364 367 368 369 371 372 373 375 378 380 383 384 387 393 396 400 403 404 408 410 411 412 417 419 421 423 425 429 430 431 436 441 442 443 444 445 451 452 459 460 463 471 472 475 477 478 482 
61 163 164 172 175 181 182 184 185 189 190 191 193 194 199 206 210 212 215 218 221 224 228 238 241 243 245 250 255 259 261 263 266 268 269 271 280 283 287 288 292 295 301 302 307 308 309 323 328 330 331 332 333 339 342 343 344 347 350 351 352 353 354 359 360 366 367 370 371 374 375 378 379 380 381 384 390 391 392 393 395 397 401 403 405 406 408 409 410 413 414 421 423 426 434 442 443 447 449 450 452 455 456 457 458 459 461 466 471 472 475 481 482 483 484 
128 189 190 200 230 232 249 277 292 307 311 313 335 344 353 354 356 358 379 421 422 435 446 462 469 477 
184 163 166 173 176 184 193 194 201 203 213 215 216 218 234 237 241 245 248 250 254 255 258 260 261 266 269 270 274 276 283 289 290 294 300 301 303 305 309 313 314 316 317 320 330 334 335 339 341 345 347 349 350 351 356 359 363 367 369 370 371 373 386 389 392 393 395 396 398 400 402 403 405 411 414 416 419 420 422 423 427 437 442 445 446 450 451 452 453 459 460 462 463 464 466 471 474 486 
85 166 168 172 190 200 208 214 215 216 224 240 254 261 266 267 274 289 303 314 316 320 323 336 338 369 372 395 402 413 437 440 442 444 447 460 463 467 474 476 486 
274 1 169 172 173 174 176 183 186 188 201 202 205 207 211 219 223 229 238 240 242 246 249 250 252 255 259 260 262 263 268 269 271 272 273 274 277 280 283 289 298 301 304 311 312 314 316 318 320 331 333 335 336 337 338 339 340 347 348 350 353 360 361 363 365 366 368 375 378 383 385 387 392 395 399 405 406 408 411 414 416 417 418 420 422 425 428 430 439 441 442 444 447 457 461 464 474 475 476 478 479 481 482 485 
157 168 173 191 217 229 235 240 242 252 265 270 289 295 300 317 319 321 328 329 330 343 354 364 366 385 398 407 409 423 439 440 460 463 464 467 469 474 
44 1 164 165 169 177 182 202 205 209 210 212 215 216 217 220 225 226 227 230 240 249 251 257 259 260 262 263 265 267 280 285 286 291 296 297 299 308 309 312 314 318 320 335 349 359 366 371 372 374 378 381 383 386 387 389 391 407 418 419 429 430 434 436 447 451 453 454 460 461 464 465 474 475 476 477 483 485 
251 163 169 182 194 210 215 216 249 323 330 333 355 384 443 465 471 475 486 
290 1 164 167 170 175 182 188 192 195 199 200 202 203 206 207 209 212 215 216 217 219 223 224 227 231 234 241 245 247 250 253 260 264 281 285 292 304 310 316 324 333 339 341 347 349 357 358 359 366 371 375 389 390 407 408 410 416 419 421 424 431 441 444 445 446 448 450 452 454 459 461 486 
105 163 164 165 168 172 176 177 181 182 187 190 191 197 198 202 204 209 211 213 215 218 223 225 226 230 241 243 248 253 258 264 265 270 271 278 281 285 286 288 289 298 301 302 303 304 307 309 311 318 320 322 324 327 331 333 334 335 338 339 341 342 347 350 352 354 357 362 363 366 377 378 389 391 394 396 397 399 401 402 403 405 406 409 412 413 417 419 420 421 423 425 426 429 431 433 434 437 440 445 451 453 455 456 457 459 460 462 463 464 472 474 475 476 480 483 484 485 486 
222 192 194 210 213 219 223 230 249 265 289 290 292 316 335 336 351 370 375 376 379 387 393 395 414 423 426 429 431 433 450 454 463 479 481 
255 163 173 179 182 186 208 235 249 273 283 294 301 311 356 366 381 396 408 410 428 430 457 466 471 473 475 
173 163 166 170 172 173 193 201 208 221 223 238 242 250 262 271 278 311 321 322 324 325 334 335 336 337 341 352 368 379 394 399 407 413 430 436 441 449 452 453 457 476 486 
263 169 180 243 253 307 328 360 392 397 409 424 463 473 
67 163 167 171 172 180 182 184 201 203 204 210 226 235 243 247 261 262 280 319 333 342 369 372 382 387 396 398 403 419 420 421 453 483 
143 181 184 185 186 190 198 202 211 213 222 224 229 233 247 253 264 265 267 274 275 290 292 297 299 308 312 317 329 333 337 339 347 361 370 371 382 386 389 390 397 406 407 409 417 422 425 426 430 431 435 443 444 457 465 471 475 
221 1 164 167 169 174 180 182 196 205 209 211 217 227 231 235 237 240 241 242 246 248 249 252 255 256 260 263 273 274 284 285 286 289 298 304 306 312 314 316 320 322 326 327 328 336 338 343 355 357 359 360 361 365 373 378 380 382 383 384 388 389 392 398 403 405 410 415 420 422 432 435 437 447 459 461 469 471 480 482 483 
130 1 164 165 169 176 189 194 200 208 209 213 218 219 222 235 239 240 245 247 254 264 268 273 279 284 286 287 306 308 316 318 324 330 331 342 344 354 358 364 365 370 376 378 383 388 390 391 405 420 421 422 426 432 435 450 451 461 462 479 
143 165 167 174 176 177 183 193 198 207 209 223 235 239 245 250 253 258 259 278 280 284 287 295 312 318 319 322 323 331 340 343 344 355 361 363 365 366 370 372 373 375 380 382 384 386 387 396 397 400 401 402 403 408 411 415 416 419 428 429 439 443 445 447 449 460 466 467 483 486 
116 1 173 175 176 185 191 196 198 199 201 213 221 224 229 232 233 253 257 268 270 280 281 287 301 307 309 314 323 332 347 353 354 355 360 361 366 367 379 388 391 393 399 400 404 407 410 413 414 421 422 426 441 448 465 479 484 
112 1 164 168 169 170 172 177 178 181 184 185 186 191 192 193 196 200 203 206 210 213 214 219 222 225 226 229 231 234 238 240 242 243 245 248 249 252 253 256 262 271 272 273 280 282 283 286 287 289 293 296 297 300 301 302 304 309 312 313 317 321 323 325 328 329 330 332 334 335 337 341 343 347 348 349 350 355 356 358 359 360 361 363 367 369 370 371 372 373 374 378 380 381 382 386 387 390 392 393 397 399 400 401 404 406 408 410 414 415 424 426 438 441 445 446 447 448 451 453 461 462 464 465 467 472 474 475 479 482 485 
207 168 178 181 186 208 209 218 219 221 245 260 277 291 296 297 299 302 309 357 364 371 376 421 422 427 433 440 451 461 470 485 
217 165 168 170 178 181 182 183 187 189 190 201 206 208 216 219 222 228 231 232 239 244 250 251 254 259 260 278 280 300 304 311 319 324 325 332 341 342 353 357 363 364 369 371 379 384 390 392 394 396 410 419 420 423 431 432 438 439 445 446 457 458 463 476 482 486 
32 170 172 175 176 179 181 189 192 202 204 205 209 212 214 218 220 221 222 223 225 226 229 237 238 240 245 248 250 256 263 267 270 271 277 285 289 291 292 294 296 297 300 301 303 309 310 312 315 316 317 321 322 325 327 329 334 335 336 338 339 340 346 351 352 353 354 368 371 378 380 383 388 391 393 395 397 403 412 414 426 429 430 432 437 441 442 447 451 455 457 458 460 465 466 478 485 
45 1 168 169 170 172 175 176 177 179 181 183 185 188 190 192 194 204 205 208 211 214 219 224 225 235 237 238 242 246 247 248 251 255 258 259 262 264 269 270 276 284 286 290 296 298 304 306 307 311 313 323 325 327 331 332 333 336 338 341 342 343 344 346 349 351 352 354 355 356 360 364 373 374 375 379 385 387 389 390 395 400 401 402 409 413 420 421 423 424 425 426 427 429 433 439 449 450 453 455 461 464 468 472 475 477 480 483 486 
252 1 165 167 172 176 177 181 182 184 185 187 189 190 200 202 203 208 212 218 220 221 224 225 229 236 237 239 242 243 248 249 253 254 255 259 264 267 271 272 274 275 280 281 284 288 289 291 293 295 296 299 303 305 306 309 310 311 313 314 315 320 321 325 328 333 335 341 342 345 349 350 351 352 353 356 361 362 363 365 366 367 368 370 375 378 379 381 382 387 389 395 396 399 400 403 404 405 412 413 414 415 416 418 419 428 431 433 437 438 439 440 441 449 450 452 454 459 463 467 474 476 484 486 
39 1 166 169 186 187 189 190 193 197 200 202 203 206 207 213 224 227 231 232 239 244 245 246 252 254 257 258 265 270 272 277 282 284 289 295 298 299 304 305 307 311 312 314 315 317 318 321 322 323 325 328 331 333 334 336 338 347 348 351 354 361 362 363 369 371 372 375 376 377 380 381 382 387 388 390 395 396 403 409 411 412 418 419 424 427 443 444 447 450 452 457 458 459 461 465 471 474 479 480 481 482 483 484 485 
247 163 164 165 173 175 176 178 180 181 184 186 189 191 196 197 199 201 203 204 206 207 216 217 221 223 224 225 226 230 236 237 240 241 242 257 258 260 263 265 266 268 273 276 279 282 289 290 294 296 298 300 303 304 305 309 314 316 320 321 322 329 333 335 337 338 341 343 345 347 348 349 351 352 353 359 364 367 368 371 373 374 377 378 379 382 383 385 388 389 393 395 396 397 400 403 405 406 407 410 413 416 417 419 421 423 426 427 431 435 436 437 443 447 452 454 459 460 462 465 466 469 472 478 479 480 
263 163 165 170 172 173 174 182 191 193 197 200 202 204 205 206 212 214 216 217 219 221 226 229 230 233 236 241 244 245 246 253 254 257 260 263 266 269 270 276 279 282 288 290 312 315 321 323 330 331 341 342 343 345 347 348 351 352 358 361 365 368 374 380 381 382 386 390 395 397 401 405 408 410 421 423 427 428 429 431 432 433 441 447 450 451 453 454 455 463 465 481 482 
74 225 244 254 328 343 345 359 361 397 402 430 454 463 466 
200 175 185 214 225 227 230 233 245 247 255 274 286 297 314 322 325 340 355 357 381 382 407 421 434 435 437 442 447 465 469 483 
206 165 170 173 174 178 179 184 186 189 193 200 211 214 215 219 232 233 240 242 247 248 250 251 255 260 261 265 282 290 291 292 293 294 295 296 298 301 304 317 322 324 326 327 328 331 334 337 339 341 344 347 350 353 358 369 378 381 388 395 397 401 405 416 427 433 436 455 457 461 462 464 469 475 
289 1 163 164 165 169 172 180 190 195 200 204 208 209 210 213 215 219 221 224 230 231 237 242 244 245 247 249 255 257 258 261 263 266 269 270 277 278 279 281 283 289 290 291 293 294 296 297 299 300 305 306 308 309 310 312 317 320 325 328 329 330 332 333 336 340 342 352 353 360 362 363 365 370 371 372 374 375 376 377 378 380 382 383 385 390 393 397 403 405 407 408 412 414 415 418 419 420 423 425 430 432 434 436 438 440 443 445 446 450 451 454 455 462 463 464 465 466 467 470 471 474 475 476 485 
12 167 168 171 176 178 180 188 190 191 194 201 203 207 212 221 222 223 228 230 232 233 234 247 250 252 253 254 255 259 261 265 273 277 278 279 280 281 283 288 291 294 295 296 297 299 300 303 312 314 316 317 319 321 322 325 328 330 331 333 334 338 339 341 342 343 344 345 347 349 350 359 360 362 365 367 370 376 377 378 380 381 382 384 385 390 392 393 395 401 406 407 410 411 418 421 422 424 425 428 429 430 432 441 442 446 447 456 462 463 465 466 467 470 473 474 475 477 480 481 482 483 484 485 
18 166 172 173 186 204 208 211 212 214 217 220 221 223 226 232 233 236 240 241 243 247 254 258 260 265 266 267 271 285 286 295 299 305 308 315 316 324 326 328 329 330 332 340 346 349 350 355 361 363 364 369 378 379 391 400 401 402 404 408 417 420 422 444 447 458 459 465 466 467 470 476 479 481 482 484 485 486 
108 163 166 168 170 173 177 181 186 188 193 196 203 208 215 218 222 231 233 234 236 240 241 242 246 247 250 255 261 285 289 290 291 294 298 300 302 306 315 324 325 328 331 335 336 338 341 349 358 363 365 382 384 388 393 396 407 411 415 418 420 429 433 434 440 441 443 455 459 460 463 471 474 475 
62 165 171 172 176 180 184 187 191 196 199 201 203 204 210 215 218 219 223 224 225 227 232 234 237 238 244 246 251 253 254 258 265 267 268 278 279 282 289 290 291 302 304 307 311 313 314 315 316 317 325 326 328 330 332 340 341 343 354 355 360 361 366 368 376 380 385 389 394 398 402 403 410 413 414 416 422 428 429 433 434 436 439 440 441 451 453 458 459 471 473 475 476 
124 163 170 175 184 185 189 191 200 203 205 213 215 216 217 223 229 245 255 258 267 268 275 278 283 284 294 323 342 347 360 362 363 373 391 392 396 400 405 406 410 411 413 419 423 433 434 436 440 443 452 457 471 479 
234 165 181 191 196 199 204 219 226 230 245 265 271 273 278 313 324 325 331 341 350 355 357 360 367 372 380 391 414 419 431 471 479 
28 167 173 174 183 186 187 191 192 194 196 209 215 227 240 244 251 259 261 263 264 266 275 276 282 285 298 302 311 312 314 315 319 323 332 333 338 339 354 359 362 370 372 381 382 384 395 397 399 402 408 410 420 433 438 449 450 454 461 462 465 467 470 472 475 481 486 
60 172 174 185 188 189 193 195 200 201 209 215 217 220 224 226 229 232 240 241 247 249 257 259 265 269 278 279 281 282 283 284 287 288 305 312 316 320 321 324 327 330 332 337 339 340 344 347 352 353 354 359 371 373 376 378 380 381 384 386 392 396 399 401 407 416 419 422 423 424 426 427 431 434 435 437 450 454 455 462 463 470 474 482 483 
205 168 170 172 175 186 187 193 195 198 200 201 202 205 207 211 216 221 226 227 236 243 246 252 255 256 258 260 263 266 269 272 278 279 280 282 291 292 295 299 301 309 316 317 325 327 331 333 343 347 348 352 355 357 359 360 363 364 385 386 387 388 389 391 396 397 398 399 400 405 413 415 416 426 437 442 444 448 449 457 459 460 463 465 466 470 472 475 477 
295 172 175 180 182 184 188 191 192 199 201 202 207 208 209 211 215 222 225 226 227 233 235 239 253 254 257 260 264 266 268 281 282 284 285 288 290 291 293 296 300 302 304 306 307 309 315 318 319 323 328 330 334 336 343 346 351 353 356 360 361 362 364 366 369 372 379 381 383 385 391 393 397 398 404 409 413 422 427 428 430 431 437 440 448 461 462 467 469 474 475 477 479 486 
40 179 182 185 207 214 221 222 229 236 245 266 268 278 286 312 313 327 350 366 379 380 390 399 414 415 424 450 468 470 480 482 485 
142 163 165 172 175 185 190 191 203 204 205 207 209 211 212 226 229 243 246 250 254 263 264 265 266 267 270 280 283 292 293 315 316 319 323 340 362 364 370 372 375 377 385 392 393 398 399 400 410 424 426 429 430 433 434 438 448 451 455 459 461 462 473 483 
20 167 170 172 173 175 176 179 181 182 190 194 199 205 207 208 211 214 216 217 221 223 228 229 230 231 233 234 238 240 245 249 250 251 255 257 261 262 264 265 268 276 283 287 288 290 291 297 299 303 304 305 306 313 316 318 326 328 332 334 339 346 352 354 355 357 359 361 369 373 379 382 384 386 388 390 393 395 396 398 399 400 405 406 410 411 414 418 419 421 422 423 426 428 429 431 432 433 444 445 447 449 453 455 456 464 468 469 470 475 476 478 479 481 483 
49 1 166 169 170 171 174 186 195 196 203 209 214 223 224 227 230 236 238 240 243 247 248 258 259 260 264 274 277 279 283 285 289 297 298 300 301 304 305 306 310 311 312 314 319 321 322 327 330 331 334 335 340 350 353 357 358 363 364 365 372 386 393 401 404 406 409 412 417 418 422 429 440 443 450 451 453 454 461 462 464 466 471 475 483 
191 188 205 469 
135 167 168 173 179 181 190 196 215 216 218 230 237 248 267 270 272 273 284 298 301 304 305 306 308 314 320 322 338 339 340 341 350 359 364 368 370 374 375 398 399 400 405 412 417 420 445 447 451 457 459 471 476 478 
289 168 169 171 173 180 183 185 194 205 206 212 214 222 234 247 260 270 272 285 286 294 298 300 310 311 319 323 326 340 342 347 350 360 368 374 375 378 384 391 392 402 407 427 444 449 451 455 463 468 474 484 
277 176 188 203 206 208 211 222 224 231 234 238 243 253 273 314 317 322 332 333 337 342 343 348 371 376 382 393 394 397 401 414 424 443 460 461 486 
262 163 171 173 188 193 197 201 203 207 211 215 219 222 234 244 246 247 248 252 253 254 256 259 265 271 273 286 291 325 337 342 347 351 353 359 360 368 372 378 380 381 384 388 393 398 401 403 405 409 413 419 424 426 429 434 435 440 443 445 447 456 458 460 464 473 478 481 483 
251 195 218 241 260 308 319 330 338 363 408 420 
228 181 187 219 255 259 268 270 271 272 274 283 286 290 292 293 299 304 322 341 363 377 402 408 409 427 429 431 441 449 458 474 
97 1 166 173 175 177 179 180 185 186 189 197 205 210 211 212 213 216 219 221 223 230 234 246 247 248 249 250 251 257 262 263 271 289 296 297 300 302 315 324 326 332 333 341 345 361 363 364 376 383 384 389 391 399 403 409 426 430 431 434 441 449 465 473 476 478 479 480 481 482 485 
31 1 170 172 174 178 179 180 183 185 188 189 190 192 195 202 203 204 205 207 208 211 212 213 215 216 224 226 227 231 232 236 237 238 239 240 248 249 255 257 258 259 262 263 265 268 274 276 277 278 283 289 296 298 299 311 317 319 321 323 328 332 333 335 337 338 339 343 345 348 353 354 359 360 362 363 364 369 370 372 376 380 382 383 389 390 391 397 400 402 403 404 408 412 418 419 424 425 427 428 433 434 446 453 456 457 458 460 462 470 472 479 480 484 485 
72 163 165 170 171 172 174 175 177 180 181 185 186 188 191 192 196 199 203 204 208 209 210 212 214 218 219 220 222 224 227 228 233 234 235 236 243 246 252 253 259 270 275 276 278 281 282 287 288 289 295 297 301 302 303 305 308 310 313 314 321 322 328 330 333 335 337 339 346 348 349 350 355 356 359 360 361 364 366 368 375 377 379 380 381 382 383 384 385 391 395 397 404 407 408 410 414 417 420 424 427 430 431 432 436 443 447 449 450 451 452 453 463 465 470 471 472 474 475 478 483 485 
104 1 169 172 173 179 180 182 189 191 200 205 214 215 216 217 222 228 236 244 246 254 259 261 267 269 270 276 280 285 287 289 294 295 301 305 307 312 317 326 335 342 343 345 346 355 356 362 363 365 367 368 375 378 380 390 394 396 398 411 416 419 421 427 429 431 453 467 473 475 483 
271 165 167 175 179 186 194 195 203 209 215 217 224 226 227 233 239 243 262 263 272 276 277 282 286 291 298 304 310 317 318 325 334 338 340 341 343 348 349 357 362 363 364 373 374 378 381 382 388 399 402 416 417 418 421 425 428 430 431 440 446 449 455 457 466 471 472 479 480 
179 456 
176 168 180 182 190 196 197 200 202 214 216 225 228 235 236 238 239 241 245 246 249 250 260 263 266 267 268 273 281 286 291 293 294 295 299 300 301 305 309 310 311 313 315 316 330 339 342 343 348 349 354 355 361 363 375 384 393 397 398 401 402 403 404 412 414 415 416 418 419 420 428 433 435 437 440 442 443 446 457 458 462 463 470 473 475 477 481 482 485 
256 170 179 187 193 194 195 203 211 212 213 221 223 226 228 229 232 235 242 250 253 258 260 263 269 270 272 275 288 298 299 300 303 307 308 313 319 321 328 331 332 335 348 351 359 362 365 366 370 375 378 387 392 413 419 434 435 449 459 469 480 486 
2 164 167 172 173 174 175 176 177 179 180 181 183 184 187 188 190 191 197 198 200 202 203 204 205 207 209 218 220 221 225 226 228 231 232 234 235 240 241 242 243 244 246 248 250 254 255 259 261 264 266 269 270 272 279 280 282 284 285 286 287 290 291 298 309 310 315 319 323 324 327 330 332 335 339 341 343 344 345 347 349 353 359 362 368 370 371 375 376 378 383 385 390 391 402 416 420 422 425 428 429 432 433 434 436 438 439 440 441 442 444 450 453 454 457 461 468 471 475 477 484 
114 1 165 170 176 177 196 197 202 208 217 218 219 220 223 224 225 227 229 235 242 243 244 245 246 248 259 263 272 274 280 281 289 293 303 306 311 319 329 331 337 342 346 347 348 359 365 367 371 372 374 376 378 380 382 385 387 388 400 401 405 415 421 429 430 436 440 442 446 450 454 455 459 463 467 468 470 475 481 
201 165 166 173 176 180 181 183 187 196 201 205 215 217 218 219 221 229 231 234 246 247 252 257 260 262 263 275 284 289 292 301 311 317 328 331 333 339 342 344 355 367 370 400 402 404 411 413 417 419 422 430 435 436 447 450 468 470 485 
155 164 167 168 170 173 175 177 179 180 181 185 187 188 191 192 197 199 200 202 203 205 206 208 209 212 215 220 224 225 226 231 234 236 237 239 240 241 245 248 249 253 255 263 267 268 269 271 272 274 281 282 286 288 297 302 304 306 309 311 315 318 320 321 322 325 328 331 333 343 345 348 350 355 358 359 360 361 362 363 365 366 368 369 373 375 376 384 389 390 391 393 397 399 400 404 405 406 407 409 410 411 412 420 421 423 425 426 429 431 432 433 437 439 440 442 445 446 447 451 452 454 462 466 470 471 475 477 480 481 484 485 486 
82 163 166 167 168 177 181 186 190 192 195 197 200 209 210 212 215 218 220 224 230 236 238 239 243 247 252 259 262 264 272 278 279 280 288 290 293 296 299 300 302 305 308 309 312 313 314 315 317 318 323 326 328 331 333 336 340 341 344 345 347 349 350 356 357 363 365 369 374 380 381 386 387 389 390 395 398 400 406 407 410 414 415 420 427 436 443 447 451 453 456 463 465 468 473 474 476 478 480 486 
49 168 170 174 175 181 184 185 187 189 198 200 201 206 208 210 211 213 214 217 218 224 225 230 238 241 243 245 247 249 255 256 257 258 259 262 264 265 266 267 281 286 292 293 298 302 303 305 306 310 312 314 316 318 320 322 323 325 329 331 336 337 345 346 347 348 349 355 356 359 360 362 364 368 372 375 376 380 383 386 389 393 395 397 398 399 400 405 407 410 411 418 419 425 426 433 437 440 441 444 445 448 454 455 457 458 460 461 463 464 469 471 477 479 483 486 
240 178 180 184 187 197 205 209 215 224 228 230 237 241 242 248 251 252 255 262 268 269 276 279 280 286 287 294 295 298 300 302 306 307 312 313 314 317 318 323 327 328 332 336 337 339 346 348 350 351 352 353 356 357 358 368 371 374 376 379 380 385 390 394 396 397 402 405 410 411 412 420 422 428 430 439 440 446 450 452 454 455 459 460 462 469 476 477 
135 180 188 206 210 230 239 244 263 276 277 279 284 285 302 324 379 395 431 441 456 464 473 484 486 
51 167 180 182 185 186 188 200 205 216 224 239 251 253 260 266 267 270 274 291 300 328 338 344 355 356 357 372 381 383 385 386 387 391 401 416 422 426 431 437 438 442 450 455 466 469 475 482 485 
269 176 227 243 255 271 273 277 289 321 322 332 357 358 453 471 478 
242 169 201 213 214 216 222 242 260 264 277 285 290 304 306 314 338 344 352 355 356 381 382 388 396 397 411 416 417 420 424 434 450 453 457 464 
191 1 165 166 168 170 172 179 186 188 200 202 203 205 209 212 214 216 217 219 221 223 227 229 240 241 243 244 246 248 250 251 253 255 256 258 261 262 264 267 271 278 280 282 283 290 292 295 298 305 306 308 315 316 322 328 329 330 331 332 334 336 337 338 339 340 344 346 347 349 350 351 370 371 383 385 388 391 392 393 396 403 406 407 413 414 416 418 419 423 425 429 430 431 432 437 439 447 448 450 455 456 465 467 470 473 474 483 485 
187 165 174 193 236 250 264 310 321 345 349 394 406 432 444 445 446 452 481 482 
297 170 184 188 190 195 197 201 202 203 205 207 212 214 215 216 217 221 222 227 229 233 236 238 241 243 250 252 253 255 258 260 261 262 268 270 274 281 283 287 290 294 301 303 307 317 322 329 330 334 337 339 340 342 344 353 355 360 362 366 368 369 371 372 375 376 383 384 387 390 392 394 397 399 401 403 406 413 414 415 417 419 422 424 425 426 430 433 436 443 445 450 451 457 463 465 466 467 471 474 476 478 479 
73 1 166 172 177 179 183 186 216 223 254 256 258 259 296 314 320 325 329 330 333 338 362 374 382 384 393 394 395 399 403 419 431 432 434 443 444 449 454 460 464 465 466 467 471 474 482 
72 1 166 167 169 170 171 177 180 186 187 188 191 195 206 209 210 213 215 216 223 225 226 229 230 233 235 237 238 253 255 261 270 274 277 279 280 281 283 288 289 291 293 309 311 315 320 321 323 324 325 339 346 349 351 354 365 366 368 380 390 391 393 398 400 405 406 407 408 413 414 416 424 429 431 433 441 450 454 456 460 461 462 465 476 477 479 480 484 485 
181 1 167 171 173 187 188 191 205 206 218 234 237 240 259 263 264 270 281 283 288 289 300 303 307 313 315 338 340 354 355 358 375 378 389 393 403 409 415 425 428 429 430 433 435 436 443 454 455 458 470 486 
98 186 188 192 262 419 430 471 
101 164 175 180 186 192 198 204 206 213 217 226 231 235 239 242 250 267 268 279 281 288 301 302 306 310 314 315 317 320 322 323 325 332 335 339 343 349 350 355 358 362 374 383 386 390 391 392 394 396 398 402 408 413 414 417 421 422 433 439 447 478 481 485 
34 1 165 167 168 169 173 176 177 178 183 184 188 190 192 195 199 207 208 210 211 216 218 227 231 232 234 239 240 244 245 249 250 252 255 260 269 272 276 282 283 284 287 290 297 303 306 307 308 309 311 312 320 323 324 326 327 331 333 335 340 341 343 344 346 347 348 349 353 354 356 363 372 380 386 388 389 393 394 396 397 400 403 405 406 407 408 409 410 414 416 417 423 426 427 428 441 445 448 449 452 454 456 458 459 460 462 468 470 471 475 477 481 482 
4 1 163 165 167 169 173 177 179 183 184 186 187 188 190 192 193 194 196 199 208 214 216 219 221 222 224 226 227 232 233 235 236 239 242 243 250 253 255 259 262 263 265 266 271 273 276 277 278 283 292 293 295 296 299 304 307 312 314 318 320 321 324 325 327 328 330 337 338 342 343 348 351 352 353 354 361 362 369 375 379 386 391 395 398 402 405 410 413 417 418 421 423 429 433 437 439 442 443 445 449 454 456 457 463 465 467 469 472 476 478 480 481 483 484 
112 167 169 173 174 175 176 178 179 182 183 186 187 188 193 197 200 209 211 212 215 219 220 228 230 234 236 241 243 253 257 262 273 277 278 281 283 287 289 292 296 300 305 307 308 309 312 314 318 319 321 324 337 338 339 340 342 343 345 354 355 360 361 362 364 367 376 379 382 388 390 396 397 399 401 411 414 422 424 426 428 431 436 444 445 449 451 454 455 457 460 461 463 466 469 470 472 479 
145 164 165 166 168 169 170 173 174 175 176 178 180 188 197 201 204 208 209 212 214 222 223 227 228 229 230 236 239 248 249 250 251 256 259 261 263 265 269 275 276 278 280 281 282 286 290 293 294 299 300 301 302 307 312 315 318 319 323 324 325 329 332 335 338 340 346 350 352 355 356 357 359 363 366 367 368 370 374 376 378 381 382 383 384 386 397 400 401 402 405 406 407 408 409 411 414 417 418 419 423 425 431 433 434 436 439 440 441 442 443 444 451 452 455 457 459 461 462 463 464 468 469 476 480 481 483 484 486 
263 163 165 169 175 180 185 188 191 201 209 210 220 223 224 226 236 248 252 254 262 270 278 280 286 300 306 307 311 318 319 323 324 329 338 345 357 362 371 373 379 386 394 395 398 399 402 403 409 424 440 446 450 453 460 461 466 471 472 473 476 483 
246 164 166 172 180 181 183 189 192 196 204 212 213 217 225 259 263 264 267 270 274 285 287 297 307 308 315 317 322 326 327 329 338 355 372 378 380 384 385 386 394 404 415 421 432 443 448 451 456 459 464 467 469 473 476 478 
184 164 165 177 178 188 205 207 208 209 233 236 240 246 247 248 258 262 265 273 280 283 285 292 294 321 325 332 337 340 349 369 373 375 412 413 415 425 427 452 463 465 471 479 480 481 485 
123 165 171 184 198 207 209 210 214 215 217 219 222 224 228 239 251 277 285 286 291 294 297 301 304 308 329 344 349 352 356 377 380 390 391 396 401 402 409 417 425 426 434 443 444 451 454 456 460 472 473 485 
297 163 169 170 181 182 183 190 192 203 207 212 225 226 227 232 233 237 238 251 253 254 263 266 293 302 304 311 314 315 321 324 335 336 339 341 344 351 356 360 366 368 371 375 377 381 386 388 393 397 400 405 410 422 424 435 436 437 438 443 450 458 459 461 473 479 
89 1 167 171 172 177 192 195 197 198 213 214 215 216 218 220 230 231 234 242 245 247 249 251 265 267 273 280 282 290 295 301 304 305 307 311 318 321 324 326 327 328 331 338 344 360 366 377 382 383 385 389 393 400 408 415 419 424 425 426 429 438 439 449 454 462 465 470 472 476 
80 163 164 167 169 174 176 179 180 181 183 185 187 190 194 199 202 203 207 208 209 210 216 217 218 221 223 226 227 228 229 230 231 232 234 235 240 245 248 251 254 255 256 257 259 261 264 265 270 274 278 280 283 284 287 288 289 291 292 293 302 305 312 313 315 319 322 324 325 326 328 329 338 339 345 346 349 355 356 359 361 362 363 364 369 377 379 380 381 382 383 384 386 387 390 392 401 403 404 409 417 422 423 426 428 429 430 433 436 438 439 441 443 447 451 454 455 456 457 464 467 468 469 480 483 
281 191 199 236 246 255 258 262 282 287 294 321 333 346 355 376 378 405 410 431 454 486 
55 1 163 201 204 211 215 220 224 228 251 265 266 279 280 299 303 304 312 314 321 325 327 329 330 335 349 356 358 360 372 379 386 390 400 401 403 412 421 424 431 435 447 459 461 466 472 474 
266 164 167 170 174 180 187 191 194 198 199 200 204 205 210 213 214 217 220 223 225 227 229 231 233 236 242 245 249 265 266 269 277 280 282 290 291 296 298 304 305 308 310 311 312 313 315 318 319 321 329 334 336 338 341 342 345 350 353 355 360 361 362 363 364 365 377 382 386 388 390 391 393 394 395 397 398 400 402 407 412 414 425 429 430 434 437 446 447 454 457 468 469 471 472 479 486 
290 1 163 164 165 167 169 180 182 184 186 187 189 192 195 196 198 204 208 216 218 228 229 230 231 234 237 240 242 244 245 247 248 250 258 261 267 269 271 272 279 281 282 283 285 288 289 300 306 307 315 320 321 323 328 329 330 335 341 351 352 354 355 358 360 361 379 383 387 389 390 392 395 396 398 404 405 406 407 414 418 419 422 430 432 433 436 439 441 442 444 445 446 447 448 449 450 455 461 462 463 465 466 467 468 469 472 475 477 478 479 480 481 482 
156 171 180 189 196 197 205 210 216 221 232 233 247 250 255 267 270 271 277 284 295 299 300 305 310 325 331 334 338 369 372 376 377 379 394 400 424 425 428 434 439 440 442 448 450 456 459 471 472 473 477 478 
157 170 174 180 181 186 192 198 200 202 207 209 224 226 228 233 234 236 237 242 243 244 248 249 250 253 262 263 266 273 275 277 279 281 282 283 286 294 300 304 310 311 317 324 325 332 337 339 345 350 352 357 362 374 385 386 394 397 400 405 407 409 412 419 422 425 426 433 437 447 449 450 451 452 453 457 462 463 467 468 471 475 476 478 482 484 
275 1 171 183 186 189 190 196 197 201 214 219 221 223 226 228 229 235 256 263 272 277 278 284 289 291 293 297 300 315 317 324 325 328 330 333 339 344 351 357 360 369 370 375 384 391 415 419 423 429 433 434 436 441 449 459 478 481 484 
37 165 166 170 174 175 181 182 183 185 186 188 192 195 201 205 207 214 216 218 220 226 228 232 235 237 240 244 249 257 258 259 260 261 267 280 283 284 291 292 294 298 300 302 304 307 313 314 316 319 322 324 325 326 330 331 334 336 340 342 344 345 346 352 356 357 359 360 362 363 365 369 370 375 376 378 379 380 386 388 389 396 398 400 401 404 405 407 408 409 411 412 415 418 419 421 422 424 425 427 429 433 436 437 443 445 446 448 449 459 460 463 464 467 468 473 476 477 479 484 485 
70 1 163 169 178 181 182 184 188 193 194 201 203 204 212 213 214 215 216 225 226 231 233 234 248 249 256 257 259 261 267 268 270 279 280 282 292 295 296 305 312 318 320 327 331 334 337 339 341 345 352 353 366 371 379 391 392 393 394 399 401 402 409 410 412 419 428 429 430 435 437 438 445 446 448 449 453 455 457 458 462 466 467 468 479 485 
167 163 176 178 179 188 191 195 196 201 204 206 209 213 214 218 221 224 227 235 237 238 239 240 245 247 248 249 252 254 255 256 259 261 270 274 278 279 280 281 284 286 289 295 299 301 302 306 312 315 316 324 327 332 334 336 337 339 344 348 350 351 360 362 364 365 373 375 377 378 379 385 389 392 395 396 397 404 409 411 418 422 431 433 434 437 442 444 449 453 455 457 460 461 465 466 467 469 470 475 476 477 479 480 484 
33 169 173 178 179 187 198 202 203 208 210 212 220 225 227 237 245 249 253 257 261 263 268 274 275 282 289 299 315 316 324 332 336 340 343 346 348 350 360 363 364 369 376 381 384 386 387 392 396 397 403 417 418 419 438 439 446 447 449 450 457 460 464 466 473 479 481 
79 173 209 210 216 256 279 309 321 348 352 359 380 398 430 431 436 
102 184 194 195 197 203 222 227 228 229 235 244 253 256 265 271 278 279 290 291 294 307 323 335 336 347 350 357 358 359 363 369 373 375 383 399 440 448 449 453 460 466 468 474 476 477 486 
243 184 187 193 195 198 204 209 227 236 240 245 247 260 275 281 290 293 300 305 307 312 318 324 325 328 340 348 357 358 360 365 370 375 380 391 397 408 418 424 429 433 436 455 457 462 467 468 472 474 
94 1 175 178 179 183 185 186 205 210 212 214 221 222 225 235 237 239 240 249 251 263 267 272 273 281 298 313 316 339 342 349 369 375 386 401 404 405 411 425 426 445 447 449 450 453 456 459 460 469 478 
235 1 165 173 175 177 179 182 197 199 205 210 213 221 232 235 239 240 241 242 245 250 266 278 282 289 292 294 298 303 312 317 323 325 329 331 335 339 340 341 346 354 357 358 367 389 399 401 402 411 412 413 424 432 435 436 451 456 476 483 484 
194 175 177 191 192 206 215 220 231 255 276 287 311 315 316 328 359 362 387 393 395 398 409 413 437 446 468 470 472 479 481 
99 1 166 169 176 190 192 197 198 217 232 235 250 251 254 255 257 270 286 288 292 306 310 312 330 331 347 351 356 363 365 377 395 397 404 425 429 439 449 453 457 460 461 474 478 486 
147 1 163 168 172 174 179 183 185 189 197 198 201 205 209 210 214 218 220 237 239 242 244 246 247 256 260 262 263 264 270 271 275 278 279 284 287 301 305 308 315 316 317 319 324 328 329 330 335 346 352 357 362 364 366 369 372 375 377 380 383 384 385 388 396 397 415 424 441 448 450 451 453 457 459 467 485 
113 1 193 198 202 203 226 270 282 340 376 445 
278 204 213 226 231 246 251 252 315 319 321 329 338 363 370 393 432 434 443 445 
143 167 168 175 181 183 187 197 206 208 224 230 238 240 242 249 253 255 265 316 317 329 340 345 349 354 375 379 388 392 394 402 431 433 434 443 453 454 455 457 463 468 
10 169 170 171 180 194 197 206 207 233 254 258 261 273 275 277 280 300 311 329 334 336 348 357 371 377 395 402 425 431 434 454 479 482 
160 165 170 172 177 187 191 192 206 208 213 225 227 229 232 233 234 236 258 265 268 269 277 278 282 288 289 291 292 313 317 320 321 323 324 328 339 342 343 352 355 365 376 383 385 389 396 402 404 405 406 408 411 416 425 435 438 450 455 469 472 474 477 481 484 486 
284 176 178 180 181 185 195 207 209 212 216 218 222 244 246 249 251 254 257 259 266 267 268 279 281 285 287 288 290 310 338 365 370 377 379 384 403 405 409 414 424 426 429 430 433 439 440 454 456 461 470 
46 1 168 184 191 196 207 209 240 260 284 292 306 311 316 319 323 336 338 341 368 371 373 383 392 393 395 399 406 415 427 428 429 438 442 446 447 461 483 
74 1 164 165 166 167 174 175 177 178 179 185 188 192 194 195 196 200 201 204 206 208 209 213 214 215 216 218 221 222 223 227 231 236 242 248 251 252 253 254 255 259 261 264 265 267 271 272 273 274 275 277 278 279 287 291 294 295 298 300 301 305 306 311 313 321 322 324 326 327 329 332 334 335 343 347 348 351 353 355 357 362 368 369 370 373 374 378 384 385 387 390 392 393 394 399 402 407 411 417 419 420 425 426 433 439 442 443 447 449 451 456 458 460 466 469 470 473 474 478 480 481 482 483 484 
144 164 168 173 174 177 178 180 182 183 185 186 190 191 202 203 204 205 208 215 217 219 220 221 222 227 229 232 235 239 241 242 247 249 253 258 259 268 271 272 274 281 282 284 286 291 292 295 298 302 311 312 313 314 315 316 322 323 328 329 336 337 340 341 342 345 349 352 354 355 357 358 361 363 367 368 371 373 377 379 381 384 385 386 387 389 390 391 393 395 398 402 404 409 410 413 420 424 427 428 431 436 437 439 440 444 446 449 454 462 463 466 467 471 474 476 477 480 481 483 485 486 
188 163 167 168 171 176 178 187 193 199 203 207 211 212 214 215 217 221 222 223 233 237 240 241 243 253 258 260 261 262 277 291 296 306 307 311 317 318 319 328 339 372 374 378 381 386 390 392 401 402 403 412 413 419 420 424 426 432 445 449 453 458 461 465 471 474 475 
78 166 178 183 185 187 188 190 197 203 204 209 214 217 218 219 225 228 235 241 242 243 249 255 257 262 269 271 273 277 278 292 299 301 304 324 327 338 343 344 345 350 356 363 365 366 371 373 379 388 394 398 409 410 411 418 419 427 431 432 439 445 449 450 456 463 471 476 477 479 
32 176 196 218 236 244 274 291 350 378 383 412 431 433 443 448 475 482 
264 163 166 168 170 171 182 184 189 193 196 197 198 199 204 205 206 210 218 220 221 227 229 230 231 238 241 243 244 249 254 257 259 266 267 268 270 281 283 284 286 289 291 293 301 302 315 316 318 319 320 322 323 324 328 330 334 335 338 341 346 347 350 353 355 359 360 362 364 367 371 373 377 381 383 387 391 393 396 399 400 408 410 411 418 427 428 430 435 436 437 439 445 449 450 451 456 458 461 466 470 471 472 476 477 478 479 482 483 486 
282 166 167 169 170 176 184 185 190 193 199 203 207 209 211 213 219 221 225 226 228 229 234 237 239 248 252 262 266 270 275 276 285 288 290 301 305 308 313 315 319 320 321 323 334 335 340 347 352 354 364 366 370 372 385 389 395 396 399 400 401 407 410 414 421 426 427 431 436 441 442 443 446 447 456 458 459 460 464 465 466 469 470 473 474 475 479 481 485 
97 184 279 
113 195 361 
243 1 164 172 175 178 180 181 183 184 187 190 191 198 199 201 202 206 212 217 218 221 223 225 226 229 230 235 236 238 242 250 251 253 254 256 261 276 279 284 286 287 288 289 290 293 295 297 298 301 302 303 304 306 308 315 317 319 323 324 325 327 328 329 331 332 336 337 340 342 347 349 350 353 354 361 364 365 366 370 372 373 374 375 377 381 382 387 389 391 392 393 396 397 398 402 403 410 412 413 422 425 426 428 429 430 432 434 436 437 442 447 449 451 452 457 460 461 463 465 466 471 474 482 483 484 
121 1 165 166 169 171 172 173 174 177 181 185 189 190 191 194 200 201 202 206 208 210 212 213 218 219 221 222 224 226 230 231 233 235 241 242 243 245 247 248 251 258 259 263 266 271 273 278 279 284 285 286 287 293 295 296 298 299 301 302 304 306 307 310 312 313 314 315 316 322 324 325 328 331 335 337 339 340 341 344 345 350 351 353 354 360 361 368 369 382 384 389 392 394 398 400 402 404 405 407 414 417 418 420 423 424 426 427 431 432 433 434 441 442 443 445 451 452 455 457 467 469 470 476 481 482 483 484 485 
205 173 176 177 181 183 184 192 196 199 200 206 208 219 222 234 242 248 250 251 253 254 257 258 260 267 268 271 274 277 278 280 281 282 285 287 291 294 296 298 302 305 311 313 316 317 326 327 328 329 330 332 333 334 339 341 343 349 357 358 361 370 371 374 377 382 383 387 389 391 394 396 402 405 410 415 416 418 419 428 431 432 436 438 442 443 448 450 451 452 455 456 464 469 472 474 476 
72 1 171 174 181 189 190 193 196 198 204 206 211 214 216 218 220 228 231 233 242 247 257 258 263 269 270 275 276 293 294 297 299 323 328 334 338 339 343 344 352 353 354 370 376 377 378 379 393 399 401 406 412 414 415 419 426 429 433 445 450 458 460 464 468 471 475 478 480 481 483 
212 1 168 174 183 199 204 207 208 218 225 231 236 257 258 259 279 280 294 296 297 299 308 309 318 319 321 323 325 329 331 332 344 351 352 353 364 369 375 392 393 401 407 411 421 441 442 445 450 451 454 459 460 467 473 474 483 
10 165 175 176 180 185 191 194 197 198 203 207 208 209 210 214 223 224 227 228 232 237 241 245 254 262 264 268 272 275 287 288 289 294 300 301 304 315 323 340 341 342 346 348 349 351 352 353 358 363 366 374 381 382 383 385 391 392 395 402 407 411 414 415 424 428 433 439 441 444 446 449 453 456 459 462 467 472 473 477 479 483 485 
27 179 200 206 216 235 242 247 256 261 267 291 314 318 342 344 347 355 357 362 363 370 372 394 396 408 434 472 
2 183 212 220 359 378 
197 1 163 164 168 169 176 182 187 188 189 190 192 193 194 204 209 211 212 213 215 218 219 231 241 247 250 253 259 261 271 274 275 276 278 284 286 287 288 289 293 297 299 300 305 306 311 315 316 317 319 322 326 328 338 340 341 342 344 346 347 348 350 351 352 353 354 358 362 363 366 367 374 375 377 378 379 380 381 385 386 387 388 394 395 397 398 400 409 413 422 423 424 432 434 437 439 441 442 443 445 447 449 451 454 459 460 462 463 464 465 466 471 481 482 
278 1 167 168 170 171 174 176 180 182 184 185 188 189 190 193 194 195 197 198 199 201 204 226 227 229 230 235 236 238 249 252 258 268 269 270 272 273 274 276 278 280 283 289 290 296 297 299 300 301 302 305 312 314 315 323 326 331 332 335 341 344 345 347 350 354 355 356 358 362 365 366 368 373 374 375 376 377 380 382 384 386 389 390 394 396 397 408 409 411 412 413 416 422 424 429 431 432 433 438 443 445 451 455 458 459 460 468 469 477 481 483 484 
173 253 254 286 298 347 412 413 430 457 
218 322 
155 1 169 177 180 194 197 200 204 211 212 216 228 248 252 254 256 258 260 264 282 285 287 288 290 294 295 297 299 301 302 304 312 313 314 318 321 323 325 326 327 332 336 339 349 350 356 357 363 368 370 371 373 375 377 378 379 380 381 382 388 390 391 393 402 404 407 408 413 416 417 420 426 427 429 433 434 437 438 443 445 450 451 453 454 470 477 480 482 483 485 
197 304 
261 1 166 172 173 180 185 194 213 214 217 222 229 232 234 241 247 254 264 272 276 286 289 297 301 304 306 319 321 323 327 333 337 338 339 354 362 368 372 390 403 408 410 413 416 418 422 430 435 443 449 452 457 458 459 461 463 469 477 482 486 
49 164 168 171 174 180 195 196 223 234 241 244 251 254 255 264 272 276 299 301 323 331 333 340 358 366 370 373 374 379 384 385 391 393 396 398 408 412 436 437 448 453 457 464 465 467 482 484 
121 170 172 173 178 179 180 191 193 194 195 197 199 200 201 202 204 217 221 224 225 226 230 232 233 238 239 245 247 250 251 253 255 263 266 272 274 278 279 280 281 283 290 295 299 302 303 309 320 321 327 331 335 339 343 344 345 346 352 353 359 363 365 370 372 376 380 383 387 390 392 395 397 398 399 405 410 413 414 415 418 420 421 425 430 432 435 440 444 450 455 459 465 466 467 468 471 472 475 476 477 479 480 481 482 
170 168 169 170 172 176 179 181 188 191 199 200 201 202 210 211 213 220 228 231 239 240 247 253 254 258 261 264 266 268 269 270 272 276 279 284 286 293 296 297 299 305 306 310 316 317 320 328 336 343 345 352 355 363 365 366 369 371 376 385 388 398 399 403 404 409 411 413 416 418 419 427 430 434 442 443 445 448 449 453 456 459 465 469 472 480 482 
73 183 184 210 282 329 334 380 450 
219 163 165 168 179 183 184 187 190 203 207 210 213 215 216 218 226 233 235 236 237 251 254 256 260 272 273 275 283 289 290 295 299 300 308 310 311 321 322 327 328 332 336 343 344 345 348 353 360 362 364 368 370 378 382 383 385 391 396 403 404 414 415 416 418 420 425 434 435 437 440 441 442 443 446 449 451 453 462 463 464 466 467 469 470 474 478 483 484 
252 171 182 191 197 199 206 207 218 244 245 255 257 265 270 275 276 286 289 308 310 326 332 336 338 342 360 368 378 383 394 396 403 414 416 420 423 434 435 438 458 459 460 467 471 473 481 
60 165 167 170 172 177 179 186 189 190 192 197 199 200 201 202 206 208 211 213 217 222 223 224 226 227 229 231 234 241 245 247 251 252 255 271 275 277 280 282 290 295 304 313 314 317 318 319 322 323 326 328 331 337 343 351 352 354 355 359 367 371 372 374 375 386 391 392 398 403 411 412 413 420 426 437 440 449 453 456 457 462 464 466 477 479 480 481 484 485 486 
286 163 165 167 169 172 173 174 176 178 179 180 182 186 189 191 192 197 198 204 207 211 222 225 228 232 235 241 242 254 258 264 268 271 273 276 278 288 294 297 316 318 329 333 334 336 340 346 348 349 354 357 359 361 362 365 378 379 380 382 387 390 392 394 396 401 402 404 405 416 418 420 421 426 430 438 439 445 447 454 458 459 460 463 468 480 
130 1 164 165 168 175 176 177 179 180 181 183 185 188 189 194 195 197 199 202 207 209 212 213 218 219 221 224 226 229 232 234 236 237 241 242 243 244 250 252 253 255 256 261 263 266 267 268 271 274 276 281 287 295 297 300 302 307 309 310 312 315 317 320 324 325 331 332 336 337 345 346 349 354 355 358 359 360 362 363 365 366 369 374 377 379 382 383 385 395 396 398 399 401 402 409 412 414 416 417 420 421 428 430 432 447 449 450 451 462 464 466 467 468 470 471 473 474 477 479 480 
7 163 164 167 169 171 174 175 177 178 179 180 184 190 193 196 202 203 204 207 208 209 211 214 215 216 219 222 223 226 227 230 236 239 245 248 250 262 267 272 276 282 284 287 288 293 295 296 297 298 303 306 311 318 319 320 324 326 329 332 335 336 341 343 344 346 351 352 353 357 358 360 369 378 384 385 388 389 390 391 394 395 396 398 399 406 407 409 410 415 418 420 421 424 425 427 428 429 433 434 435 438 439 441 446 454 463 465 466 470 473 480 482 
236 164 165 175 176 182 189 191 193 195 200 204 205 206 211 212 215 219 221 223 227 229 236 238 241 242 246 256 261 264 268 271 272 276 290 294 295 298 301 303 304 309 314 318 320 327 328 336 338 352 353 354 357 358 361 363 365 366 368 376 377 386 391 395 396 401 403 405 407 412 419 421 423 424 426 427 428 430 431 440 441 443 444 446 447 451 453 454 456 461 467 474 475 479 480 481 485 486 
165 241 265 278 321 411 428 432 450 466 
54 208 229 305 382 
58 1 163 165 173 175 178 184 185 187 190 191 192 194 200 210 214 217 225 231 242 245 250 257 261 267 269 279 282 284 286 287 292 298 302 304 305 310 313 316 317 318 320 321 322 324 330 343 349 350 352 354 360 364 368 370 373 375 377 378 382 391 398 400 404 411 414 415 416 418 419 423 430 439 441 443 447 449 455 456 457 459 463 464 468 469 473 474 479 480 483 485 486 
38 166 167 176 178 179 180 182 184 186 191 193 195 199 204 206 210 211 213 218 219 225 226 234 239 241 243 251 255 265 271 283 284 291 302 304 307 310 313 316 321 341 344 350 351 352 354 359 361 362 366 368 373 374 375 376 378 380 382 384 386 387 388 394 399 404 407 408 410 413 422 424 425 429 432 434 435 437 446 448 450 462 477 483 484 
67 181 202 239 275 291 325 354 355 406 409 414 417 425 440 459 
176 163 168 175 181 188 193 194 212 219 223 224 226 246 253 255 258 268 283 285 295 296 324 336 361 364 384 388 391 392 406 411 414 421 427 431 435 447 455 456 466 479 
260 164 165 166 168 172 179 180 183 188 190 191 193 194 195 198 202 205 207 210 214 232 239 248 250 253 262 263 269 276 281 290 296 301 308 309 312 316 317 319 331 333 334 336 337 338 345 347 348 352 363 368 381 384 385 393 398 403 408 409 419 423 428 429 442 446 456 458 461 462 463 464 466 471 472 475 476 479 
182 187 203 232 242 252 276 280 296 311 356 365 366 367 408 417 438 439 444 449 451 467 468 
174 164 172 175 177 178 184 185 197 229 256 260 269 272 277 279 288 299 314 317 327 335 338 352 367 370 371 372 373 380 387 391 393 402 405 440 441 455 459 464 468 476 478 483 485 
170 1 170 189 198 207 210 223 231 244 261 277 280 288 294 297 300 301 322 328 339 346 347 353 355 362 378 384 400 403 406 408 409 421 429 430 432 466 468 475 
77 163 164 166 169 171 181 182 183 185 187 188 191 193 198 200 202 205 211 212 215 216 217 218 219 221 223 225 227 228 235 245 246 247 248 251 252 256 257 262 263 265 277 279 283 284 286 289 290 292 293 294 297 301 302 303 305 306 310 314 315 321 322 323 325 327 329 334 339 342 344 346 348 350 351 353 361 362 363 365 367 369 371 374 375 376 377 379 381 382 383 389 391 402 405 409 410 411 414 415 420 421 426 428 431 433 434 435 437 452 453 455 459 461 463 464 465 466 467 470 472 479 483 484 485 486 
86 1 169 174 176 177 184 187 188 190 191 194 206 208 209 216 221 234 237 241 242 243 246 250 256 266 270 271 272 273 284 287 288 289 291 292 294 297 298 299 302 304 307 308 311 312 315 320 321 324 326 329 336 339 346 349 351 352 361 365 374 375 378 391 393 405 411 414 416 420 425 428 430 431 434 437 440 441 445 448 454 455 461 462 464 465 467 468 473 479 480 484 
88 163 175 179 180 181 182 185 187 189 193 197 205 206 215 226 232 239 240 241 245 249 250 257 260 262 266 270 272 276 282 306 309 314 315 319 321 322 326 327 328 330 331 333 334 341 344 345 347 352 354 359 361 362 366 368 372 376 377 379 386 387 393 398 400 410 411 418 424 425 436 443 444 445 451 452 453 458 460 468 473 485 
250 1 174 178 179 183 186 187 190 191 193 194 195 196 201 202 205 207 210 211 217 220 221 222 224 227 231 232 239 244 246 249 256 257 259 260 262 265 272 276 281 283 288 291 292 293 296 297 298 300 303 308 311 313 318 320 323 327 331 332 333 336 337 341 343 345 352 354 355 358 359 360 364 365 366 377 379 380 381 382 385 387 391 392 393 394 397 398 404 406 407 409 410 411 413 414 416 421 423 424 425 426 427 428 429 431 432 434 435 437 440 441 444 445 446 448 453 456 458 460 463 467 469 472 474 480 481 482 484 
100 164 171 190 245 250 268 320 370 390 397 402 408 451 470 472 
273 171 181 206 211 219 237 239 241 265 272 293 361 391 410 437 472 473 478 
255 163 166 170 171 172 174 175 176 178 179 180 185 188 194 196 197 200 201 202 203 207 210 211 215 219 220 222 224 225 235 239 246 247 256 257 260 261 263 266 269 273 275 276 280 282 284 291 293 298 300 301 302 305 306 307 309 312 314 318 319 320 322 328 334 339 340 343 349 352 354 356 361 364 366 378 384 391 393 396 399 400 404 405 407 409 418 419 421 422 425 429 430 434 437 442 443 444 446 449 451 452 462 466 472 475 476 477 484 
127 164 166 167 171 174 175 177 179 183 190 200 202 203 212 217 223 224 226 230 231 234 236 238 242 243 244 250 251 253 262 263 264 265 267 277 280 281 282 284 287 292 293 306 310 314 315 316 317 318 322 324 332 333 334 335 342 343 345 347 348 349 355 359 360 364 367 370 372 374 375 380 383 389 391 393 395 397 398 399 400 401 409 413 415 419 423 426 429 435 436 438 448 450 452 455 458 461 463 464 467 468 471 479 481 486 
219 165 171 172 184 194 202 204 205 209 212 216 218 224 235 240 242 244 247 248 258 263 265 266 275 276 281 285 286 287 292 293 295 298 304 306 310 314 327 333 334 345 348 350 354 358 365 368 370 375 376 377 379 381 382 387 395 398 401 422 423 428 442 446 455 466 468 469 470 472 475 479 481 
165 163 165 167 170 173 177 178 182 186 188 190 193 194 197 203 208 212 213 214 226 232 234 237 241 242 249 250 254 255 260 265 266 269 271 274 276 279 280 281 282 284 288 290 301 309 310 315 318 320 321 322 326 330 334 339 340 341 343 349 352 353 355 356 360 363 368 369 371 373 374 376 379 382 383 388 392 394 396 397 398 403 414 417 423 431 435 436 438 447 452 454 455 456 461 465 466 468 471 475 476 480 484 
212 165 169 171 173 174 179 196 197 198 200 203 205 207 209 238 241 242 252 260 284 298 302 322 330 339 363 369 386 392 398 402 405 409 411 412 416 417 423 425 426 436 438 452 471 472 481 484 486 
74 176 178 183 189 195 196 202 206 218 228 229 232 236 239 244 250 251 258 259 262 264 267 268 269 272 274 275 283 286 290 299 301 303 307 312 315 319 330 334 343 345 349 352 354 355 361 365 366 368 377 379 381 384 385 386 390 394 396 406 411 417 419 427 434 458 478 480 481 
81 164 167 173 185 197 199 200 201 211 215 222 225 226 227 230 231 232 233 238 240 245 248 250 252 257 258 259 261 267 270 272 273 276 279 281 284 285 289 294 301 302 305 307 308 309 317 318 322 323 325 330 337 340 346 351 354 356 358 359 363 364 367 368 370 376 378 380 392 394 397 398 400 401 403 405 412 417 421 423 425 426 427 432 438 443 445 446 459 460 461 468 469 470 474 475 477 479 480 481 484 486 
242 1 166 171 181 185 186 191 205 208 220 223 231 234 242 243 252 256 260 264 267 277 282 285 286 289 292 298 301 307 311 316 336 348 353 355 367 384 386 387 389 390 396 401 413 428 433 436 439 446 456 465 466 472 477 478 481 482 483 485 
241 164 167 173 175 176 181 184 186 192 193 199 200 205 211 212 221 222 228 229 230 235 239 242 249 251 255 260 273 276 277 282 313 316 327 329 331 337 351 353 356 359 361 363 381 398 417 418 421 425 445 447 457 460 463 465 466 467 484 
113 163 164 166 171 174 177 178 183 184 186 187 190 195 196 197 198 202 204 209 210 211 212 213 215 216 222 223 224 227 237 238 244 248 250 253 256 258 259 260 263 268 271 272 275 286 287 288 289 297 302 303 304 306 308 315 317 318 319 323 324 326 329 330 336 337 342 345 346 349 350 351 353 356 359 364 365 366 369 370 371 372 374 377 380 381 384 385 387 391 398 401 407 408 409 411 413 418 419 420 421 422 424 427 428 430 431 432 433 434 436 439 443 445 447 448 451 452 456 457 459 462 463 464 465 466 469 470 471 472 473 477 478 481 482 
166 1 164 168 170 171 172 178 180 182 186 191 192 193 195 202 204 207 210 212 216 219 220 221 223 226 227 228 229 236 243 244 246 251 252 256 257 259 263 265 266 269 270 272 273 274 278 283 297 298 300 301 305 307 309 316 318 322 327 329 336 337 343 344 346 348 350 351 355 356 358 360 363 364 367 368 369 370 371 374 375 376 377 379 380 384 387 390 393 396 397 405 407 413 416 420 421 422 424 428 438 439 440 442 443 444 451 453 456 461 462 463 464 466 468 470 471 472 477 
223 165 167 172 179 181 183 185 186 189 190 191 196 200 201 203 207 208 210 213 216 222 223 226 230 231 232 237 239 241 243 244 249 252 258 259 263 267 268 269 271 274 278 282 283 284 285 286 290 292 294 302 303 309 310 311 313 314 316 317 319 322 325 331 333 337 339 342 344 346 347 349 354 357 360 361 364 366 369 371 377 382 383 389 391 394 397 400 401 404 406 408 409 411 412 415 416 417 418 419 424 425 429 430 432 441 443 446 450 451 452 453 458 459 460 463 464 465 469 471 472 475 476 477 479 
163 124 213 167 75 114 35 20 246 88 46 294 92 93 84 230 187 174 53 28 40 41 203 253 180 33 33 248 116 268 145 125 197 143 87 34 38 85 7 22 66 26 188 213 59 216 95 130 118 153 213 76 23 197 175 248 27 101 116 41 45 154 225 119 293 237 258 68 198 107 35 78 198 239 124 56 204 278 299 136 102 134 230 90 212 175 27 12 42 288 46 110 95 114 32 177 162 202 138 230 198 53 226 167 70 124 109 247 214 220 88 243 15 156 127 62 182 144 217 63 280 91 123 270 257 193 61 19 208 131 218 209 60 83 124 255 93 144 62 165 214 196 125 189 15 111 51 61 284 36 45 45 177 67 133 86 46 95 103 246 245 106 284 147 183 149 195 222 114 77 26 17 146 103 163 176 277 283 67 202 151 141 156 281 93 81 9 90 141 250 113 203 222 200 128 61 226 201 289 179 46 104 15 276 139 23 266 173 140 284 169 26 100 232 206 42 179 99 287 231 197 184 226 237 224 124 157 149 50 3 256 104 70 136 92 253 96 210 135 191 62 30 251 228 145 134 24 283 67 8 202 10 1 223 27 63 70 8 210 216 155 204 58 28 197 24 185 8 132 157 262 80 213 255 112 149 192 9 1 235 24 250 299 135 230 259 77 117 62 163 150 144 265 51 269 7 184 198 213 187 271 262 254 300 200 244 92 97 146 36 170 7 184 208 32 129 173 273 253 295 34 287 95 91 201 283 62 108 211 89 96 48 225 15 201 153 127 21 248 1 171 212 18 179 254 159 269 278 68 17 69 174 30 199 44 20 74 220 280 184 223 55 86 223 207 62 89 147 112 248 200 179 291 279 193 23 213 7 214 298 173 275 144 43 258 279 289 65 249 175 1 20 221 53 241 106 207 235 4 284 28 76 252 250 29 52 22 215 90 198 66 82 72 73 285 162 136 59 60 236 271 5 289 50 175 167 264 25 45 109 90 282 20 181 116 95 29 35 227 262 54 127 152 240 51 293 74 116 22 10 253 93 171 157 106 259 174 83 249 115 68 123 154 165 99 50 196 240 122 231 116 187 13 223 195 77 20 300 123 11 15 131 131 174 276 291 
