326 489
59 167 175 176 179 181 182 183 188 193 195 200 202 204 207 208 210 214 217 219 224 226 227 228 232 236 242 245 249 256 257 259 267 268 269 273 274 275 278 279 284 285 286 289 290 296 300 302 311 313 321 323 325 327 328 330 337 338 341 343 346 348 354 357 359 366 374 380 384 388 390 392 394 395 397 398 399 401 402 403 405 411 418 419 420 425 430 435 437 441 450 451 461 464 469 470 472 474 476 480 483 486 489 
269 167 169 170 173 174 181 185 188 189 195 196 201 205 214 217 218 223 224 225 226 227 228 231 232 233 237 238 241 243 248 250 255 256 261 264 265 268 269 270 271 272 277 279 282 283 291 292 294 296 301 302 308 309 310 311 312 315 322 325 330 331 332 335 336 337 338 344 350 352 354 355 359 364 367 372 374 375 380 381 388 389 390 391 396 398 399 400 402 405 407 409 412 413 416 421 422 423 425 430 433 434 436 438 439 441 443 449 451 452 453 458 461 467 470 472 473 474 475 476 479 481 483 
61 180 190 212 215 216 263 267 296 299 304 316 323 329 342 364 371 380 381 400 409 410 433 440 446 449 450 487 
261 168 182 190 205 226 275 281 318 398 425 485 
300 1 165 167 168 171 182 183 185 188 189 190 192 195 201 205 209 210 215 219 227 229 232 234 235 237 239 244 246 252 255 260 263 264 266 267 270 273 277 279 283 286 290 294 298 301 303 306 315 317 323 328 333 336 337 338 340 341 342 345 346 357 360 363 372 378 379 380 381 387 389 393 395 399 400 401 402 404 406 412 414 431 436 444 449 453 457 462 464 465 469 473 475 477 483 486 489 
212 195 239 259 271 390 391 482 
132 186 207 213 249 282 313 385 406 424 481 482 487 
227 235 264 299 329 370 404 425 
52 164 168 182 186 195 205 208 209 217 225 226 229 233 238 242 243 247 255 265 270 275 280 292 293 296 297 299 302 303 307 311 312 315 316 318 324 327 331 341 343 344 346 352 360 363 368 372 374 378 389 396 397 420 425 433 434 437 441 442 449 451 460 461 470 471 487 
296 1 165 167 180 216 246 248 261 267 329 340 365 379 385 386 421 423 432 433 461 464 483 
28 165 169 170 173 174 178 198 201 206 209 210 222 224 226 236 248 260 268 282 295 297 298 308 311 315 320 322 328 329 337 351 355 365 372 385 391 392 397 399 401 410 419 420 424 438 439 446 447 452 461 467 469 475 476 479 488 
144 203 276 331 340 365 386 399 406 419 439 454 483 
246 173 186 190 193 201 204 214 232 237 241 257 264 290 299 304 312 329 333 344 345 353 354 373 376 389 399 412 420 432 441 446 466 476 
105 167 176 203 217 236 246 266 271 273 299 346 348 383 388 413 433 440 459 479 
83 1 169 177 180 182 183 185 189 190 191 192 194 195 197 198 199 200 201 202 203 204 208 211 212 213 214 215 217 220 226 228 229 230 233 236 238 241 246 247 253 256 258 259 260 267 270 272 275 276 283 292 295 299 301 303 313 320 322 324 325 326 328 329 330 331 332 334 335 338 340 343 344 351 352 353 355 358 366 367 369 370 371 372 375 376 380 386 390 396 397 400 402 403 404 407 409 418 427 429 431 432 438 439 440 441 444 450 451 452 455 456 457 458 459 461 462 467 470 474 475 477 479 480 482 484 488 
80 1 178 179 182 187 189 201 204 207 212 220 228 230 234 236 241 246 249 254 255 261 273 279 292 303 306 310 320 331 335 337 345 351 378 385 400 402 408 425 437 441 443 454 455 462 470 473 476 478 488 
181 166 170 174 176 178 181 185 186 192 193 195 200 207 212 218 219 220 226 227 228 229 230 231 238 241 242 248 250 251 252 255 257 259 261 265 266 269 271 273 276 278 282 284 285 287 291 293 296 297 299 305 306 308 309 314 317 322 323 330 339 342 343 344 348 352 357 359 361 366 369 370 371 374 383 384 385 386 387 389 395 400 401 408 413 418 419 420 424 430 435 440 447 451 452 453 456 457 458 464 466 468 475 479 481 482 483 
236 1 164 170 171 172 173 175 176 182 188 193 194 201 202 203 204 205 207 208 209 210 216 218 220 225 226 228 233 234 235 236 244 248 249 252 256 259 260 266 267 270 272 275 282 285 286 287 290 292 293 294 298 302 303 306 307 308 309 312 313 314 315 317 319 323 324 327 329 332 339 342 350 351 352 354 356 359 363 364 365 367 369 376 377 378 383 385 386 389 391 392 394 396 400 402 403 406 408 411 413 418 422 430 433 436 438 439 440 444 447 448 449 458 461 465 466 468 474 476 478 480 483 485 487 
245 1 167 175 179 187 205 220 221 222 231 234 235 238 241 244 248 254 258 269 270 277 278 286 289 292 298 302 303 306 319 320 321 322 325 327 330 335 343 348 349 350 375 376 379 382 389 390 413 414 415 426 427 433 435 444 449 453 467 471 473 476 479 
206 166 171 189 208 213 229 247 297 317 321 323 331 336 353 370 402 429 455 
175 165 173 179 181 183 185 196 201 209 210 218 220 221 223 228 230 231 234 238 242 243 245 247 261 264 270 276 278 279 283 285 286 301 302 303 304 309 316 317 319 325 330 340 347 352 354 357 361 362 367 369 371 376 379 386 387 388 396 398 416 420 424 426 428 430 432 433 438 445 447 455 457 459 465 467 470 473 474 486 489 
153 179 213 232 316 
260 164 173 179 195 199 207 210 214 215 240 241 245 251 254 290 293 298 302 306 313 319 320 324 325 341 349 352 356 366 383 385 401 415 417 419 421 424 446 448 466 468 477 478 482 484 
25 169 173 176 178 186 189 190 194 199 210 213 217 222 227 228 233 235 236 237 240 243 252 264 265 272 286 294 296 303 306 312 317 322 324 330 331 333 334 341 344 358 361 367 370 373 377 380 381 382 384 387 393 396 407 416 422 424 430 432 433 434 444 446 457 464 468 470 477 480 481 482 485 486 
195 164 174 175 194 199 200 205 207 209 212 226 236 249 250 256 261 286 287 293 304 331 332 351 356 363 372 377 386 387 389 393 397 408 410 413 424 429 432 433 438 447 450 451 458 459 465 478 480 481 483 489 
266 241 332 416 
85 164 167 171 172 173 174 176 179 188 196 199 203 204 206 208 219 222 223 225 236 239 240 243 244 249 250 253 254 258 259 260 265 268 269 274 279 284 293 295 296 298 302 303 304 305 307 308 310 314 316 323 324 327 331 333 336 338 341 344 345 355 357 361 364 365 368 369 373 377 378 383 385 388 389 391 397 399 400 402 411 414 415 420 421 423 429 435 437 442 446 450 453 454 455 461 462 465 468 471 472 473 477 479 480 484 485 486 487 489 
266 170 171 181 185 187 249 252 255 268 269 283 309 312 342 343 346 351 405 423 439 442 444 463 466 468 471 474 488 
251 165 167 170 171 172 173 174 177 178 179 181 186 187 189 190 196 197 198 199 201 204 215 216 217 218 220 221 223 228 230 233 234 235 236 237 240 243 246 247 257 273 279 282 284 285 286 287 289 290 292 293 294 297 299 301 302 316 318 319 325 326 327 329 332 340 344 351 353 357 361 362 366 367 373 379 382 389 390 393 394 400 402 405 407 420 425 428 430 433 435 438 439 443 445 453 455 457 461 465 466 467 468 470 471 473 474 477 484 
92 198 211 260 267 272 285 296 302 303 305 307 313 333 349 384 388 389 390 431 487 
57 218 223 230 240 242 276 280 282 301 312 327 397 410 412 414 422 445 455 464 468 474 487 
253 1 172 178 183 188 189 203 205 232 236 301 390 391 431 466 467 487 
62 234 351 362 394 407 481 
59 166 167 169 172 177 184 191 198 207 209 210 211 228 229 232 234 235 237 241 244 250 255 256 263 268 269 273 275 277 282 287 305 307 309 313 314 317 320 322 330 336 338 339 346 358 360 361 364 366 367 373 374 381 384 395 399 400 404 407 418 420 431 437 439 451 452 453 465 469 471 480 486 
146 173 182 183 184 189 194 197 198 200 203 208 209 215 217 228 230 232 236 237 238 241 244 245 253 254 256 257 263 268 269 270 273 274 275 278 282 283 284 291 294 296 298 301 303 304 306 307 309 311 312 325 327 330 332 333 334 335 337 340 341 342 344 347 349 353 355 358 361 363 365 366 371 373 377 378 379 385 387 388 391 397 398 405 411 412 419 421 423 425 427 432 436 438 440 444 445 450 457 461 462 463 467 468 469 473 480 482 489 
159 182 186 261 373 434 443 457 464 488 
230 170 172 178 188 191 201 202 203 204 206 210 214 219 220 229 236 238 245 248 250 251 253 260 265 275 281 288 292 305 306 308 319 332 334 340 341 342 350 353 355 368 370 373 380 390 394 395 399 408 409 410 416 427 429 434 440 443 449 450 457 467 470 479 
250 166 169 174 177 178 179 181 183 184 185 186 187 188 190 191 194 195 196 198 201 206 207 211 213 216 218 226 227 228 229 230 232 234 235 236 238 239 241 242 243 244 245 246 248 253 254 255 259 260 268 271 273 276 279 281 284 286 296 298 301 304 314 315 318 319 324 337 338 340 341 345 349 352 354 355 356 358 360 361 364 365 366 367 368 370 371 372 375 378 382 387 398 401 404 407 412 413 414 416 424 430 438 439 441 442 447 449 450 451 452 453 457 458 460 461 465 466 470 474 475 477 478 480 482 488 
218 170 195 196 208 213 216 217 223 231 235 241 259 266 293 308 313 316 323 331 332 338 343 350 358 370 380 394 435 439 444 450 462 463 479 488 
143 166 172 213 214 223 228 229 244 252 256 257 261 294 303 310 333 337 353 362 418 423 431 437 465 472 480 485 
196 1 166 171 173 181 182 186 189 193 197 199 206 207 211 213 214 216 220 224 225 228 230 231 233 239 240 243 265 276 280 283 289 290 291 294 298 300 301 309 316 324 331 340 344 346 347 356 359 360 369 373 374 376 381 382 386 391 401 403 406 408 409 412 414 415 416 418 420 421 426 433 442 445 447 458 459 461 462 471 483 484 
110 1 169 177 180 185 193 195 200 202 203 204 205 210 213 227 229 232 237 242 244 246 256 260 263 272 273 282 289 295 296 298 302 303 308 309 313 326 328 336 345 347 350 352 359 366 367 372 374 381 388 391 398 401 404 405 414 416 421 426 431 433 434 435 443 456 458 459 460 467 473 474 477 482 483 
278 167 176 179 184 186 188 189 193 202 203 206 208 209 221 227 228 234 235 254 255 260 268 272 275 285 290 298 300 304 307 313 314 315 316 318 324 327 348 359 373 379 381 382 393 394 398 400 408 413 421 432 434 441 448 458 461 467 474 480 489 
182 165 173 183 193 211 215 225 240 245 252 270 273 291 300 332 336 337 340 357 361 366 368 379 381 386 438 444 447 449 462 465 477 478 
184 168 173 176 183 185 196 198 202 204 205 220 222 226 228 231 237 245 246 250 252 254 255 260 262 263 265 272 279 281 283 288 290 292 298 300 302 304 306 308 312 318 324 325 330 331 339 340 345 358 361 362 365 366 367 369 370 371 373 374 375 376 377 378 388 390 391 392 393 394 401 413 415 424 427 436 441 442 443 445 446 448 451 453 454 457 458 468 471 476 479 482 483 484 487 
255 165 174 185 187 188 189 192 199 201 203 206 208 214 217 220 225 233 236 237 251 256 259 260 266 274 281 305 307 309 310 312 315 324 329 330 333 334 336 349 353 354 362 363 369 370 376 377 378 379 380 392 393 398 399 401 410 419 424 445 446 447 448 453 455 456 457 466 469 489 
209 164 167 168 175 179 185 186 188 194 197 198 199 203 204 209 229 230 232 233 239 243 245 250 252 265 269 270 271 272 275 277 282 283 285 287 289 294 297 301 307 310 314 315 319 320 321 323 325 331 332 337 340 342 350 353 361 366 368 378 380 383 386 389 390 396 397 399 402 403 408 413 417 420 428 432 433 437 440 445 447 454 456 457 460 461 462 475 476 479 480 481 483 484 485 
196 173 175 183 187 193 200 202 207 213 214 220 227 230 234 235 236 239 242 243 245 246 252 253 256 259 261 268 270 273 274 276 280 281 290 302 306 314 318 323 327 328 336 344 347 351 362 372 390 392 397 403 406 412 413 419 427 430 436 438 459 465 472 475 477 479 485 486 488 
265 1 167 168 171 174 176 178 181 187 208 212 214 216 217 220 223 228 231 235 238 242 261 266 268 271 282 286 288 292 293 296 299 301 315 318 319 320 325 338 350 353 356 358 360 361 363 380 381 391 400 406 411 424 427 435 444 447 452 453 456 464 469 471 473 479 480 488 
174 169 172 177 182 184 187 190 191 192 203 204 207 208 211 214 215 219 229 235 237 238 249 257 259 261 266 267 272 278 279 288 297 298 299 302 305 307 309 310 313 314 317 320 321 325 328 330 331 334 335 338 339 340 349 350 356 357 359 365 368 369 370 372 374 383 384 385 388 392 395 411 414 415 418 421 436 437 438 441 442 443 449 451 453 454 457 460 461 463 465 476 477 485 486 489 
16 164 166 169 178 180 181 183 185 186 193 195 198 201 202 208 209 212 215 218 219 224 225 230 234 235 238 239 243 247 250 261 262 265 266 267 268 279 281 283 285 288 290 292 298 299 306 309 314 317 318 321 322 324 328 331 336 340 341 343 344 347 352 367 368 370 376 378 387 389 410 413 415 420 423 424 425 427 428 430 432 438 439 442 447 448 449 451 452 458 460 461 474 476 480 481 486 
221 165 170 171 173 178 182 183 184 186 187 191 197 198 199 204 206 209 210 214 215 216 219 221 224 231 232 233 238 240 241 242 253 254 256 257 259 260 261 262 266 268 273 274 278 279 280 282 283 287 290 292 294 296 298 299 301 305 310 312 315 318 325 326 329 335 341 347 348 349 352 357 359 360 361 362 367 370 374 379 383 384 386 392 394 395 398 399 400 404 409 411 415 418 419 423 424 428 433 440 441 446 448 455 456 459 462 463 466 474 476 480 481 482 484 
162 183 194 214 221 238 277 308 311 312 321 332 342 343 346 349 352 356 361 362 384 393 407 444 445 446 458 460 461 466 
19 168 171 176 186 206 219 234 237 239 251 269 275 277 287 288 295 303 304 309 314 328 330 331 337 355 357 359 371 373 375 380 406 414 417 423 424 425 426 441 446 448 454 456 460 469 483 
189 164 171 185 196 200 203 206 221 222 237 247 251 254 260 274 277 281 282 285 335 344 354 360 383 400 403 406 414 416 441 447 448 454 474 483 
278 167 168 181 186 217 227 237 254 256 261 274 287 292 298 301 304 312 316 321 328 332 335 350 352 367 370 373 380 400 410 418 425 443 456 476 488 
270 168 175 192 239 241 283 297 313 326 348 365 370 388 390 428 429 444 452 453 458 482 
181 167 170 171 173 176 178 179 184 185 188 189 190 191 194 197 198 202 205 206 207 213 215 216 217 222 230 236 238 241 242 243 247 248 249 252 255 257 259 260 261 268 270 271 277 280 282 286 288 293 300 304 305 311 313 314 318 324 325 326 327 328 333 334 337 339 341 342 345 347 353 354 358 361 363 365 366 367 369 370 377 378 379 381 383 384 385 386 387 393 395 398 400 401 405 406 409 412 413 415 421 434 435 436 439 440 441 443 447 448 451 453 455 459 464 468 470 473 474 476 478 481 482 487 488 489 
232 1 167 171 174 177 178 183 185 188 189 190 192 196 197 201 202 204 206 207 212 213 219 220 222 223 226 237 251 252 261 265 270 273 274 281 282 287 292 297 299 303 304 306 308 309 319 322 328 329 330 340 344 346 347 350 363 365 367 368 369 373 375 379 381 382 387 390 392 400 403 405 410 425 432 435 441 444 446 451 455 457 459 461 462 465 477 478 479 481 482 485 
44 165 166 167 169 172 174 177 183 184 196 199 202 204 209 212 214 220 227 233 235 238 254 255 257 261 281 282 285 287 288 299 300 307 319 321 323 333 335 337 339 349 353 378 380 384 389 394 405 413 417 423 424 437 439 442 447 448 450 455 459 471 487 488 
46 165 172 175 178 179 182 183 189 190 191 192 201 202 205 206 209 210 211 212 213 217 220 221 222 228 235 237 238 240 241 246 248 249 251 252 256 262 265 266 269 272 275 276 278 282 285 287 289 290 291 293 297 300 301 302 304 305 316 317 323 325 328 329 332 344 347 348 353 354 357 359 360 365 374 377 378 385 386 396 397 398 406 408 409 410 414 419 420 424 428 430 433 434 435 444 447 448 452 454 456 459 460 462 465 470 475 476 477 479 483 485 486 487 
191 164 170 173 175 180 181 192 193 194 201 203 206 212 213 216 218 225 226 230 237 242 253 259 260 262 263 264 267 268 269 270 273 274 275 282 289 292 307 308 311 320 321 324 327 330 333 338 339 345 348 349 350 352 360 365 367 372 373 380 386 389 391 395 396 401 402 403 407 408 409 410 413 415 416 418 423 424 425 432 442 446 452 453 458 459 461 472 475 477 478 485 486 
41 164 167 168 177 179 185 188 189 191 199 205 209 214 217 220 223 227 230 233 234 242 243 244 252 254 256 267 268 273 275 276 277 278 280 284 292 293 294 296 297 300 305 306 307 310 312 315 330 332 334 335 337 339 342 343 352 355 357 363 365 372 373 379 383 388 389 390 391 395 396 397 403 407 409 415 417 418 422 423 428 429 433 441 444 445 450 451 454 456 459 461 462 463 465 467 468 472 473 475 478 480 482 483 484 487 488 
162 1 169 173 174 177 178 179 181 182 186 188 193 194 196 199 200 202 205 208 209 210 216 221 225 227 228 230 236 237 241 247 250 251 252 255 256 260 262 263 264 265 266 267 273 275 276 278 280 285 286 288 291 294 302 305 307 308 309 310 315 317 322 324 325 334 335 337 340 341 342 347 349 353 356 360 362 365 366 368 370 379 380 385 392 394 396 397 398 404 409 410 412 413 417 418 419 427 428 431 434 436 438 441 442 444 448 456 457 459 461 465 467 468 470 476 477 481 482 489 
6 1 168 178 180 183 184 186 193 195 201 205 216 217 221 222 224 225 227 229 238 242 243 250 251 254 256 258 259 263 272 273 283 285 290 293 295 298 303 304 305 306 309 313 318 330 354 358 365 367 369 373 378 381 388 389 392 393 395 396 397 399 411 416 423 433 442 443 444 454 456 458 463 466 471 472 473 474 477 481 482 484 
56 186 200 209 231 260 268 286 288 299 307 323 336 343 355 363 380 386 400 403 419 422 431 436 467 472 
151 169 172 173 174 177 180 185 187 189 194 198 202 206 215 219 220 232 233 238 240 243 248 251 254 255 263 265 268 270 275 281 289 291 292 293 303 306 313 315 317 319 324 330 335 339 341 342 345 352 359 360 367 373 379 380 383 385 388 390 393 395 399 400 401 404 408 425 429 430 436 437 440 447 448 449 451 452 453 456 458 461 463 464 471 474 475 481 489 
141 171 205 220 250 253 264 271 272 302 315 324 331 333 351 352 353 362 366 409 414 427 434 438 454 
82 166 173 189 193 204 206 210 252 277 291 330 370 388 391 402 448 457 476 485 
45 164 165 168 174 176 185 186 190 194 198 204 205 206 209 213 228 237 239 244 248 249 254 256 260 265 277 287 289 290 294 298 305 306 316 318 337 342 350 354 361 369 373 380 382 383 393 395 401 410 412 418 426 427 428 429 435 436 438 439 442 446 447 452 454 457 464 467 470 472 479 480 482 483 487 
258 165 166 167 170 171 179 183 198 199 201 205 209 211 223 229 230 235 242 246 247 248 258 264 265 268 269 270 272 278 279 280 282 287 290 315 319 321 323 325 326 328 331 333 336 337 340 344 347 349 350 352 359 363 368 405 408 412 421 423 427 434 435 444 449 461 465 467 469 470 473 478 484 486 
210 166 168 172 176 181 185 186 199 202 204 207 208 219 224 228 229 231 233 241 246 247 256 258 262 263 267 270 272 276 277 283 288 289 300 302 303 312 313 315 316 319 326 328 329 330 333 335 336 345 346 347 349 352 356 357 365 366 368 371 382 385 388 393 395 396 406 407 408 410 414 417 419 424 426 431 432 438 440 441 447 450 455 457 458 459 461 462 463 467 468 475 476 477 478 479 480 484 488 
246 164 172 175 194 197 199 201 202 205 218 230 235 263 271 288 294 301 308 315 320 342 345 346 352 362 370 381 383 384 385 390 391 408 415 418 425 430 432 452 459 461 470 478 
18 168 179 180 192 215 227 230 237 238 246 257 259 261 273 274 275 302 311 317 319 328 332 345 357 364 369 387 406 435 439 441 443 446 460 469 470 471 482 
212 164 165 167 176 177 179 190 197 203 210 212 216 217 224 227 231 238 240 247 248 251 252 253 266 267 283 286 287 291 294 313 314 319 325 329 332 333 345 353 355 365 366 368 373 375 379 380 384 407 409 410 427 429 442 446 448 457 459 461 463 465 466 467 468 469 477 488 489 
162 185 200 219 231 232 246 276 283 284 285 286 290 304 320 346 350 352 354 361 370 378 380 393 418 464 470 
83 186 345 407 445 
124 164 165 166 168 169 174 177 179 182 183 185 189 194 197 200 203 204 209 210 212 214 215 216 218 220 222 224 225 226 228 231 233 234 237 246 248 249 250 252 253 254 255 256 257 266 268 272 274 275 276 277 278 281 285 286 287 289 290 291 295 297 300 305 306 308 310 314 318 320 321 322 323 324 326 336 344 345 346 347 352 357 362 364 374 376 379 380 385 387 388 389 401 402 404 405 412 413 414 415 418 420 431 435 437 439 440 441 442 443 445 446 449 451 453 463 466 472 474 479 482 483 488 489 
155 232 
202 166 168 172 174 181 182 197 200 204 205 207 209 214 216 228 239 248 255 256 262 266 271 282 284 286 287 288 290 292 294 295 296 298 300 306 309 314 341 343 344 345 349 350 351 353 358 359 360 367 373 376 380 381 384 385 388 393 397 399 400 404 407 408 409 413 417 419 420 421 426 427 428 433 435 441 446 450 457 462 469 474 475 476 478 479 484 486 488 
225 167 214 215 232 247 262 268 278 294 300 317 319 331 334 336 344 348 352 364 379 382 395 396 409 410 419 422 433 437 448 469 470 472 475 476 
226 164 170 172 173 177 179 180 184 187 188 192 199 208 213 216 218 223 225 233 235 236 240 241 245 249 258 259 261 263 267 272 279 282 289 295 320 339 347 351 357 367 375 379 380 384 385 393 400 402 414 415 416 421 422 432 447 453 454 455 459 461 464 478 481 
275 167 176 181 182 189 190 198 203 205 206 208 209 211 213 218 219 220 222 223 224 225 228 230 231 234 235 237 238 240 241 244 245 246 248 251 258 260 263 264 266 274 276 283 284 285 286 287 291 298 299 300 301 304 305 307 308 310 311 312 316 321 323 325 330 332 333 335 336 340 343 345 347 348 350 355 356 357 364 365 369 370 374 376 377 385 388 394 398 399 401 402 404 406 407 408 409 411 414 418 419 420 426 433 435 436 441 442 443 444 446 447 448 449 451 452 454 459 462 463 464 467 469 470 472 473 476 477 478 479 480 483 487 
133 170 172 180 184 186 192 193 197 198 201 206 207 215 221 222 225 230 234 241 244 245 253 262 264 265 274 276 277 279 280 281 290 296 301 310 311 325 326 331 335 344 355 365 372 373 374 377 378 385 395 400 407 419 420 432 437 439 441 460 463 468 472 477 
83 167 173 174 180 181 188 189 198 199 203 215 216 218 229 233 239 241 254 257 264 266 267 270 274 277 281 293 300 309 334 335 357 373 377 383 387 393 404 407 414 422 423 429 441 442 443 455 459 468 469 472 473 477 
121 170 177 182 197 200 201 207 215 230 231 233 237 283 284 295 302 308 313 318 331 332 344 354 359 365 383 386 388 394 399 400 406 410 411 457 458 459 466 470 475 478 
53 164 166 169 174 177 180 189 190 197 205 207 209 215 216 219 224 231 233 238 241 242 243 246 250 252 256 258 259 268 272 279 280 281 284 285 288 291 293 295 296 297 300 301 303 305 306 307 310 315 316 317 323 328 332 333 336 337 338 344 345 349 351 352 356 359 360 363 367 369 371 374 375 376 379 383 385 386 392 394 396 397 402 412 414 416 417 419 422 424 427 433 439 447 455 460 462 464 465 469 475 480 
199 167 169 170 175 177 178 180 184 185 186 187 189 193 195 197 198 200 201 204 206 207 209 212 213 217 219 220 221 222 233 241 242 247 249 252 259 260 262 263 268 272 273 277 280 281 282 283 284 286 287 291 297 300 301 303 305 308 312 314 315 321 325 326 327 331 333 336 338 340 350 352 353 356 359 361 362 363 365 367 372 376 378 380 384 387 396 397 398 399 406 409 411 412 413 414 420 423 424 425 426 431 432 436 438 442 444 446 448 449 453 460 461 464 466 468 470 472 478 480 483 485 488 
34 1 166 170 174 185 187 188 190 193 197 198 200 203 205 206 210 214 217 221 224 229 234 237 238 240 245 246 247 252 256 257 259 263 265 267 268 270 278 279 281 284 293 294 297 299 300 304 306 309 310 312 313 314 316 319 320 325 327 329 334 336 342 345 348 350 353 355 361 362 369 370 373 375 378 383 386 389 390 391 392 393 395 396 399 400 402 405 410 412 415 416 419 421 422 428 430 438 448 450 451 452 454 457 460 462 464 466 473 476 
177 171 194 213 215 222 227 240 242 256 259 267 274 277 285 291 315 326 342 361 363 382 410 440 452 461 
118 178 180 183 186 192 198 200 202 204 205 209 212 217 220 233 234 235 238 240 248 250 258 259 263 265 280 284 291 293 295 302 307 309 318 323 326 327 332 334 341 342 343 355 357 368 391 393 396 406 407 408 412 415 416 418 438 439 445 449 456 461 467 470 478 486 488 
67 165 167 194 209 218 226 258 266 267 284 288 327 341 356 357 395 415 420 434 436 453 465 466 
47 1 164 166 172 176 180 183 185 186 195 214 224 226 229 236 252 256 259 263 265 267 271 273 278 285 289 291 298 302 304 305 316 324 329 339 341 342 346 354 358 370 378 379 383 385 387 399 406 408 409 420 428 430 437 451 456 463 467 471 474 477 480 484 485 486 489 
285 167 168 175 177 178 179 180 182 183 184 188 189 193 194 195 201 205 206 213 220 221 226 227 229 230 235 237 240 242 244 254 259 269 275 277 278 279 282 283 285 286 287 288 294 297 298 300 307 309 311 313 315 316 317 320 322 324 329 331 336 338 339 340 343 344 345 354 356 358 364 366 367 368 369 371 372 373 375 377 380 381 382 383 385 387 389 390 392 393 398 404 409 411 413 414 419 425 427 429 432 438 440 451 456 461 462 463 464 466 468 474 476 477 478 479 480 482 483 489 
288 164 165 169 178 181 182 185 188 194 199 203 206 207 208 219 222 226 227 229 230 232 234 236 237 242 243 244 246 248 250 252 253 256 264 265 274 275 280 284 290 292 295 296 306 307 309 310 314 315 316 320 321 325 327 331 340 344 351 352 355 359 362 364 366 368 369 371 372 374 376 378 380 386 387 392 395 398 399 400 402 404 406 407 408 409 414 417 420 421 424 433 438 444 445 446 451 452 454 455 456 464 465 469 470 478 487 
110 167 198 254 284 285 302 309 342 352 368 377 398 400 464 473 
159 164 165 166 173 177 179 180 181 182 183 189 191 193 196 198 200 202 205 206 207 210 212 213 221 222 223 224 227 230 232 234 235 238 240 241 244 245 257 264 273 274 278 281 284 290 293 297 299 302 307 308 313 314 316 320 322 323 325 330 331 334 338 339 341 343 345 348 352 355 363 366 369 372 373 376 377 379 385 386 390 391 392 393 394 398 399 400 401 402 417 419 424 429 433 434 435 437 439 444 447 448 449 453 454 455 461 467 470 471 472 474 482 487 
135 1 177 196 204 211 214 216 219 221 223 230 232 241 248 249 256 257 266 283 293 300 315 321 322 328 336 345 358 363 365 376 379 382 392 421 431 435 440 450 451 455 467 469 470 475 485 488 
43 164 166 169 173 174 200 210 218 230 231 237 243 244 245 251 252 259 261 286 293 302 327 339 341 342 380 385 387 388 391 392 393 397 412 413 420 434 437 443 444 446 449 450 451 456 457 472 477 483 486 489 
123 168 169 174 187 188 200 209 241 251 254 268 287 295 300 311 314 318 326 330 332 338 341 345 370 371 372 378 380 392 398 421 422 436 442 447 449 453 489 
89 164 174 192 200 201 203 214 219 226 232 236 242 244 246 250 256 268 273 277 280 281 284 292 295 314 317 326 329 330 332 337 338 343 344 349 351 357 362 366 384 395 400 405 407 417 419 426 435 436 437 440 445 447 453 457 461 474 476 484 485 486 488 
246 1 165 167 169 170 172 174 176 182 184 185 186 188 190 192 193 196 198 199 202 203 206 207 208 210 212 214 219 221 223 226 229 230 234 235 241 248 249 251 253 254 257 266 269 270 272 273 274 275 279 281 284 290 292 297 298 299 301 302 303 305 308 309 313 316 317 319 320 322 323 329 332 335 337 338 342 343 344 350 351 352 356 365 367 373 374 377 381 383 384 389 390 393 394 395 404 405 406 410 412 414 417 419 420 423 426 427 429 433 435 436 437 442 445 446 449 451 455 464 465 466 468 472 475 476 477 478 479 483 484 485 487 
185 1 178 189 196 216 226 231 235 244 247 258 261 265 268 284 293 309 320 340 368 371 400 411 413 430 437 447 
104 164 171 173 183 188 198 199 209 213 214 217 222 230 235 240 247 288 302 312 317 332 343 349 358 367 389 399 408 409 415 425 436 438 453 456 457 475 484 487 
211 164 168 173 176 179 185 197 199 200 204 207 210 212 215 217 219 223 238 244 247 251 252 256 257 261 276 278 283 285 288 297 298 306 309 312 315 316 317 321 324 328 331 334 338 348 354 356 358 365 366 371 376 385 388 395 396 397 398 399 403 405 406 407 411 414 415 417 418 421 427 429 431 433 434 437 438 440 442 446 447 450 451 453 454 464 465 467 476 479 482 483 486 487 488 
122 1 176 195 203 207 217 222 232 236 258 278 285 319 322 324 332 337 340 342 381 395 396 401 410 417 418 420 424 426 463 469 472 488 
184 165 166 171 173 174 176 177 178 181 183 185 186 187 192 194 197 198 204 208 212 213 215 217 219 220 225 226 227 231 236 239 243 246 248 251 252 254 255 263 264 273 275 277 278 279 289 291 293 300 303 304 308 311 313 315 316 317 327 328 336 337 343 344 348 352 353 355 357 359 360 362 366 372 376 379 381 383 384 386 390 395 401 403 406 407 409 414 418 419 420 421 423 427 429 431 436 439 442 447 449 450 451 456 458 466 469 477 478 480 483 
126 1 164 166 167 174 177 179 182 185 190 193 198 199 201 204 206 208 212 222 227 228 235 236 237 238 239 252 256 257 259 261 262 263 267 274 277 279 280 281 284 285 287 288 292 298 302 303 306 307 308 310 312 314 316 318 324 325 326 327 329 337 341 347 348 351 356 358 359 372 378 380 381 385 387 391 396 398 400 413 416 419 423 426 428 430 433 434 447 448 454 458 460 463 466 467 470 471 478 479 480 482 485 486 
102 166 174 179 188 189 203 212 215 257 261 267 297 302 319 328 340 344 362 364 369 377 386 407 408 424 441 459 467 482 483 485 487 489 
272 166 171 192 200 206 212 213 217 228 232 252 258 261 265 289 303 324 325 330 334 345 346 378 392 408 415 419 425 473 
45 173 174 182 188 189 190 196 200 201 203 204 207 209 211 212 218 219 225 230 236 237 245 248 253 254 260 267 276 277 278 282 291 292 297 301 302 305 306 310 314 315 317 326 328 334 336 342 344 347 352 353 354 363 365 367 375 376 380 381 386 387 388 393 396 400 402 404 406 408 428 432 435 442 445 446 449 452 453 458 469 470 477 487 
13 165 190 200 201 220 239 321 338 449 
199 168 173 183 191 195 210 230 237 246 253 265 270 272 273 289 296 303 306 308 309 328 329 332 346 361 365 373 374 375 382 386 387 391 392 395 403 404 406 409 411 412 419 432 436 448 454 459 462 
93 1 169 170 185 224 236 269 274 293 295 296 323 327 338 341 359 372 390 393 397 417 445 473 476 481 483 
30 184 192 199 216 222 242 246 262 268 277 282 283 302 303 312 336 341 342 343 351 357 359 363 370 375 400 411 434 440 441 451 453 473 476 485 486 
48 167 172 195 209 219 222 223 225 249 257 272 275 281 286 302 314 332 335 336 337 344 354 373 374 378 383 393 405 410 420 423 428 432 434 451 454 460 464 468 470 471 480 481 482 486 489 
164 165 169 174 232 234 255 261 273 278 281 287 319 325 329 332 335 336 350 355 363 373 380 436 437 438 444 445 448 467 477 
186 1 172 175 231 233 242 248 249 276 277 298 318 446 
282 169 182 195 196 197 199 206 215 230 251 270 271 272 287 298 299 305 306 324 326 362 373 377 378 385 391 399 401 408 412 418 419 424 431 456 480 
107 1 166 170 171 175 179 180 183 205 214 217 220 228 250 259 269 274 277 289 291 292 312 313 316 317 324 330 331 335 336 344 347 358 365 370 376 382 387 390 403 410 413 420 436 445 466 470 479 480 
239 1 164 166 170 172 174 177 182 183 186 195 199 203 209 210 212 213 216 218 221 223 224 225 227 231 233 234 238 239 240 247 250 252 257 258 263 264 265 266 267 268 275 276 277 283 290 291 292 299 301 306 307 312 313 314 319 320 321 324 330 333 335 336 338 339 340 341 344 345 354 356 357 361 364 367 368 373 375 379 381 385 387 390 392 395 398 399 402 404 406 414 416 419 423 425 426 428 429 434 439 442 444 445 446 448 449 450 453 456 458 459 463 464 474 475 476 479 480 484 485 487 
24 167 193 203 205 220 233 282 310 317 336 337 352 354 373 378 388 435 451 454 456 471 
174 164 166 184 208 213 214 217 223 230 243 255 256 285 292 304 317 325 327 331 353 366 378 379 389 393 407 424 443 444 452 455 456 463 465 466 473 475 476 
158 1 167 168 176 182 189 190 194 196 197 199 200 205 208 216 221 228 232 240 246 247 252 257 260 266 278 279 280 282 283 286 287 290 291 292 293 296 304 308 314 317 318 323 326 328 332 336 337 341 359 367 369 374 375 377 378 383 384 386 387 388 389 390 396 398 402 403 406 407 408 421 423 438 440 443 445 446 448 449 450 452 454 455 457 471 475 476 482 
4 164 165 171 177 180 181 182 184 185 186 188 190 191 194 195 196 199 204 205 206 212 218 220 223 224 225 227 229 234 236 239 242 243 244 247 248 254 257 259 260 261 263 265 267 269 271 275 277 285 292 293 299 301 303 304 307 308 310 313 314 315 316 317 318 320 325 328 333 334 338 341 343 350 354 356 358 361 364 365 366 367 371 373 374 377 379 380 382 383 384 386 390 391 396 401 404 406 415 421 423 425 428 430 435 436 437 438 439 440 442 445 449 450 455 457 458 459 460 464 469 471 475 478 479 482 483 487 489 
205 173 176 184 197 216 226 248 271 298 328 338 340 342 343 347 365 371 388 399 425 466 
264 164 169 170 171 186 189 192 206 215 218 220 225 228 239 242 258 280 284 285 287 289 322 323 324 362 363 365 366 371 374 381 398 401 409 428 429 433 454 458 465 479 480 482 484 485 487 
217 165 169 170 171 172 173 174 176 177 179 180 182 184 189 192 197 198 199 201 202 205 208 209 214 217 219 226 230 231 232 233 235 237 238 239 240 241 242 249 251 256 258 262 264 266 267 268 269 270 272 278 279 280 282 283 284 285 286 287 289 294 297 299 309 319 320 323 326 329 331 335 340 343 346 349 353 354 358 360 363 366 367 369 372 373 374 375 376 378 379 382 384 385 390 391 394 399 407 409 413 414 419 423 424 426 428 431 433 436 438 439 440 452 455 459 463 465 468 470 472 475 478 480 485 486 487 488 
107 1 178 186 190 197 200 205 206 207 209 212 220 221 222 223 231 232 233 234 236 237 241 242 246 248 250 252 253 256 259 260 263 268 270 272 274 276 278 279 283 285 291 295 296 305 308 310 317 320 321 322 324 326 329 332 334 335 336 338 343 345 346 353 359 362 363 364 365 372 375 376 377 381 385 401 402 405 406 407 415 416 427 430 436 437 440 443 444 455 457 459 461 467 470 472 474 475 483 484 486 487 
60 164 169 190 191 199 203 231 276 278 287 293 295 314 327 346 347 348 353 405 408 411 415 417 427 434 444 455 477 485 486 
45 165 168 170 172 182 191 192 194 202 204 206 220 225 226 237 244 254 260 265 278 298 299 303 304 305 306 315 325 332 348 352 354 364 366 375 386 391 393 411 412 437 438 440 445 460 462 463 464 466 472 473 479 487 489 
48 173 197 216 254 270 282 287 290 294 313 358 359 365 370 415 437 457 467 
22 168 170 171 175 184 191 192 193 200 201 203 209 216 221 223 226 231 237 238 245 246 248 253 254 262 264 270 272 275 276 278 281 282 291 292 297 298 302 304 305 308 316 325 328 329 331 337 343 344 348 358 365 369 373 383 385 390 392 399 401 403 404 406 412 419 423 425 427 428 431 434 436 437 443 450 451 455 457 458 460 463 464 465 466 467 468 476 479 480 486 488 
90 166 167 171 174 176 180 181 184 185 197 199 201 210 211 212 217 221 222 223 229 231 238 244 246 248 251 253 254 263 264 265 266 267 272 278 281 282 283 287 292 293 295 309 311 320 321 322 324 327 333 334 336 341 343 349 352 353 354 357 358 361 366 367 376 377 382 385 392 395 397 400 402 409 411 412 418 419 420 421 426 427 429 430 432 436 437 440 441 444 447 448 449 466 470 471 473 474 478 479 486 488 489 
294 165 169 172 173 176 178 183 185 187 192 194 195 207 211 213 214 215 216 226 230 231 233 234 235 236 238 239 240 243 249 252 253 254 256 261 262 264 265 267 269 270 271 274 275 276 280 288 289 292 294 301 302 305 306 309 312 314 316 317 319 322 324 327 328 340 342 343 348 354 356 363 367 369 370 371 372 373 376 383 385 388 389 390 396 398 401 402 403 405 407 409 411 416 418 419 422 423 425 428 430 431 435 437 439 442 447 448 450 451 453 458 460 467 468 469 472 473 479 481 483 484 485 
106 236 301 378 380 435 482 488 
201 177 202 215 220 226 227 236 247 250 255 260 264 268 272 280 283 291 319 322 328 330 332 338 367 371 393 402 425 426 442 458 466 474 
45 180 184 194 201 215 216 218 228 233 247 249 250 266 285 289 295 301 303 309 312 317 318 324 325 333 345 354 364 365 368 370 384 386 391 405 407 408 421 441 450 452 455 465 471 472 486 
156 182 199 200 211 223 244 251 276 313 326 337 416 439 452 
191 164 189 195 205 240 242 264 269 275 288 290 303 364 372 400 407 409 414 426 433 460 462 468 470 
188 167 168 184 186 192 193 202 223 226 227 244 249 254 260 286 312 322 338 345 356 364 376 381 384 385 391 396 403 412 416 423 433 449 469 
71 180 183 207 226 228 243 280 281 307 329 331 337 340 353 355 357 362 371 386 405 412 433 454 459 464 465 472 
146 1 167 171 176 178 183 185 190 191 192 193 198 205 211 212 213 216 227 229 232 233 234 235 245 248 249 252 260 262 269 271 275 276 279 282 283 286 297 298 304 307 308 314 315 322 326 329 336 339 348 358 362 367 374 379 382 384 389 391 404 406 408 412 413 415 420 421 423 426 431 438 440 447 452 453 456 457 466 467 470 472 481 487 
46 164 184 193 208 210 222 223 228 233 238 252 269 280 291 295 303 312 326 338 341 350 367 368 379 381 382 384 388 390 393 413 419 431 432 440 442 465 472 483 
287 164 172 173 174 192 196 206 210 211 213 217 219 221 227 229 235 239 243 253 255 256 258 268 271 272 274 275 285 286 294 295 306 307 309 310 313 314 316 318 322 324 326 330 339 342 346 355 356 357 360 363 367 368 377 380 389 403 405 413 416 419 421 422 428 432 436 442 454 455 458 461 472 473 479 481 482 485 
27 167 170 177 178 193 198 199 210 230 232 237 239 247 253 264 273 276 277 279 284 295 320 336 337 342 345 346 365 369 372 374 394 397 406 412 422 427 428 430 439 444 458 460 462 476 488 
164 251 355 478 
62 164 165 175 178 181 186 191 194 196 199 209 210 214 219 222 223 224 230 231 233 243 250 252 255 261 263 264 270 282 283 290 292 294 298 301 302 306 307 316 319 322 327 328 330 341 342 343 363 370 377 393 400 406 410 413 414 416 418 427 428 431 433 435 437 440 443 449 450 452 455 463 465 468 470 472 477 
75 166 220 249 362 
271 176 186 196 215 223 309 330 362 397 403 409 415 416 440 451 457 478 
118 195 208 236 248 259 275 321 328 339 340 341 354 375 388 394 406 439 469 
37 188 189 213 230 259 279 309 348 356 358 374 387 421 
16 172 173 174 177 180 182 193 198 206 208 210 213 221 224 229 230 252 264 266 275 285 289 293 295 302 304 305 306 312 321 328 329 334 346 350 351 355 365 366 368 369 370 374 376 377 378 384 385 389 397 398 400 402 404 405 411 412 416 423 427 432 440 444 445 447 451 471 473 479 480 
152 167 170 182 187 188 190 198 209 214 215 220 239 243 246 248 250 254 262 267 270 272 274 278 279 280 283 300 303 306 311 333 343 351 357 358 361 378 383 409 417 437 439 445 462 464 473 478 482 
195 164 187 196 217 239 240 247 252 261 274 285 286 298 301 309 311 336 349 361 374 424 446 467 
29 165 169 173 175 176 180 181 183 200 210 229 233 251 260 261 263 265 267 270 272 274 291 296 297 299 306 307 308 310 313 314 321 324 327 328 347 348 354 363 364 365 366 369 374 375 378 387 401 403 406 409 413 416 417 418 420 422 426 429 433 437 442 448 455 457 462 466 468 469 473 476 477 489 
35 1 178 198 218 226 228 232 233 238 240 244 246 266 276 277 285 286 297 302 310 314 323 342 384 390 394 396 406 411 424 446 469 476 489 
244 164 167 169 171 181 182 190 192 194 199 203 204 205 207 210 213 214 219 220 221 222 226 227 230 231 232 235 237 246 248 250 251 253 257 262 263 264 268 270 273 275 276 279 283 286 287 289 290 302 303 304 305 307 308 310 311 312 316 324 325 326 328 330 332 333 337 339 342 343 344 349 352 356 357 360 364 366 368 371 373 374 375 376 378 386 388 389 391 392 393 394 395 399 401 404 409 415 416 419 421 422 425 427 428 431 436 437 439 444 448 450 451 456 457 459 467 469 472 477 478 480 486 
96 167 172 181 184 187 201 203 205 207 209 225 241 243 244 246 248 254 275 280 295 300 308 309 317 318 332 335 341 353 359 364 372 374 381 387 401 402 406 414 424 426 427 436 438 450 455 457 
64 1 167 168 169 173 178 182 183 186 198 209 211 212 214 221 222 227 229 239 241 245 252 258 265 269 270 276 280 281 282 290 295 296 297 299 300 301 307 309 312 315 317 326 329 330 331 332 335 341 344 347 349 350 354 356 358 359 367 368 369 372 373 375 377 380 396 399 402 409 411 418 428 430 434 436 438 439 445 447 459 460 467 470 473 477 482 
64 166 182 185 191 196 198 218 219 239 251 264 289 303 305 316 317 337 360 362 399 411 416 418 435 447 448 457 
148 167 186 202 206 219 227 236 244 272 323 328 338 390 442 
55 1 164 165 166 172 174 175 176 180 181 183 184 189 193 196 199 200 204 207 208 211 212 213 224 225 230 236 239 241 248 251 260 264 266 274 278 280 281 283 286 288 289 291 295 297 300 301 304 305 307 312 313 316 319 321 327 329 331 332 333 335 336 338 341 342 346 349 350 351 354 356 357 362 363 364 368 371 375 376 379 382 383 384 385 387 388 389 390 391 393 399 401 402 405 408 410 411 412 418 423 428 429 430 431 432 437 438 439 440 442 443 444 445 446 451 459 464 465 467 468 469 470 480 485 486 488 
116 165 168 172 174 177 179 180 185 187 189 190 191 192 197 198 200 201 204 205 206 207 209 212 214 216 217 218 225 227 228 233 234 235 238 246 248 249 253 255 262 263 264 270 272 276 279 281 283 287 292 297 300 302 306 307 309 310 311 313 314 317 319 320 321 322 323 326 329 333 337 339 345 347 349 350 353 356 357 364 366 367 368 369 370 372 375 376 378 379 382 383 387 388 390 391 399 400 406 408 409 411 417 418 420 422 424 426 430 438 439 441 444 447 452 458 462 464 466 468 470 473 474 475 478 480 481 486 487 
274 171 231 238 461 
255 171 178 189 191 215 250 256 258 279 289 291 299 320 331 333 356 369 377 385 394 404 430 432 435 451 467 483 
201 165 166 168 170 175 177 179 180 181 185 192 195 198 200 201 202 206 208 210 212 213 217 218 221 227 228 229 230 231 240 245 251 254 255 257 258 259 260 268 271 284 286 287 289 290 292 293 297 299 301 303 307 309 315 317 321 326 328 334 343 347 349 357 358 359 361 362 363 365 367 369 370 376 377 385 386 387 389 396 397 403 409 410 413 418 421 422 427 430 434 435 436 437 439 443 444 446 447 449 450 452 453 455 463 466 468 470 473 478 481 487 489 
159 175 184 204 205 207 214 218 221 225 226 227 231 234 235 245 246 249 250 254 257 262 273 274 286 287 290 302 305 311 313 314 318 325 330 334 335 336 338 344 354 358 362 364 365 368 369 371 373 376 378 381 397 402 403 404 405 411 417 420 424 425 427 428 430 434 440 445 447 452 455 457 461 470 472 476 486 487 489 
223 184 194 210 222 227 232 241 246 267 272 279 308 318 328 360 380 406 479 
194 280 291 318 
246 170 174 175 177 178 180 187 201 203 207 209 210 211 214 226 232 235 237 240 245 252 253 262 265 269 272 273 277 279 283 285 286 288 289 294 297 311 314 323 324 332 333 337 340 342 343 348 351 355 365 366 368 371 383 389 390 398 399 401 404 407 410 411 418 428 431 438 439 440 443 445 450 455 457 459 466 473 475 476 482 483 485 
289 173 213 336 378 390 401 465 475 
296 221 230 
83 182 191 213 228 238 279 290 313 326 342 374 431 462 468 472 481 489 
66 1 172 175 177 178 180 182 183 185 186 190 192 194 199 205 210 217 222 227 229 234 235 239 240 243 244 250 255 257 259 261 265 266 267 272 273 274 279 284 299 304 305 309 311 320 321 329 330 334 337 340 342 344 345 347 351 352 353 356 358 359 363 368 372 377 380 386 388 389 397 400 402 404 408 409 410 414 417 421 427 428 430 437 440 441 448 451 452 453 455 459 461 464 469 470 475 476 481 482 485 489 
191 164 167 171 176 179 185 186 192 194 198 199 200 207 215 216 220 222 226 227 229 230 239 240 243 246 249 253 257 262 263 264 265 266 267 269 279 281 282 283 285 286 290 291 292 293 294 297 298 300 301 302 303 306 307 308 311 313 315 316 317 319 320 321 324 332 333 334 338 345 346 349 355 356 360 361 363 368 370 371 375 376 377 381 383 388 389 391 392 397 399 400 401 404 405 408 411 413 414 417 418 423 426 429 438 445 450 451 454 459 460 463 464 465 468 475 478 480 482 484 485 489 
145 167 169 180 181 183 184 185 187 188 195 198 199 201 208 217 222 223 224 228 229 230 235 237 244 245 246 247 250 253 267 272 273 274 275 285 290 291 294 301 303 310 311 313 314 317 322 324 326 327 331 337 340 343 345 349 350 351 352 354 358 359 361 362 364 365 366 376 377 378 381 386 397 399 400 402 405 409 414 416 418 421 424 425 427 436 437 439 445 446 454 455 461 463 468 472 473 480 482 
102 168 174 182 196 199 213 224 227 237 242 244 258 260 261 264 288 299 309 321 322 324 338 339 340 345 357 365 368 373 375 376 379 390 394 397 401 402 419 420 428 434 435 436 437 438 462 471 478 484 
231 170 177 179 184 186 191 192 195 196 197 198 199 201 215 218 222 227 228 229 233 234 236 237 242 243 244 245 248 251 260 263 267 269 271 273 277 287 290 293 295 297 304 308 310 311 312 316 319 325 327 328 331 333 335 339 342 344 350 352 353 356 359 360 363 367 378 384 388 394 396 398 399 400 408 409 412 414 418 424 429 432 434 435 436 437 442 443 445 447 457 463 464 465 468 470 474 476 485 486 
283 166 169 172 174 177 178 179 180 181 183 189 190 197 198 201 202 204 207 208 211 214 215 219 220 224 226 228 229 236 239 242 244 246 247 248 253 254 255 263 265 268 270 272 279 280 287 291 292 296 297 299 300 301 303 306 309 310 311 313 315 317 318 321 325 327 330 331 332 336 337 338 339 344 347 356 362 365 368 371 373 374 377 391 399 400 402 404 405 416 417 421 425 427 431 432 437 443 444 447 451 452 456 457 459 461 463 465 466 468 471 476 477 479 483 486 488 
178 1 167 169 170 179 186 187 191 194 199 201 202 208 211 212 213 215 220 222 223 225 228 229 233 235 243 250 252 256 262 263 265 267 271 274 276 278 279 287 289 291 304 308 310 314 316 323 324 327 334 335 340 341 343 345 351 352 363 365 366 373 375 378 380 384 385 387 388 391 394 398 402 404 405 406 409 410 415 418 422 424 437 439 442 445 446 447 448 450 452 454 459 464 467 471 472 478 482 483 484 486 487 489 
223 1 170 186 187 192 194 209 219 220 221 222 228 237 241 243 244 250 255 264 270 292 298 299 307 319 320 323 340 362 372 375 382 387 401 403 407 409 410 414 421 431 433 441 445 450 470 471 482 486 
44 164 179 181 183 189 193 195 200 221 225 226 230 232 238 250 255 261 274 277 280 281 282 288 289 335 338 345 348 386 396 399 403 414 415 419 422 435 441 458 466 467 469 475 476 479 
105 168 169 171 173 179 180 184 193 199 202 211 214 217 220 221 223 224 225 227 232 236 239 241 248 249 252 256 257 258 260 262 263 265 266 268 272 276 277 279 283 285 287 288 290 292 293 294 297 299 300 301 302 303 306 311 325 326 330 333 335 336 338 340 342 344 345 346 352 355 356 357 360 361 362 364 365 366 368 370 372 375 381 385 386 387 388 396 398 399 403 406 407 418 419 421 424 426 427 430 433 436 438 439 442 443 455 456 458 459 461 467 468 474 475 482 483 487 
241 193 210 222 270 305 356 380 388 393 440 456 462 
278 164 165 166 167 168 170 171 172 174 177 178 179 180 183 187 194 199 200 201 202 205 207 208 209 210 213 214 216 219 221 224 226 230 232 235 236 238 242 244 248 249 250 252 253 256 262 268 269 270 273 275 276 286 293 295 300 301 302 306 312 313 314 320 321 322 328 336 337 339 340 345 350 354 363 365 374 376 379 381 384 390 391 394 396 399 401 407 410 413 414 417 419 421 423 427 436 439 440 445 457 459 461 464 468 469 470 473 477 478 479 
159 1 178 181 189 199 206 217 218 219 222 228 230 241 266 274 275 282 289 295 303 306 319 324 327 343 353 363 385 389 398 400 404 414 415 417 421 432 433 445 448 450 454 455 460 461 463 465 479 483 485 486 488 
121 184 185 187 203 217 236 238 240 257 276 277 279 280 281 297 304 309 347 364 368 378 379 388 392 400 412 429 433 443 444 447 462 465 466 467 473 480 
9 175 177 178 181 186 198 200 202 207 208 214 217 218 219 234 235 236 238 242 245 248 250 252 262 263 270 272 274 282 288 293 295 298 302 304 313 315 318 323 330 332 335 351 352 355 360 364 370 375 378 384 387 394 395 396 402 403 405 408 412 419 422 427 435 441 446 449 450 452 458 459 460 462 463 465 476 479 488 
211 169 176 183 185 188 192 193 197 202 215 217 220 221 228 229 231 244 247 250 257 262 268 270 272 280 294 300 310 315 317 330 331 334 338 341 349 360 362 364 365 368 373 403 405 406 417 420 422 423 442 444 462 466 476 477 483 484 488 
254 170 180 181 188 214 215 221 223 224 227 228 233 239 258 261 278 300 313 339 349 359 377 390 399 413 419 423 428 436 437 440 441 443 449 453 463 468 475 476 479 488 
217 165 172 177 180 182 198 203 229 252 259 260 263 264 272 289 304 306 310 315 322 324 326 337 343 347 368 369 372 380 388 391 400 403 406 408 410 422 425 427 430 432 454 456 458 459 462 472 485 487 488 
171 164 165 169 170 171 173 176 177 178 184 189 193 195 197 198 205 208 216 217 220 221 223 228 229 230 233 236 238 239 241 243 245 247 249 254 255 258 260 262 263 264 268 272 276 278 279 280 282 284 286 288 289 290 291 292 293 295 299 304 305 307 313 317 320 321 328 330 331 333 336 337 338 340 341 344 345 346 349 353 355 357 361 362 365 369 370 372 374 377 378 381 382 383 385 389 390 391 394 396 400 405 406 410 411 412 413 415 416 417 421 423 426 429 430 436 438 439 442 443 447 448 455 456 459 460 468 472 473 475 477 478 479 480 486 488 
86 173 174 178 179 191 192 197 201 206 213 218 244 249 260 274 289 301 310 311 317 318 326 343 346 350 361 372 377 379 381 394 414 417 424 427 428 435 442 486 
238 174 197 222 242 244 245 253 256 259 260 263 272 277 295 308 315 317 334 343 350 354 355 364 368 375 380 390 393 394 400 411 437 439 445 446 450 
250 1 169 173 174 175 176 177 183 184 185 187 190 197 199 207 208 220 227 229 231 236 241 244 246 247 248 249 251 253 256 258 259 260 264 270 277 279 284 285 288 292 293 295 296 298 302 304 308 310 315 318 320 321 326 330 333 335 339 340 341 344 347 349 350 352 353 355 359 360 361 363 365 366 370 372 373 375 379 387 388 390 392 397 399 403 409 413 414 415 416 419 420 424 425 426 438 443 444 447 450 451 456 460 463 464 465 468 472 475 476 483 489 
12 172 177 178 180 190 192 193 196 198 201 206 211 212 214 216 218 222 223 227 230 232 233 235 236 237 240 242 243 244 249 252 254 255 257 259 261 262 263 274 276 277 279 284 287 291 293 296 301 304 305 306 310 311 312 325 326 330 331 336 337 341 342 344 348 351 353 356 357 361 362 363 366 369 373 375 379 381 383 387 389 395 398 400 406 408 413 414 415 417 418 420 422 428 429 430 431 433 434 439 441 449 450 457 458 459 464 468 469 470 471 472 473 480 483 486 489 
230 169 172 186 204 209 222 228 240 256 268 277 304 315 325 332 335 364 374 390 397 400 404 415 425 444 468 474 486 
11 167 181 183 199 205 206 209 213 221 222 241 244 254 256 265 271 272 287 293 298 309 313 322 328 330 346 350 353 354 371 377 381 399 409 410 413 414 415 417 421 423 425 426 429 433 443 445 446 458 462 471 473 486 487 
75 1 173 177 185 190 191 196 203 209 216 218 219 237 245 276 279 292 311 330 334 345 348 350 356 366 383 394 395 406 408 418 423 433 436 450 462 469 472 476 478 481 
135 166 168 169 170 171 179 180 183 186 189 190 193 194 196 200 201 202 208 211 213 215 219 220 222 225 227 229 230 232 236 237 239 240 242 245 246 247 249 254 255 256 257 258 259 260 262 264 267 269 274 276 282 285 293 294 295 299 304 307 309 314 321 324 326 327 328 329 330 331 332 337 339 341 342 343 345 347 348 351 352 355 356 357 359 363 364 365 370 372 376 379 381 382 383 386 387 388 392 394 396 402 403 406 408 409 418 419 421 423 424 428 432 440 447 448 449 450 461 463 464 465 469 473 476 478 482 483 486 
283 165 175 190 195 198 206 216 217 227 231 241 243 254 275 310 331 333 335 349 360 415 422 423 426 429 437 451 469 470 471 486 
270 201 216 250 277 286 430 468 
62 1 164 167 170 199 200 203 205 208 218 219 227 228 235 238 240 246 251 256 263 268 291 302 308 311 318 345 356 357 367 385 404 414 422 425 426 434 460 464 476 480 483 486 
255 166 167 170 171 175 179 180 181 184 185 186 191 192 193 196 206 208 212 215 216 218 219 221 222 224 228 229 230 231 233 240 243 244 245 246 247 248 250 256 258 260 262 263 265 266 267 268 270 275 280 283 284 286 303 305 308 311 314 320 328 330 335 337 341 349 353 356 357 359 360 361 362 363 365 378 379 388 389 391 392 395 401 402 403 407 408 409 410 417 421 422 428 429 433 434 437 438 440 441 446 451 456 461 462 469 470 480 484 487 488 489 
15 179 189 190 201 225 236 243 248 253 254 259 261 266 274 277 282 293 298 309 310 322 324 326 328 331 334 338 340 342 344 351 356 391 396 400 407 419 440 441 449 464 470 483 488 
184 1 167 186 194 196 200 207 214 222 225 227 245 255 262 264 273 276 294 295 298 315 327 340 362 363 366 372 385 406 426 454 467 478 479 485 486 
16 1 164 168 173 179 181 192 194 198 200 215 225 247 251 255 264 267 272 274 281 303 310 322 327 328 356 357 359 364 368 372 389 392 395 406 409 414 423 435 440 450 453 457 462 470 478 486 
33 1 165 174 177 183 191 192 195 196 199 200 204 210 213 216 220 230 237 245 248 254 256 266 272 273 277 286 287 288 291 295 299 305 308 317 329 336 338 340 344 345 354 357 358 359 363 364 367 370 371 377 379 380 394 402 404 410 412 414 416 417 420 428 429 433 435 437 445 447 454 455 456 467 469 480 486 
241 166 170 190 200 201 202 207 217 219 227 242 252 254 265 273 277 294 300 315 325 334 337 338 340 345 348 359 368 375 376 389 401 405 415 432 440 445 454 456 457 472 476 480 
195 164 165 168 170 180 189 193 204 207 210 220 221 223 227 232 233 241 242 244 251 263 268 269 279 286 290 291 293 295 296 297 327 329 333 334 339 342 345 346 348 351 353 356 358 363 365 371 383 385 401 405 406 408 409 413 414 416 417 422 428 434 436 439 440 443 445 453 456 458 460 465 471 475 476 477 479 483 484 487 
55 168 172 177 185 186 190 211 212 216 222 223 228 233 236 240 254 262 266 271 287 290 291 293 296 305 314 317 318 321 332 335 340 341 347 355 358 361 369 372 377 385 394 395 406 408 410 417 424 437 446 450 451 454 475 476 477 481 488 
224 176 186 191 227 328 391 409 420 
172 164 167 174 184 185 186 190 199 204 224 230 233 237 239 247 256 259 268 276 282 285 290 295 310 322 328 330 341 347 348 349 355 361 375 380 381 382 384 388 389 391 393 405 416 418 419 420 428 431 443 448 449 460 469 
253 1 164 165 166 170 171 174 175 180 183 185 188 191 192 198 200 211 213 214 215 218 220 222 224 225 226 227 229 237 241 243 253 254 256 261 262 263 265 268 269 272 273 274 276 281 283 287 288 289 291 292 293 295 301 306 307 311 320 321 322 324 326 330 331 332 333 335 337 338 343 345 347 348 349 352 356 364 370 374 375 376 377 379 383 386 388 394 396 402 406 407 408 414 415 417 418 419 420 425 434 437 442 443 444 449 451 452 456 459 461 468 469 472 476 479 480 482 485 487 489 
194 164 165 166 182 184 190 199 200 201 214 223 226 228 236 237 240 248 250 252 254 258 260 265 270 280 281 282 289 293 297 299 302 304 308 309 320 324 325 327 335 344 353 360 362 365 368 385 386 391 394 397 406 413 419 422 424 436 442 445 458 460 462 469 482 487 488 
56 1 164 167 169 173 179 182 184 186 187 193 196 202 207 218 220 225 226 227 230 235 245 246 247 249 254 256 257 262 266 270 272 276 278 280 282 284 286 287 288 290 293 296 298 305 306 309 317 327 335 338 339 340 352 356 358 359 366 367 370 371 375 382 384 390 393 401 402 405 411 415 419 420 424 425 427 428 432 434 436 439 452 456 460 461 462 466 467 468 469 473 474 478 479 481 483 484 
277 337 354 356 403 430 
275 176 184 186 199 204 211 212 217 224 226 244 253 260 294 311 335 336 345 354 364 387 414 429 438 444 445 446 449 480 484 
146 170 193 203 223 250 284 329 336 341 371 393 404 419 421 427 435 442 449 478 484 488 
178 254 443 
104 202 308 330 360 391 392 417 430 433 449 488 
113 1 165 166 167 169 171 173 181 183 186 187 190 192 193 195 201 202 206 210 214 216 221 222 226 230 232 234 236 239 242 244 246 247 253 256 259 260 272 277 282 284 286 287 293 297 298 299 300 301 304 307 309 310 312 315 325 326 328 333 335 336 338 339 342 343 348 353 355 358 360 361 365 368 370 371 372 378 379 380 384 385 387 390 392 402 404 406 413 418 419 421 427 435 436 444 445 446 448 449 451 452 454 455 456 458 469 470 472 478 480 481 484 
95 192 203 247 250 265 285 288 309 346 365 382 385 405 419 444 483 
270 166 168 170 172 175 182 183 185 190 191 193 198 199 211 223 224 232 233 241 243 248 258 261 262 267 268 276 277 278 284 285 286 291 294 295 304 311 313 315 316 328 333 336 339 340 341 342 344 345 346 351 358 365 367 371 372 377 384 385 389 390 393 398 399 401 405 410 415 416 426 429 431 444 446 449 450 452 454 459 465 477 479 481 482 484 485 489 
213 242 342 374 
280 164 176 183 201 205 209 212 219 221 225 229 238 239 246 249 251 256 257 266 289 291 300 301 305 313 325 338 363 365 376 401 406 410 416 423 424 433 443 446 447 452 453 454 456 460 472 488 
199 1 167 173 174 182 183 184 185 193 194 195 198 203 206 207 208 213 221 222 226 228 235 236 238 242 243 245 248 250 251 253 254 262 268 269 270 271 275 278 279 280 285 286 289 296 298 300 302 303 307 309 310 311 312 318 324 328 329 339 341 342 353 354 356 364 365 367 368 373 376 377 378 379 384 385 387 388 392 393 402 405 406 409 410 415 416 418 419 420 426 428 430 433 446 455 457 462 463 470 472 473 474 477 478 479 482 486 488 
116 170 178 180 181 183 186 187 192 193 199 204 207 211 212 216 219 222 231 234 236 237 243 246 247 248 252 256 266 269 273 278 281 282 286 292 295 298 300 306 308 321 327 328 330 334 340 341 344 345 350 351 357 360 361 365 374 378 380 385 389 393 396 399 403 415 416 419 433 435 436 439 440 450 451 452 457 460 462 463 464 469 470 473 477 478 488 
81 164 168 169 173 174 175 179 181 183 187 191 192 194 197 201 204 209 210 213 215 221 223 227 228 229 234 235 237 238 240 242 243 246 248 249 252 254 255 256 260 261 267 269 273 275 277 292 296 297 298 300 301 302 303 304 305 309 310 314 316 320 324 326 330 337 340 344 345 348 350 354 356 362 374 377 378 380 382 383 385 386 392 395 398 400 406 416 418 422 429 430 431 439 441 442 443 445 450 451 455 456 457 458 461 463 470 472 474 477 478 479 481 482 486 488 489 
124 167 181 204 205 213 225 229 230 262 263 269 284 285 305 306 319 321 322 325 328 333 346 347 351 357 382 387 392 399 432 444 448 469 471 476 488 
276 170 177 178 181 182 220 231 232 238 240 276 283 302 308 334 338 341 352 358 377 382 384 401 406 407 408 411 424 446 477 
130 164 165 166 169 170 171 172 174 180 183 185 189 190 197 199 202 207 209 217 219 224 229 230 232 235 240 243 248 258 262 264 270 274 276 279 280 282 289 291 301 312 313 322 323 324 327 328 330 334 335 338 341 347 352 354 362 365 366 370 375 380 381 382 384 387 390 391 393 395 398 399 406 409 411 413 414 416 417 423 429 432 433 435 436 442 446 449 450 453 460 466 468 477 482 483 484 486 489 
267 164 199 213 289 311 356 368 389 391 418 422 485 
92 164 167 172 174 175 178 187 193 197 200 202 203 206 207 209 210 211 213 215 217 220 222 224 225 226 227 230 231 232 234 236 237 239 241 246 247 253 254 256 262 263 268 269 271 272 273 276 279 285 288 291 292 295 296 297 303 308 310 311 313 314 315 316 318 330 331 337 338 345 348 350 351 353 355 356 358 367 368 370 371 372 377 384 385 389 396 401 406 408 411 415 417 426 430 432 433 434 435 442 443 444 445 446 450 454 460 461 463 466 467 469 472 476 479 480 481 484 485 486 489 
106 173 177 181 183 186 189 195 199 206 209 210 217 223 227 235 238 246 258 259 260 262 280 295 309 317 321 322 323 342 346 382 389 393 401 407 411 415 434 436 437 451 454 455 456 462 465 470 476 480 
185 166 167 169 171 174 176 181 182 187 194 199 201 204 208 211 213 215 219 225 227 232 235 236 239 241 246 250 253 259 261 272 275 278 280 284 286 293 294 299 309 312 317 318 320 322 334 337 344 345 348 353 359 361 365 368 369 372 375 383 390 395 402 405 406 409 412 420 422 428 432 433 435 436 439 441 443 445 450 453 460 463 468 470 472 478 480 489 
93 171 187 188 203 204 244 251 260 276 277 278 293 295 316 322 331 336 343 346 352 360 362 364 366 367 372 374 379 395 402 410 419 424 426 437 438 448 451 454 473 488 
276 164 168 173 177 180 181 196 201 211 220 223 224 225 226 234 244 251 253 260 267 268 276 283 284 285 292 296 297 300 308 328 329 330 338 342 346 350 351 354 355 356 359 361 364 377 378 385 392 399 409 410 415 419 427 441 444 447 450 451 454 457 472 482 485 
75 180 211 213 217 236 238 241 243 247 263 268 270 276 279 281 297 299 300 305 307 308 318 333 340 343 345 363 366 383 387 394 395 417 419 424 427 431 433 436 440 444 453 455 465 473 477 
163 166 169 173 176 188 190 191 192 196 212 216 219 228 236 238 242 247 252 259 268 272 284 287 288 304 308 312 326 327 330 334 336 340 347 348 349 363 365 381 385 389 390 393 397 398 403 406 409 410 413 428 444 448 465 466 468 471 476 478 480 481 483 486 
256 1 165 167 171 173 175 183 185 189 191 192 193 194 195 200 201 203 205 206 208 209 210 212 213 215 218 224 225 229 232 234 236 240 250 251 256 260 262 263 266 273 278 279 284 285 286 287 288 289 292 295 298 299 301 311 312 318 322 330 331 334 335 339 343 344 348 349 350 351 352 353 354 355 360 363 364 365 366 369 371 373 375 376 377 380 381 382 387 388 391 393 395 396 402 404 407 411 414 417 422 428 431 436 439 443 444 450 451 458 460 462 465 466 471 475 476 478 482 483 
129 1 164 169 176 181 182 183 189 191 202 206 209 211 219 223 225 227 232 262 265 267 268 269 274 275 284 286 291 296 299 302 303 314 320 325 327 332 333 334 341 345 348 353 355 360 367 371 377 378 383 386 388 394 400 402 406 410 423 437 442 447 449 451 452 453 454 455 456 462 471 476 
294 1 168 169 179 188 191 195 204 205 209 220 227 228 235 239 240 241 242 249 252 257 260 261 262 264 273 278 287 288 291 293 295 296 297 299 300 302 306 309 312 320 321 322 323 337 343 345 346 351 353 354 358 361 362 367 404 407 409 411 414 420 421 422 427 434 436 437 439 443 444 446 449 454 455 456 460 467 471 474 476 481 485 489 
242 164 186 200 202 209 226 246 271 277 339 373 382 440 459 
180 166 169 177 179 180 182 184 185 186 188 192 195 197 198 202 204 206 210 216 222 225 226 227 232 233 234 238 240 242 243 244 247 254 256 258 262 263 264 266 274 278 281 282 284 285 287 288 296 299 301 302 304 307 312 318 320 321 329 335 339 340 346 348 354 356 360 361 364 366 367 369 370 372 373 375 379 380 381 385 387 391 396 399 400 401 402 403 405 408 411 413 414 415 416 417 420 421 428 433 434 436 438 439 442 447 453 462 463 466 471 473 476 477 479 480 481 483 484 487 489 
127 172 175 179 181 184 191 195 196 200 209 210 225 237 248 260 266 307 320 330 343 351 356 358 361 364 365 382 392 397 420 421 422 448 458 465 468 473 475 477 487 
101 168 178 186 187 189 192 193 198 206 208 209 212 214 221 222 230 231 237 247 249 253 258 262 263 266 273 279 288 290 296 297 298 301 309 310 311 312 315 317 321 324 328 329 331 345 346 349 355 357 359 363 365 366 367 369 373 377 389 390 391 393 397 401 408 410 414 415 419 421 422 427 428 432 434 437 439 440 443 444 445 447 449 453 454 458 466 483 484 486 487 488 489 
233 166 174 178 180 183 184 185 187 188 190 194 195 200 201 203 205 206 212 219 220 221 222 223 227 232 235 238 241 243 245 246 262 265 266 269 270 272 273 280 289 296 297 298 300 301 309 314 317 318 324 334 335 337 343 345 346 348 351 352 355 356 357 362 363 367 368 370 371 372 375 380 382 384 385 386 387 390 395 401 403 415 421 424 428 430 432 433 435 437 438 440 442 448 451 457 460 461 462 463 466 467 469 473 474 475 478 482 483 484 486 487 488 
158 1 166 167 170 173 174 175 182 186 191 192 201 204 211 219 220 222 226 232 234 235 237 242 249 250 256 259 265 266 268 269 274 275 279 284 293 294 311 316 319 321 325 329 330 334 350 370 372 380 382 384 401 402 404 406 411 414 421 424 429 431 432 442 464 467 474 477 478 479 483 484 
242 1 164 165 167 170 184 199 211 216 218 222 225 241 250 253 257 259 261 263 264 270 274 278 285 295 305 333 335 344 349 362 371 386 401 403 485 
151 1 166 168 169 179 183 184 186 190 192 203 208 217 222 227 233 234 241 252 261 262 269 275 277 279 282 291 292 296 298 300 305 309 312 320 324 325 329 330 336 341 347 348 360 361 374 376 377 383 385 391 394 395 396 398 402 404 408 424 425 434 436 447 449 459 461 462 464 465 466 475 484 
277 165 171 174 175 177 178 180 186 191 192 195 203 205 210 215 219 225 232 248 249 252 253 255 264 273 277 282 285 292 293 295 296 298 302 305 308 309 310 313 316 319 327 339 342 352 354 356 357 358 369 376 380 389 390 400 401 404 412 417 422 429 438 441 442 445 446 447 453 454 457 463 470 475 479 489 
298 166 169 171 172 174 182 185 187 190 191 192 193 196 199 200 203 206 209 213 214 218 219 222 230 233 234 237 239 242 246 249 250 258 260 261 263 268 278 279 282 283 284 285 294 299 301 307 311 312 317 318 321 323 324 325 330 331 332 333 338 340 341 343 349 352 353 356 360 362 365 368 386 390 397 399 402 405 415 424 426 430 436 441 443 446 447 448 450 462 467 468 473 476 480 484 486 487 
83 1 165 167 168 180 184 191 194 202 204 205 206 207 210 215 221 224 228 229 244 257 259 263 267 269 272 274 281 287 298 301 303 307 312 316 328 329 330 331 340 341 342 343 348 352 356 363 365 366 367 373 379 387 389 397 401 405 410 414 417 419 420 421 428 429 435 440 443 446 448 450 455 457 458 463 466 468 472 473 474 482 489 
152 176 202 238 240 322 333 340 346 370 380 388 415 420 426 488 
3 165 167 170 182 184 190 191 193 196 201 204 211 217 218 219 220 222 223 224 225 227 229 231 232 233 237 239 242 243 247 250 253 256 258 260 264 268 271 272 276 278 279 283 284 286 296 299 300 301 303 304 305 307 317 318 321 326 329 330 333 335 336 347 348 352 353 357 359 363 365 367 368 369 373 379 384 389 390 394 398 405 407 411 412 417 420 424 427 428 430 431 432 434 436 444 445 446 449 455 465 467 468 478 480 482 489 
276 171 173 175 176 196 198 199 215 217 218 220 221 228 233 237 239 240 246 247 248 249 250 252 257 259 260 261 264 269 270 273 276 278 285 286 287 292 293 294 315 317 329 331 334 335 342 353 355 359 362 372 373 375 379 382 383 384 385 388 389 419 422 429 432 433 434 435 436 439 442 449 454 458 461 463 478 484 485 
171 189 199 280 291 382 391 401 450 457 
300 164 174 177 178 187 193 203 214 223 227 228 232 245 248 258 260 265 274 275 289 300 315 316 320 325 343 345 346 348 365 374 375 376 380 381 398 402 406 407 408 414 418 422 429 431 457 467 472 477 479 481 485 
285 172 190 197 223 259 354 384 449 461 
48 167 169 172 180 184 185 220 227 237 242 243 244 246 248 257 261 274 275 279 301 304 316 337 338 353 354 364 366 368 382 383 385 387 395 403 410 430 436 443 444 449 456 463 467 477 481 488 
89 164 170 174 180 182 184 191 195 196 198 200 202 210 214 220 232 237 240 242 243 245 253 257 260 261 274 290 293 299 303 307 325 329 334 337 347 355 356 357 372 376 380 384 386 411 412 421 432 436 439 444 448 453 454 457 464 467 470 471 475 476 477 478 480 485 486 
12 165 174 178 179 184 194 195 198 202 203 219 233 254 277 284 286 288 334 351 353 364 375 376 384 386 391 394 408 410 415 425 440 441 446 458 465 466 478 480 
172 1 167 170 171 178 179 180 182 185 186 187 190 193 194 195 203 205 206 207 208 209 210 214 216 217 220 223 225 227 228 230 234 240 242 244 245 246 247 248 251 253 262 270 275 276 278 287 291 292 294 296 299 303 307 309 320 324 325 327 337 339 342 344 347 362 363 368 372 375 376 380 383 384 387 388 390 393 394 397 408 413 420 421 424 427 430 440 449 450 457 460 461 468 472 485 
279 168 179 188 194 208 220 222 228 235 248 287 289 290 301 310 313 333 343 346 352 360 383 400 402 417 418 427 438 446 447 449 457 463 470 476 478 487 488 
207 185 192 193 204 209 211 225 233 244 252 260 262 270 271 272 278 290 291 299 310 325 327 329 336 351 367 374 377 388 393 408 419 421 429 430 431 438 447 452 456 472 473 475 476 479 481 487 
221 168 178 206 216 253 331 354 365 
132 187 190 197 199 207 209 221 226 233 239 244 250 273 274 297 299 301 304 311 312 317 320 323 326 340 347 349 351 353 364 368 373 387 389 394 397 402 414 416 438 450 452 467 476 485 486 
229 167 168 169 174 183 185 191 197 200 203 206 209 212 220 227 228 235 244 251 260 269 273 276 282 286 297 302 304 311 312 322 323 332 334 339 340 343 362 364 366 367 368 375 378 379 386 396 398 406 422 423 426 432 436 440 443 453 455 457 466 479 483 485 
136 167 169 181 186 193 196 197 199 202 204 210 215 218 219 220 221 222 226 231 235 236 238 241 244 246 247 250 256 258 267 268 269 274 275 276 284 286 290 294 299 300 303 307 311 316 318 335 336 341 342 343 344 346 350 352 355 357 359 360 365 367 374 383 385 392 395 397 407 408 411 419 424 429 430 433 435 440 451 455 456 457 458 459 463 464 465 469 474 476 477 479 
43 166 167 168 169 171 173 184 190 194 196 197 200 204 209 210 218 220 221 229 230 235 238 242 244 247 248 251 252 254 258 259 263 268 272 277 278 282 283 284 290 291 292 314 318 323 324 327 328 333 334 335 337 340 343 346 361 362 368 371 372 375 377 384 390 395 399 402 412 417 419 421 427 431 432 433 434 436 437 439 441 442 448 449 451 459 462 464 465 466 469 470 471 482 483 484 486 
26 166 179 182 200 212 215 232 282 283 328 346 372 387 389 402 414 438 463 469 481 486 487 
184 168 171 182 185 189 195 198 199 202 205 206 207 209 213 216 217 221 222 225 226 229 239 241 243 251 252 256 265 266 268 273 282 283 288 289 291 293 296 300 304 306 307 309 316 317 319 320 328 329 340 344 346 347 350 352 354 356 357 360 361 362 369 374 375 381 384 386 388 392 400 402 403 404 405 406 408 416 419 423 429 431 443 444 447 448 451 453 454 456 465 466 468 469 470 480 484 486 
180 1 167 168 169 171 175 176 179 180 183 186 189 193 194 195 200 202 206 211 212 213 214 217 218 223 225 228 233 234 236 237 239 242 244 246 248 252 254 257 261 265 266 268 272 278 279 281 282 283 284 285 287 288 294 298 301 306 308 314 317 318 320 324 327 328 329 330 333 337 341 346 347 348 352 353 354 355 356 359 368 370 371 382 383 386 387 390 392 395 398 401 402 404 405 408 413 415 417 422 426 427 430 433 437 438 440 441 442 443 446 448 452 453 455 458 463 464 471 472 476 477 479 480 485 486 
14 165 167 168 180 202 213 219 223 227 229 233 236 240 241 248 252 253 260 265 268 273 280 281 285 293 294 298 303 305 308 313 321 330 332 345 349 351 355 356 358 373 374 377 378 383 388 389 394 395 396 398 400 404 407 408 409 415 419 421 422 429 433 436 438 439 443 445 452 456 460 461 467 470 475 477 480 481 486 488 
199 164 165 175 179 184 185 190 194 198 207 214 217 227 239 242 244 245 246 251 256 260 262 264 265 266 267 295 312 316 317 318 334 338 343 349 356 369 373 378 382 385 394 397 401 407 414 422 425 426 437 443 444 448 456 463 467 475 482 487 488 
115 168 171 173 174 176 178 182 192 193 196 201 202 206 210 215 217 218 219 225 239 241 246 250 252 253 255 262 266 267 270 273 275 278 280 285 289 290 296 297 301 302 305 308 314 317 325 327 336 337 342 343 344 349 350 353 361 363 365 367 376 378 386 401 406 410 421 422 428 433 436 445 446 449 453 457 459 464 469 470 473 476 482 484 
168 1 178 184 213 214 216 219 232 242 263 265 283 290 305 340 349 366 376 396 403 407 430 433 444 469 470 
192 192 198 205 228 234 240 259 273 280 282 300 317 318 331 332 347 349 374 397 398 399 400 402 409 432 439 443 444 457 463 481 
7 233 253 384 417 475 
47 174 185 188 193 263 325 340 342 368 386 417 423 449 450 
206 1 167 170 171 177 179 182 192 193 194 195 198 201 202 204 205 207 208 210 211 213 214 216 218 221 225 226 227 234 237 239 240 241 242 244 245 250 251 258 259 261 265 269 271 276 278 282 289 295 307 312 318 319 323 329 333 335 337 351 358 362 363 364 367 369 373 380 383 385 387 389 390 391 394 396 402 407 410 412 415 417 422 433 439 440 442 443 445 446 449 452 458 464 469 470 475 478 482 486 489 
272 165 166 168 171 172 177 178 180 182 183 184 186 188 192 196 197 205 212 213 216 222 223 224 227 230 233 237 238 240 243 251 252 253 255 258 259 265 267 268 273 274 277 278 279 280 284 289 290 296 297 299 300 301 305 308 316 317 321 328 329 332 341 346 350 352 358 360 361 364 367 371 372 377 379 380 382 388 389 390 391 397 399 406 408 409 412 413 414 417 419 420 422 423 426 436 438 439 440 445 446 448 451 456 460 466 471 476 480 481 482 483 484 489 
106 164 169 173 181 188 189 193 211 212 219 224 239 241 255 260 269 275 276 280 313 322 324 355 378 382 399 401 405 413 416 417 420 421 434 437 441 445 451 467 
158 170 172 186 193 202 233 239 240 258 270 299 303 305 312 329 330 334 337 357 395 417 431 440 453 461 471 482 
194 165 167 170 176 177 180 185 187 190 199 200 201 202 203 204 206 210 214 215 219 225 231 233 235 239 243 244 254 259 262 263 265 267 276 280 283 292 297 300 305 307 308 311 313 319 322 329 331 335 336 342 347 349 350 351 352 361 363 364 374 375 376 378 380 384 387 389 392 398 399 400 412 416 419 428 431 444 446 447 464 465 466 467 469 470 472 473 474 480 482 483 
32 1 173 177 178 182 183 184 194 200 222 227 235 238 250 257 263 285 299 306 324 332 341 342 358 369 371 406 415 440 454 456 471 474 480 481 482 487 
174 165 167 168 171 173 174 178 180 182 184 186 188 190 212 222 225 226 234 238 239 243 244 246 258 266 271 273 283 284 286 288 297 300 305 309 310 327 328 330 331 334 336 338 341 342 344 351 354 359 363 372 374 380 388 392 396 397 404 405 412 418 419 431 432 435 439 443 450 451 452 455 460 463 489 
6 172 177 187 192 201 206 209 211 212 213 228 237 239 242 246 249 251 257 258 265 267 268 269 278 279 281 291 293 297 301 302 308 324 331 333 350 351 354 360 361 363 367 380 384 388 390 392 393 400 401 412 419 425 426 432 442 446 448 459 462 475 477 479 482 483 
161 210 216 255 267 284 295 296 333 337 353 465 481 
151 184 195 244 325 384 406 
133 281 312 322 384 
72 170 172 177 180 182 190 193 200 201 210 219 230 235 236 250 255 260 264 275 278 282 285 288 291 295 297 301 304 305 313 317 319 320 322 332 340 341 344 349 352 353 355 360 371 378 384 389 393 396 397 402 403 404 405 407 413 414 415 421 428 432 441 443 446 456 460 462 463 464 468 472 478 480 481 483 
72 173 176 177 183 188 202 209 224 241 245 252 254 258 304 309 320 335 341 353 370 388 391 417 451 477 483 
112 166 183 188 196 201 247 272 279 283 293 299 328 342 348 378 393 405 453 485 
293 164 172 183 188 195 196 199 204 214 216 228 239 243 245 248 252 259 262 272 304 307 320 323 324 330 332 335 347 350 353 354 358 359 360 361 380 382 383 384 387 389 390 391 392 398 400 405 409 410 413 427 428 430 431 433 440 452 456 459 461 476 482 
20 170 187 196 223 230 324 338 354 361 403 409 426 434 
258 167 169 170 172 174 177 183 184 185 188 189 191 192 193 194 196 201 204 205 206 211 214 215 218 225 226 228 235 236 242 243 245 247 248 254 256 260 261 271 275 277 286 287 288 290 300 302 303 305 310 313 314 316 317 318 321 323 324 328 330 331 332 336 343 351 353 354 355 357 358 367 368 371 372 376 378 384 388 390 395 397 401 404 416 419 421 422 427 430 431 432 437 438 440 442 446 447 456 457 458 461 465 467 468 473 479 480 483 486 489 
36 172 175 189 199 203 208 210 211 218 219 223 224 262 273 291 303 304 320 322 333 342 343 353 361 371 389 397 401 406 410 421 427 433 435 440 442 471 479 
112 169 174 179 183 194 201 208 209 219 234 236 239 246 264 280 288 292 294 308 312 314 319 322 330 342 346 353 357 384 396 397 400 403 404 407 409 416 420 421 438 449 450 455 458 464 474 480 481 489 
216 167 173 176 189 197 203 219 220 226 236 252 253 255 265 288 295 306 316 327 333 354 371 374 377 383 385 386 402 406 410 415 418 424 441 442 443 444 451 467 474 489 
6 179 242 253 264 293 299 304 334 342 366 383 387 392 409 416 444 486 
276 166 181 202 207 220 221 238 246 249 331 366 370 376 378 381 393 412 416 424 461 468 472 474 479 
268 200 202 222 223 229 238 248 256 257 268 283 287 309 341 342 345 348 362 376 379 389 406 441 446 450 465 468 473 
229 185 188 201 219 242 267 294 306 312 328 350 379 403 408 414 444 458 480 
77 1 168 172 174 178 180 188 189 190 192 194 195 197 211 213 218 219 221 223 224 228 229 233 235 237 238 247 249 250 257 258 272 275 280 285 286 288 291 298 301 303 307 308 309 313 316 317 319 323 325 330 334 336 340 343 345 347 351 356 361 362 364 365 367 375 376 380 383 387 388 394 396 397 398 402 404 406 408 412 415 419 420 421 427 431 432 433 434 435 440 441 444 446 447 448 453 454 461 464 466 468 470 472 482 
275 178 198 204 227 236 260 281 282 294 318 325 341 347 366 377 389 392 396 398 399 415 440 452 458 461 464 467 480 
56 168 170 171 173 175 177 178 180 185 188 192 193 194 195 196 197 198 199 200 202 209 210 215 218 226 228 230 231 232 235 236 237 239 242 245 246 250 252 254 256 261 262 265 267 270 276 277 278 284 285 286 291 292 294 301 307 309 312 315 318 328 333 335 337 338 340 342 347 348 350 356 358 359 360 361 363 364 367 368 369 370 377 379 383 384 385 389 395 399 402 403 408 411 414 418 424 427 428 429 431 433 435 441 442 443 446 447 449 451 453 456 459 462 463 466 468 470 471 472 473 477 479 480 485 488 
204 1 164 165 166 168 169 174 180 184 193 194 195 197 207 216 219 225 227 228 232 233 234 238 242 247 248 251 252 256 257 259 260 261 262 269 272 282 286 300 301 306 316 320 323 328 330 332 333 334 336 340 341 343 344 348 353 361 363 364 373 374 375 379 384 387 392 396 401 403 409 412 413 418 421 425 429 437 438 440 441 443 446 449 453 457 464 467 469 472 473 478 479 481 482 489 
26 179 182 197 210 212 214 226 248 257 287 290 321 329 331 336 350 366 398 438 445 460 461 465 485 486 
249 181 184 185 192 193 199 203 207 208 212 215 220 221 222 223 226 227 229 234 237 241 242 244 252 254 262 264 266 267 275 284 289 290 292 297 305 308 310 316 319 320 321 322 327 329 336 341 343 347 349 350 359 360 365 375 376 383 386 393 394 399 405 412 414 415 418 421 430 432 435 436 440 444 447 452 453 459 460 461 470 472 477 479 482 485 486 487 
209 170 186 190 199 230 262 271 273 294 304 305 313 319 320 321 327 330 334 346 356 362 365 376 380 381 419 422 447 452 456 458 461 489 
105 165 166 167 171 181 182 184 186 193 197 200 204 207 208 213 215 219 220 221 223 225 227 229 230 233 236 238 240 245 253 255 258 259 261 263 265 267 272 273 275 278 279 284 285 288 291 297 301 308 310 313 317 318 324 327 338 340 344 345 347 348 352 355 360 363 368 371 372 374 378 379 381 384 386 389 392 393 395 396 403 407 412 416 418 420 424 428 429 430 433 436 442 444 448 449 450 452 457 458 459 460 463 466 470 474 475 478 479 482 485 
21 173 187 191 203 210 211 215 227 248 251 260 268 275 282 283 298 308 313 326 328 329 332 338 367 388 408 412 422 424 429 441 458 461 476 477 
82 167 170 174 177 178 179 180 181 185 200 204 205 211 212 214 216 219 225 242 249 253 255 259 262 267 271 276 279 280 281 282 283 285 289 290 292 305 307 320 326 336 337 346 362 365 372 373 375 376 380 382 386 391 398 403 404 421 422 424 432 435 436 437 439 443 450 455 459 462 463 467 468 471 479 486 487 488 
161 164 172 174 179 193 208 238 239 247 263 264 265 275 281 287 290 302 311 313 318 342 345 352 361 380 381 384 390 395 408 443 444 451 474 479 484 486 
39 171 175 201 239 240 249 271 360 368 391 404 421 443 452 464 
264 308 378 381 389 434 477 489 
80 164 166 167 172 173 178 183 191 192 196 197 208 210 214 217 228 229 239 241 251 267 268 270 273 283 289 291 295 301 315 320 330 331 333 334 339 342 344 351 353 356 358 363 365 366 368 369 373 375 376 378 381 382 388 389 390 394 405 406 407 410 415 420 423 427 434 435 436 438 445 446 449 458 459 461 463 465 466 471 474 488 489 
127 164 166 170 173 174 176 178 179 181 183 184 187 188 191 192 193 195 198 200 201 202 203 204 206 207 211 212 213 218 219 221 222 224 239 242 249 250 253 254 261 262 266 267 272 277 278 282 284 285 286 289 290 292 293 294 297 298 303 309 318 319 320 323 324 333 337 339 343 347 349 352 354 359 361 365 366 367 368 372 375 378 384 386 388 390 392 394 395 400 403 405 406 414 415 416 419 421 423 424 428 429 431 432 433 440 441 442 447 448 454 460 464 465 469 470 472 476 477 482 485 486 488 
159 1 168 170 172 179 180 182 186 189 192 194 196 199 200 201 202 205 219 220 221 222 223 227 233 235 245 253 264 265 268 276 278 283 285 287 296 303 304 305 307 311 313 317 321 326 330 331 336 337 341 343 351 357 366 368 371 378 386 387 391 394 395 399 402 406 408 409 411 412 417 418 419 420 423 424 425 426 430 442 448 452 457 463 468 471 474 476 477 484 486 
186 165 173 176 179 180 181 182 183 188 191 193 195 196 200 205 207 212 218 223 225 227 230 234 235 245 251 254 255 257 265 268 269 270 273 278 280 281 284 286 290 291 298 301 305 308 313 314 319 320 321 325 327 329 331 332 338 340 342 344 345 346 348 352 356 362 363 365 367 370 371 374 378 387 396 397 403 404 406 413 415 420 422 424 425 427 434 435 437 438 440 445 447 451 455 456 457 460 468 470 472 476 477 480 481 487 
191 1 166 181 182 189 191 194 195 197 200 201 204 213 220 221 222 227 228 231 235 237 248 250 253 255 256 259 266 272 273 274 275 283 289 290 299 306 309 311 315 317 327 330 333 335 337 338 346 351 355 361 363 369 370 374 375 376 377 385 390 391 398 399 400 401 407 408 409 415 417 418 421 428 434 435 440 441 442 445 453 457 460 461 462 469 470 477 479 480 484 488 
90 1 167 168 173 174 176 180 184 195 201 203 205 213 216 219 220 226 230 238 244 245 249 256 259 260 262 265 267 268 269 284 286 287 291 294 295 300 303 313 318 328 329 331 341 342 346 352 354 356 359 360 362 363 365 370 373 376 379 380 385 386 390 391 394 402 406 412 419 420 421 422 425 430 431 434 437 439 447 457 462 463 465 466 477 479 484 485 486 488 
180 1 165 167 168 169 171 172 178 185 190 192 195 200 201 205 209 213 215 216 218 224 229 230 231 233 235 239 243 250 252 254 255 263 266 269 273 275 277 281 283 288 291 296 301 302 304 308 309 310 319 321 326 327 334 337 339 340 341 343 345 346 347 349 353 357 359 360 363 368 373 375 377 380 383 385 393 397 399 401 402 403 405 406 408 418 419 421 423 426 430 431 433 434 435 441 442 444 447 450 452 455 456 459 460 462 464 473 474 478 481 483 486 487 
44 79 232 252 266 38 101 69 153 181 245 178 32 161 167 2 26 159 292 33 263 35 274 85 70 164 259 14 177 243 164 176 243 42 148 158 177 50 278 50 239 164 261 224 194 96 118 251 179 154 137 47 11 73 53 151 194 41 5 165 143 256 269 149 86 197 300 91 48 243 165 274 268 214 174 269 265 69 229 154 37 131 172 172 31 70 2 94 106 272 274 117 79 149 205 164 238 263 146 272 113 274 270 267 173 93 202 70 92 198 23 21 191 212 201 268 215 295 16 14 82 113 273 5 170 184 153 109 252 26 39 263 126 186 297 130 190 131 42 218 282 193 105 199 20 2 39 136 134 121 22 69 101 146 22 119 277 67 130 13 205 136 219 11 297 172 223 106 271 158 168 80 256 90 172 98 142 41 267 136 262 236 150 293 240 258 203 105 6 13 118 297 178 44 117 41 47 176 29 236 174 194 97 38 49 179 29 73 59 226 26 238 67 253 238 257 134 72 77 1 53 86 153 272 224 95 52 28 137 185 21 190 193 285 164 72 85 61 21 144 123 269 293 264 13 294 199 53 108 35 190 46 125 2 240 33 258 201 179 58 38 272 94 200 300 89 244 6 256 253 188 192 251 185 140 161 289 18 289 296 97 113 273 149 112 122 201 283 153 46 234 41 288 253 83 229 167 66 177 42 81 177 89 9 278 20 124 93 139 150 3 119 141 294 230 227 87 196 182 78 249 28 94 300 266 107 102 28 292 152 85 218 3 53 57 254 115 179 74 108 105 201 225 280 66 226 105 210 86 165 198 22 285 127 17 48 219 64 137 252 42 177 276 187 208 111 92 199 224 216 47 285 281 231 292 81 141 128 132 141 212 15 54 78 63 204 128 5 129 22 116 143 63 125 18 143 156 156 136 87 108 244 253 50 230 256 145 116 61 54 79 189 108 214 219 162 239 112 41 255 183 183 107 8 19 276 191 269 253 81 28 114 54 184 160 5 3 64 230 191 74 272 17 199 270 12 135 208 262 16 102 167 13 102 11 50 102 42 69 171 176 5 211 255 218 233 262 265 216 135 8 269 95 48 197 292 141 7 74 239 174 235 151 255 281 173 138 196 71 
