328 492
264 171 175 179 180 191 206 207 209 214 217 218 219 220 222 225 226 237 239 243 244 245 248 249 250 252 253 254 258 262 263 264 272 276 278 281 283 288 294 295 300 302 304 306 307 313 318 323 326 327 328 329 332 335 336 340 343 344 346 350 355 358 361 365 366 369 370 373 376 379 380 381 382 383 384 390 391 395 396 398 399 401 404 412 414 417 418 419 423 424 430 438 441 445 446 447 448 452 457 459 462 463 464 466 473 478 479 481 483 487 490 491 492 
59 1 165 167 169 170 172 177 178 181 183 186 187 193 198 200 203 206 209 210 212 213 214 220 223 225 228 234 235 240 242 245 247 253 254 255 256 258 261 263 265 266 268 274 276 279 292 297 298 300 302 305 307 308 309 312 315 317 319 326 328 329 333 335 336 340 343 346 350 355 356 358 360 366 367 368 369 371 373 374 375 376 381 385 390 393 394 395 397 399 400 407 408 409 410 412 415 418 427 430 431 436 439 441 443 447 452 453 459 460 465 466 467 469 473 478 483 485 490 491 
291 167 169 177 178 181 183 184 186 191 197 198 199 200 202 204 205 206 215 216 226 227 236 238 239 242 244 247 249 250 254 262 263 270 271 276 280 283 284 288 293 295 301 305 306 307 308 316 317 327 333 337 338 347 350 355 356 361 368 372 376 377 380 384 396 400 402 406 407 408 410 414 421 423 425 426 430 431 435 441 442 450 457 458 463 465 466 474 475 478 480 483 486 488 489 491 
268 1 167 175 176 182 201 211 213 215 216 225 255 262 264 266 273 274 284 286 288 289 305 306 323 335 337 355 362 370 374 378 385 389 394 397 415 418 427 433 436 440 446 447 453 474 
5 166 167 178 187 202 221 241 243 256 261 270 317 320 323 378 379 382 410 422 434 438 446 478 490 
224 168 193 196 203 210 212 219 220 223 227 240 249 251 253 263 266 270 271 276 282 286 293 300 304 309 313 315 317 324 326 331 332 344 345 350 355 356 369 382 388 394 396 403 404 409 415 419 427 428 430 431 434 435 440 445 454 459 463 471 479 483 489 491 492 
168 178 188 205 217 241 253 275 297 321 360 367 374 386 396 397 426 447 449 463 474 
52 167 170 171 174 184 194 199 212 214 233 234 236 237 250 254 262 266 273 275 276 278 280 283 290 293 302 309 312 319 327 335 336 341 342 354 357 358 364 368 369 370 376 377 379 392 393 394 396 397 404 406 407 413 421 425 429 435 440 448 455 462 466 468 477 484 485 486 
208 166 169 170 173 176 179 180 181 187 189 190 193 198 217 220 227 229 231 233 238 239 240 242 244 248 249 252 253 255 257 258 263 268 270 283 286 287 288 297 299 301 311 320 329 332 334 336 337 340 351 352 354 356 363 370 373 383 384 385 387 392 395 397 400 403 405 409 410 412 414 415 423 426 427 433 436 442 448 450 454 456 457 458 467 469 474 476 484 487 488 492 
251 181 203 219 222 367 459 466 483 
23 165 167 172 173 176 177 178 180 181 183 185 186 187 197 199 200 207 212 215 218 222 229 231 233 234 238 239 240 242 244 245 248 249 251 254 255 256 257 258 260 262 264 269 271 272 274 275 280 281 282 283 287 289 290 293 294 296 297 300 309 310 314 317 326 328 330 332 336 338 340 342 343 344 347 349 352 353 355 357 360 363 366 368 369 371 372 373 377 379 381 384 385 389 390 391 394 396 398 399 402 403 404 410 412 413 416 418 423 425 426 429 431 434 439 442 446 453 455 456 457 461 472 473 478 479 482 483 484 492 
218 167 187 189 195 210 211 228 231 243 248 249 259 261 300 315 326 332 343 346 351 354 355 358 364 365 368 377 393 397 409 419 423 427 446 452 454 461 470 473 490 
259 1 169 199 205 208 211 224 226 229 233 235 256 258 273 279 292 325 341 348 351 353 357 388 416 426 433 452 453 454 457 461 464 467 468 470 489 490 
163 165 170 171 175 176 178 179 181 182 183 185 191 193 194 203 205 207 212 221 223 224 226 227 230 234 236 239 243 244 248 249 251 254 257 258 260 262 264 265 266 267 272 273 274 279 280 284 286 295 298 299 300 301 303 309 311 317 318 321 322 323 328 329 330 336 342 345 356 358 360 362 363 364 365 374 383 386 391 392 393 398 403 409 415 421 424 425 428 430 433 437 441 443 444 453 456 457 458 459 466 479 485 487 
73 168 172 195 197 199 200 221 239 244 250 251 253 257 259 261 275 277 290 305 312 314 318 321 322 330 332 337 340 346 349 355 356 357 358 361 363 366 371 373 374 378 405 408 410 419 420 421 450 458 462 465 466 467 477 478 
30 173 181 183 192 196 200 207 210 218 230 251 252 254 257 263 271 279 284 288 298 302 306 307 310 312 315 319 320 325 329 332 336 346 353 361 364 367 368 373 377 383 389 394 405 406 410 411 419 431 434 452 462 466 473 492 
262 166 172 173 174 182 184 188 194 197 209 216 217 218 220 221 222 228 230 231 239 244 245 249 255 262 264 267 272 273 274 275 291 292 293 296 298 299 301 303 305 312 314 316 318 323 324 327 331 333 334 336 341 342 343 353 362 365 374 379 381 393 394 397 401 407 409 412 418 421 425 427 429 434 435 440 441 446 447 453 454 457 460 464 465 466 467 477 483 490 
93 1 166 168 169 175 182 183 185 186 188 189 193 195 197 200 204 206 209 211 216 217 219 222 227 231 234 237 238 239 242 244 245 246 247 248 251 252 256 257 264 269 272 274 275 277 280 287 288 289 291 292 293 294 295 296 299 302 303 309 319 325 331 333 335 339 341 344 345 346 348 352 353 354 355 356 357 367 369 372 373 375 376 384 386 388 389 392 396 397 399 400 404 406 408 410 413 416 417 420 426 429 432 433 435 438 440 441 442 443 448 450 451 452 453 457 462 466 473 475 485 486 489 
1 1 166 171 174 187 194 195 196 203 211 216 217 227 229 240 244 249 255 256 259 262 265 269 274 283 285 291 292 294 297 309 310 312 314 316 319 328 332 339 343 346 348 349 358 359 363 365 370 374 375 376 377 379 383 385 388 398 409 411 416 423 424 429 433 442 448 453 459 460 462 467 468 469 471 473 475 477 482 485 492 
170 192 216 219 226 232 234 246 252 260 274 276 295 298 309 310 323 385 389 403 404 408 412 423 430 435 437 461 469 487 489 
38 165 168 176 179 182 191 196 197 199 201 203 204 208 209 214 217 221 222 226 230 231 233 239 241 246 254 256 263 266 267 268 272 277 278 279 281 285 292 293 296 298 303 304 310 311 316 318 325 326 329 333 338 340 345 347 352 353 354 358 363 366 370 371 372 376 381 389 390 391 396 398 403 404 412 414 419 421 437 446 452 453 454 461 464 467 469 482 484 488 490 
206 258 310 361 384 
244 168 169 172 175 176 181 187 191 193 194 200 205 206 210 214 219 227 231 233 234 238 240 244 245 246 249 253 255 256 258 263 265 277 278 284 289 291 297 299 307 310 317 318 319 320 322 328 333 335 336 345 351 353 357 364 365 392 393 400 402 406 411 417 419 420 421 425 427 441 444 445 447 449 450 452 456 457 458 466 467 468 481 485 488 489 
28 181 192 197 209 211 226 234 244 246 252 267 273 276 291 295 308 312 325 337 369 373 376 386 387 395 401 405 406 416 420 447 462 465 469 471 472 479 482 483 487 492 
170 1 166 167 181 185 188 190 191 195 199 201 203 206 207 216 218 220 221 225 226 230 241 244 249 253 255 258 259 262 266 267 273 276 285 290 291 295 297 302 308 310 320 324 329 336 340 341 346 350 353 356 358 360 362 365 366 371 374 375 377 378 379 381 383 386 392 394 404 405 407 414 416 421 424 427 433 442 444 446 447 449 456 457 458 459 463 464 466 467 471 473 474 477 478 479 480 481 482 483 484 491 
7 1 165 169 170 171 174 176 180 182 183 194 198 200 202 207 208 210 215 220 226 227 229 230 231 233 234 239 241 246 250 252 254 256 258 259 266 270 271 272 277 278 280 281 282 283 285 287 288 291 292 293 296 298 299 304 305 317 318 324 326 327 330 337 339 341 347 348 351 353 356 357 358 361 362 363 365 370 371 376 385 388 390 393 397 398 399 400 402 404 406 407 409 413 418 419 422 430 431 432 437 439 443 444 450 452 453 456 463 464 465 471 479 482 484 488 492 
119 165 171 178 190 203 205 213 215 220 225 228 233 234 240 243 246 252 262 263 266 268 275 276 277 278 280 281 291 299 302 307 310 319 327 334 336 345 348 352 363 375 388 397 406 416 420 433 445 448 458 466 467 468 470 477 480 481 484 486 487 
178 165 183 187 188 197 204 205 211 215 221 223 225 226 233 234 240 254 257 260 263 269 273 274 286 287 295 303 318 324 327 337 352 359 360 365 367 368 369 373 375 377 389 402 419 421 444 476 478 481 482 489 
122 1 166 169 173 180 183 184 187 189 190 193 195 200 204 209 212 215 216 218 220 225 229 240 241 246 247 254 257 259 264 267 269 272 274 275 278 280 281 284 287 291 292 293 297 298 299 300 301 304 310 315 317 318 323 330 331 334 336 340 343 345 346 348 349 350 351 358 360 364 368 369 373 375 378 382 384 385 389 391 393 394 395 396 397 404 405 407 412 413 414 418 422 426 427 428 436 442 443 444 449 459 460 468 475 476 477 483 489 
187 165 166 167 172 174 180 181 182 184 188 190 194 197 201 204 208 211 215 218 220 222 223 225 226 230 231 232 233 236 237 238 241 243 245 249 256 257 258 265 269 270 273 275 277 289 291 295 296 300 307 308 311 316 317 318 320 324 329 331 342 344 349 350 352 355 357 364 367 370 375 376 377 380 384 385 386 389 391 393 394 397 402 403 411 413 416 417 418 419 426 428 430 433 436 439 443 451 453 458 465 468 470 483 485 487 490 491 
239 174 175 180 188 189 191 195 198 199 200 201 212 234 235 237 239 241 243 244 246 250 252 253 256 260 261 265 267 268 270 271 274 277 279 282 284 293 296 298 299 300 301 303 304 305 306 308 309 310 318 320 322 323 326 327 328 329 338 348 349 350 352 356 357 361 362 365 368 370 371 372 374 383 387 388 389 390 391 392 394 396 398 404 405 408 411 415 419 420 424 433 437 442 446 455 456 461 464 465 472 473 476 477 482 483 485 487 491 
295 1 165 168 170 171 179 180 181 183 186 192 194 196 197 199 200 205 207 209 218 220 221 224 231 232 233 234 239 240 242 245 265 268 272 275 277 279 280 281 283 288 289 293 300 301 303 304 305 306 307 308 314 324 332 335 336 340 342 344 348 349 356 357 363 364 365 370 372 373 378 380 381 383 385 390 394 399 400 404 410 422 426 430 431 432 433 434 441 447 450 455 456 459 462 463 465 468 470 471 472 478 482 483 484 488 
52 208 254 256 315 323 336 359 364 372 399 416 424 448 451 461 
187 172 184 199 212 219 222 232 238 240 242 244 255 258 264 286 293 300 315 323 346 349 350 361 394 409 418 423 430 431 436 454 466 487 
134 1 168 169 171 172 173 174 178 180 186 189 192 194 196 197 199 200 201 204 206 207 210 211 212 217 218 220 222 228 232 240 244 245 247 248 249 251 256 257 259 264 265 268 271 273 275 276 282 284 288 291 292 293 295 296 298 299 301 303 309 310 314 317 319 320 322 325 326 329 330 331 333 340 341 344 349 350 358 363 364 365 369 376 377 379 382 384 385 386 387 392 394 397 399 401 405 407 408 409 416 417 420 424 427 429 431 438 441 446 447 455 456 460 461 464 465 473 474 475 476 478 479 481 482 486 487 489 491 492 
265 1 165 169 172 173 179 185 186 189 190 191 198 199 204 205 207 209 211 213 214 216 217 223 227 228 230 231 235 236 239 240 244 252 254 255 258 259 260 266 269 273 278 286 291 292 293 300 302 303 306 307 308 310 312 314 315 316 323 324 326 327 329 332 335 336 337 339 347 350 352 353 354 355 356 358 370 375 382 386 390 391 393 401 402 407 410 412 414 419 420 423 434 435 437 449 451 454 456 458 460 464 467 476 477 479 480 482 483 484 486 490 
31 168 174 178 187 188 189 191 193 196 199 206 209 215 220 221 225 228 230 239 240 243 246 248 251 252 255 260 262 267 268 279 299 304 305 308 311 318 324 325 329 330 331 335 340 345 346 348 349 356 360 363 367 374 379 383 384 388 396 398 407 408 409 422 423 430 436 438 442 444 452 453 459 475 476 481 484 485 
148 171 179 180 181 183 191 192 193 199 201 205 208 209 213 218 221 225 230 236 243 245 246 251 253 257 258 262 269 273 276 282 283 286 287 294 301 305 306 307 311 320 327 328 332 335 337 339 343 352 355 357 360 361 377 395 396 401 409 411 418 421 425 434 442 455 460 467 471 472 474 475 482 484 489 
293 166 167 168 173 174 176 180 183 184 189 192 199 200 203 208 210 215 217 223 231 234 239 244 247 248 249 255 265 266 267 269 276 279 282 288 292 293 301 304 305 306 310 311 312 314 317 319 320 321 322 323 324 327 328 331 333 336 347 351 353 355 357 359 360 369 372 374 378 380 385 389 391 394 396 398 403 405 406 409 411 412 413 414 415 418 419 420 422 423 427 439 447 449 450 458 460 462 463 466 467 470 471 475 478 480 481 482 483 484 488 489 
180 171 180 187 191 193 197 198 200 206 212 217 228 231 232 234 238 242 243 244 250 252 254 255 258 263 264 268 270 275 277 279 280 282 283 285 286 291 295 301 307 309 310 315 317 318 322 333 334 336 337 341 343 351 353 354 356 360 366 367 371 373 382 386 388 404 406 410 417 423 425 428 433 434 437 438 441 445 446 453 454 459 462 467 472 480 484 486 
105 180 184 185 193 209 219 222 238 241 242 247 253 261 272 317 324 331 344 346 352 361 369 376 387 399 413 419 424 438 439 440 450 452 467 470 473 474 484 
74 166 168 170 174 184 186 187 194 199 203 204 216 217 220 221 224 226 227 228 237 242 244 247 249 250 258 260 261 262 264 268 270 272 273 274 281 283 286 287 290 294 299 301 303 304 308 310 313 316 317 319 324 325 326 328 331 332 342 346 347 351 361 362 364 365 377 379 382 384 391 394 395 400 407 409 411 419 421 423 428 429 430 432 436 437 446 449 452 455 456 457 458 468 472 473 474 478 479 482 484 488 491 
229 177 180 181 184 186 188 192 193 202 203 204 207 210 212 218 219 221 223 224 227 229 230 231 232 233 237 238 239 248 251 252 263 266 268 272 278 281 286 293 297 298 303 309 313 317 325 327 329 331 332 333 335 337 338 339 345 346 351 352 356 358 361 362 364 366 368 382 385 386 388 390 393 398 399 400 404 408 412 413 433 436 437 440 441 443 444 459 460 461 467 469 470 471 476 477 478 479 485 488 489 
93 1 166 169 173 174 177 180 181 185 187 188 190 193 197 205 206 213 214 222 225 227 230 232 233 241 243 245 246 249 252 255 258 260 261 262 265 268 269 270 271 275 276 277 278 280 283 288 294 296 299 307 308 310 312 315 316 318 327 334 338 340 341 344 347 348 349 350 354 355 356 357 362 364 368 370 371 373 376 380 381 388 389 391 393 395 398 406 408 410 412 418 421 422 434 439 449 451 452 454 455 461 462 472 476 480 482 486 487 490 491 
11 167 168 172 174 175 176 177 180 181 183 187 188 189 191 194 195 196 203 206 207 209 210 212 214 215 217 226 229 231 234 236 239 240 241 242 246 249 253 255 263 272 273 281 283 284 286 290 291 294 295 296 297 298 301 304 305 306 308 311 318 321 322 324 325 326 331 332 341 346 347 349 350 351 355 365 366 367 371 374 375 381 385 388 391 392 393 396 398 400 404 409 410 411 414 415 416 418 419 424 425 426 427 430 431 432 436 439 441 449 451 453 457 460 463 474 477 480 483 485 488 
98 168 173 175 185 188 189 192 193 198 212 214 215 216 221 224 225 229 236 248 256 264 267 272 283 296 300 302 306 310 316 320 321 322 324 331 341 343 347 352 355 361 364 365 367 369 372 374 376 377 378 379 380 383 384 385 386 387 388 391 394 397 405 418 422 427 429 436 440 442 444 450 454 458 459 461 468 477 483 489 492 
221 1 167 168 169 173 180 184 191 193 202 204 209 211 212 213 215 216 217 219 221 224 225 227 228 231 232 234 235 237 240 241 246 248 249 258 261 262 263 266 277 278 282 283 284 287 291 292 302 303 307 314 321 323 326 329 331 332 335 337 339 340 341 343 344 345 347 352 354 359 363 368 369 373 374 377 378 382 387 388 391 395 398 400 402 403 404 406 409 410 411 419 421 422 423 426 428 430 431 437 439 452 460 461 469 472 473 475 476 477 478 479 482 484 487 488 489 491 
77 166 168 172 174 175 178 179 183 186 189 191 193 194 195 197 198 200 201 202 203 207 212 213 217 221 223 226 230 231 234 235 244 248 254 255 258 259 260 261 262 271 273 274 276 277 279 281 285 286 290 292 296 298 300 302 308 309 315 317 320 324 325 326 330 331 332 343 345 349 351 354 355 361 362 365 366 367 368 370 371 376 377 379 383 384 385 394 399 402 403 404 405 407 410 412 415 417 424 430 431 433 436 440 442 443 450 453 455 457 458 459 460 461 462 467 469 470 476 483 484 486 487 488 490 491 
9 1 165 169 171 172 173 174 175 181 184 185 186 189 194 195 200 201 202 203 205 206 208 211 212 213 217 228 230 233 237 238 239 242 244 249 250 254 257 261 266 273 275 280 282 294 310 311 314 317 324 325 333 335 342 345 350 353 359 360 364 366 368 369 371 375 379 385 386 390 396 399 403 407 412 416 419 420 423 430 433 437 439 442 443 446 447 451 462 463 464 468 469 481 482 483 484 
75 304 359 375 391 404 462 
137 170 176 178 192 199 200 201 205 206 208 214 215 221 222 223 224 229 231 236 238 239 240 241 245 246 251 253 255 259 270 271 275 277 278 283 292 294 295 301 302 304 305 307 314 321 322 325 327 330 332 335 342 347 350 359 362 363 366 367 369 370 375 376 385 387 389 392 396 400 418 419 423 424 425 429 430 432 435 437 438 439 441 443 444 445 446 456 460 462 464 468 469 472 489 491 
205 165 166 171 174 175 182 184 185 186 189 192 194 200 203 207 210 211 213 214 220 224 227 229 230 231 232 234 238 239 240 246 249 251 254 260 261 262 263 265 266 268 273 275 277 278 279 280 283 290 294 299 300 302 310 313 315 316 321 325 326 330 333 334 335 336 343 349 358 368 369 371 372 375 376 377 378 380 381 383 388 394 398 401 404 405 406 412 413 414 416 417 418 420 421 425 426 438 439 441 443 444 445 446 447 453 455 456 459 460 461 463 464 466 469 474 475 476 478 480 484 490 
183 171 173 177 182 185 188 191 194 195 199 201 202 206 210 214 215 216 217 223 225 229 230 231 232 234 238 239 242 243 251 253 255 256 262 263 268 272 274 279 281 282 284 285 291 293 294 295 296 301 306 308 310 313 315 316 318 319 325 328 332 335 339 341 343 345 348 349 350 354 355 357 360 365 366 367 372 373 374 383 385 386 393 395 399 402 403 404 407 410 413 414 415 417 424 425 426 441 448 453 456 458 460 462 463 466 467 469 470 471 480 481 484 487 492 
173 165 167 168 171 174 177 187 189 196 201 205 206 209 211 213 214 216 218 222 226 227 249 251 254 255 257 258 259 260 269 272 274 275 277 281 291 292 294 298 308 309 316 318 319 322 327 328 338 345 349 357 359 360 361 362 364 372 375 389 397 398 403 404 410 411 413 414 418 421 423 426 428 436 438 444 446 449 455 462 464 467 468 470 477 478 480 483 485 488 489 
285 167 174 182 188 196 197 204 206 208 215 229 244 257 263 266 271 276 281 284 287 288 289 291 294 301 302 306 310 320 339 341 342 348 355 371 373 379 380 383 387 389 396 403 424 429 431 443 446 453 458 468 471 480 487 489 
294 168 188 231 233 261 262 270 283 298 311 314 316 317 318 325 330 345 346 357 359 364 365 366 373 379 383 387 394 423 430 440 443 469 470 475 479 487 
90 169 174 175 176 183 184 190 205 210 216 217 223 224 226 229 236 243 248 253 291 293 300 310 313 325 330 336 338 341 345 352 354 355 373 382 383 385 386 392 393 402 404 406 407 422 425 427 428 434 435 436 437 438 447 448 453 456 458 459 467 470 471 484 492 
162 1 169 175 178 179 182 185 186 191 192 195 196 199 203 205 206 208 210 213 214 225 227 228 234 235 240 244 245 251 253 255 257 260 262 270 272 280 281 282 285 286 287 291 292 293 294 297 300 302 307 313 316 319 322 324 325 327 329 330 334 338 340 342 345 347 349 351 353 360 367 368 369 373 376 378 386 388 389 390 391 398 401 403 404 410 411 416 420 423 424 429 430 432 433 445 448 463 468 469 470 471 472 473 479 481 482 484 486 
254 1 168 169 171 176 181 182 185 187 188 191 192 194 198 201 204 206 207 215 217 221 222 230 231 234 235 237 247 248 255 256 257 263 265 266 268 270 271 276 277 280 285 286 289 291 293 294 296 300 303 307 314 317 319 322 327 331 335 346 347 349 350 352 355 362 373 374 375 376 377 383 384 391 415 416 421 424 426 441 442 445 447 456 459 462 464 474 487 
188 166 173 183 201 226 229 235 242 261 273 290 291 297 298 301 305 306 318 319 326 334 348 381 388 391 409 411 417 423 429 435 459 462 468 470 471 472 475 
209 166 181 195 197 198 204 208 215 227 228 247 254 280 283 290 291 295 301 305 309 324 336 347 349 351 366 367 368 376 378 382 383 393 397 404 409 413 420 430 449 457 458 462 472 
101 166 191 204 296 301 362 405 409 418 431 436 470 483 
259 1 168 172 175 177 179 181 182 183 185 187 189 193 195 208 209 219 227 232 236 237 248 250 255 258 270 272 273 282 293 300 306 310 316 318 323 327 336 339 342 343 345 347 353 354 360 371 376 377 392 395 396 409 412 422 424 425 426 440 448 449 450 451 455 458 466 468 475 478 483 484 485 491 
221 1 167 171 173 181 189 191 192 196 198 199 203 206 218 219 224 233 235 236 237 238 239 241 243 245 248 249 250 251 253 254 259 275 276 277 286 288 293 296 305 307 308 309 312 322 323 325 328 329 334 337 341 344 346 349 351 352 356 358 359 361 363 373 374 377 379 384 385 387 389 391 392 395 398 400 401 403 404 405 410 411 414 416 418 420 422 423 425 427 428 430 433 434 436 437 438 439 441 442 443 447 451 452 456 458 460 464 467 470 471 475 478 479 483 484 485 489 490 
238 1 170 177 181 192 194 195 196 199 200 201 203 204 205 209 214 215 217 220 224 227 233 234 235 236 238 242 243 244 246 251 254 258 259 262 263 264 265 266 272 277 280 282 283 284 286 296 297 301 302 305 315 317 318 319 320 321 325 328 331 333 336 337 339 341 343 347 350 352 354 355 360 362 363 364 368 370 376 380 382 384 387 391 392 393 395 397 398 400 402 403 407 409 410 415 416 418 420 421 424 426 427 428 429 430 431 435 438 443 444 445 446 447 449 453 455 456 461 464 465 466 473 474 476 477 483 484 486 488 491 492 
266 165 168 170 175 183 184 193 198 206 208 210 212 215 218 224 227 229 232 233 241 243 244 245 248 249 251 267 268 273 274 275 278 279 283 284 288 293 297 316 325 327 339 344 351 355 358 359 372 378 379 381 382 385 387 388 389 392 393 397 398 412 415 425 431 436 450 452 454 458 460 463 467 474 482 484 
164 167 173 186 204 206 208 212 214 218 224 227 235 238 247 251 254 263 271 278 284 309 310 314 318 319 322 323 325 326 330 331 334 335 357 361 368 387 394 402 405 416 421 435 436 451 458 466 471 478 488 491 492 
218 1 165 167 168 175 177 180 183 184 186 187 188 191 192 198 202 206 210 219 223 224 226 230 233 235 242 243 245 247 249 254 256 260 261 262 267 270 272 275 276 278 279 282 284 285 289 290 291 296 297 308 317 321 327 330 339 340 343 344 345 346 351 352 353 356 357 358 379 381 382 385 391 398 399 401 403 404 406 408 411 421 430 431 434 437 442 443 450 451 460 461 472 482 483 485 486 491 
216 207 229 235 236 243 246 254 258 267 275 276 277 284 287 307 313 319 332 352 363 378 384 404 415 420 424 427 434 448 452 459 480 481 486 
42 167 168 173 175 176 178 179 186 187 189 194 198 200 201 203 207 210 211 214 217 223 227 228 229 233 234 235 236 237 246 254 256 259 262 263 265 267 277 278 283 284 285 287 291 292 295 299 309 313 316 318 320 322 323 324 330 331 333 341 343 349 352 355 357 360 363 366 367 368 373 376 377 378 382 385 386 388 392 396 399 400 403 405 406 407 408 409 410 411 422 425 430 433 437 439 441 445 449 450 453 455 456 459 463 466 467 468 470 472 473 474 477 479 485 486 488 491 
103 166 167 168 176 180 181 182 187 189 195 197 199 203 207 211 217 218 220 223 225 228 232 235 237 251 256 257 258 260 261 263 265 266 270 271 277 280 281 284 285 287 288 292 295 315 319 321 327 331 336 337 339 342 344 348 349 351 355 356 364 368 369 371 372 373 375 376 380 383 384 387 390 392 393 395 396 397 398 399 404 405 410 411 412 414 419 421 430 432 436 438 439 440 443 447 450 451 452 456 458 459 461 462 465 469 470 471 473 485 486 487 488 491 
279 165 170 184 187 190 196 197 212 216 217 224 242 253 262 266 271 278 289 308 311 318 333 336 338 355 356 357 358 367 383 388 392 396 403 412 418 423 435 436 437 450 453 460 461 463 466 470 487 491 
31 1 165 167 168 173 174 175 176 177 178 181 189 191 192 193 196 197 201 204 208 209 210 216 217 221 227 232 238 246 250 253 254 255 256 257 258 268 273 275 277 280 284 287 288 289 295 298 300 301 308 311 315 318 322 323 325 332 334 336 338 339 346 347 354 355 357 359 369 372 373 375 377 380 381 382 384 390 393 399 401 408 410 413 417 419 422 423 426 427 428 429 431 434 437 444 446 447 454 456 460 463 473 476 479 480 481 482 487 488 490 492 
30 1 174 185 189 190 193 197 220 221 230 231 235 237 238 242 249 250 252 258 259 260 265 270 271 273 285 287 292 295 296 300 305 308 325 340 341 344 352 354 356 358 360 363 365 372 373 380 381 383 402 405 407 410 416 421 429 431 432 434 440 441 445 446 447 450 452 464 465 466 479 482 484 485 486 
255 250 314 371 385 
58 179 188 197 223 229 235 238 242 243 246 253 257 264 266 274 286 292 293 294 300 303 309 317 318 325 327 341 344 353 364 370 374 391 400 409 424 431 435 440 444 447 450 453 455 458 466 486 489 
139 166 179 185 202 204 207 211 242 247 264 280 281 284 308 309 334 335 340 344 358 363 394 395 404 408 410 429 430 433 440 442 471 479 483 484 488 
106 171 198 202 212 297 304 314 328 334 344 353 358 368 381 383 420 
98 1 170 182 186 187 188 191 192 194 197 199 201 210 212 227 233 236 242 249 250 251 254 266 272 273 274 276 289 290 292 299 304 314 319 320 321 323 330 331 334 336 337 338 350 352 363 365 372 376 377 385 387 393 396 398 406 409 410 411 413 416 421 430 433 435 438 447 457 463 474 477 480 481 484 488 489 
211 186 209 422 444 452 
146 167 173 174 176 178 180 182 184 188 190 200 204 208 215 216 217 218 223 226 228 231 233 234 237 239 243 246 248 254 262 268 269 270 272 274 276 289 290 291 294 297 299 300 301 303 306 309 312 314 315 316 319 322 327 329 330 334 335 339 340 347 353 355 359 364 368 379 381 382 386 391 396 400 401 407 408 418 422 426 429 430 434 435 439 444 446 448 449 451 452 453 456 459 461 462 464 470 473 486 490 
255 167 169 176 178 207 225 228 247 252 259 269 314 322 330 363 371 372 380 400 402 404 413 416 429 432 433 442 445 476 490 
251 173 179 183 191 207 220 221 222 227 233 235 236 238 243 248 261 267 271 273 276 287 291 294 302 309 317 322 323 324 332 340 344 352 363 366 370 371 373 375 378 387 392 398 402 410 412 413 414 416 419 423 426 427 433 436 442 444 445 446 447 455 457 461 465 470 471 472 479 483 491 492 
209 168 171 172 173 181 183 184 185 186 192 193 197 198 200 202 204 207 213 216 220 222 223 228 231 234 235 239 240 241 247 248 252 256 260 262 271 273 274 275 276 280 281 287 288 292 295 297 298 302 304 305 310 312 314 317 324 326 334 336 342 343 344 345 347 350 351 352 353 363 364 366 368 369 370 371 373 378 383 386 388 392 395 396 398 399 401 403 405 406 407 410 416 421 423 429 433 434 440 444 448 449 451 455 457 458 461 462 463 464 466 469 474 479 486 487 488 490 491 492 
35 1 166 167 168 172 173 175 179 180 181 182 183 191 193 195 197 199 201 202 205 207 211 214 224 229 237 244 246 247 248 249 251 252 254 256 259 260 266 267 271 275 276 278 280 281 286 288 289 291 298 300 303 306 307 311 313 315 316 317 320 323 324 327 329 330 333 336 337 338 342 343 344 347 349 350 353 357 358 360 363 365 366 370 374 375 379 380 381 384 387 391 392 394 402 403 406 407 408 410 415 416 418 419 424 428 431 436 437 446 449 450 452 453 456 457 462 464 465 467 469 473 478 482 484 487 489 491 
78 198 238 239 249 284 285 310 353 354 363 380 383 413 443 461 
30 1 171 173 178 179 180 182 183 191 193 194 195 196 197 200 202 210 212 217 223 230 231 232 241 242 252 253 256 260 261 263 264 265 270 271 273 275 276 278 281 284 285 287 292 294 295 300 301 303 307 312 318 321 323 324 327 334 335 336 342 343 344 345 351 358 359 360 366 368 374 378 385 388 390 392 393 395 397 404 405 406 407 408 411 413 417 419 420 422 423 424 436 437 440 442 443 444 448 454 457 462 463 465 466 468 469 470 474 476 485 491 492 
157 167 173 179 180 186 189 192 195 196 199 202 204 205 206 208 218 220 224 225 226 229 230 232 237 238 244 245 251 252 253 255 258 261 264 265 266 270 271 275 282 284 286 288 295 297 300 304 311 312 319 325 327 328 331 332 333 346 347 353 358 364 368 369 380 383 388 392 396 403 404 406 413 414 422 427 434 435 443 444 451 452 456 458 463 464 466 476 484 488 490 492 
211 165 167 168 170 173 184 194 196 200 208 212 213 224 234 243 252 253 256 264 267 272 274 281 282 283 284 285 288 315 320 357 363 367 369 377 388 394 402 406 413 414 420 422 432 448 455 457 460 473 485 
138 170 174 177 178 181 185 189 192 193 198 201 202 204 210 217 220 221 225 226 228 230 234 235 236 237 242 249 251 253 254 259 261 262 265 269 272 273 280 282 283 287 292 293 297 298 300 306 307 315 318 321 327 329 335 337 342 343 345 347 348 352 355 362 367 369 371 375 378 379 381 382 388 389 392 393 395 397 398 399 410 420 422 427 430 434 436 439 444 445 446 448 451 460 463 468 469 471 474 475 476 479 482 483 485 488 492 
213 170 171 173 176 177 178 179 182 185 186 188 196 199 202 203 206 207 209 212 213 220 222 224 231 232 237 239 248 249 250 259 261 263 268 270 272 275 276 277 279 283 284 285 286 287 289 291 292 293 306 308 311 312 314 315 316 318 319 322 324 327 331 332 333 335 337 345 347 353 354 357 361 363 369 372 376 379 381 382 383 384 386 389 390 394 395 396 400 401 405 407 410 414 415 417 418 420 422 425 427 429 430 437 441 442 444 446 452 456 458 459 460 462 463 464 465 467 471 473 475 476 478 479 480 487 489 490 
218 166 173 178 181 184 189 192 193 196 205 211 223 224 225 231 238 243 259 264 268 272 274 275 283 286 290 299 301 312 315 317 325 326 334 335 351 352 355 370 374 381 383 384 392 410 414 421 424 435 438 454 464 465 469 471 473 480 488 490 491 
198 166 167 169 173 175 181 183 185 188 197 204 209 219 221 222 226 234 235 239 254 259 262 266 280 283 286 289 290 292 296 298 299 304 305 307 308 309 317 318 319 324 326 327 333 338 339 341 348 358 362 366 367 368 370 371 377 380 382 385 387 390 391 395 398 400 401 402 404 413 420 425 428 431 432 438 440 443 447 454 456 459 463 464 476 479 480 482 485 486 487 490 
290 169 171 178 184 186 187 189 191 192 195 198 200 206 208 210 212 214 220 231 232 233 234 240 244 247 249 254 255 256 257 259 260 267 270 273 274 276 278 279 289 290 291 292 298 304 305 307 308 316 320 324 326 329 330 332 333 338 341 349 350 352 353 354 356 362 365 366 367 371 377 378 379 383 387 389 390 392 396 397 398 400 401 403 405 412 414 415 416 417 419 422 423 425 428 431 442 443 445 446 452 456 467 468 473 474 475 482 483 485 488 491 
298 165 166 168 170 171 173 177 179 183 186 188 191 195 196 197 199 201 208 209 212 215 217 219 225 227 232 246 249 251 262 265 267 274 277 287 288 293 294 305 306 313 314 319 325 326 329 333 335 337 342 343 344 351 356 357 358 361 362 368 371 373 380 386 387 397 401 405 407 417 418 419 422 427 431 439 446 447 449 452 453 454 459 460 462 465 466 469 472 474 480 485 490 491 492 
95 168 169 174 179 198 217 234 274 276 277 278 280 312 317 327 335 364 388 394 398 409 442 463 466 467 473 483 488 490 
221 168 169 178 186 187 190 193 202 203 204 206 213 215 216 220 222 236 240 246 248 253 254 255 257 258 260 262 271 281 292 302 309 313 314 315 316 321 324 326 328 334 335 336 337 338 343 344 345 347 349 360 364 371 372 373 378 380 393 396 400 406 409 424 431 432 436 438 440 441 443 445 449 456 457 479 482 485 490 
274 165 169 170 173 177 179 180 183 186 189 191 192 196 200 202 203 204 210 215 217 219 220 223 227 228 232 235 236 240 241 242 252 253 254 258 262 277 278 280 283 286 287 301 302 303 305 306 307 309 314 318 324 325 329 333 336 337 339 342 343 346 347 348 350 354 358 370 371 379 386 387 388 395 396 398 399 400 401 402 408 410 414 418 423 425 433 438 439 442 457 461 465 469 471 473 478 479 489 
53 1 176 177 180 185 189 197 198 200 201 202 204 205 206 213 214 216 223 225 230 236 253 264 277 289 297 299 305 309 344 349 354 363 364 371 379 385 390 391 398 413 423 429 447 454 459 461 467 469 484 487 
135 167 171 185 190 198 199 201 204 207 214 228 229 236 240 249 258 260 270 271 274 276 284 289 294 296 307 309 313 321 323 324 326 329 334 335 337 338 339 345 348 352 354 364 372 394 397 398 408 412 414 415 417 421 429 432 439 442 457 464 467 472 473 486 489 
110 182 197 198 220 222 225 229 236 240 242 245 247 250 259 283 285 293 321 322 357 369 373 388 391 410 417 419 420 433 434 444 456 469 478 
63 169 172 173 177 181 182 188 193 196 205 207 208 212 226 238 243 244 249 250 255 258 263 264 272 276 281 288 302 311 314 317 329 332 339 340 349 351 355 360 366 378 382 391 400 401 409 415 420 435 443 444 445 454 455 463 466 469 472 484 486 488 491 
245 171 195 242 263 321 373 392 409 457 473 490 492 
241 165 173 177 182 188 189 190 191 194 204 210 223 230 236 237 244 245 246 247 250 258 259 263 264 276 282 283 288 296 298 303 306 307 309 310 313 314 316 319 322 326 330 332 342 343 344 346 347 348 351 356 367 378 382 384 386 387 392 401 402 405 407 417 419 420 421 424 425 432 434 436 442 444 446 450 453 454 459 461 462 464 467 469 470 473 478 488 
27 168 188 220 226 266 331 335 449 
218 165 169 172 180 181 183 185 188 195 200 202 203 204 211 214 221 222 225 231 248 251 254 256 259 260 261 262 265 270 272 274 275 280 289 292 293 299 301 305 311 321 325 329 335 338 346 349 353 355 358 359 361 367 368 369 371 372 373 376 381 395 399 407 415 417 419 420 428 431 432 433 434 435 436 439 440 454 455 456 464 468 469 470 478 480 483 485 488 491 
24 1 165 168 173 176 186 189 193 198 202 204 206 211 213 214 216 218 222 223 225 231 232 233 236 239 242 243 244 245 246 247 250 251 260 262 263 265 267 269 271 277 281 283 289 290 296 299 304 305 306 309 320 321 324 326 327 328 329 330 335 338 339 341 343 347 349 353 357 358 359 368 369 371 374 378 380 381 383 388 389 391 392 396 397 406 409 410 414 416 417 418 419 420 424 426 427 433 437 443 452 453 456 457 458 460 462 464 473 474 475 479 480 482 489 
40 167 175 176 181 182 185 187 189 190 193 195 199 200 201 209 210 215 216 217 218 232 236 238 240 241 244 246 254 256 258 260 266 270 272 273 275 277 280 285 286 289 292 295 298 309 311 312 320 323 326 328 332 337 344 349 351 353 362 365 367 373 378 380 382 385 386 391 396 401 403 404 408 409 410 411 415 417 421 428 429 430 433 434 436 439 458 461 463 471 474 476 477 481 487 489 491 
240 165 177 178 181 182 184 186 188 189 190 195 204 207 208 212 214 219 222 223 225 228 230 240 241 248 249 250 251 258 262 265 266 270 271 272 273 274 278 279 287 289 290 291 293 305 316 322 326 329 330 331 335 339 340 341 342 345 347 348 349 351 352 354 359 360 362 366 373 374 375 378 379 380 381 391 392 394 395 398 403 404 406 407 411 419 420 424 429 430 431 436 439 441 444 445 446 449 454 458 464 483 486 487 488 
85 1 165 168 170 172 175 177 180 181 185 187 188 191 193 194 195 199 200 201 202 204 205 207 210 213 220 223 224 225 228 231 232 235 250 253 254 256 257 258 260 262 265 267 269 270 272 275 277 282 283 284 288 290 294 295 299 301 307 311 316 318 323 327 329 331 334 336 338 341 342 348 349 351 352 353 355 358 362 365 366 370 371 372 375 379 385 388 394 395 398 399 400 401 407 409 416 423 434 435 436 437 439 441 449 450 452 453 456 457 458 459 462 463 466 468 469 470 471 476 478 479 481 484 487 489 490 492 
299 185 222 235 295 358 384 483 
5 1 177 179 191 195 201 217 234 270 286 298 301 316 339 344 348 360 361 371 375 383 405 408 412 413 420 434 454 467 470 486 
31 165 171 179 184 187 191 205 209 212 223 225 231 233 246 251 269 278 282 300 312 323 327 330 332 337 341 343 347 348 351 363 370 374 382 390 404 406 434 438 443 445 449 459 461 462 466 473 475 479 482 483 
235 167 168 173 180 181 183 184 185 186 191 194 196 201 210 217 224 228 234 237 242 245 248 249 254 256 261 264 265 267 271 273 279 281 282 289 294 302 305 307 309 312 313 316 319 329 334 342 349 350 354 356 365 368 370 372 376 377 378 382 387 390 391 397 410 412 413 418 420 422 423 435 437 443 447 451 468 471 478 480 481 482 485 
198 167 169 170 172 173 175 178 182 184 185 186 189 196 199 201 203 207 212 214 216 221 224 230 234 237 238 240 242 244 246 247 250 251 259 260 261 262 263 264 265 266 267 268 274 281 283 287 288 289 293 297 301 311 324 325 330 336 341 344 359 362 364 368 372 373 374 375 378 381 387 388 392 393 394 397 402 404 406 409 412 420 421 422 424 426 429 430 433 434 436 437 439 442 443 444 449 452 454 455 457 459 461 464 465 466 471 472 473 474 476 477 478 482 485 492 
250 1 165 168 173 183 187 193 196 200 205 208 212 219 224 226 228 237 241 244 248 252 254 259 261 262 270 276 280 285 294 304 310 316 321 328 332 333 342 345 348 356 360 365 369 370 372 378 380 382 388 397 408 416 417 418 429 442 444 455 461 467 473 475 476 479 485 489 
217 165 167 168 171 172 175 178 180 188 190 192 194 195 198 200 205 210 212 227 234 237 240 242 244 245 249 251 252 254 256 260 261 264 268 272 279 281 283 289 296 297 300 309 310 313 315 318 319 323 329 336 338 351 352 353 357 361 364 373 374 375 376 377 379 385 395 401 407 411 412 414 415 417 419 427 428 433 436 441 443 446 448 450 451 453 455 456 458 460 461 464 465 467 468 470 477 478 479 482 483 486 
40 165 167 168 177 179 187 194 197 199 200 202 206 209 211 215 218 222 224 231 232 233 235 242 249 261 262 265 273 274 277 278 280 288 290 294 295 296 299 302 303 305 308 311 313 319 321 322 325 333 335 337 339 341 342 345 347 351 354 360 361 364 368 378 383 384 389 391 395 397 401 405 408 419 420 424 429 430 431 432 436 437 439 444 446 448 454 458 461 462 466 468 473 474 478 485 488 490 
187 190 195 236 328 340 372 
36 200 251 269 273 360 377 464 
51 174 179 183 195 197 198 199 207 209 210 212 213 216 227 228 231 234 240 245 248 255 259 262 266 267 269 284 286 287 293 295 296 303 305 311 312 315 318 319 338 345 361 368 372 373 376 377 379 380 382 383 388 389 392 408 414 415 419 420 421 426 427 435 439 443 457 466 475 478 482 483 487 
129 165 170 179 180 185 188 189 191 195 198 200 205 206 208 209 216 223 227 234 236 238 243 245 246 252 257 258 262 267 268 272 273 274 275 277 278 279 283 288 289 290 297 300 301 306 310 311 312 318 319 320 325 327 329 330 333 335 342 343 344 345 347 348 350 359 360 361 363 374 375 378 381 383 385 390 393 399 400 401 403 406 412 414 417 421 422 423 424 426 434 438 446 447 448 454 456 459 460 462 463 474 490 
280 195 210 211 264 277 278 285 294 299 326 327 328 341 358 386 
143 165 168 170 171 180 182 183 186 187 188 189 193 195 207 208 211 217 222 224 225 226 227 229 232 238 239 240 244 247 248 250 253 254 257 263 264 270 273 277 278 282 288 289 290 292 294 297 299 304 305 307 308 314 317 318 324 326 329 332 336 339 347 350 353 356 358 359 361 364 366 369 370 372 373 377 378 379 380 382 383 384 385 386 392 393 397 398 405 406 409 412 416 417 420 421 425 426 427 428 435 436 442 444 448 450 453 455 463 470 472 474 479 480 483 486 489 491 
41 165 168 170 172 174 180 184 186 189 191 193 198 202 211 220 226 228 232 244 248 249 252 257 260 266 270 272 282 283 284 290 310 312 318 320 323 325 326 330 331 335 339 343 346 353 363 370 384 385 389 390 401 404 405 407 412 413 415 421 424 427 432 436 441 444 446 450 451 454 460 462 465 468 472 481 482 483 485 
5 167 169 171 172 174 177 178 180 183 187 188 189 195 197 199 200 209 214 216 219 220 222 227 228 230 231 232 239 242 245 246 250 252 258 259 263 266 278 280 283 288 289 294 295 296 298 299 303 305 311 312 314 320 326 329 330 333 334 336 337 338 340 342 347 350 356 357 360 362 363 365 366 367 370 373 375 378 380 384 385 386 387 390 391 393 394 395 396 399 400 405 406 407 412 417 420 422 424 431 432 441 443 444 445 448 450 455 458 462 464 465 466 468 476 479 480 482 488 489 
227 171 175 185 188 193 194 196 211 223 231 251 258 272 273 296 306 309 314 319 324 325 327 329 341 342 348 350 358 361 363 364 385 386 390 393 397 400 407 408 413 427 430 431 437 451 454 468 480 483 489 
93 166 168 170 171 172 176 177 178 180 182 184 185 186 193 194 195 196 198 199 202 203 206 207 210 211 219 221 223 224 230 233 248 249 250 251 252 254 256 257 258 260 263 268 269 271 273 280 281 282 288 291 292 293 296 297 298 301 302 305 307 317 319 321 322 323 328 332 333 337 339 349 351 352 355 358 367 373 375 376 377 381 393 395 398 399 402 403 406 407 409 410 411 412 413 415 419 423 424 431 437 439 443 444 447 450 451 452 453 455 458 459 460 469 472 473 474 475 478 483 484 485 487 488 490 
19 166 169 178 179 181 193 197 198 201 207 209 211 217 218 219 220 227 229 231 233 234 236 238 240 241 246 249 250 256 258 259 260 262 263 265 267 268 269 271 273 274 275 277 286 294 296 297 299 302 306 310 311 317 322 324 326 330 337 338 345 351 352 354 358 361 364 368 372 376 379 381 390 391 392 393 394 399 403 412 414 415 417 418 419 421 425 426 432 438 441 442 444 447 449 450 451 453 455 460 462 465 466 472 480 483 484 485 492 
173 171 192 193 194 201 202 208 212 214 216 217 227 228 229 231 241 242 245 246 247 248 249 251 252 253 254 255 256 259 260 262 264 270 278 280 281 283 285 286 290 292 293 294 303 307 309 311 312 313 315 318 319 321 330 332 336 338 339 346 348 349 353 355 358 359 362 363 364 370 371 375 378 380 384 389 390 395 400 401 404 407 409 419 420 422 428 431 436 437 438 448 454 455 457 458 467 472 473 475 478 484 488 490 491 492 
176 171 176 178 179 195 196 218 239 251 255 257 274 313 316 324 342 357 360 366 404 406 416 422 434 490 
53 167 168 174 177 179 180 198 201 204 207 214 221 229 236 241 242 245 251 255 256 257 261 270 272 280 281 283 286 296 297 301 302 304 312 317 318 319 321 331 333 335 337 351 354 362 371 372 376 379 380 388 390 395 398 399 401 403 404 405 407 408 409 411 414 418 420 424 428 439 447 450 457 458 460 464 465 466 467 470 472 479 481 491 
236 165 166 167 173 174 177 179 184 187 196 201 203 211 219 220 224 225 235 236 237 239 241 248 249 251 256 258 262 263 265 268 269 270 272 273 275 277 280 281 284 288 289 294 295 299 300 305 307 308 310 314 315 323 324 329 332 333 335 337 343 344 345 348 349 351 352 353 355 357 358 361 366 367 368 369 372 374 375 382 385 394 396 398 399 401 403 407 410 411 415 416 420 425 428 429 432 434 436 437 438 439 441 442 443 444 445 451 455 456 458 459 461 463 467 469 475 476 477 479 485 486 487 488 489 491 492 
169 167 171 172 176 177 181 183 184 186 187 189 190 195 197 199 200 202 204 205 207 211 215 217 220 227 230 233 240 241 248 249 251 262 264 265 266 267 268 269 276 278 282 289 293 294 295 298 300 302 305 312 318 320 324 328 334 344 345 347 350 351 352 355 359 360 361 366 368 379 382 384 385 386 390 393 395 396 402 415 417 420 427 428 432 434 441 444 451 452 458 459 462 465 466 467 468 471 480 484 487 490 
201 168 173 215 222 241 244 251 277 318 325 337 349 472 481 491 
65 166 169 174 181 190 197 202 204 207 210 212 214 218 229 232 241 245 246 248 252 253 254 259 265 269 271 285 300 304 311 327 332 335 338 354 357 358 363 365 376 385 392 400 401 403 415 416 424 425 429 433 454 476 485 486 487 489 
143 168 173 189 209 211 216 218 231 233 260 269 271 274 275 288 296 308 311 315 324 329 335 341 357 365 373 391 400 410 411 415 417 431 432 440 441 454 455 461 465 471 483 486 
202 169 174 178 183 185 191 194 203 205 211 213 220 222 223 231 232 238 243 247 257 259 271 276 280 285 291 292 305 306 310 312 317 321 323 324 330 335 337 339 340 345 350 351 355 359 360 364 365 369 370 372 375 377 381 383 384 386 391 392 397 407 412 413 414 417 418 420 423 428 429 434 442 445 447 452 453 461 469 470 471 476 478 480 482 486 489 492 
265 1 171 175 177 186 187 188 189 190 191 198 200 201 203 204 205 211 213 215 217 218 221 223 226 227 228 229 231 236 240 242 243 244 247 249 250 251 255 259 260 262 266 268 269 270 277 279 280 283 286 288 291 292 293 295 300 302 305 312 314 315 319 320 321 322 328 330 335 336 337 342 343 345 346 347 354 356 357 359 360 362 364 365 367 368 369 371 375 382 383 384 385 386 387 389 390 396 398 400 403 404 408 411 412 413 415 420 421 423 429 431 434 435 439 441 442 443 453 460 466 470 471 478 481 482 484 486 488 489 
88 176 183 184 185 187 190 191 192 193 194 195 196 198 205 208 210 217 219 224 226 227 230 231 232 236 238 240 249 250 252 254 256 258 260 262 263 283 285 291 293 295 296 304 305 306 307 309 311 312 313 318 322 330 335 336 337 339 342 343 345 347 348 351 359 361 362 365 367 369 370 372 373 382 383 384 386 392 394 395 399 402 406 429 433 437 443 445 446 452 453 459 460 464 465 466 467 472 473 474 475 479 487 492 
147 168 169 172 179 180 183 190 191 192 198 201 205 208 210 220 221 224 226 228 231 239 243 245 248 253 257 259 260 265 267 269 274 279 281 282 296 297 300 302 307 314 326 333 336 339 341 343 344 350 352 356 367 374 375 379 390 394 395 396 398 399 401 409 410 412 416 421 428 430 431 434 438 440 442 443 447 455 458 464 479 484 489 492 
143 1 165 168 171 175 176 178 179 180 181 182 185 187 189 196 205 208 210 211 212 213 217 219 220 221 223 233 235 236 239 244 248 254 256 259 262 264 265 268 269 272 274 275 276 277 282 285 294 301 306 308 309 310 315 317 318 319 323 324 327 331 333 336 337 339 340 347 350 354 357 360 365 369 372 373 374 376 390 391 392 395 397 403 406 410 412 417 420 421 426 431 434 435 443 445 447 451 452 458 464 477 483 487 488 491 
152 171 188 190 194 196 213 244 246 248 250 254 272 279 286 289 292 295 298 299 307 308 309 317 324 328 331 334 343 344 348 351 364 373 397 433 435 438 439 462 464 475 479 484 485 486 492 
162 170 175 177 181 182 184 190 191 192 193 194 195 200 202 204 209 211 212 223 226 228 233 234 239 247 248 252 254 255 261 266 271 273 280 282 285 288 290 295 296 305 306 308 312 316 317 318 326 328 329 330 332 340 344 345 349 357 359 360 361 362 364 365 366 367 368 369 371 373 379 382 383 385 387 393 399 401 402 410 412 414 415 417 421 428 430 431 432 434 439 440 441 443 454 456 457 458 459 468 469 476 477 481 486 487 
208 166 169 174 175 178 196 206 209 211 213 220 222 228 231 232 233 237 243 244 249 259 262 264 267 269 273 275 283 290 294 296 297 298 299 302 303 306 308 321 342 345 347 348 350 352 354 357 364 365 367 371 374 375 384 385 397 399 403 404 408 415 416 422 442 448 450 451 453 457 463 468 470 475 478 479 480 483 484 488 492 
140 170 171 177 180 188 189 190 196 199 200 203 205 208 214 221 229 230 232 233 236 237 239 243 245 247 250 252 253 254 257 262 266 272 275 282 285 287 288 289 292 296 303 305 309 310 317 322 325 327 334 337 339 343 344 346 349 350 352 353 356 357 358 363 365 366 367 370 371 372 373 374 377 379 383 388 392 395 396 399 401 403 404 407 408 410 412 414 418 420 424 425 436 443 450 451 457 458 461 464 465 468 473 475 477 480 481 486 490 
1 167 186 187 190 210 231 237 239 242 256 258 260 262 263 269 288 301 328 331 339 358 361 375 381 388 389 393 414 430 436 450 466 468 478 483 484 490 
231 166 179 182 187 189 193 200 206 207 219 222 225 227 235 241 252 263 271 272 273 274 279 280 290 291 301 302 314 322 324 328 329 341 342 344 345 351 352 354 362 369 372 378 383 384 398 406 412 415 416 418 427 432 435 440 443 444 448 449 450 460 467 476 481 487 489 491 
145 1 177 180 183 188 189 192 194 195 196 197 200 202 203 204 205 208 211 213 214 217 219 225 231 238 241 243 246 251 252 257 258 259 260 262 263 265 266 270 272 275 276 279 282 284 291 294 295 297 302 303 304 306 310 311 312 314 316 319 322 323 329 331 333 335 339 340 343 344 345 346 351 354 356 357 365 367 368 374 375 379 380 382 384 385 387 392 393 394 395 400 404 407 408 410 411 415 416 419 421 425 426 427 432 433 435 444 445 446 447 453 455 459 460 461 464 465 473 474 475 476 477 480 481 486 488 489 490 
103 166 174 180 182 188 192 193 194 204 214 231 247 253 261 265 267 271 276 282 287 291 298 310 319 324 329 332 333 334 335 342 344 350 356 364 371 373 383 385 404 405 408 410 416 419 420 421 451 452 457 458 469 475 479 
76 166 168 171 177 182 186 187 192 193 194 207 209 215 217 220 233 241 264 267 272 280 284 285 294 297 298 307 321 322 329 330 336 339 340 341 343 346 354 358 365 374 382 388 392 394 395 399 407 408 409 412 420 421 423 427 434 437 440 451 452 453 454 460 461 465 466 469 470 474 476 480 482 485 487 489 491 
50 165 180 182 193 207 218 229 232 252 253 256 258 260 277 278 282 315 332 342 379 405 432 435 450 453 489 
298 189 200 344 356 477 
147 185 188 198 205 210 220 223 237 239 244 256 271 284 293 302 306 315 336 341 344 353 366 388 389 401 411 418 428 429 431 433 438 441 442 447 462 465 471 484 
88 230 238 272 346 350 383 422 430 431 443 450 468 
123 1 167 169 172 177 179 180 182 184 185 186 187 190 194 196 200 202 205 206 208 217 226 233 239 247 251 253 255 261 263 264 275 276 277 285 292 293 295 299 300 306 307 309 312 315 316 319 320 324 327 341 342 344 346 352 353 362 363 368 371 377 378 379 392 393 395 396 400 401 419 421 423 425 429 430 434 435 444 447 449 452 456 458 460 465 466 470 471 472 483 487 490 491 
131 171 189 198 221 245 255 322 348 350 361 365 393 394 409 439 444 447 456 458 472 
110 201 245 254 279 335 348 365 371 375 445 459 484 
193 166 167 168 169 177 178 185 187 195 197 199 206 207 208 215 217 219 220 221 227 228 231 235 237 239 243 248 252 255 259 260 261 264 268 273 275 277 280 283 288 294 304 306 310 311 315 317 328 332 336 339 346 347 360 362 367 370 371 373 375 378 381 382 390 391 395 397 400 408 414 420 424 428 430 431 435 442 449 452 453 458 460 461 463 465 473 478 480 484 485 
205 166 169 173 175 176 177 180 181 183 185 186 189 191 196 201 202 203 209 212 213 216 217 219 220 233 235 236 248 249 252 253 260 261 263 268 269 270 272 274 276 277 281 282 284 286 289 295 297 298 302 307 312 313 314 318 324 326 327 332 335 336 337 340 341 345 348 350 351 352 355 356 357 358 361 364 365 368 369 370 372 378 380 382 383 386 387 390 395 396 400 403 404 407 410 411 412 413 417 422 423 425 426 431 434 439 441 447 448 450 452 454 455 456 458 466 471 480 485 486 491 492 
269 221 313 345 373 404 
24 165 166 170 174 175 177 180 183 184 187 189 190 191 195 204 208 210 211 212 215 219 223 225 228 235 240 242 251 252 253 255 259 261 269 270 271 274 275 276 279 280 282 284 286 287 294 296 297 298 299 302 304 306 309 316 318 319 322 326 329 330 332 333 344 345 346 349 351 357 359 362 363 365 370 374 384 396 397 398 399 400 409 411 416 417 424 429 431 433 443 444 452 460 462 463 464 467 475 476 478 479 481 488 489 490 491 492 
59 188 231 238 259 262 282 298 307 331 354 373 411 414 423 430 439 470 
61 173 186 190 194 195 204 219 230 232 242 244 266 274 277 283 291 306 315 321 328 332 341 364 377 394 404 409 417 441 450 467 473 
279 1 165 168 180 182 184 185 186 188 189 191 194 197 199 205 206 207 211 212 214 220 223 224 227 229 241 243 247 250 251 260 262 274 278 279 281 284 286 290 297 300 302 304 305 307 311 316 327 328 330 332 335 340 341 344 345 348 353 360 365 366 372 375 376 380 383 386 387 388 389 390 391 392 397 402 403 404 405 409 410 411 413 414 415 418 419 424 426 427 428 429 431 438 442 443 451 456 459 461 464 465 466 468 470 473 474 475 478 479 480 487 490 
252 172 179 180 181 193 194 208 211 221 228 229 233 237 243 249 250 261 271 273 277 280 285 295 306 307 312 314 331 333 354 358 375 378 391 392 396 405 406 415 419 420 432 434 435 436 442 448 454 466 467 470 481 485 
219 165 167 168 171 178 182 183 184 188 193 194 199 207 208 210 212 215 224 225 230 233 240 243 245 247 248 249 257 261 262 266 271 273 278 279 280 282 284 286 288 292 293 295 296 302 303 304 306 307 314 315 319 323 328 332 336 344 345 346 348 354 355 358 362 364 371 381 384 386 390 391 392 396 398 399 400 401 402 412 419 426 429 431 432 435 437 438 448 449 452 455 456 459 460 470 472 475 476 477 480 482 483 484 485 488 489 
15 176 189 193 215 219 221 225 235 237 248 258 272 275 291 323 369 372 421 425 436 442 450 452 468 472 477 491 
261 168 170 171 174 179 180 184 185 189 192 199 208 212 213 218 222 226 227 228 230 231 233 234 235 236 247 248 250 260 264 267 269 274 277 280 282 283 284 287 291 296 301 302 305 312 313 316 319 325 330 339 341 344 346 348 350 357 366 367 368 370 371 372 374 380 383 384 385 389 392 394 399 404 406 410 411 412 414 415 418 419 422 427 429 431 436 437 438 442 443 444 446 447 450 456 458 459 463 472 474 481 483 485 487 492 
166 165 167 168 170 172 173 177 178 181 184 185 186 187 188 189 195 196 197 202 204 210 211 212 213 216 219 221 222 225 226 227 228 230 232 236 237 246 250 253 254 257 260 261 263 276 289 290 296 299 303 306 308 309 313 314 316 322 323 324 326 329 331 333 339 340 343 344 345 347 351 352 354 366 367 371 375 376 379 381 382 386 387 389 390 391 392 393 394 397 399 402 403 404 405 406 410 418 421 426 430 435 436 438 439 441 442 445 446 452 461 469 472 475 478 479 481 482 484 485 486 492 
207 176 180 196 207 216 219 227 235 239 240 245 258 262 263 265 273 274 281 284 290 291 302 305 308 315 334 345 348 357 368 372 374 375 379 398 406 429 437 440 441 443 454 457 471 475 481 486 
43 1 167 169 175 204 230 233 243 272 284 328 329 336 341 344 345 346 353 361 364 380 398 400 407 431 436 445 455 485 488 491 
77 165 170 172 176 180 182 183 185 189 190 191 201 211 216 231 234 240 241 249 252 260 261 263 269 270 271 273 274 277 278 279 282 296 297 298 299 301 314 328 329 332 338 340 345 348 354 363 369 373 374 375 376 377 382 383 388 390 391 398 403 404 406 409 412 414 416 423 424 431 432 438 444 449 450 455 460 462 469 475 476 477 480 481 492 
195 169 171 181 194 213 224 235 252 270 286 292 300 301 302 314 318 337 346 360 361 362 363 375 384 400 442 443 471 474 479 
23 169 179 184 188 189 193 196 198 199 200 204 205 207 213 219 221 232 238 239 241 243 252 255 257 259 261 262 263 264 267 268 275 276 278 279 281 284 289 291 297 298 303 304 305 308 314 318 322 325 327 329 333 335 342 345 346 347 352 355 358 363 366 369 372 377 378 382 383 387 391 395 400 402 404 405 406 408 410 411 412 413 416 419 421 424 425 428 429 435 436 441 442 445 447 455 456 460 467 468 470 471 476 477 479 483 484 492 
59 166 173 182 184 190 194 214 219 228 237 246 267 292 296 299 316 329 332 337 348 349 360 363 371 374 386 388 394 398 427 440 459 476 488 
162 166 167 169 171 173 174 178 180 186 187 189 195 197 198 200 201 209 210 211 214 217 220 227 228 229 230 231 233 234 236 239 243 255 256 258 259 261 264 266 267 269 273 280 289 291 292 296 300 301 302 305 308 309 310 314 315 317 320 323 325 326 330 332 333 336 339 342 343 344 350 351 357 358 359 362 372 388 390 391 392 393 396 397 399 403 406 408 412 415 421 424 428 433 437 441 446 447 454 455 457 459 461 464 465 469 470 472 481 482 491 
17 168 182 190 211 236 239 243 244 245 261 264 286 299 302 310 319 355 365 370 384 391 397 403 405 411 412 413 420 421 425 426 428 435 446 451 457 472 475 482 483 486 492 
6 188 193 201 223 280 289 305 306 352 361 365 366 372 375 378 382 383 416 417 452 453 478 492 
67 1 166 189 194 200 204 206 215 217 219 225 229 231 232 233 236 238 249 250 254 258 261 270 272 279 281 282 283 286 295 296 297 298 299 300 304 310 316 318 319 326 327 331 346 367 371 372 376 378 379 388 389 400 402 405 406 410 412 421 423 425 432 447 452 453 454 455 457 459 460 464 465 468 471 480 482 483 
38 172 173 192 206 208 209 225 250 265 269 276 279 287 298 300 308 319 323 325 326 328 330 339 340 341 342 351 363 369 379 384 385 388 394 400 408 410 423 424 427 433 444 445 450 482 485 489 
253 166 167 168 173 177 178 184 186 187 191 206 207 211 213 216 218 220 222 223 224 226 227 230 233 236 239 240 241 242 245 246 247 252 254 255 256 257 262 266 288 294 295 299 302 303 304 305 307 308 311 312 313 314 315 317 318 322 325 332 335 336 337 339 342 352 355 359 360 362 363 366 367 368 370 372 373 376 379 383 384 385 386 388 390 392 393 398 399 400 402 403 408 409 410 417 429 433 434 436 437 441 443 444 448 449 453 455 462 469 470 473 475 478 481 485 489 
271 167 168 169 170 174 176 177 179 180 183 187 194 199 204 206 208 211 216 217 223 227 229 232 238 245 256 257 261 265 267 269 273 279 280 284 289 294 295 296 299 303 316 318 322 323 333 338 345 350 351 352 359 363 364 366 371 373 375 377 379 381 383 390 396 397 406 412 418 421 422 426 427 428 431 433 440 442 443 444 466 475 481 482 487 490 491 
267 1 166 178 186 187 194 195 199 200 201 207 212 217 218 219 223 229 230 231 232 233 234 237 238 242 246 247 256 257 258 260 261 263 264 265 266 268 269 270 273 277 279 280 284 285 288 290 291 293 294 295 296 297 303 305 306 307 308 309 310 311 312 314 317 319 323 325 329 333 334 336 338 341 345 346 348 351 357 358 359 364 365 366 369 373 375 376 383 388 392 397 399 400 403 404 406 407 408 409 410 417 420 421 424 425 427 429 432 435 436 441 447 449 455 457 467 468 469 474 475 478 479 481 482 483 490 491 
237 166 169 170 171 179 180 185 190 194 196 199 200 205 210 211 214 216 219 222 226 228 230 231 232 233 234 235 237 239 245 248 250 256 258 259 265 267 268 271 274 277 278 279 282 283 284 285 290 292 293 295 297 301 302 304 306 312 313 314 315 319 322 325 328 329 331 333 334 335 337 349 357 364 365 366 370 372 374 375 380 386 388 390 392 394 396 401 406 408 413 414 415 416 420 421 425 426 432 433 437 441 442 443 444 447 449 452 453 455 457 458 459 461 462 466 469 470 473 474 475 476 477 478 479 480 481 492 
188 177 254 360 381 384 467 
187 1 166 172 178 180 181 183 186 187 189 193 196 202 205 208 213 216 225 229 235 236 237 240 250 251 252 253 255 259 260 267 270 272 279 282 283 285 286 287 288 292 294 298 300 304 305 306 309 310 318 321 328 331 332 333 336 337 342 347 348 357 359 361 364 369 372 373 375 376 377 378 380 382 383 386 391 393 394 397 398 399 403 404 405 407 408 413 423 425 428 430 432 433 434 437 442 443 444 446 447 450 453 454 458 460 461 474 475 477 480 481 485 487 490 492 
69 1 165 166 168 172 175 177 178 186 187 190 192 193 200 202 203 204 208 209 215 216 217 219 223 225 226 229 231 234 237 238 241 242 243 244 245 246 253 255 257 259 261 262 265 269 270 273 278 280 285 286 288 289 292 293 296 297 299 308 309 310 314 318 321 327 330 332 333 339 345 346 357 362 364 365 368 371 376 378 384 390 394 397 398 401 403 409 410 414 424 425 427 428 429 430 431 432 434 435 436 437 439 441 442 443 456 459 462 464 465 466 467 479 480 484 486 488 491 492 
273 204 253 319 333 334 340 416 422 
200 1 168 169 172 173 175 218 221 227 230 232 250 265 275 277 287 301 307 310 319 339 350 355 357 376 391 395 400 401 414 416 422 435 443 445 447 458 461 463 468 480 
296 166 176 190 199 202 210 214 216 219 223 224 225 254 257 258 265 271 280 282 286 288 291 297 302 304 305 312 313 325 328 335 339 358 368 377 393 398 402 404 409 413 415 431 434 439 445 452 455 458 464 485 488 
58 203 242 269 454 
207 169 172 173 176 177 181 182 183 187 188 189 194 204 205 207 212 219 223 225 227 230 236 250 252 253 258 259 266 267 275 287 292 297 298 304 306 307 308 309 316 317 319 321 326 334 338 339 340 348 349 350 352 353 366 368 371 372 376 384 388 396 400 401 402 414 422 428 431 437 438 441 442 443 445 447 450 458 460 470 471 472 473 475 476 478 479 480 483 
176 165 169 174 176 178 180 183 186 187 192 194 195 196 200 201 204 205 209 211 214 219 224 227 230 231 233 236 239 246 249 251 252 261 262 265 266 270 271 277 279 281 282 283 284 285 286 287 288 292 293 298 299 300 301 303 304 309 311 312 313 314 315 318 320 325 326 328 334 336 340 341 342 343 345 347 354 362 366 367 371 372 375 377 379 381 384 388 390 391 397 398 399 405 408 413 414 422 425 428 429 436 446 451 452 453 463 465 468 476 478 486 490 491 492 
129 168 172 173 174 175 176 182 184 187 188 191 192 193 195 197 198 199 200 203 205 208 210 212 213 216 217 219 220 222 223 228 238 243 249 250 253 254 256 260 265 266 267 270 271 273 275 288 299 301 302 305 309 313 314 315 320 322 324 330 332 336 342 346 347 348 349 350 357 358 360 368 369 373 374 376 377 383 384 390 395 403 408 409 410 411 413 414 415 418 423 425 428 429 430 431 433 434 435 438 442 443 446 448 449 452 453 454 457 458 459 461 465 466 467 468 471 473 474 477 482 486 490 492 
94 170 198 206 267 291 315 336 355 359 384 396 419 441 451 488 
87 1 165 168 169 171 172 175 176 179 182 185 190 192 193 196 199 201 210 215 219 224 235 247 249 251 253 260 261 262 264 266 267 272 276 278 283 284 285 288 290 291 292 293 295 296 298 305 308 309 310 311 314 315 316 320 321 323 329 331 332 334 339 345 347 348 349 353 357 360 365 366 367 372 373 374 376 378 381 386 391 393 394 396 397 398 399 400 401 402 416 418 420 422 424 428 433 437 440 441 445 446 449 454 458 461 464 466 469 472 473 475 482 487 489 
29 184 187 245 253 255 268 299 301 308 318 342 369 379 402 405 414 425 440 465 470 487 489 492 
107 169 171 178 182 210 255 266 290 294 335 347 357 366 367 382 392 413 422 434 453 456 471 485 492 
191 194 204 206 228 242 248 255 259 280 290 294 295 296 329 336 341 344 347 350 365 367 370 372 389 402 410 414 416 425 429 436 451 460 464 484 
285 1 167 169 171 172 174 177 181 182 185 188 190 200 202 204 205 206 207 208 209 211 213 218 227 228 234 236 237 248 253 259 260 264 265 266 275 278 279 280 286 288 290 301 303 304 305 309 311 322 332 336 342 344 345 359 361 366 367 368 371 380 383 384 387 388 390 393 396 397 398 399 400 401 404 406 409 415 419 422 427 428 430 431 432 434 435 443 445 446 448 450 453 454 455 456 460 461 463 465 466 467 469 471 472 473 475 476 480 481 482 483 485 489 490 491 492 
281 181 195 198 222 243 272 273 290 308 329 333 336 381 386 399 403 409 440 
291 169 177 212 217 235 238 242 249 258 265 280 285 286 296 300 317 326 332 347 349 353 355 359 376 389 396 399 420 421 434 450 466 467 472 473 487 
49 170 172 181 189 192 193 194 196 208 210 212 216 220 230 233 237 260 261 264 270 273 276 277 278 287 288 290 298 304 308 310 312 318 319 321 325 328 330 331 332 335 340 350 351 352 353 354 355 366 367 370 372 373 374 378 382 387 388 396 406 408 410 411 417 418 420 432 434 435 436 439 440 442 446 456 461 462 463 470 474 478 479 482 485 488 490 
219 165 167 171 187 274 288 303 338 343 355 357 359 399 419 462 471 477 480 492 
201 179 189 193 194 195 198 205 207 223 236 261 267 271 277 281 288 291 292 293 294 310 318 327 335 363 366 368 369 377 382 395 396 405 406 425 439 460 474 480 483 485 
107 167 176 177 237 257 271 311 332 416 422 423 457 492 
116 168 183 186 187 188 190 201 207 219 229 230 231 246 247 259 268 269 273 286 294 298 303 319 325 338 343 357 367 369 370 374 388 399 411 415 417 422 435 437 438 440 455 456 465 469 483 491 492 
23 178 183 185 211 244 245 249 257 259 266 278 281 284 290 291 298 301 302 307 308 340 342 343 362 364 368 392 402 403 419 424 428 432 433 434 443 452 457 458 462 468 469 489 
105 173 189 211 247 276 294 309 332 341 385 461 467 477 
22 168 176 186 188 205 214 226 228 235 236 260 279 283 284 288 303 304 307 313 342 350 359 362 378 379 392 394 396 399 402 425 433 437 438 451 462 463 473 478 480 488 
195 165 166 170 171 177 183 188 189 201 202 203 206 209 212 222 229 232 238 239 240 243 244 250 253 254 255 257 260 262 264 266 267 270 271 272 275 280 281 283 287 291 296 300 301 302 310 313 315 317 319 321 324 325 329 337 338 344 347 352 355 356 361 364 378 379 383 384 386 387 391 394 396 398 400 402 404 408 411 414 415 416 420 422 423 426 433 438 442 450 453 459 461 465 466 467 472 473 477 479 482 485 488 489 491 
277 1 165 172 174 180 186 187 189 194 199 202 205 206 210 228 230 243 249 251 260 262 263 271 283 284 287 295 311 313 314 315 316 322 328 338 340 341 349 362 364 365 368 370 371 380 382 389 404 409 411 424 425 426 427 437 448 449 460 465 468 469 471 472 482 
86 175 177 179 184 185 187 189 196 199 201 204 208 210 212 219 220 221 228 232 237 241 242 247 253 263 270 272 280 284 290 292 295 302 305 313 320 324 334 335 337 338 343 348 349 353 358 367 376 378 380 381 386 389 391 392 393 394 396 397 400 404 410 411 412 414 416 419 421 422 424 434 435 436 441 444 450 454 455 456 457 460 471 477 478 479 480 
53 167 169 170 172 174 175 176 177 181 182 186 203 204 210 217 224 233 235 236 243 256 257 258 260 270 276 279 281 291 298 309 314 317 318 328 336 337 338 340 342 343 346 347 362 363 364 365 372 376 379 387 391 394 395 397 400 404 412 415 420 421 432 433 435 438 441 442 449 451 452 453 454 456 462 471 473 474 479 480 492 
299 166 167 172 178 188 199 202 203 208 210 213 215 220 236 249 255 258 264 267 293 296 304 311 313 314 322 330 335 345 347 352 356 357 362 377 382 389 390 398 399 402 413 416 428 434 435 443 450 455 459 460 472 487 
149 1 166 168 169 175 179 180 197 218 238 239 243 261 267 274 276 279 288 292 298 306 309 313 327 335 339 356 360 366 378 404 408 414 415 427 433 446 453 456 462 463 466 474 475 488 492 
104 187 193 208 226 236 244 263 267 281 299 325 330 342 348 351 375 408 411 482 488 489 
184 295 306 309 342 344 439 456 463 467 
34 1 175 177 181 182 194 201 206 207 208 219 222 225 226 231 237 239 250 255 272 274 275 280 288 291 294 295 297 299 307 313 322 336 337 338 342 343 348 349 354 357 360 362 364 365 368 371 380 382 385 386 391 398 403 410 424 425 427 429 440 445 446 452 456 473 485 
71 166 170 172 176 177 179 183 196 197 202 204 211 212 220 225 232 239 240 251 253 259 263 265 269 277 280 284 286 287 290 293 294 306 313 317 321 326 335 337 338 339 340 341 347 353 355 368 370 372 373 377 393 403 407 408 411 419 431 436 437 444 447 452 456 476 479 482 488 490 
148 171 176 194 195 196 199 201 202 207 210 214 217 242 253 270 285 288 301 336 341 344 351 362 368 398 400 408 413 422 426 428 429 430 433 435 441 443 445 449 455 456 457 469 470 484 490 491 
40 166 177 187 190 192 194 200 209 226 252 262 265 276 277 283 292 293 294 302 311 313 321 322 331 332 334 363 370 379 384 387 388 390 406 419 430 431 451 453 454 455 462 467 470 489 490 491 492 
282 185 195 206 228 244 259 291 369 
111 1 165 166 167 173 176 177 181 183 184 187 191 198 200 205 207 210 215 217 228 230 238 243 245 252 253 254 255 256 257 259 261 262 264 267 269 270 275 276 287 290 291 294 295 296 298 304 305 309 310 312 315 318 321 325 327 339 341 344 353 355 356 358 362 365 369 371 372 376 378 386 392 396 400 404 409 412 417 423 428 431 435 441 445 446 448 453 461 466 468 480 481 482 486 487 
266 167 171 174 182 197 203 209 216 220 223 227 228 231 233 234 252 271 274 282 288 292 305 306 307 316 320 322 327 341 345 351 356 359 360 373 392 393 394 411 412 415 422 424 425 430 438 444 453 458 460 461 474 
23 194 253 386 424 
165 166 167 176 182 187 204 206 207 208 210 211 214 216 217 220 221 223 228 229 230 238 244 251 262 267 268 270 273 278 282 283 285 288 292 295 296 300 303 308 310 316 319 331 335 337 344 347 348 349 352 353 364 365 368 372 378 390 398 405 411 414 415 419 428 437 439 448 451 452 456 457 460 463 467 468 469 470 474 479 480 483 
71 176 184 198 203 204 217 221 226 243 252 264 285 288 296 299 303 325 336 340 354 359 364 374 376 379 386 407 408 410 419 420 432 434 435 444 445 451 455 463 467 469 476 484 488 489 
213 165 166 167 171 173 177 182 186 189 190 192 193 197 203 204 206 208 209 224 226 237 238 239 247 251 252 253 258 273 277 278 290 291 292 293 297 299 301 308 310 316 317 321 331 336 338 357 359 360 364 368 372 379 384 386 387 391 392 397 406 408 411 417 420 429 432 438 446 452 457 465 471 476 483 485 488 492 
130 165 168 178 181 191 192 212 217 218 228 233 239 248 252 254 255 256 257 260 264 268 269 270 291 294 295 297 328 332 333 342 348 362 371 375 386 388 398 409 415 417 434 435 448 461 463 465 479 480 486 487 490 
204 165 171 172 174 178 180 183 184 188 193 195 196 197 208 209 210 211 212 213 214 215 218 220 221 225 226 228 233 237 242 243 245 246 249 250 251 254 256 257 259 268 270 273 275 277 279 282 286 290 293 298 303 304 306 308 310 313 314 315 320 322 324 330 332 336 340 345 347 353 354 356 361 368 370 376 377 380 381 385 387 389 392 394 396 399 400 401 403 405 406 411 414 415 416 424 426 427 429 432 438 439 440 445 448 452 454 458 462 463 467 469 470 475 478 479 480 482 484 489 490 492 
62 170 171 172 173 179 183 186 191 193 194 195 207 209 210 211 212 219 220 225 226 239 241 249 250 253 254 255 260 261 263 264 269 271 284 288 295 297 299 304 305 308 311 312 315 318 319 321 324 325 328 329 332 334 336 338 339 343 350 352 365 368 369 371 373 376 377 389 394 398 403 410 415 416 421 423 425 428 431 434 451 454 457 467 469 474 476 484 486 489 492 
59 168 172 173 176 186 189 193 194 195 204 205 215 217 219 224 226 227 234 238 239 245 247 252 255 257 268 269 274 278 283 285 286 289 290 293 294 296 320 322 325 327 328 333 336 340 347 354 355 358 360 374 376 379 380 383 384 393 395 398 409 410 417 422 424 429 438 443 445 449 457 458 461 464 467 470 475 489 
181 1 174 176 177 178 179 180 190 196 205 208 210 211 216 218 223 224 225 226 231 232 237 244 246 248 252 259 260 262 265 269 273 283 286 290 293 304 308 310 312 313 316 320 328 329 330 333 336 337 342 345 346 352 357 358 363 365 371 373 374 375 381 391 394 397 400 401 404 407 408 412 421 422 441 442 445 446 451 460 461 465 471 476 478 482 486 488 
109 168 172 178 180 183 186 188 190 195 197 200 203 211 215 217 218 219 224 225 226 229 231 232 233 234 237 238 242 246 248 251 252 253 254 255 257 258 259 260 265 268 270 271 273 274 277 278 279 281 282 283 286 287 288 290 293 295 296 298 301 303 308 311 324 326 328 329 334 338 339 340 343 347 348 349 356 361 365 367 368 372 377 382 385 386 387 390 394 397 399 400 402 405 408 416 417 420 421 422 429 434 435 440 448 449 451 452 453 456 462 465 468 470 474 475 481 482 484 486 488 489 492 
111 167 171 182 192 200 205 206 208 213 221 223 225 236 243 248 256 257 260 264 267 268 284 285 287 301 305 318 327 331 333 341 355 362 369 389 391 398 411 430 441 464 467 472 484 485 487 491 
192 165 166 167 172 178 180 185 202 205 207 217 222 223 225 228 234 243 253 254 260 288 299 306 314 321 323 327 329 331 335 336 340 341 344 370 373 387 395 397 406 407 419 459 461 462 472 473 480 484 487 488 
80 169 174 176 180 188 190 196 200 203 207 209 216 220 223 225 229 233 234 240 241 245 248 250 252 255 259 260 266 268 273 275 280 281 284 285 286 290 291 292 294 295 299 300 301 303 307 314 322 323 324 326 329 336 338 342 343 349 352 356 357 364 372 374 376 383 387 389 405 415 418 420 421 424 426 436 437 449 455 458 461 465 467 471 479 481 489 
95 1 167 169 170 174 182 187 188 191 198 201 202 204 206 212 216 217 223 230 232 238 241 242 243 245 247 248 249 251 253 254 258 261 264 267 269 272 278 290 293 297 298 305 306 309 311 315 316 318 319 321 322 326 332 336 338 340 341 352 360 361 362 367 368 377 378 379 383 388 391 394 396 398 399 403 405 406 412 414 415 417 418 420 424 425 427 431 435 438 445 449 457 460 464 466 468 470 471 472 476 477 478 479 481 482 483 485 488 490 492 
260 178 179 182 190 196 202 204 215 224 227 234 235 238 246 252 274 283 288 290 298 300 301 303 309 320 326 334 346 350 359 363 365 368 377 383 384 401 410 413 416 421 423 429 435 437 441 444 445 449 457 470 488 491 
274 1 167 174 184 185 201 207 208 209 211 216 223 226 227 231 232 236 237 238 241 243 247 248 253 255 261 262 264 267 270 273 280 281 284 286 296 300 304 306 307 308 311 313 319 323 325 327 331 332 338 339 340 341 343 349 354 356 357 364 368 369 371 376 378 387 388 401 405 406 408 412 416 418 419 421 422 434 435 441 442 445 447 451 452 454 466 469 470 471 475 476 477 481 484 489 
271 168 179 183 187 189 190 193 196 198 200 202 203 204 206 207 208 209 210 219 221 231 234 237 240 241 245 253 255 260 261 264 265 267 268 270 272 275 276 277 281 282 286 289 291 294 296 298 300 301 302 307 314 320 321 322 326 327 332 333 335 337 338 341 342 347 349 351 352 354 355 356 362 365 366 369 373 374 377 378 380 383 387 388 389 393 394 396 401 409 417 421 425 426 427 428 429 431 435 441 442 443 444 445 447 448 452 454 455 456 457 459 460 462 471 473 475 478 479 483 487 488 491 
252 167 171 178 184 185 193 195 203 205 207 212 220 226 229 232 234 244 248 256 257 261 274 279 290 291 298 299 303 309 318 328 330 345 346 347 353 357 366 367 375 378 384 394 399 404 406 408 409 410 412 413 417 424 425 439 441 444 448 453 456 464 466 471 474 479 486 489 491 
166 166 168 169 171 172 174 175 176 191 192 198 199 201 202 209 210 212 215 219 221 227 229 231 233 234 238 249 250 251 252 254 260 268 269 273 275 278 290 294 296 302 303 306 310 312 314 315 319 321 322 327 328 331 332 339 340 346 347 348 352 359 364 365 366 369 371 373 375 378 382 384 389 390 395 404 405 407 412 423 426 427 428 430 435 437 438 446 449 450 451 453 454 455 457 461 463 469 473 475 477 480 484 486 487 488 489 491 
70 166 167 181 192 197 200 201 219 221 230 239 259 273 293 307 308 311 331 332 335 353 359 365 389 415 416 417 445 475 480 
173 175 177 190 215 219 231 251 267 306 307 319 321 324 329 336 355 356 359 360 366 373 375 377 384 395 407 411 426 464 466 480 482 486 
121 193 211 295 332 399 429 439 468 483 
275 168 173 175 179 180 184 186 192 195 196 198 200 205 212 213 215 219 220 221 222 223 227 230 231 234 235 236 240 245 246 250 251 259 260 262 264 266 271 272 274 283 290 293 296 298 302 304 306 309 312 318 319 323 326 330 339 342 348 353 354 357 361 363 364 365 367 370 371 373 377 379 380 382 384 386 387 388 390 393 395 399 403 404 405 408 409 410 416 418 421 427 428 436 443 444 446 447 452 453 454 459 463 465 466 467 469 470 479 481 482 483 484 488 489 490 492 
224 166 174 177 189 210 216 223 230 263 288 309 317 329 333 347 363 384 386 410 412 430 438 442 452 466 470 
208 165 173 178 180 205 210 212 217 235 244 245 249 261 264 270 274 283 293 305 316 322 330 361 373 377 380 381 387 392 397 401 416 425 446 448 449 461 
93 180 187 246 420 
222 171 175 176 178 180 193 199 201 202 203 211 212 213 214 215 216 222 225 229 232 233 239 247 251 255 256 258 276 277 287 288 289 292 293 298 300 302 305 312 319 324 327 333 340 341 342 349 352 354 368 369 375 377 382 384 389 391 394 396 400 402 405 406 418 419 421 425 429 431 435 446 447 448 449 450 458 464 465 467 469 472 476 479 
86 171 183 185 188 194 203 207 208 223 226 227 250 258 265 270 273 275 279 289 292 293 299 303 309 311 314 315 316 324 332 341 343 347 351 353 354 358 364 373 375 378 380 383 390 392 411 412 418 420 424 425 430 432 433 440 447 463 479 480 
237 167 177 181 182 185 200 203 207 210 220 228 230 240 248 250 270 273 276 286 288 294 295 303 306 310 313 319 321 325 338 339 356 360 363 371 373 374 375 376 392 401 406 420 426 427 439 443 458 460 472 482 483 486 489 490 
10 171 173 220 241 265 323 346 351 389 390 401 421 429 449 478 
211 169 170 176 178 193 199 203 204 214 218 224 226 231 250 254 256 267 273 277 282 285 290 301 307 311 333 335 336 339 341 348 354 364 369 383 390 394 401 410 416 429 440 441 448 452 473 474 475 481 491 
231 166 167 168 169 171 172 177 181 182 184 185 187 199 205 209 210 211 212 214 216 218 223 224 226 228 231 234 235 237 238 239 240 242 245 252 253 264 271 273 276 279 285 286 287 294 296 300 304 306 311 312 320 332 333 335 337 342 356 360 362 367 375 378 381 384 388 393 397 405 408 416 417 419 427 429 434 436 437 444 449 453 454 456 460 464 468 469 470 472 476 477 482 485 486 490 492 
211 165 167 175 182 191 192 193 211 214 217 233 235 249 257 273 289 304 315 321 333 354 356 365 371 379 381 394 404 405 412 418 423 429 450 474 479 480 486 489 491 
32 169 175 176 178 182 184 193 197 199 202 204 206 208 209 210 212 215 220 221 223 226 227 228 231 240 241 243 245 248 251 254 255 259 264 267 270 276 279 281 282 284 287 289 290 292 293 301 304 305 309 310 316 318 321 325 327 329 331 332 333 334 335 344 346 347 354 355 357 358 359 364 365 366 367 370 372 374 376 377 379 380 381 382 385 389 396 398 401 406 408 409 410 411 414 419 420 426 431 433 438 440 448 450 453 454 457 463 464 465 466 469 470 473 476 477 479 480 481 482 483 484 487 489 492 
75 166 171 179 183 191 218 251 272 273 279 283 284 300 307 327 340 349 357 364 366 367 378 456 491 
298 1 167 169 173 175 176 177 179 188 189 195 196 201 202 204 205 206 209 212 213 215 224 225 226 227 230 232 233 234 235 239 240 241 242 243 244 249 252 254 255 257 259 264 266 267 271 272 273 275 277 281 285 288 293 297 301 303 306 307 308 312 313 315 323 326 331 332 334 336 337 340 343 345 349 351 354 359 361 367 372 373 376 377 378 386 387 395 400 402 404 409 411 415 416 417 420 421 423 424 428 432 436 441 446 450 452 454 455 457 460 468 470 471 473 477 481 483 484 489 490 492 
165 1 165 167 172 176 181 182 214 217 225 230 232 238 239 244 248 250 283 284 285 307 311 324 340 341 342 346 349 351 356 365 370 372 375 381 382 384 396 405 408 414 423 436 442 448 455 457 461 469 472 483 491 
103 1 179 181 185 191 194 197 198 210 220 242 257 260 267 290 291 295 297 298 305 308 314 318 319 326 328 332 333 334 335 338 355 363 364 371 379 389 420 421 425 435 439 443 447 451 457 472 487 492 
233 166 180 194 197 203 204 212 214 236 242 252 255 264 266 268 269 277 284 287 294 301 304 316 342 348 352 353 360 363 369 381 389 394 396 398 405 409 414 417 420 428 438 444 449 453 462 469 476 479 481 482 485 488 
286 166 169 170 171 172 178 181 182 185 187 188 189 191 193 195 200 209 210 211 213 214 222 224 226 228 231 233 234 236 240 241 242 243 244 246 250 253 254 262 266 268 269 270 272 274 275 276 278 285 287 289 294 295 296 299 301 302 305 311 316 318 321 323 328 331 338 340 343 344 350 352 353 356 360 362 366 367 368 370 372 375 376 379 382 384 385 386 388 396 399 401 407 408 411 413 414 415 421 422 424 425 427 428 435 437 443 447 449 450 454 460 462 465 471 472 473 477 479 482 490 
49 170 190 191 200 205 212 213 222 223 225 231 233 235 250 253 262 276 287 289 301 313 325 340 342 343 354 363 366 367 371 376 377 399 404 406 409 410 412 424 434 436 456 457 480 487 489 492 
280 1 171 174 177 183 187 196 197 198 202 204 206 208 211 214 216 224 226 230 235 237 241 243 247 251 255 260 266 269 273 279 280 281 284 285 288 289 290 291 303 321 335 336 337 339 342 344 345 349 351 353 356 357 366 368 372 374 378 383 384 385 387 388 389 392 397 401 403 404 407 413 416 418 420 423 427 428 431 432 438 442 443 445 450 453 458 465 470 474 481 487 489 490 491 
76 166 168 175 177 179 184 189 206 216 219 225 232 235 255 257 258 266 283 284 294 300 303 304 305 306 309 310 313 314 321 322 340 349 352 353 355 356 358 363 375 378 380 388 401 402 404 406 409 427 430 431 436 439 445 452 453 459 460 461 464 468 469 470 472 474 476 483 484 487 488 489 
101 168 169 175 177 179 180 184 185 192 195 198 200 204 205 208 209 210 211 213 214 220 221 222 223 224 225 233 236 237 239 251 253 254 255 258 259 260 264 265 268 269 274 275 277 278 281 286 287 288 289 290 291 293 295 301 303 304 311 318 319 322 325 332 333 337 340 343 345 346 347 354 356 357 358 359 361 362 367 369 370 371 372 378 379 382 383 387 399 400 401 402 405 408 410 423 427 432 436 440 449 453 460 462 471 472 474 476 477 482 488 489 490 491 
247 1 166 170 173 176 177 180 181 189 190 195 196 198 200 208 213 218 219 221 226 230 232 234 235 239 241 243 244 246 248 249 252 254 256 260 261 263 264 265 266 267 274 276 277 279 281 282 284 286 287 288 289 290 291 293 298 299 300 301 304 311 312 318 319 325 327 330 331 332 340 342 343 345 346 348 349 356 364 369 372 374 376 385 391 398 400 401 402 403 406 409 411 420 421 423 426 429 430 436 439 443 466 470 471 474 475 477 478 482 491 492 
158 1 166 173 180 181 182 183 185 186 189 192 195 196 197 203 209 210 211 213 214 216 217 220 221 223 226 227 229 235 237 240 241 243 244 246 252 253 257 258 262 264 265 266 270 274 279 280 281 282 288 290 297 298 299 304 306 307 308 310 313 318 319 321 322 324 325 328 331 333 342 350 355 358 359 360 367 369 371 380 382 384 388 390 393 396 397 403 404 405 409 411 414 418 419 422 424 427 428 430 441 444 445 447 448 449 450 451 455 456 460 461 462 472 475 476 477 478 480 482 483 484 485 488 489 492 
258 180 192 201 206 211 212 213 216 225 237 245 266 274 292 296 300 305 311 312 323 324 330 339 347 355 365 367 374 388 389 392 397 402 406 412 422 431 432 436 450 463 466 468 475 479 487 491 492 
77 1 169 171 173 175 179 183 184 186 199 205 208 210 211 215 221 234 237 242 243 257 259 260 267 268 269 273 280 281 282 293 298 301 302 309 310 322 325 332 343 344 346 347 351 355 358 361 373 375 376 377 383 386 392 393 394 395 398 402 403 405 406 407 412 416 417 419 420 431 432 433 434 440 441 443 452 456 457 458 468 475 476 478 479 483 484 485 486 487 489 491 
4 1 165 167 168 171 174 176 180 181 185 189 191 194 195 197 203 211 215 220 223 224 226 238 239 241 242 243 244 247 251 254 256 257 259 260 267 271 273 282 283 285 293 297 298 301 302 303 307 308 310 311 312 314 315 316 321 322 323 324 325 326 327 328 329 331 334 335 337 338 339 340 341 342 343 346 350 351 358 363 366 369 370 373 375 376 382 385 386 389 392 393 400 401 402 403 406 407 408 414 424 425 426 427 430 433 435 436 437 444 445 446 450 452 457 460 463 464 465 467 468 469 478 480 482 485 489 492 
196 178 181 193 194 195 196 202 204 208 211 213 215 220 223 228 230 232 236 238 243 246 247 249 250 251 260 262 266 271 273 275 276 279 284 288 289 302 309 321 323 338 346 347 348 349 354 356 364 366 371 383 386 390 401 404 414 416 430 434 438 445 446 448 456 489 
289 1 166 175 176 186 187 191 194 196 198 199 200 202 211 212 214 223 229 236 245 246 248 249 250 259 260 263 266 269 275 276 279 282 287 290 291 302 306 310 313 319 335 337 338 339 341 349 350 360 364 366 370 372 378 388 396 399 400 401 412 414 416 427 428 433 435 436 437 438 445 450 455 456 461 464 467 468 469 472 477 481 491 
75 1 167 168 169 171 174 176 178 182 183 184 189 190 194 196 197 200 201 205 215 219 220 223 225 226 233 236 237 238 240 244 247 251 254 257 258 259 260 270 271 279 283 286 288 289 295 296 297 299 310 311 315 318 319 320 321 322 323 327 329 337 338 344 346 356 361 362 364 370 373 376 379 382 385 388 390 394 398 401 402 403 404 405 406 411 415 416 417 419 424 426 428 430 433 434 437 441 443 444 451 452 453 455 456 461 463 464 465 467 469 474 475 477 478 480 483 485 487 488 491 
173 167 172 177 184 186 190 198 202 203 204 206 214 216 218 225 226 228 229 230 234 235 237 239 242 246 251 252 255 260 261 262 268 272 274 276 277 282 288 289 290 294 297 298 301 312 316 318 320 323 324 325 326 329 335 336 337 338 339 346 348 350 351 361 367 373 376 377 379 385 386 387 392 393 396 397 399 401 403 405 406 407 408 409 413 415 420 421 424 426 427 428 437 439 440 441 442 445 449 451 452 456 457 460 465 467 471 472 473 481 488 492 
139 167 171 172 174 175 176 177 181 185 191 192 193 194 197 198 200 203 206 209 211 214 215 216 228 233 238 242 243 244 258 259 261 262 271 272 273 274 277 278 279 283 285 295 297 314 315 317 318 319 327 329 330 334 335 341 348 350 353 357 358 361 374 375 376 380 382 383 384 386 387 388 391 396 398 400 401 403 404 405 407 410 411 418 426 427 428 429 437 438 447 448 451 452 457 459 464 466 467 473 478 480 482 486 488 
214 165 166 168 169 178 181 183 185 196 197 198 205 208 210 211 214 215 222 230 234 238 241 244 246 250 251 260 264 269 274 275 278 283 284 295 302 305 308 309 311 313 315 316 317 321 322 326 330 332 333 335 338 340 347 349 356 359 364 369 370 372 374 375 376 382 383 384 385 388 393 395 399 401 404 405 409 410 412 426 428 436 437 438 440 441 443 445 446 448 449 463 468 472 474 481 482 487 
261 195 217 233 244 262 337 411 
69 176 185 228 229 256 331 336 338 375 384 392 412 488 
166 173 185 232 277 281 313 376 402 429 
106 178 191 256 280 318 355 
265 166 176 186 194 226 230 247 254 264 269 271 279 294 303 314 325 371 372 383 394 395 404 406 417 421 437 444 453 465 472 488 
52 174 178 180 181 184 189 190 191 193 197 203 206 211 220 221 223 231 238 242 245 248 254 255 262 264 265 266 268 271 280 287 310 313 317 323 324 325 340 341 344 351 354 356 370 376 400 402 405 406 409 420 431 434 438 442 445 448 450 452 458 463 465 474 477 479 483 488 489 490 491 
9 165 166 169 172 173 180 181 185 193 199 201 205 208 209 210 214 217 219 225 226 227 232 235 237 239 241 246 255 256 258 262 266 268 277 278 286 288 293 301 302 303 306 307 314 318 320 322 325 327 330 332 343 345 348 349 355 361 366 368 372 373 374 379 381 382 383 385 386 390 395 396 399 403 407 409 410 413 416 418 421 427 432 436 437 438 440 450 451 460 463 469 471 472 473 474 480 483 486 487 491 
47 1 175 176 177 178 182 185 189 195 201 204 206 209 212 214 222 223 228 229 230 241 245 246 250 257 263 270 276 283 287 296 298 299 300 317 322 327 328 333 334 339 342 345 348 350 355 359 363 364 365 366 377 391 394 397 400 402 409 411 415 417 419 425 429 432 433 434 437 440 442 445 446 448 451 456 463 466 468 471 473 474 477 478 490 492 
97 167 176 182 186 188 201 208 209 210 218 221 233 246 263 264 291 298 318 327 333 336 338 342 399 402 433 442 446 447 473 487 492 
106 167 169 175 177 180 184 185 186 194 196 205 209 212 213 215 219 221 227 228 234 235 238 239 241 246 252 258 266 268 269 276 277 279 281 282 286 287 295 297 299 300 301 304 306 309 311 312 313 316 317 320 322 325 326 328 330 338 339 340 346 348 357 364 368 374 377 378 379 380 389 390 398 402 404 406 410 414 417 418 421 429 433 435 436 438 439 441 442 443 447 449 450 451 452 454 455 470 473 480 485 489 491 
4 165 177 181 189 197 199 204 213 216 225 250 255 258 262 267 281 288 293 294 311 314 318 319 327 334 343 346 350 356 400 401 404 406 411 413 414 416 418 425 430 431 445 456 457 474 481 
3 177 179 184 193 200 210 211 215 218 221 231 232 237 269 281 296 301 308 314 322 327 332 340 347 348 350 354 372 373 408 415 416 442 467 488 
159 175 179 184 185 186 189 190 201 205 207 212 243 258 263 267 268 280 289 298 305 314 324 325 349 365 373 376 382 385 395 399 401 404 414 417 425 427 433 440 446 447 450 452 459 481 484 488 490 491 
200 166 172 192 223 237 371 460 487 
116 183 184 185 195 197 200 203 204 205 211 217 222 224 229 231 233 237 240 241 242 243 248 255 256 257 265 266 270 274 277 282 283 289 290 292 295 302 306 316 319 323 327 330 331 338 346 349 356 360 363 365 370 371 375 376 385 387 400 405 406 413 415 416 417 419 421 425 431 434 436 438 439 442 443 447 448 450 451 454 458 460 461 463 470 471 478 479 485 492 
109 1 165 166 167 170 171 172 176 181 182 186 188 190 191 193 195 197 206 207 209 214 219 222 223 225 233 234 238 239 246 248 249 250 267 268 270 272 273 274 280 281 285 286 287 289 290 292 299 302 308 309 314 316 317 321 326 328 332 336 338 349 354 355 357 360 368 373 374 379 380 381 383 385 386 387 388 389 393 399 403 410 411 416 422 423 426 429 431 432 433 437 442 443 446 450 453 455 456 457 458 461 463 465 467 473 475 479 481 485 487 489 491 
182 165 168 171 174 175 182 183 184 185 188 197 198 201 202 209 213 215 219 222 224 226 228 230 231 232 234 235 240 242 244 245 251 255 256 258 267 269 271 277 278 280 282 283 287 288 291 293 295 305 308 311 320 323 325 326 331 334 335 337 341 343 345 347 350 353 354 357 358 359 361 362 368 374 375 377 381 384 386 387 388 391 401 405 407 409 410 413 414 417 418 423 424 428 429 430 431 433 434 435 437 440 442 448 450 453 456 457 460 461 464 466 467 468 473 487 
122 1 174 176 177 178 179 180 184 185 190 191 195 197 204 206 209 214 215 217 219 223 230 231 233 235 236 237 238 239 240 243 249 250 256 257 259 266 268 272 273 274 276 279 287 290 292 296 301 302 304 307 309 310 311 312 313 314 316 317 320 325 327 328 329 330 332 334 336 337 342 347 358 361 366 370 372 373 374 378 381 382 383 392 399 401 402 404 406 407 408 409 412 415 418 419 425 430 432 436 440 441 442 443 444 445 446 447 451 452 453 460 463 464 466 469 470 473 476 478 489 
163 171 178 179 180 181 182 184 185 187 189 192 193 194 202 209 210 211 212 213 216 222 224 227 230 232 233 234 236 242 243 244 249 252 254 255 257 259 261 265 267 268 269 272 275 278 280 283 284 287 292 293 294 297 300 303 309 310 311 315 316 317 320 322 326 335 337 338 346 349 355 358 365 366 370 374 375 376 385 386 387 395 406 407 408 409 411 413 417 420 421 422 423 427 428 429 431 435 436 442 443 448 452 453 457 459 465 470 473 476 479 480 484 485 488 
26 175 178 180 196 203 216 239 257 277 284 287 292 298 316 321 352 362 368 371 373 383 390 402 404 419 421 427 436 440 463 470 479 480 482 486 
3 1 165 166 171 182 189 190 191 192 195 197 198 199 204 209 210 214 218 219 224 225 227 231 232 234 235 239 245 247 254 261 263 269 270 271 272 273 279 283 292 298 301 302 307 316 317 321 328 332 334 337 343 348 361 365 375 376 382 383 391 395 403 409 410 415 419 425 438 441 443 446 455 457 458 462 476 477 487 490 492 
63 175 176 194 200 207 218 229 237 240 243 247 248 260 268 278 290 313 317 322 351 356 366 368 376 379 381 386 399 404 408 422 423 424 434 435 446 450 451 452 453 456 463 482 489 491 
84 1 167 173 175 179 180 182 184 185 189 196 201 203 206 209 210 211 212 213 215 220 224 226 229 230 231 235 236 237 240 241 247 251 252 254 255 256 260 262 263 264 276 279 285 291 295 302 303 304 306 309 313 315 318 322 330 332 334 335 336 340 341 346 348 351 353 355 361 363 365 366 367 369 370 371 373 380 381 387 388 389 394 398 399 411 412 418 420 421 423 424 428 430 433 437 441 448 452 453 454 457 459 462 463 464 466 468 471 478 482 488 
186 229 241 247 393 
92 169 174 176 177 184 185 187 188 190 199 201 203 207 208 212 215 218 221 222 226 227 233 236 239 241 244 245 247 250 252 255 256 258 261 265 266 272 276 280 283 288 290 293 294 295 296 297 298 299 314 316 320 322 323 325 326 330 332 337 338 339 341 343 347 352 354 355 361 362 363 364 366 367 370 374 379 384 385 386 387 389 390 392 393 394 397 399 400 401 403 404 407 408 410 411 413 414 416 418 423 427 429 431 435 436 440 441 442 443 444 445 447 450 452 454 458 461 470 473 474 475 482 483 487 489 
22 165 166 167 170 171 173 176 186 188 189 190 197 199 200 203 204 205 207 209 213 214 216 217 218 222 226 229 230 231 232 234 236 239 240 242 243 244 246 250 251 258 262 263 264 272 285 286 288 289 292 297 300 304 311 312 314 316 319 321 325 326 328 330 335 337 338 339 340 343 344 346 348 351 354 355 359 360 363 365 369 371 372 373 376 383 385 386 390 393 399 403 406 409 413 418 420 421 422 427 433 434 436 438 439 440 449 451 452 456 457 462 464 467 471 478 479 480 485 490 492 
129 165 169 175 177 181 190 191 194 202 207 208 211 215 218 223 237 239 244 247 256 262 268 275 277 280 282 283 290 291 295 306 309 311 316 320 323 326 328 330 338 340 341 350 353 365 367 372 376 378 379 382 383 386 392 394 397 401 407 408 411 415 417 418 420 424 425 427 431 450 451 456 457 464 469 472 479 480 483 484 489 492 
164 165 167 171 175 178 185 188 202 204 208 209 210 215 216 217 218 219 221 223 225 226 228 229 232 235 238 243 249 257 261 263 269 270 272 276 278 283 284 285 287 288 291 294 295 298 299 300 303 309 310 312 314 315 320 327 329 335 336 339 340 341 342 346 351 353 358 360 361 365 366 367 368 370 379 381 382 385 386 390 391 394 397 398 407 408 411 412 413 414 415 417 421 422 424 425 426 427 431 434 435 443 445 448 450 451 460 465 469 477 478 480 482 485 486 487 488 
128 169 187 190 202 228 240 242 270 271 272 284 301 306 308 343 349 351 353 359 364 366 383 387 411 419 423 427 429 438 449 459 465 481 
267 165 167 173 175 180 182 183 184 195 200 207 214 219 227 244 257 259 263 270 273 281 292 298 299 303 305 306 308 310 317 331 333 336 340 342 343 346 347 349 357 358 361 371 376 377 388 392 398 402 403 408 410 415 425 432 440 442 465 466 467 472 474 480 
213 168 290 389 438 
28 1 167 170 178 183 186 189 196 201 203 206 207 209 219 221 222 232 239 242 243 246 249 253 257 259 261 262 265 268 269 270 276 283 287 288 291 294 297 304 309 312 329 336 349 351 355 357 359 363 368 370 372 373 380 382 385 387 388 390 392 393 394 397 401 414 417 421 422 423 426 428 436 437 438 441 443 449 450 452 455 458 464 465 469 471 473 475 477 482 486 487 490 
228 169 171 172 178 182 204 229 237 250 254 258 259 260 263 269 295 301 314 316 338 345 353 373 379 385 401 409 418 438 445 447 452 454 467 472 482 
276 167 179 188 200 214 226 233 235 236 237 246 256 267 273 275 276 284 287 288 299 303 311 312 314 317 318 323 330 333 343 344 346 350 354 356 366 367 373 379 386 396 421 428 432 441 443 458 460 463 467 478 481 483 489 
271 215 233 236 240 324 372 379 472 
109 167 169 178 179 180 189 190 199 210 212 220 221 225 232 233 238 244 245 251 267 270 276 282 290 291 297 299 302 304 327 331 340 341 350 355 360 377 380 394 396 405 411 418 425 428 435 440 462 465 466 477 479 
49 1 166 167 174 175 176 177 178 181 182 185 188 193 198 199 200 201 205 207 208 210 211 214 216 218 219 227 228 231 233 234 235 240 241 244 245 246 250 253 258 260 262 263 269 272 273 274 275 276 278 287 288 289 291 297 300 305 306 307 310 311 312 313 314 319 325 328 331 332 335 338 340 341 344 345 348 351 353 354 362 366 368 370 372 373 377 381 384 386 389 391 392 395 401 403 407 408 410 413 419 424 425 429 433 436 439 442 444 447 452 454 457 458 460 468 470 473 477 484 
107 168 172 180 182 183 188 202 230 231 238 243 245 250 263 313 332 333 334 336 338 343 370 373 379 390 391 398 416 424 439 449 472 477 
249 168 182 189 195 198 200 201 202 206 208 209 216 218 219 221 222 224 226 227 228 229 230 237 238 244 249 257 258 261 263 272 273 275 276 277 279 280 290 297 300 302 304 306 307 315 316 319 320 323 324 326 331 332 334 336 337 338 340 341 343 346 347 348 350 351 357 359 360 362 368 370 373 375 376 382 383 387 388 389 390 398 400 402 409 413 414 417 422 425 431 434 439 440 441 442 445 446 449 451 456 457 459 466 467 476 483 484 485 489 
174 170 173 179 184 187 196 198 202 203 205 210 233 244 249 252 254 258 259 260 262 265 266 270 281 287 290 294 304 305 309 312 313 315 320 332 334 343 344 347 348 370 393 396 401 402 404 418 422 424 432 435 442 445 455 457 459 460 461 466 471 474 479 482 484 486 
48 166 170 171 174 176 178 181 184 185 186 187 189 194 199 201 207 211 213 214 215 216 217 220 225 226 240 245 246 250 256 258 261 263 264 277 279 281 283 285 289 295 296 301 303 304 309 313 314 322 323 325 327 329 331 333 336 337 341 342 343 346 347 348 350 352 357 364 370 372 373 375 379 381 382 384 386 395 397 407 408 412 414 423 432 435 445 449 450 454 468 477 478 482 487 
168 165 168 170 172 179 183 184 190 192 195 196 197 204 211 213 215 216 220 221 225 229 230 233 236 240 242 244 245 248 250 254 255 259 263 265 266 274 275 276 278 281 287 291 296 297 305 307 308 309 311 315 322 330 331 332 336 337 339 341 343 344 345 346 347 348 351 353 355 358 360 361 362 363 367 369 373 374 382 383 385 386 398 399 401 403 407 411 420 443 444 445 446 447 450 451 453 455 459 463 464 466 474 477 480 481 482 483 488 489 491 492 
88 172 204 222 224 229 230 237 260 263 270 274 279 281 301 308 318 327 328 355 364 374 411 414 417 433 453 474 478 481 482 
134 167 169 172 176 177 178 179 180 181 183 187 196 197 199 200 202 203 205 212 214 220 222 227 229 233 235 238 243 248 249 253 254 255 257 265 268 270 271 273 274 275 277 280 289 292 294 296 297 298 299 304 306 309 310 313 315 316 319 320 326 327 330 340 346 347 348 350 353 354 355 356 360 364 365 366 367 369 370 372 379 380 385 389 391 392 393 394 396 398 403 404 407 412 416 417 419 423 424 428 432 433 435 436 437 439 440 449 451 453 460 464 466 476 480 488 490 492 
141 169 171 174 176 190 191 208 242 246 267 271 278 282 286 296 313 317 326 328 331 339 340 351 358 369 375 383 387 391 405 420 443 445 450 454 462 463 464 466 482 483 484 485 486 490 
89 169 183 188 190 193 194 202 204 207 218 221 225 228 233 236 239 246 254 272 288 290 291 306 307 318 323 338 339 343 344 354 356 361 362 369 370 375 379 394 403 405 413 415 417 418 433 453 456 466 470 
198 167 168 170 171 184 187 189 194 200 206 217 219 226 228 234 235 237 239 241 242 243 245 253 256 257 258 259 263 273 274 275 292 295 296 299 308 312 315 321 323 324 329 330 336 338 343 345 347 352 368 369 370 374 375 379 382 399 400 404 407 413 428 429 433 440 444 451 454 455 463 464 465 475 476 478 479 490 
82 60 225 14 106 157 177 141 250 253 63 22 49 71 294 201 253 249 57 187 67 148 92 197 205 171 35 181 241 55 159 224 24 189 43 227 62 189 183 182 220 56 45 125 116 134 157 166 99 283 167 95 176 84 151 216 61 15 288 290 30 200 117 266 12 274 67 154 98 151 289 300 35 221 5 89 159 222 192 73 295 211 113 227 287 95 58 96 288 44 170 79 13 201 90 150 115 5 235 151 97 64 51 112 104 66 232 207 151 152 238 67 134 155 113 163 34 217 264 103 300 247 219 252 192 230 16 161 160 17 300 213 258 115 17 88 26 113 7 172 253 77 218 104 227 183 17 67 84 275 64 130 196 182 19 269 78 124 132 183 289 286 242 246 106 268 108 194 5 33 180 278 268 237 34 149 170 249 164 123 26 23 219 257 292 24 218 109 243 237 181 86 164 120 287 143 228 290 227 203 129 213 136 115 83 186 263 121 262 293 170 91 134 79 166 192 282 97 176 192 20 242 128 276 8 233 253 204 49 208 281 41 261 141 131 173 285 290 148 245 154 126 130 277 161 87 208 72 173 165 9 116 114 37 144 171 119 253 136 149 201 45 223 267 244 136 182 168 206 299 281 39 256 255 116 73 77 224 292 174 211 280 121 209 262 174 29 180 195 266 9 108 194 290 105 276 277 38 244 141 214 152 170 33 213 294 268 181 129 60 83 176 175 179 64 273 73 278 18 8 69 75 108 293 134 236 213 271 44 187 7 237 175 109 248 236 167 186 29 16 233 166 191 184 56 94 258 266 297 275 166 189 245 38 211 22 116 149 133 237 241 223 200 47 161 19 286 137 257 227 159 82 149 88 63 50 157 135 153 48 297 168 23 100 233 245 152 100 77 44 249 22 159 196 143 133 26 141 173 43 17 177 155 260 143 82 155 159 181 85 94 22 274 61 293 281 76 271 176 17 160 127 275 237 194 20 186 235 70 276 125 299 230 118 17 260 55 156 185 103 299 146 292 112 289 279 284 290 224 55 14 153 283 293 97 272 257 71 63 220 163 109 187 229 264 285 277 170 68 136 293 270 127 138 149 258 22 269 118 222 232 105 295 203 145 11 266 127 190 51 242 253 
