34 51
85 23 43 44 51 
82 19 26 34 36 37 42 44 
95 18 19 21 23 27 32 33 35 37 39 41 46 49 50 
14 19 20 41 43 46 
75 1 18 20 22 23 28 31 33 45 47 50 
36 21 25 26 30 34 36 38 39 44 48 
66 22 50 
31 1 32 40 45 46 50 51 
36 20 27 29 38 51 
55 21 22 25 29 30 34 42 43 45 50 
31 22 25 26 30 31 34 35 45 47 48 51 
81 1 23 27 35 36 38 43 46 47 51 
99 33 40 
41 1 23 27 35 37 42 43 46 50 
8 1 27 31 37 39 43 47 48 
82 21 23 24 30 31 44 
6 23 24 32 41 47 
25 1 18 22 24 26 29 32 38 39 40 42 44 45 47 49 50 
19 19 20 22 24 29 30 45 46 48 50 
43 24 47 
48 20 38 
39 21 22 27 32 37 49 
92 19 30 32 46 47 
4 1 19 20 21 26 30 31 32 34 36 43 46 47 
80 1 20 22 28 33 34 36 37 39 41 43 45 47 48 50 51 
72 20 23 24 25 27 36 45 
38 20 27 33 34 38 47 48 49 51 
12 1 18 21 31 32 33 34 35 36 38 41 47 48 50 51 
60 23 24 28 32 50 
74 1 20 26 27 28 32 35 38 40 42 44 46 48 51 
5 24 25 34 40 46 48 49 
87 21 22 26 29 30 33 35 36 39 49 50 51 
61 21 22 25 29 30 40 42 44 48 49 50 
56 23 27 28 32 36 37 40 41 45 51 
67 41 3 91 26 2 9 11 35 68 65 95 58 40 29 98 29 100 45 91 75 42 50 66 4 56 53 90 83 96 51 18 84 95 59 16 4 54 7 70 4 93 79 20 76 80 24 13 31 98 44 
