38 57
97 1 20 24 28 36 44 45 48 49 51 55 57 
82 20 27 30 42 43 44 48 50 
92 1 21 32 34 37 38 44 45 47 52 53 54 55 56 57 
47 20 21 23 24 25 29 34 36 40 42 43 46 49 51 56 
82 42 43 45 46 47 51 55 
10 21 27 39 57 
2 23 24 27 34 44 45 47 48 
22 20 29 32 33 37 40 44 47 53 
53 23 31 34 35 38 43 44 46 53 55 57 
88 21 26 28 33 34 42 43 50 
36 23 25 30 34 41 52 53 55 
14 1 22 26 31 38 44 47 55 
72 22 23 25 27 28 32 33 37 38 41 42 43 47 50 56 57 
2 22 39 41 53 56 57 
46 22 24 26 29 30 32 35 37 40 44 47 48 51 52 54 55 
29 23 29 30 
2 31 
69 1 20 21 25 33 35 36 37 41 42 45 46 48 50 52 57 
28 1 20 21 23 24 26 28 29 31 43 49 52 57 
96 1 20 22 25 28 37 38 41 42 47 53 54 
65 29 30 31 35 36 38 42 43 46 47 48 49 51 52 54 
67 32 35 40 51 55 
26 27 43 48 52 53 55 
61 20 26 29 35 41 54 55 
48 1 20 26 27 28 36 38 42 43 48 54 55 
71 22 25 29 34 35 40 46 55 
60 1 20 21 24 30 46 48 
34 29 44 53 54 
38 23 30 32 34 38 40 42 43 46 56 
88 38 40 
97 24 25 28 29 33 37 43 44 47 57 
56 20 21 37 38 40 43 47 48 51 52 53 
79 20 29 31 32 35 38 41 42 45 46 48 49 52 
8 23 24 25 28 29 31 34 35 36 37 42 48 
45 25 29 33 34 35 37 40 46 49 52 57 
86 20 22 23 27 29 30 45 50 53 54 56 57 
3 1 20 27 28 30 33 35 39 44 46 49 53 
84 36 
55 14 1 44 25 100 26 23 52 19 35 27 54 64 23 26 74 68 91 24 8 13 91 32 84 56 93 23 85 97 39 2 87 2 96 16 30 76 16 76 28 49 64 10 57 89 77 22 82 27 59 83 54 80 16 46 19 
