44 66
97 39 58 60 
46 1 23 34 35 39 42 46 55 56 59 60 
75 25 26 28 29 31 33 35 41 42 44 48 50 56 57 59 62 
48 38 42 49 51 56 58 66 
66 1 27 34 37 40 44 47 53 55 61 64 
86 23 24 27 29 34 36 38 40 44 47 49 53 56 61 65 
92 1 30 31 34 38 44 45 48 57 59 
94 24 27 30 31 34 35 36 37 40 42 44 49 52 58 59 61 
2 29 40 41 53 55 57 58 
9 23 25 48 59 
33 56 60 
22 26 28 30 31 32 34 36 38 44 45 48 51 54 57 64 65 
92 1 29 31 33 38 46 47 54 56 57 61 
85 23 26 32 35 36 39 40 41 43 49 50 51 52 53 58 60 
43 33 40 52 56 64 
69 24 25 26 28 30 31 37 43 44 45 46 60 64 66 
91 23 25 31 34 35 36 39 40 43 47 49 50 55 57 58 61 66 
77 1 25 27 33 35 36 39 41 44 45 50 55 56 57 58 61 
82 27 31 32 36 37 49 51 53 56 57 
63 26 27 30 33 35 36 39 40 43 48 49 51 
82 28 34 36 41 42 46 47 50 53 54 58 62 63 
96 30 31 32 39 42 47 50 51 56 58 60 65 66 
36 1 27 35 39 40 41 44 46 47 49 50 54 55 56 61 66 
17 25 33 35 40 44 46 48 51 53 56 57 58 61 62 63 
18 23 26 27 28 30 35 37 39 44 47 48 49 52 53 54 58 66 
7 53 64 
77 24 28 31 38 46 48 52 
55 37 
26 23 24 33 36 38 39 41 52 55 60 62 63 66 
63 23 32 35 37 40 41 42 43 47 50 53 54 56 58 59 60 
92 24 51 52 53 58 60 
29 1 25 26 27 37 39 43 44 45 46 52 58 59 60 63 64 65 66 
85 28 31 33 35 38 43 46 47 48 50 51 52 53 60 64 
8 23 24 25 31 32 39 42 43 44 47 51 53 60 62 63 64 65 
65 29 37 61 66 
14 23 26 27 28 31 34 35 37 43 49 52 54 57 60 61 64 65 66 
56 24 31 36 
82 29 36 43 47 51 59 63 64 66 
60 30 38 43 44 51 54 60 
71 1 24 26 29 38 43 45 49 50 53 54 56 58 62 64 
44 26 28 29 30 37 40 41 45 50 51 52 53 58 60 61 
57 43 44 45 60 62 64 
8 25 27 30 31 32 33 34 35 36 37 38 43 45 49 62 66 
91 1 24 31 40 50 
68 49 9 60 34 22 65 9 90 89 21 38 7 99 54 56 70 12 92 68 70 11 64 7 78 35 80 31 37 84 38 52 33 60 1 98 70 79 35 23 45 43 17 67 56 54 73 90 75 62 71 14 7 77 2 24 32 96 82 46 32 72 39 39 86 53 
