46 69
76 1 26 29 31 38 39 41 43 52 54 55 58 63 
7 57 
44 31 33 36 46 48 55 60 61 62 64 66 
51 25 28 31 38 41 42 45 46 51 55 56 61 66 67 
28 60 61 
60 24 25 38 39 42 46 49 52 53 55 58 61 65 
23 24 26 29 33 34 37 39 42 45 47 53 55 62 63 66 
44 1 27 28 29 33 38 44 45 47 48 50 52 53 57 58 60 69 
88 24 29 30 37 57 58 
1 27 38 43 45 60 64 66 69 
27 26 28 29 32 33 49 50 53 60 67 
18 34 40 46 59 63 66 
24 35 36 41 42 46 58 60 63 64 69 
78 31 41 62 
15 26 34 38 39 40 44 46 49 54 57 58 61 65 68 
42 32 35 39 50 52 58 63 66 67 68 69 
58 1 28 29 32 39 42 43 46 49 60 61 66 68 
3 36 44 54 
56 24 26 28 31 35 36 42 47 53 60 62 63 64 
34 24 31 38 47 48 53 54 63 66 
9 1 26 28 29 32 34 35 40 41 44 49 50 51 52 54 55 56 64 
19 24 33 34 35 37 44 50 55 57 58 59 61 64 65 69 
80 26 27 28 37 53 67 
37 29 30 31 32 38 46 49 50 51 56 60 61 62 63 64 68 
29 25 63 
12 42 47 52 59 62 64 
85 35 37 42 47 56 65 
43 29 33 34 36 42 43 44 46 47 48 49 50 55 56 59 62 63 
46 25 34 47 50 52 55 58 61 64 
6 1 34 39 42 51 56 
84 1 24 27 28 33 39 40 43 51 58 
42 66 
33 24 27 30 32 34 39 46 47 52 53 55 56 63 66 67 
54 53 58 60 62 
70 28 59 
59 1 31 34 35 37 39 40 44 45 48 49 50 59 60 61 62 64 65 
76 24 25 30 33 35 40 45 47 49 51 53 55 59 62 66 67 68 69 
36 24 50 54 58 
74 27 29 30 38 47 49 50 51 53 55 57 58 59 68 
57 1 28 35 37 40 41 42 59 62 
67 25 31 33 36 37 38 39 41 43 45 46 47 51 52 56 61 64 67 68 69 
43 29 30 31 32 35 36 39 43 45 46 51 54 60 63 64 65 68 
7 27 39 40 52 61 69 
74 32 44 
39 27 53 60 66 
17 31 35 36 
78 50 76 6 41 100 32 73 1 21 32 40 50 15 4 44 49 12 20 48 84 37 58 42 69 41 75 83 84 42 6 15 96 41 49 68 23 79 79 27 45 4 51 87 62 20 21 76 88 49 63 1 62 54 45 92 20 8 76 43 90 58 26 92 98 76 11 60 87 
