48 72
91 1 33 39 40 41 42 45 49 50 51 52 54 57 58 60 63 71 
8 28 30 32 34 36 37 42 44 48 50 52 55 58 62 63 66 69 70 72 
79 37 38 59 
25 34 43 52 60 70 
30 45 48 
28 27 31 32 33 34 41 50 51 52 53 56 60 62 68 71 
16 25 33 36 39 40 41 45 46 49 50 51 56 57 58 62 63 64 65 67 68 
9 26 30 36 56 59 60 65 67 71 
78 25 27 28 30 31 34 36 38 40 46 50 53 55 56 58 59 64 65 69 70 72 
10 1 28 30 45 51 53 59 
94 35 36 37 38 41 42 44 48 53 57 59 63 64 67 68 72 
82 27 31 34 37 42 45 51 52 60 64 67 
42 63 
46 28 29 31 38 39 41 44 53 65 67 69 70 72 
48 31 36 46 49 52 
57 34 45 56 62 68 
25 27 33 35 52 57 60 63 
64 1 33 34 37 38 42 45 50 53 65 72 
82 25 26 28 30 32 34 38 43 45 48 49 51 53 57 65 72 
11 1 30 35 37 38 39 43 45 51 54 59 61 63 64 
60 25 26 29 31 38 45 50 61 62 
67 1 28 62 70 
77 43 62 
55 25 28 29 32 34 35 38 41 49 50 52 55 59 60 61 62 63 68 
80 30 52 62 
92 25 26 29 30 31 33 34 35 41 43 47 54 60 63 66 67 70 
100 31 40 41 63 
77 41 43 60 61 
8 1 36 39 40 41 46 56 61 63 64 67 68 
85 25 32 33 35 36 38 39 40 41 44 46 52 58 60 61 62 64 67 69 70 72 
92 25 27 30 31 35 37 39 40 42 45 46 47 49 50 51 52 56 65 70 71 72 
95 27 34 35 38 39 45 60 61 
77 29 30 31 38 48 61 64 
23 31 34 35 37 42 47 55 58 60 66 
52 25 28 32 34 36 40 50 51 54 56 58 60 66 
57 27 53 60 
46 39 40 55 57 70 72 
91 1 25 28 31 33 37 39 44 45 47 48 51 55 57 63 66 67 68 70 71 72 
48 29 31 37 51 56 60 61 64 69 
41 25 28 32 35 36 38 43 45 47 49 50 61 
16 26 27 31 32 36 37 42 46 47 49 56 57 58 59 60 61 67 69 
13 1 27 33 35 36 38 40 44 47 49 51 53 54 59 60 61 70 72 
21 25 26 29 38 45 46 51 53 54 57 62 63 68 69 70 72 
73 39 54 
3 41 45 47 56 59 
31 42 55 70 
66 1 26 34 38 39 41 42 47 57 61 62 65 66 69 
20 1 28 29 33 35 47 50 54 59 60 61 62 63 64 67 68 70 
38 88 80 77 89 92 27 6 75 63 84 53 39 84 100 47 86 22 23 55 74 39 74 52 60 29 19 66 55 31 34 59 5 42 48 60 66 7 22 91 79 57 89 72 45 67 36 25 44 52 56 73 84 30 26 35 76 90 6 77 48 53 29 50 94 12 51 55 11 33 7 65 
