50 75
35 30 33 36 42 43 47 57 59 64 72 75 
49 1 28 29 34 39 40 46 47 52 53 58 65 66 69 71 
36 29 31 32 36 37 42 47 52 54 56 58 59 62 64 65 67 69 74 
4 26 28 32 33 34 35 38 53 54 56 59 60 64 66 67 72 73 74 75 
86 27 31 32 38 39 49 55 59 61 65 66 67 70 74 
31 41 53 57 58 66 
56 36 38 40 43 45 46 49 52 56 57 60 61 64 72 
59 1 26 32 34 39 44 47 52 53 56 60 65 67 68 73 75 
23 1 26 32 34 38 40 44 49 50 51 55 57 59 60 63 65 68 69 71 72 74 
21 26 29 30 31 33 34 35 38 53 57 59 61 63 64 65 67 71 73 
48 28 29 35 36 40 47 51 52 55 59 64 68 74 75 
17 1 26 29 35 39 41 42 45 49 50 54 58 59 62 64 65 66 73 74 75 
40 30 35 36 40 43 48 60 61 64 67 68 69 73 75 
74 47 51 58 63 65 
15 28 30 31 35 44 45 46 49 55 56 58 64 66 75 
34 29 50 60 64 
84 1 26 30 32 34 37 38 42 43 46 48 49 51 54 57 58 59 63 72 74 
32 28 30 31 32 33 37 38 49 53 54 57 58 60 61 62 65 67 72 
70 1 27 28 29 34 37 39 44 50 52 54 58 60 67 69 71 
6 1 26 31 33 36 38 39 41 43 45 47 49 51 53 57 59 65 68 72 74 
44 38 47 50 52 53 60 66 67 68 72 
88 66 
23 28 51 54 60 64 67 71 
7 29 44 47 53 54 70 73 
25 26 39 45 49 57 59 64 70 72 
68 30 36 43 56 57 64 69 70 
26 1 31 33 34 35 40 47 55 57 67 72 
17 30 33 34 36 38 44 45 53 60 70 71 74 
4 44 
50 46 
54 1 26 29 33 34 35 36 42 51 52 54 60 61 68 69 
98 26 38 44 48 51 56 57 59 66 
40 31 32 35 37 38 39 48 57 68 74 
22 26 27 29 30 39 43 50 54 55 60 61 72 
19 1 26 41 43 44 47 51 53 54 55 56 57 62 67 69 71 74 75 
39 30 61 68 70 73 
26 39 
43 1 32 33 39 42 49 52 55 57 58 59 60 61 66 70 73 
96 52 
24 1 27 28 35 39 44 46 48 52 59 60 61 64 69 73 74 
36 30 32 38 43 46 53 58 66 67 72 74 
60 27 35 38 43 52 55 68 71 
83 27 29 30 37 38 52 53 54 56 60 63 66 69 70 
52 26 34 36 44 49 62 71 72 
91 28 29 33 37 38 39 40 41 43 46 50 59 62 63 64 66 68 69 73 
52 26 46 68 
86 32 38 43 49 53 60 66 68 70 
83 1 28 34 36 39 40 41 46 49 50 57 68 74 
29 28 29 30 32 35 38 45 46 52 53 57 67 68 71 73 
87 1 33 37 42 44 45 57 60 65 70 72 74 
82 54 66 95 56 94 100 56 66 88 43 98 33 71 13 11 100 62 20 91 59 70 6 97 84 60 33 32 31 91 61 81 34 87 98 69 43 87 24 95 35 73 90 34 66 18 68 74 6 19 40 51 14 79 92 51 91 87 51 85 16 43 19 37 40 73 27 9 58 17 36 30 8 57 19 
