52 78
42 27 30 32 36 37 42 43 47 49 52 53 54 55 57 61 70 71 76 
21 28 31 38 39 42 43 44 46 52 54 56 64 66 67 70 73 77 
51 28 30 45 49 54 61 64 66 76 
26 27 29 31 32 38 49 54 55 58 67 77 
56 28 
29 28 31 33 35 36 37 39 43 47 48 49 50 51 58 70 76 77 
39 28 31 32 43 45 50 58 60 61 63 69 72 75 76 
68 31 34 40 45 51 54 59 61 65 71 76 
11 33 52 66 67 69 
74 33 48 51 56 62 67 78 
63 1 27 28 31 34 39 43 46 54 62 64 66 67 71 72 73 74 76 
49 28 30 37 40 46 70 77 
20 68 71 
38 27 34 35 36 40 41 44 45 46 47 48 54 56 58 60 61 65 67 78 
68 55 71 
43 29 31 32 33 37 38 40 41 42 49 51 56 57 58 62 63 67 73 74 77 
35 43 45 56 65 
52 49 
62 33 39 48 59 62 70 72 73 76 
92 1 28 30 59 60 72 74 
20 1 29 37 40 42 43 49 50 65 
5 35 39 42 45 50 56 60 70 73 
24 1 27 31 32 34 42 43 44 47 52 59 60 62 71 73 74 75 
65 33 35 36 38 42 43 49 50 51 53 62 64 69 74 77 
9 27 30 32 33 35 36 37 40 41 47 48 53 59 62 65 72 74 77 
66 28 30 36 39 42 43 44 47 54 56 62 65 69 70 76 
44 39 46 64 75 
9 1 28 35 50 55 59 65 68 70 73 74 78 
39 1 28 30 31 32 34 37 46 62 63 65 67 68 74 77 
55 28 46 49 50 52 56 65 
63 28 30 31 32 36 42 48 49 54 55 57 58 63 69 71 73 74 76 77 
5 27 28 29 30 31 33 37 41 43 49 52 55 56 60 61 62 64 65 73 
97 37 39 45 46 55 60 77 
77 27 28 29 36 40 54 56 57 58 59 60 61 64 75 77 
31 31 33 42 43 62 77 
84 28 30 39 41 43 46 48 49 51 54 56 57 59 61 63 64 67 69 73 77 
82 1 28 32 36 39 47 48 49 53 60 63 67 68 77 78 
78 34 55 71 72 
40 30 32 34 37 43 45 46 48 49 51 52 53 60 61 65 68 69 
41 1 34 35 37 38 41 43 44 49 52 53 54 55 62 63 65 67 68 74 75 
100 1 28 33 35 36 39 43 45 46 47 49 50 52 53 61 66 75 
83 27 34 37 47 51 53 55 56 57 58 59 61 64 66 68 71 72 74 76 
29 47 62 
99 29 30 36 38 40 41 42 44 45 47 48 50 54 59 60 61 62 76 78 
41 1 27 32 34 37 43 46 49 59 61 62 66 67 72 74 76 
59 30 38 50 53 
32 31 38 41 42 43 44 48 49 50 52 53 58 61 63 67 
47 51 54 68 74 76 
87 54 
19 30 35 37 39 44 53 61 63 67 77 
71 29 30 35 38 39 45 49 54 60 62 68 71 72 73 77 
85 29 30 35 38 46 52 54 55 57 64 65 73 76 
32 81 3 45 4 79 92 65 19 22 5 39 68 68 34 4 19 88 16 21 8 9 19 55 58 64 10 34 21 46 8 44 55 1 49 62 47 77 77 8 17 79 1 66 7 97 16 45 92 22 16 55 83 41 99 67 52 16 13 70 35 81 72 87 48 57 7 77 17 5 32 23 27 80 29 34 59 11 
