56 84
89 40 43 47 51 52 54 59 68 69 70 80 83 
26 29 37 40 42 43 46 50 58 59 62 63 64 71 72 73 77 78 
16 49 55 58 64 67 70 72 74 75 77 81 82 83 
85 51 52 59 77 78 79 81 
93 67 
56 41 43 47 49 51 54 55 56 61 63 68 72 74 76 81 83 
55 1 35 41 53 54 57 62 70 71 72 77 79 
25 1 29 31 36 39 40 44 50 56 57 65 66 69 70 71 72 73 80 82 84 
3 1 38 41 46 56 70 71 84 
71 44 48 59 76 
73 35 42 44 45 50 51 52 55 61 63 64 66 67 73 78 81 
71 1 29 34 35 38 40 46 47 48 54 60 61 67 72 
75 1 31 37 38 42 43 46 52 53 54 61 62 63 65 67 73 74 77 
57 39 41 44 45 55 57 59 62 66 73 75 80 84 
18 37 
32 33 34 37 39 45 46 55 66 68 71 74 76 78 79 81 
26 63 
79 43 54 56 66 72 79 84 
84 36 71 
52 1 30 31 40 43 49 51 58 70 
65 39 45 55 64 65 77 79 83 
65 1 34 43 47 48 52 61 68 69 77 78 80 84 
50 57 69 
92 30 31 36 38 41 43 45 50 51 52 53 54 57 62 74 77 79 84 
43 54 
26 33 49 
33 36 38 44 50 52 63 66 75 79 84 
5 1 36 38 40 43 46 48 53 54 55 57 59 60 63 65 66 71 72 81 83 84 
57 30 33 37 39 43 44 50 53 59 60 63 73 76 77 78 79 
30 45 
16 35 83 
56 35 38 40 44 49 56 57 68 69 70 75 
4 30 37 38 46 47 48 53 56 59 76 81 83 
10 68 
4 32 56 57 58 60 77 79 84 
100 29 31 33 41 42 44 48 50 63 71 73 78 84 
1 44 46 52 65 68 71 76 78 
83 43 48 52 60 67 72 75 
8 1 30 31 32 36 37 38 39 40 42 45 48 52 54 57 59 62 63 64 70 77 83 
73 1 31 48 50 56 64 68 69 72 75 80 
62 36 43 45 53 55 57 58 67 72 76 82 83 84 
91 30 32 34 37 38 40 42 44 46 47 48 52 54 58 59 66 69 70 75 79 80 
1 30 42 43 47 52 54 55 56 60 64 72 76 77 82 
26 30 32 33 40 42 48 52 54 57 58 59 60 63 66 68 69 73 83 
30 1 29 30 39 40 43 44 47 48 50 58 59 66 72 75 81 84 
17 65 77 
17 36 38 44 48 51 52 54 55 56 65 70 71 72 75 79 84 
54 30 32 33 36 37 41 51 57 59 62 80 84 
82 43 45 46 49 58 65 68 74 80 
92 32 38 50 55 59 61 65 76 
94 34 36 37 39 42 43 45 47 53 55 58 62 63 66 67 70 75 77 
46 1 33 41 44 46 51 61 62 68 
74 33 37 38 39 45 46 48 52 53 59 63 66 68 74 81 84 
42 31 38 41 46 47 56 62 66 67 75 76 
69 34 35 39 40 41 43 48 59 61 62 68 69 80 82 
90 31 38 49 52 54 56 57 70 76 79 80 
76 43 80 90 27 33 7 97 10 92 69 40 32 19 88 28 98 20 60 49 41 73 88 47 36 97 82 49 88 36 92 73 68 52 30 4 7 61 87 97 80 22 56 65 32 49 58 95 97 67 2 75 63 52 90 92 76 97 55 90 7 98 53 18 85 19 81 4 44 77 11 19 67 26 66 65 97 49 64 71 10 57 46 65 
