58 87
76 36 41 65 66 71 75 76 
28 31 33 34 36 37 39 40 46 50 63 64 65 66 70 75 79 83 
95 35 38 41 59 61 66 68 72 73 76 77 80 81 82 83 87 
59 32 33 34 35 46 54 58 60 64 65 67 72 75 76 77 79 83 84 
9 1 30 31 36 38 49 54 56 57 61 66 67 69 
62 1 36 50 61 69 71 81 
50 30 31 34 35 44 48 49 50 53 58 63 65 67 69 70 71 72 76 77 79 82 
62 1 34 35 38 39 45 46 48 50 58 62 64 66 67 69 70 71 73 75 84 
30 1 30 37 38 42 47 50 56 62 65 67 68 69 71 72 76 82 84 
98 1 36 38 41 46 52 53 55 58 60 61 63 64 65 67 68 70 73 75 76 80 83 84 85 87 
8 1 34 55 62 73 75 81 
4 32 36 43 47 56 58 61 68 70 80 83 85 86 87 
59 32 42 44 49 50 57 61 62 65 75 80 81 86 
1 33 35 36 42 44 46 49 50 56 57 58 63 64 66 72 73 74 76 78 81 82 84 85 
88 1 33 39 41 42 43 45 48 49 51 59 60 63 64 68 70 72 75 77 79 87 
93 66 72 74 83 
30 38 43 46 65 72 78 
28 30 31 39 42 43 46 47 48 49 50 53 55 56 60 64 67 69 74 77 84 86 87 
19 31 35 40 42 47 49 51 52 55 57 58 60 62 67 73 74 85 87 
21 50 52 
39 30 31 32 36 37 38 41 46 53 55 56 58 60 61 62 65 67 70 72 74 76 79 85 86 87 
8 31 36 39 51 53 59 68 76 
43 37 42 62 79 82 83 86 
5 36 61 75 
68 45 46 48 50 52 53 55 56 57 58 59 60 67 73 74 80 83 85 
68 35 37 39 40 41 45 50 56 60 62 65 72 76 77 80 84 85 86 87 
80 33 34 35 36 39 42 48 49 50 54 56 58 59 62 63 65 68 70 74 75 80 82 
5 1 30 31 37 40 45 52 58 61 69 82 84 
13 33 34 40 44 48 49 56 59 61 62 66 67 68 70 71 76 77 81 83 84 86 87 
77 1 35 51 52 58 61 69 72 77 80 84 86 87 
12 30 35 37 38 39 44 46 53 57 58 59 61 69 73 76 77 79 80 81 86 87 
26 1 30 33 36 40 41 42 46 47 51 56 57 59 61 64 66 68 72 75 78 79 81 84 87 
69 30 33 37 42 43 48 49 50 56 57 63 72 75 81 82 87 
43 1 30 33 36 39 40 43 44 46 47 49 55 59 60 65 67 75 78 79 81 85 
80 31 38 40 42 45 46 48 49 51 55 57 59 61 62 64 66 68 69 70 72 73 74 77 82 84 
93 33 48 64 73 74 79 84 87 
65 30 32 37 38 59 60 65 66 68 70 71 74 78 79 84 86 
63 1 35 38 45 58 65 67 70 71 74 87 
15 32 49 70 76 79 81 84 87 
100 32 42 43 44 64 74 75 76 
7 30 32 34 35 40 41 47 50 52 53 54 57 58 59 70 72 74 80 82 85 
82 38 47 49 51 55 57 58 59 61 65 67 70 71 74 75 76 81 82 85 86 
89 30 32 35 40 42 44 46 47 49 53 56 60 62 67 70 71 74 79 83 85 86 
62 30 38 47 51 67 70 75 83 
36 1 31 35 39 42 43 45 46 47 51 52 62 71 76 
51 38 56 58 64 85 87 
55 1 34 35 36 41 44 56 60 66 72 76 77 86 
50 52 58 61 66 80 
81 40 50 60 74 
57 30 41 49 50 51 65 79 
90 1 32 37 40 41 46 51 58 59 69 76 80 85 
47 38 39 51 59 67 69 70 82 85 
92 36 37 40 49 52 53 54 57 61 67 68 70 72 76 81 83 
75 30 34 40 41 43 45 52 56 62 71 72 76 84 85 
23 1 33 43 52 67 72 86 
47 1 37 41 44 47 51 54 59 61 70 75 79 83 
59 1 45 60 68 74 84 86 
88 31 78 
61 69 84 2 51 29 83 24 77 9 41 88 25 78 67 28 88 21 85 79 15 40 79 41 56 2 70 83 79 20 10 8 55 76 18 50 10 6 72 60 32 74 24 78 65 14 33 2 64 24 8 26 79 4 85 10 27 81 88 62 50 3 77 63 55 28 76 66 83 40 82 35 34 60 81 86 96 20 29 62 68 13 10 5 68 71 70 
