60 90
4 37 52 64 65 75 82 83 
8 34 37 38 47 51 52 54 59 64 68 70 76 81 82 86 87 89 90 
57 35 36 38 40 43 44 45 51 55 58 60 64 67 68 72 78 82 85 
44 85 
64 41 42 48 58 68 76 81 83 85 86 88 
29 33 34 39 45 59 64 70 74 76 79 88 
30 45 
53 31 39 40 42 43 51 52 56 63 67 70 72 74 77 80 82 85 89 
82 36 45 70 
43 33 53 73 
16 40 45 85 87 
57 36 40 41 47 68 74 84 
53 32 39 42 43 44 46 50 53 56 65 66 68 72 76 78 81 87 88 
61 31 32 35 36 37 39 40 41 43 44 46 48 50 56 58 61 64 65 67 68 70 75 79 81 82 86 87 
65 31 67 68 
85 39 49 61 
65 32 34 35 37 39 43 45 46 47 48 54 55 57 62 64 70 73 75 79 81 84 88 90 
16 1 31 35 37 38 39 42 44 52 53 55 60 63 64 66 70 77 79 83 87 88 89 90 
30 37 38 39 42 43 51 53 55 62 63 67 69 74 75 79 81 87 
3 55 61 76 77 
35 32 36 37 38 39 47 56 68 71 76 78 81 83 86 
31 81 82 
60 32 35 38 58 59 64 84 
86 31 34 37 42 43 48 49 53 56 59 61 64 70 72 76 85 88 90 
27 1 35 41 48 52 60 62 67 73 75 76 78 79 83 85 86 90 
17 38 42 47 54 59 60 69 71 75 85 88 90 
4 1 41 42 53 80 81 
79 1 34 36 41 44 45 46 50 51 59 60 63 64 70 73 74 75 80 81 89 
25 33 34 40 41 42 43 53 54 56 57 58 60 61 65 68 69 71 72 73 79 80 81 83 84 90 
93 35 39 55 66 69 81 83 84 
40 33 59 
35 42 50 
59 33 34 39 49 50 51 52 53 58 60 63 68 71 77 79 89 
61 31 34 37 38 39 43 46 48 51 56 57 58 60 67 68 69 70 74 78 89 
51 41 59 79 87 
25 32 33 34 37 38 44 55 60 65 68 69 72 77 80 82 83 85 
5 31 43 51 54 59 60 67 68 70 85 88 
77 31 33 36 41 44 46 60 68 74 79 89 
89 35 40 41 48 53 54 58 62 67 69 73 74 76 77 78 80 85 86 88 90 
92 39 49 51 55 61 65 68 89 
33 1 31 33 42 44 45 51 54 55 57 62 63 68 72 78 83 
70 34 36 43 46 47 51 52 55 57 60 64 65 67 71 76 81 85 86 88 
58 31 34 36 39 41 48 56 57 60 63 66 71 76 80 82 83 84 86 87 88 89 
4 31 34 35 37 38 39 40 46 47 48 54 55 60 62 72 81 82 86 90 
7 33 35 38 41 43 45 49 53 64 65 68 69 73 76 83 84 85 87 88 
67 35 50 52 53 63 68 77 83 
2 1 31 32 37 39 41 43 45 47 48 49 50 51 53 54 56 62 64 69 72 79 89 
84 1 31 38 39 41 58 63 64 66 69 70 71 74 75 82 83 84 87 89 90 
18 31 33 36 39 41 43 55 58 64 66 67 71 74 75 76 79 83 84 86 88 89 
56 32 37 38 42 45 52 58 65 66 76 81 88 
86 33 36 37 38 44 45 55 62 67 72 73 75 76 77 82 90 
35 34 37 40 47 48 51 53 54 56 57 58 59 63 65 66 67 70 71 72 78 81 84 85 86 90 
49 31 33 35 38 40 42 47 49 50 56 62 64 68 69 76 78 79 83 87 88 89 
41 35 38 42 43 45 46 54 59 60 70 71 72 80 81 82 86 90 
75 31 34 40 46 47 54 77 81 84 
54 32 42 45 49 75 79 82 
32 1 40 42 45 48 50 52 55 57 58 59 61 64 71 73 74 82 85 88 
44 1 34 35 37 38 39 40 41 45 50 52 56 59 63 64 66 67 69 71 72 74 76 81 82 89 
96 1 31 35 36 44 46 48 51 53 54 55 57 60 63 64 66 69 77 78 82 84 
69 36 49 57 64 74 75 79 80 86 89 
12 26 40 59 2 23 76 87 49 82 33 21 73 57 45 54 48 65 98 80 38 47 71 53 69 73 57 82 40 22 81 1 2 32 86 76 63 26 76 73 96 59 1 75 39 33 20 23 86 54 59 68 15 60 28 28 85 85 56 9 8 33 13 15 72 32 31 27 26 2 47 86 60 22 26 14 4 68 72 39 3 29 5 26 12 6 89 22 19 19 
