62 93
76 1 32 38 55 58 60 72 77 88 
27 1 32 35 41 46 49 51 54 56 57 59 61 68 69 71 74 75 76 81 89 91 
22 41 62 65 71 83 84 91 93 
45 34 43 44 46 49 51 55 58 70 82 86 88 
63 1 32 34 41 45 47 54 61 67 71 73 74 75 76 80 85 86 89 92 93 
34 35 42 46 53 59 62 63 71 91 
11 39 50 55 56 57 91 
41 38 48 59 62 64 81 92 
38 72 
14 40 42 44 57 71 81 83 88 
61 32 33 34 37 46 47 48 50 52 53 54 56 57 58 59 60 61 66 67 68 69 72 74 78 82 
24 34 36 39 40 41 42 57 58 64 67 73 75 80 88 89 90 91 93 
60 32 33 35 36 37 39 41 43 45 51 53 56 57 65 69 71 74 88 90 
17 36 85 91 
37 1 33 35 39 40 41 44 45 47 48 50 54 58 59 62 63 68 71 72 75 79 81 83 87 
11 37 65 89 
24 33 34 36 39 42 46 48 51 54 62 64 66 67 71 72 73 74 77 78 80 88 89 90 93 
55 34 42 43 46 50 52 53 54 55 60 62 63 65 67 68 70 73 76 77 78 81 85 88 93 
32 43 52 65 66 75 81 92 
9 32 33 34 38 39 59 64 67 69 70 77 90 
77 33 35 48 49 56 74 76 87 88 
83 1 39 53 57 59 63 68 75 79 87 89 91 
82 80 89 91 
48 34 36 39 53 56 59 60 72 76 80 81 83 84 87 90 
10 33 34 35 41 42 43 48 49 52 61 62 69 76 79 80 82 85 93 
13 1 36 38 40 41 47 53 54 60 61 62 67 68 70 78 81 85 89 
95 35 40 41 44 46 52 55 66 68 78 89 91 
51 1 33 43 58 59 61 76 77 80 91 
46 1 32 33 35 39 40 44 45 50 51 52 54 56 58 60 69 72 79 82 83 86 93 
82 35 36 38 43 44 45 47 48 54 58 63 64 71 72 73 74 79 81 85 91 
90 32 33 35 38 40 49 50 51 57 59 60 67 68 69 70 72 74 79 
91 41 45 50 52 61 70 92 
83 1 32 36 37 41 43 53 55 59 65 70 77 
2 45 91 93 
72 1 33 38 40 42 45 51 52 55 57 60 61 63 66 82 83 84 87 88 
43 60 73 
47 1 38 40 45 47 51 65 70 77 80 83 89 92 
48 37 38 40 41 44 46 51 52 55 56 57 62 66 72 73 75 80 81 82 84 88 
92 32 34 35 36 38 39 41 46 48 53 54 57 62 63 65 67 69 83 87 91 92 93 
23 40 47 50 56 60 65 78 80 
39 32 35 41 50 60 62 64 68 69 71 74 76 78 90 91 
82 32 33 36 38 42 44 45 48 49 53 54 55 58 63 64 65 66 72 73 75 78 79 85 91 
74 1 38 80 89 
9 1 35 36 37 40 42 45 48 52 54 55 57 64 68 70 72 79 81 83 85 88 92 
73 61 73 
90 40 41 43 44 50 61 66 68 78 83 85 93 
46 34 36 37 42 44 64 70 72 76 79 86 
23 38 39 41 42 45 54 57 58 60 68 69 72 75 76 79 82 90 91 93 
23 32 35 38 40 43 45 55 57 62 64 78 79 82 93 
44 56 80 81 82 
30 32 37 43 45 48 54 56 60 61 62 63 67 74 78 82 87 88 89 90 
5 1 39 42 48 49 53 57 64 67 68 74 75 77 79 83 84 85 91 
15 34 39 46 50 51 71 72 81 83 91 
95 37 43 48 
66 32 39 42 43 49 50 51 52 55 56 63 65 66 70 73 74 76 84 87 88 89 91 93 
3 32 33 36 40 50 68 70 76 78 87 
54 1 33 43 46 47 67 78 90 
19 33 45 56 60 61 67 78 83 89 90 91 92 
75 32 37 38 40 45 52 56 61 62 64 67 68 69 70 74 78 81 
74 33 36 37 38 47 51 52 61 62 68 72 84 92 
45 1 36 
67 32 38 40 41 45 53 54 57 58 59 62 71 78 79 81 85 86 88 89 90 92 
18 40 60 28 74 51 70 50 56 14 40 48 45 44 16 52 27 45 92 11 95 31 5 37 25 29 25 54 69 39 14 29 71 55 61 72 74 31 68 98 88 39 95 5 81 44 100 61 66 57 84 32 59 20 56 44 18 64 37 41 66 55 17 77 77 51 95 46 83 3 19 95 62 23 82 19 18 43 61 16 56 51 68 92 33 28 82 47 18 58 84 82 72 
