64 96
97 35 42 43 45 63 65 78 83 85 92 
51 33 35 36 43 48 50 51 52 53 58 61 62 66 67 69 70 71 73 75 76 77 87 92 93 95 
6 34 53 69 73 83 89 93 
75 37 42 46 48 51 55 63 65 69 71 72 76 78 81 91 92 96 
39 77 
47 51 
47 44 47 50 52 60 63 64 66 87 96 
98 37 39 40 48 52 54 56 66 78 80 83 85 87 88 90 96 
79 1 40 41 43 46 47 48 49 51 53 55 57 60 61 64 65 67 73 80 87 92 
84 1 38 40 42 49 52 54 55 61 62 63 64 65 66 69 70 71 74 76 77 81 84 85 88 92 95 
49 34 41 49 50 63 70 71 72 89 90 94 
10 1 33 36 42 44 62 66 72 73 74 90 
88 95 
53 84 
74 1 33 39 41 43 47 48 53 54 55 56 57 58 60 64 65 68 70 74 75 79 80 83 94 
25 1 34 36 39 42 51 52 53 61 64 67 68 72 75 76 77 78 80 81 82 83 84 85 88 
32 35 50 55 60 69 78 83 87 95 
95 33 37 46 47 51 55 60 63 66 69 71 73 76 80 84 
86 39 41 44 45 48 57 59 74 76 83 84 
35 1 43 44 47 48 56 58 70 76 78 82 87 88 96 
26 33 44 45 79 80 87 93 
20 1 38 45 60 65 70 85 88 91 92 95 
54 1 80 84 
73 58 
23 37 41 44 46 47 49 55 57 64 68 69 72 74 82 83 85 87 89 92 
87 35 39 40 44 47 52 53 54 55 60 64 68 69 74 75 76 79 80 81 88 91 94 95 
21 1 36 37 43 47 52 53 57 58 61 62 63 74 82 83 92 
60 1 35 40 42 44 48 50 52 55 59 61 64 69 72 74 77 78 80 81 84 87 89 96 
30 33 36 38 39 42 44 48 60 62 64 66 69 71 76 80 84 87 90 
2 33 40 42 45 52 56 57 63 64 65 66 68 71 74 78 80 81 85 86 90 91 94 95 96 
31 1 35 37 39 40 42 46 47 50 51 52 60 69 71 72 73 74 76 77 78 79 82 92 95 
38 44 45 48 50 52 58 59 60 62 66 70 76 90 92 
53 50 51 57 58 62 73 74 82 83 85 87 91 93 95 
30 1 37 43 47 48 50 55 56 57 59 61 64 67 68 70 71 72 76 79 81 86 87 95 
2 35 36 39 43 45 46 49 52 53 55 60 62 70 71 73 77 78 80 85 87 89 90 91 96 
15 1 35 38 40 44 50 56 57 58 59 62 64 65 66 73 75 76 80 81 82 85 86 87 93 96 
28 39 41 42 46 49 50 52 54 55 56 57 59 64 82 85 86 88 89 
3 39 52 53 54 57 60 62 67 70 77 79 84 96 
65 70 
44 1 33 52 57 59 81 87 88 
27 35 39 44 46 47 53 54 56 61 63 66 67 70 72 73 74 75 76 78 79 86 87 88 89 91 95 
69 63 72 73 78 88 
60 39 43 66 87 
31 33 34 41 44 45 46 47 51 86 91 
14 34 47 66 74 80 86 92 
23 58 
90 37 38 39 42 48 50 56 58 64 67 84 93 
15 39 41 43 61 68 70 76 
34 33 38 40 53 54 58 87 
77 36 38 40 43 46 48 53 54 56 59 60 63 64 70 73 75 78 82 83 91 92 93 95 96 
3 43 82 85 95 
76 34 37 41 42 43 46 49 50 52 55 60 63 64 66 71 72 73 76 78 79 80 83 86 87 89 93 96 
42 49 52 62 68 75 79 91 93 
97 33 35 36 51 53 57 62 67 68 71 72 75 78 79 90 91 94 96 
78 81 
7 52 56 59 68 70 80 81 94 
97 33 39 40 42 46 48 49 53 58 62 63 65 74 75 79 81 85 89 94 
19 46 
40 1 33 39 48 54 62 67 68 71 76 81 83 84 86 88 91 
63 36 41 45 46 50 52 57 62 72 73 77 82 83 86 89 91 93 
80 34 37 41 42 43 47 48 50 53 55 58 59 60 63 64 65 66 76 77 81 84 94 95 96 
31 36 43 46 49 51 54 60 65 67 68 71 73 76 82 83 84 85 87 93 94 
59 38 43 45 47 50 59 62 63 68 85 
16 33 34 37 41 43 46 47 48 49 55 59 60 61 65 67 68 70 73 74 80 86 88 93 94 
27 39 99 25 9 80 99 12 69 30 61 2 22 96 56 90 20 52 94 95 95 44 22 36 44 67 4 31 85 76 28 98 31 72 28 74 37 93 21 69 36 59 45 59 52 14 79 99 70 4 32 76 73 75 91 8 20 45 49 52 77 41 70 58 89 21 73 72 59 32 61 51 43 49 15 80 92 23 82 7 84 54 19 65 31 14 13 43 15 83 54 39 52 84 93 37 
