66 99
15 38 42 45 47 49 50 52 53 54 59 60 63 65 67 68 69 74 75 76 77 80 88 91 93 
89 1 40 42 44 48 51 54 57 60 67 74 76 77 78 79 85 89 91 94 96 
93 34 35 36 37 43 44 46 56 57 58 63 66 67 70 71 74 76 78 79 82 85 89 90 92 95 98 99 
59 34 36 38 40 42 43 44 50 51 54 58 60 61 67 70 80 81 85 86 88 98 99 
8 42 49 50 52 66 70 71 72 73 74 97 
54 56 68 90 
12 40 42 50 53 54 64 66 67 68 80 85 87 98 99 
38 1 39 40 48 50 55 57 65 71 73 78 79 81 93 98 
61 57 59 61 62 63 69 74 77 80 85 88 
52 36 40 47 50 52 57 60 61 63 64 68 69 70 87 91 92 93 94 95 97 
87 38 42 43 45 52 53 61 71 74 79 84 85 86 87 88 95 99 
74 35 36 37 39 43 44 52 56 58 62 63 67 68 69 74 76 77 85 88 91 
99 35 39 41 42 50 51 52 54 56 57 59 61 62 65 67 70 74 77 78 82 84 86 87 90 92 93 98 99 
52 1 37 42 52 58 63 64 71 72 77 83 84 91 93 96 
65 55 58 69 74 75 94 98 
97 43 44 49 51 54 60 61 71 75 78 79 84 86 92 94 
99 36 40 42 44 46 54 55 59 60 62 64 73 74 81 82 85 87 88 93 98 
56 37 39 48 56 68 69 70 80 86 87 88 94 98 
30 35 36 37 38 42 45 46 48 54 56 64 70 77 82 90 96 97 99 
36 39 45 47 59 61 64 67 69 70 71 72 78 79 84 88 91 92 94 95 96 99 
96 40 41 43 45 48 55 57 65 67 68 70 73 75 76 82 84 85 88 89 91 93 98 
37 37 60 64 95 99 
90 38 45 46 47 49 57 62 65 82 86 90 93 97 
3 58 62 72 75 80 81 85 86 87 88 91 92 97 
30 37 41 46 47 49 51 54 58 62 64 65 66 68 70 71 73 92 93 95 97 98 99 
76 36 73 78 93 
97 50 
84 1 37 42 52 53 73 78 89 95 96 99 
42 40 41 42 46 47 49 50 51 52 53 58 59 60 65 69 74 80 82 83 86 87 89 91 94 95 98 99 
5 39 41 57 62 80 81 87 89 
60 1 34 37 45 46 48 49 53 60 62 63 65 66 67 69 85 87 88 93 95 
92 39 42 45 47 53 54 55 56 61 63 64 65 68 71 72 80 84 85 90 96 99 
36 72 77 
63 36 37 43 57 58 67 68 69 72 78 84 87 90 94 
95 39 53 56 59 60 68 71 76 86 89 98 
6 35 39 40 45 46 47 49 50 52 54 58 65 69 72 73 76 77 81 83 84 85 90 91 95 97 
5 36 41 45 48 56 57 58 68 76 77 78 80 81 94 97 99 
58 35 38 42 43 44 45 50 54 59 62 63 69 71 78 79 82 85 89 91 93 95 96 
32 49 82 84 
98 36 37 41 47 48 51 52 58 65 67 73 82 95 
75 1 38 40 47 48 54 55 60 80 82 99 
45 1 35 36 41 45 47 48 50 52 56 61 62 68 70 72 74 77 79 80 84 85 87 88 95 97 
51 34 35 36 37 50 53 54 56 58 61 66 68 75 76 81 85 86 90 92 94 98 
85 35 40 45 47 53 59 61 72 73 74 75 86 88 98 
53 1 35 37 39 42 43 46 47 51 57 58 60 62 69 70 75 76 81 83 85 86 87 94 
22 1 35 40 41 42 44 45 46 54 59 62 64 65 66 67 69 73 76 81 86 87 88 92 98 99 
92 37 41 46 48 51 53 57 64 68 70 78 82 84 87 89 94 97 98 
62 34 43 47 52 57 66 67 72 79 84 90 98 
3 1 35 37 40 44 45 48 49 50 51 56 61 71 76 80 87 91 92 94 95 98 
59 1 34 36 37 39 43 45 48 51 58 63 67 77 78 85 87 88 91 94 
20 37 42 45 46 51 53 57 59 61 67 70 71 76 78 83 87 94 95 
98 1 36 37 38 39 40 48 49 51 54 55 59 62 69 70 73 74 75 76 77 78 79 80 81 83 86 97 99 
34 51 
94 59 68 92 96 
6 40 42 46 47 49 55 58 61 64 65 67 69 76 79 81 84 86 92 
38 1 34 38 44 47 48 52 64 68 71 72 77 79 89 91 92 
24 36 37 43 47 50 51 55 56 57 65 68 73 74 76 82 85 86 90 91 93 
67 93 
18 35 46 68 69 77 83 
11 34 36 37 38 41 43 45 48 49 51 52 54 55 57 61 62 66 67 69 72 73 75 85 86 87 89 92 93 99 
50 36 50 61 71 80 85 86 91 94 98 
98 1 36 37 48 51 54 59 64 66 71 82 85 86 99 
74 82 95 
83 1 34 41 43 50 62 65 69 75 82 84 85 87 90 91 92 
98 36 39 41 43 44 54 57 58 65 73 75 76 79 81 87 88 89 92 95 98 
52 60 61 65 68 70 71 73 79 84 86 89 96 
84 14 63 94 10 97 31 21 15 75 80 49 36 87 18 98 8 54 23 72 31 36 76 21 83 66 47 67 30 80 7 70 12 86 92 75 92 20 32 27 41 83 20 78 80 71 38 60 31 97 31 3 60 3 81 81 8 73 39 44 96 63 61 61 49 5 30 86 26 51 57 57 81 55 48 62 6 3 53 7 77 35 31 76 41 12 38 28 12 90 44 18 88 63 32 43 48 36 68 
