68 102
63 35 36 37 40 41 44 47 51 52 58 59 60 61 62 63 64 67 68 70 71 74 75 77 79 85 86 95 97 
87 52 97 
71 61 71 82 89 
89 36 52 60 61 63 67 69 87 93 
39 1 36 37 39 43 44 47 49 55 57 59 61 65 67 69 72 74 77 78 79 85 87 99 100 
14 1 42 44 48 53 56 62 67 74 78 85 91 97 101 102 
17 48 58 74 
93 35 43 44 45 47 50 58 59 63 72 73 76 77 78 79 80 81 82 84 85 87 88 89 97 102 
84 35 54 64 77 84 89 101 102 
3 38 41 45 47 54 56 58 59 63 64 65 70 73 75 78 81 84 85 90 91 95 96 99 101 102 
24 48 56 57 65 75 80 93 
68 1 36 41 42 45 46 50 51 52 54 55 59 60 64 69 74 76 77 78 80 81 82 83 94 96 98 
82 1 35 40 41 42 49 52 54 59 61 64 72 77 80 82 85 92 94 99 101 102 
47 51 65 75 83 84 
32 36 42 56 57 71 72 80 97 98 101 
98 37 39 40 45 57 71 85 
39 36 38 44 49 52 57 62 71 75 77 79 81 82 84 87 88 90 93 95 98 102 
91 39 41 46 53 60 71 72 73 77 80 82 88 91 97 100 102 
52 35 39 45 47 50 51 56 57 58 59 64 65 67 70 73 79 80 82 84 87 89 93 97 100 101 
92 54 
97 1 36 38 42 44 47 61 62 65 70 71 72 73 76 79 82 83 84 88 95 96 
46 36 37 41 42 53 57 64 65 66 69 71 72 73 81 86 88 90 94 102 
83 96 
86 35 38 39 40 42 47 58 59 60 63 65 69 70 72 74 76 80 82 83 84 85 86 87 89 91 96 98 102 
55 40 48 49 51 53 54 60 68 74 89 101 
69 51 55 60 65 66 77 
37 1 40 49 61 71 72 
36 1 36 38 40 44 47 57 59 79 81 84 92 102 
27 36 52 54 73 74 95 100 
11 40 43 44 51 53 56 65 68 70 72 75 76 78 81 82 85 91 92 95 98 99 100 
72 1 41 82 92 
36 55 
89 45 47 50 56 60 61 63 65 66 67 69 71 72 75 76 77 78 82 85 91 92 96 101 
28 35 36 37 38 43 45 58 61 63 77 81 82 83 91 97 
55 38 40 41 48 49 50 75 79 86 88 89 93 98 
36 50 75 
95 36 37 42 47 49 52 55 56 60 62 68 74 76 77 79 81 83 87 88 90 94 96 97 101 
8 35 39 44 46 49 52 66 69 74 77 82 89 93 95 99 
86 36 38 41 48 50 52 54 55 58 59 67 70 72 74 76 82 84 86 89 92 98 99 
80 37 45 46 53 65 66 67 81 84 93 96 
75 1 40 41 45 53 60 62 63 64 66 67 76 84 89 94 96 97 
93 67 93 100 
63 35 39 40 44 47 48 51 55 62 63 64 65 68 73 80 83 90 91 93 96 99 100 101 102 
3 37 47 53 55 56 58 76 77 78 80 84 86 91 98 99 102 
2 36 43 44 45 47 51 52 53 57 59 60 61 63 67 68 69 73 74 77 80 85 93 94 97 98 99 100 101 
93 36 37 50 62 71 76 81 83 94 98 101 
19 37 42 43 46 52 57 60 67 72 81 84 92 94 100 
83 48 52 61 64 65 74 82 86 87 89 91 95 101 
88 41 45 48 51 55 59 60 66 70 74 75 78 83 86 89 93 95 98 99 
36 58 60 62 76 79 80 
92 1 42 44 45 48 49 54 55 62 63 67 70 75 76 87 89 96 
99 1 40 44 48 49 50 51 66 68 69 70 77 79 84 88 89 91 93 97 100 
6 40 45 48 55 57 61 71 86 92 96 98 
74 51 54 62 64 70 100 
96 40 55 72 86 87 93 
9 1 35 39 46 54 88 94 
26 40 44 49 51 59 62 65 68 74 75 85 88 93 99 102 
48 36 37 39 41 42 45 46 47 48 52 53 56 57 61 62 69 70 71 73 75 76 78 80 81 83 84 85 94 95 97 
1 36 
90 39 46 88 93 
10 39 44 50 53 60 62 70 75 77 84 96 97 101 102 
6 37 41 43 45 54 58 66 67 72 73 82 84 90 97 
13 1 44 45 52 54 56 61 67 70 77 81 83 86 89 93 98 
33 41 44 47 54 55 58 60 64 65 66 72 74 77 78 83 85 91 94 95 96 98 
30 38 43 44 45 52 54 56 59 69 71 84 92 93 100 
99 37 40 43 45 46 57 65 66 70 72 78 80 83 92 94 95 96 97 98 100 
1 35 50 58 60 65 66 71 72 73 75 77 84 87 99 102 
83 42 44 50 51 58 63 72 73 74 76 79 83 89 
6 85 90 75 74 27 95 27 44 45 75 42 76 19 48 54 79 99 63 23 58 43 4 96 46 32 67 62 34 59 84 59 5 4 44 67 48 67 28 66 41 6 96 45 1 36 90 38 7 58 54 60 70 33 41 48 41 88 50 76 11 90 12 77 96 19 72 50 16 30 86 82 38 13 77 24 32 48 91 58 23 38 90 77 7 56 76 100 64 2 4 26 23 6 37 77 31 63 12 51 42 58 
