70 105
43 57 77 78 92 
31 48 55 65 72 75 78 88 95 97 98 
41 38 48 51 54 55 59 64 70 83 86 91 99 100 
98 36 38 39 41 46 48 57 61 68 73 75 80 83 84 92 94 95 97 102 105 
63 39 52 53 58 63 69 103 
69 37 40 45 47 48 61 65 66 73 78 80 92 95 99 
21 41 76 77 90 102 
61 41 55 58 70 75 76 79 84 86 87 90 91 96 99 101 104 
62 36 41 56 58 60 65 71 78 87 92 99 103 104 
81 37 46 64 79 82 85 90 95 
20 38 40 49 50 51 54 68 72 73 78 80 81 85 90 91 100 
22 80 
32 39 40 42 44 45 46 55 61 63 64 67 68 72 73 74 75 78 79 82 87 88 90 94 95 97 99 104 105 
3 84 87 93 
39 41 51 54 56 61 68 83 93 
48 37 38 39 40 42 44 45 47 50 54 55 56 61 62 70 73 80 85 87 98 101 
100 46 50 51 68 91 92 96 100 
70 36 38 40 47 51 54 63 67 70 74 80 91 92 95 96 100 102 104 
9 1 37 42 43 49 51 54 55 56 62 66 67 70 74 75 76 85 86 91 99 103 105 
78 88 
62 46 53 56 79 
59 1 39 41 42 43 44 46 48 49 61 62 68 69 71 74 76 78 83 84 85 87 89 91 92 94 96 100 102 103 104 
48 1 39 40 42 46 52 56 57 58 64 71 73 80 84 85 88 89 90 91 94 96 98 103 
98 48 58 75 104 
17 38 41 45 48 52 54 59 62 63 73 81 82 90 93 95 105 
87 50 61 62 68 69 70 78 80 82 83 84 98 100 
15 41 46 47 51 78 80 83 85 99 103 
83 48 78 99 
10 45 67 74 75 82 89 92 101 
94 67 68 
28 76 
29 42 44 46 48 53 54 56 61 64 65 70 71 77 79 81 82 88 91 92 97 99 101 104 
9 38 40 43 60 61 67 70 72 74 75 76 79 80 81 84 86 88 91 93 94 105 
24 48 55 90 92 95 96 
11 1 36 47 64 76 77 87 88 91 92 98 
84 68 
51 36 38 43 
18 45 52 58 59 60 62 63 66 70 72 74 75 76 83 92 93 94 95 96 97 100 103 104 105 
98 36 38 43 48 53 55 58 60 61 65 66 67 68 71 72 81 83 84 86 87 90 91 92 93 94 96 98 101 
70 80 
16 1 36 37 40 46 58 64 78 82 83 90 98 100 102 105 
11 36 47 59 66 73 78 79 85 102 104 
81 39 67 80 
80 38 42 48 49 63 66 68 92 98 
72 1 37 43 44 45 50 52 59 73 74 76 79 86 90 95 98 101 105 
78 36 37 44 48 63 70 88 101 
1 1 39 41 44 45 54 62 66 68 74 79 80 82 85 89 91 92 98 103 
57 1 44 47 48 51 60 71 78 82 86 89 93 96 97 100 103 
87 42 45 47 68 70 83 91 93 102 104 
35 81 89 94 
48 1 39 45 48 75 76 80 83 101 103 
56 37 38 41 45 46 47 48 49 52 53 57 59 60 65 66 73 74 81 85 88 89 90 92 94 98 
15 38 
33 1 43 47 55 57 78 79 86 89 90 93 94 99 103 
60 48 49 56 65 72 81 84 99 
32 58 72 74 77 84 95 103 
77 42 50 63 78 85 89 94 98 102 103 105 
46 37 38 40 41 46 47 51 52 53 54 60 61 67 75 76 81 84 88 91 99 101 
66 37 43 48 51 68 69 72 87 88 94 96 100 
89 1 36 41 42 43 44 45 47 48 51 53 55 56 57 63 66 67 71 72 75 77 82 84 88 91 92 96 101 
76 68 81 90 
21 1 39 41 43 46 47 49 64 67 71 73 78 79 82 83 88 90 95 103 105 
48 40 58 77 91 96 
8 45 46 55 57 61 68 72 80 83 93 95 101 
38 36 37 48 50 54 55 68 70 72 78 85 93 96 105 
63 1 47 48 64 67 69 77 83 93 97 99 102 
90 45 48 49 50 54 55 62 77 80 83 92 93 99 102 105 
92 1 36 39 42 43 44 45 46 47 48 52 53 58 59 60 61 65 66 67 68 76 79 81 83 88 89 92 95 103 104 
74 36 37 38 40 42 43 46 50 51 54 56 60 63 64 66 67 69 70 78 79 83 93 95 96 97 101 102 103 
4 36 37 40 45 49 52 62 70 82 86 87 94 102 104 
99 92 68 26 21 7 81 45 74 2 83 55 41 44 55 22 97 20 55 35 31 65 38 75 80 67 15 24 33 50 56 26 49 43 30 99 5 77 74 16 63 33 60 85 24 76 66 42 24 11 5 61 50 60 19 93 20 99 67 59 45 50 34 96 40 51 54 36 16 53 56 63 85 19 28 20 89 33 60 41 6 49 92 75 18 61 36 7 47 83 94 26 85 11 56 29 43 69 40 30 73 60 49 85 78 
