72 108
12 1 38 43 47 49 51 52 53 54 56 58 59 62 63 66 67 69 71 72 75 77 78 79 84 91 97 102 103 106 
39 40 45 48 50 55 57 59 62 66 71 73 80 81 82 87 88 96 97 101 105 
68 59 69 71 73 76 80 82 83 90 
86 44 47 52 53 54 59 61 63 64 68 73 77 79 80 81 88 89 92 96 99 105 107 108 
44 1 42 48 56 61 67 69 71 74 80 85 90 104 105 
8 37 38 39 45 51 54 56 59 60 62 63 65 66 68 70 71 76 78 83 85 89 92 94 97 98 104 106 
79 37 42 43 45 46 47 60 66 69 71 81 82 85 87 88 94 96 97 98 99 104 105 108 
78 1 38 40 44 47 58 73 79 84 85 86 90 98 106 107 108 
9 37 38 41 48 50 53 54 56 58 59 61 65 66 68 69 71 72 73 74 75 76 89 95 96 99 
70 41 42 44 45 56 58 59 62 66 71 76 79 84 85 87 91 92 97 99 104 105 
30 37 41 42 45 49 71 73 78 80 88 97 99 100 102 
74 37 42 48 49 50 52 60 61 65 67 70 71 72 77 78 81 83 89 95 96 103 107 
96 41 43 45 46 47 49 50 52 53 54 55 58 61 63 66 71 75 76 77 79 80 88 89 90 94 97 100 102 105 106 
98 38 39 40 51 53 54 55 56 57 58 60 62 64 66 68 69 73 76 80 85 90 94 97 101 106 
89 41 51 61 63 103 
40 39 40 44 45 46 47 48 52 53 58 59 64 66 73 75 79 81 82 87 89 90 93 96 98 103 105 107 
73 43 47 53 59 63 66 67 82 84 87 89 95 98 
14 42 53 55 59 66 69 73 82 90 
58 1 37 40 41 42 44 50 52 55 68 70 74 81 94 95 96 100 101 104 106 107 
27 43 57 61 64 78 83 95 96 106 
64 58 86 97 
26 40 43 45 56 59 61 65 66 68 75 78 79 80 84 87 90 94 97 100 103 107 108 
39 44 55 56 65 67 73 76 79 83 94 97 98 101 102 105 108 
32 38 39 42 52 55 58 59 63 66 75 82 85 87 89 93 94 103 105 
99 42 46 47 49 55 61 65 69 83 86 87 94 97 98 104 
65 78 91 99 
50 40 46 52 53 54 55 57 58 66 70 71 72 73 75 76 87 93 95 97 104 
8 1 40 41 45 51 53 56 58 60 62 65 71 77 78 80 82 84 87 89 92 94 95 96 98 101 103 104 108 
44 37 39 43 46 50 52 58 66 68 71 74 78 79 87 89 90 100 101 103 104 108 
72 37 51 58 60 61 64 65 68 72 73 77 78 81 89 91 95 101 
91 39 41 42 46 57 58 62 69 70 74 83 92 96 97 98 99 103 105 
82 38 44 46 47 58 61 63 66 69 71 75 77 82 86 87 96 103 105 108 
8 39 46 49 50 51 56 58 59 63 65 66 71 72 73 76 81 82 84 86 94 95 97 98 99 100 
17 1 42 43 44 47 53 57 68 74 75 77 80 81 90 94 96 97 102 103 105 107 
91 37 40 41 56 57 71 73 74 79 80 82 85 88 89 95 96 98 99 101 102 106 108 
86 1 37 40 52 53 55 56 63 64 67 68 69 75 76 77 81 83 87 88 90 92 93 96 102 103 
12 49 52 57 60 64 73 74 75 78 91 93 94 
11 43 45 51 53 57 58 62 63 64 67 68 69 72 76 80 81 85 92 93 97 102 105 
4 38 53 57 61 67 79 84 88 91 93 98 102 
28 52 54 55 56 66 69 72 76 78 79 82 91 102 107 108 
87 52 55 56 57 64 70 74 75 76 77 78 82 83 88 92 94 96 97 108 
46 39 44 49 55 57 58 59 61 67 72 75 77 78 80 81 84 88 89 100 101 107 
20 1 38 39 44 47 49 53 55 59 60 62 66 68 69 70 71 72 74 76 86 89 91 93 96 97 99 101 105 106 
71 1 39 40 49 52 82 84 94 95 99 102 103 108 
83 56 61 68 69 72 75 76 80 81 83 90 96 107 
69 38 39 41 52 54 62 65 67 69 74 77 79 82 85 88 89 90 94 99 100 102 103 104 105 
78 37 39 44 48 51 52 54 60 64 66 70 74 78 79 87 89 95 101 103 
48 38 39 43 44 45 46 48 53 54 55 57 60 68 70 73 75 77 87 88 93 95 98 99 102 103 106 
67 1 40 47 50 53 64 66 69 70 71 74 76 78 81 83 87 93 101 103 104 106 
62 37 38 39 45 46 57 61 70 78 79 81 87 94 95 103 104 105 
32 39 44 45 47 51 66 68 71 76 78 80 84 89 90 93 102 
45 1 44 63 73 79 83 84 91 98 107 
21 40 43 44 49 56 57 62 63 66 69 70 71 77 78 80 84 92 93 99 100 102 103 105 107 
67 38 41 44 48 58 71 78 102 104 
27 47 67 77 84 
8 40 42 47 50 53 55 56 58 62 64 67 72 73 75 79 80 94 97 98 100 104 
40 41 44 45 54 57 58 59 60 62 65 68 72 74 77 78 79 81 83 84 86 91 92 93 94 99 100 105 
78 1 43 46 53 58 59 63 71 78 80 88 97 107 
38 39 50 52 58 63 66 68 70 71 72 89 98 106 
95 62 99 104 
14 43 45 50 53 56 60 68 71 73 75 79 80 86 89 97 106 108 
50 38 45 47 48 54 57 58 61 62 63 65 66 73 82 86 87 91 94 95 96 97 98 101 103 108 
8 42 43 46 50 53 54 56 60 63 67 69 71 73 86 88 90 92 94 96 98 99 102 107 108 
68 1 37 39 40 44 49 53 55 56 57 58 61 62 65 67 76 82 84 86 89 91 96 102 104 
62 51 54 65 71 72 78 79 81 83 89 100 102 
19 40 57 59 60 69 72 73 77 78 92 95 103 105 
11 39 41 48 50 54 56 61 62 64 68 69 70 72 73 74 75 80 83 85 87 88 92 94 96 97 100 103 104 106 
34 55 63 67 68 77 80 82 92 93 99 105 
3 37 40 41 42 43 48 52 55 57 63 65 70 71 72 75 78 81 83 84 90 91 98 101 105 107 
24 37 39 40 42 44 46 47 49 50 51 58 59 67 68 71 73 76 81 83 84 87 91 92 93 96 98 99 101 107 108 
93 37 39 40 44 46 50 51 59 60 67 70 72 73 74 83 84 87 91 93 99 105 
20 1 38 40 47 49 52 53 56 57 58 63 67 71 73 79 82 91 93 94 95 96 103 105 106 107 
86 4 53 9 71 32 100 78 15 48 71 9 60 87 72 78 23 60 55 76 59 41 51 24 65 32 71 36 74 34 51 98 78 30 27 39 29 5 54 37 6 60 93 18 85 50 93 17 66 70 84 66 36 2 42 15 20 1 52 84 7 5 15 19 87 47 49 61 65 61 21 32 39 64 100 23 67 93 34 55 96 90 61 77 13 84 94 35 75 71 1 12 59 83 71 8 40 60 28 76 38 40 6 29 66 32 24 53 
