74 111
21 38 39 44 48 49 52 60 61 64 65 66 70 77 81 86 87 91 92 93 95 96 97 101 102 103 108 
2 38 40 45 56 63 66 68 74 82 87 91 100 108 109 
79 38 42 58 63 64 68 69 77 80 89 92 93 95 108 109 111 
70 41 42 44 53 54 57 59 61 68 71 74 76 82 91 92 95 97 103 107 108 111 
83 1 42 43 53 54 55 60 63 71 72 86 89 102 
90 42 44 45 47 54 57 59 66 72 75 81 82 84 86 88 90 94 99 101 102 103 104 105 109 110 
71 43 44 48 50 56 57 58 59 63 65 72 83 91 94 96 99 107 108 109 
32 47 57 67 73 77 94 97 101 
85 42 43 44 46 50 58 62 63 65 76 79 81 83 87 98 102 103 105 107 109 
49 47 53 63 90 93 94 100 
47 40 44 47 52 54 57 61 63 64 65 67 68 75 81 83 89 92 94 96 98 99 101 104 109 110 111 
93 42 53 57 63 66 67 69 71 72 75 79 81 85 96 99 106 111 
8 66 94 95 
74 41 44 47 52 53 58 60 65 66 67 68 69 79 87 88 93 95 98 102 103 104 105 106 
44 39 42 46 48 53 57 62 63 66 67 76 78 81 84 89 105 106 
59 39 40 42 50 51 52 53 54 59 60 61 62 72 75 81 82 85 90 93 97 98 99 100 102 103 104 105 110 
74 40 56 87 93 107 111 
25 38 40 44 53 63 68 75 76 89 103 107 109 
30 41 42 48 51 55 58 60 61 69 82 88 89 98 108 
58 40 41 43 44 47 56 67 74 76 77 80 82 84 99 101 103 106 108 109 111 
25 50 52 53 55 58 59 63 67 74 79 81 82 96 101 106 108 109 
65 1 39 44 45 48 49 54 56 65 68 72 73 75 76 78 83 84 94 109 
57 1 39 40 41 43 48 51 56 58 61 64 66 68 76 78 80 83 84 88 92 95 97 98 105 106 107 111 
7 39 41 42 45 47 49 51 53 57 59 63 64 67 70 71 77 78 80 81 83 86 91 93 98 99 100 102 103 104 
59 39 43 45 46 53 61 66 68 69 80 84 96 100 105 
77 1 41 44 47 48 51 55 57 58 60 61 64 65 68 69 70 74 79 81 85 86 92 100 106 109 
30 38 44 45 53 55 57 58 64 67 69 72 76 78 81 82 84 85 91 93 94 96 101 103 106 108 109 110 
65 38 39 41 43 45 49 51 57 62 63 64 66 69 74 76 82 84 87 88 90 91 96 104 105 107 111 
50 38 43 44 48 55 57 59 60 63 66 70 72 77 81 84 90 93 98 102 105 106 109 110 
18 39 43 46 48 56 64 65 66 68 69 72 73 74 75 77 78 79 85 89 92 96 99 101 102 104 105 108 109 
16 40 41 42 44 47 49 50 53 58 61 63 66 70 75 76 78 79 83 84 85 86 90 92 97 100 103 105 107 
12 43 49 51 54 55 56 57 62 68 70 74 76 92 93 97 102 110 111 
79 43 45 49 50 54 60 65 71 72 81 87 93 103 106 107 109 
53 42 44 50 53 55 57 58 60 67 69 74 83 89 90 91 
31 43 48 52 62 63 64 65 73 79 80 82 88 89 92 93 95 96 97 103 109 
69 1 47 49 63 76 92 95 104 
57 1 45 46 51 56 57 61 63 66 67 70 74 83 87 95 98 100 101 106 
84 1 44 48 52 58 59 64 68 69 77 84 95 98 102 109 
7 38 49 52 68 72 76 80 85 88 93 102 
39 1 51 56 57 69 70 74 78 85 87 89 97 101 104 111 
81 42 45 50 51 53 54 55 58 65 66 77 80 87 91 96 97 107 110 
86 1 39 44 45 47 54 57 59 61 62 64 66 71 73 82 83 87 88 93 95 102 104 107 111 
54 41 42 53 57 59 60 76 85 87 88 90 91 95 99 100 102 103 104 105 110 111 
36 39 42 43 49 58 62 67 71 72 73 76 79 81 82 87 90 91 99 103 104 108 111 
41 1 47 49 51 53 54 57 62 72 82 84 86 88 90 100 106 107 111 
2 39 44 45 48 51 52 58 59 62 74 81 82 84 85 90 93 94 96 98 99 104 
92 47 58 97 
49 1 38 46 47 56 57 68 81 85 91 95 96 98 100 101 111 
34 1 42 45 47 48 50 51 53 63 65 73 82 85 88 90 94 97 98 103 104 105 107 110 
58 38 67 69 85 98 100 108 
39 40 45 46 51 54 57 60 63 64 67 70 72 74 78 80 83 86 87 89 90 91 96 97 99 102 103 107 111 
84 40 50 53 56 64 70 75 85 91 98 99 102 106 108 
17 43 47 50 55 59 60 63 65 69 81 94 100 103 111 
79 1 39 41 43 61 63 64 65 69 73 74 76 77 87 99 102 104 105 111 
92 39 64 75 85 90 92 94 97 98 99 105 
36 1 41 51 60 61 65 66 68 76 81 83 85 91 93 97 103 108 
8 49 55 56 
31 38 41 45 46 47 48 60 65 75 85 86 92 93 94 97 99 103 105 107 109 110 
38 38 42 46 48 52 53 55 60 66 67 81 85 89 94 101 102 103 104 
33 41 44 45 50 54 64 67 72 74 79 80 81 84 86 92 93 97 99 104 111 
84 39 42 45 48 51 52 54 55 56 58 59 61 63 64 71 75 76 84 85 90 91 92 102 106 108 109 111 
81 38 42 43 44 47 49 50 51 54 60 65 71 72 75 85 87 88 89 94 102 103 104 107 
40 87 96 98 
70 49 80 88 102 
40 39 45 53 61 67 69 73 76 96 97 98 99 103 104 110 
39 43 45 49 51 52 56 57 58 59 62 63 64 66 68 71 72 73 74 77 78 79 85 87 88 90 93 96 98 108 
91 44 46 50 52 53 54 55 56 67 69 72 73 74 77 79 86 90 93 98 108 
66 1 42 48 63 97 103 
60 38 40 41 42 43 44 48 50 55 64 66 68 69 73 77 78 81 95 96 97 103 105 109 110 111 
94 46 69 83 97 
46 38 45 48 56 57 59 62 63 64 65 66 69 70 71 74 78 82 83 86 94 96 101 103 110 
95 43 44 45 46 57 62 67 69 74 79 89 96 98 106 110 
6 39 48 60 94 107 
81 1 40 44 48 52 54 56 58 59 60 61 64 65 68 69 70 71 74 76 77 79 96 98 100 101 103 104 107 111 
23 8 1 27 9 66 50 84 26 2 78 68 48 97 30 88 50 75 23 100 100 3 58 64 25 84 68 71 41 2 64 56 25 19 19 35 53 73 11 64 39 36 7 93 17 56 40 32 2 89 31 83 79 2 57 47 34 15 32 89 97 7 30 31 74 81 56 29 2 45 19 43 81 35 82 44 55 37 15 99 64 33 31 7 3 80 71 49 52 93 86 64 93 8 7 20 77 66 9 67 84 59 12 95 45 11 68 69 74 84 28 
