76 114
87 39 42 47 58 59 63 65 67 69 78 80 82 85 86 87 90 94 96 103 
97 40 42 43 50 54 55 61 66 89 92 97 99 100 104 107 
48 44 45 49 62 70 72 113 
69 41 44 46 48 50 52 57 59 60 64 66 72 74 82 86 87 90 95 98 103 104 
33 40 47 56 64 68 70 73 75 83 85 86 87 89 91 100 101 
97 39 40 42 44 46 48 52 61 71 73 78 83 85 91 92 93 98 102 103 108 113 
16 53 68 71 73 86 90 97 99 102 103 107 
94 39 45 51 78 89 103 106 109 112 
48 39 42 46 50 51 54 55 56 57 60 61 64 66 68 70 75 76 78 81 83 84 90 91 92 96 99 104 106 107 108 109 
88 40 44 72 76 91 96 101 109 
100 44 47 56 67 71 74 77 81 82 87 88 93 103 105 108 
44 1 39 41 50 53 54 56 60 62 66 68 69 71 75 77 79 81 83 84 86 89 90 94 100 105 108 
70 42 45 46 52 58 63 64 70 76 81 83 97 102 107 109 110 
47 53 71 88 90 98 101 109 
41 43 44 61 70 82 98 
29 1 39 47 62 67 72 87 102 
11 103 
18 1 49 51 56 57 58 63 64 65 67 68 70 72 73 75 76 77 78 80 81 82 84 96 98 101 103 112 
28 39 40 53 57 61 65 69 85 93 97 102 103 106 108 109 
36 1 39 48 49 55 56 63 64 68 71 73 74 76 80 88 90 100 104 106 111 113 
34 46 59 61 63 73 81 103 
80 42 54 62 75 88 92 93 94 105 113 
46 44 55 67 76 79 81 95 100 106 
11 40 42 51 55 69 74 80 81 103 111 113 114 
45 89 
57 41 42 46 51 53 60 61 64 81 94 103 112 113 114 
12 60 67 78 83 88 101 102 109 111 
17 1 39 43 53 54 56 58 59 74 75 76 77 85 87 88 94 98 100 105 106 108 111 113 114 
66 40 42 46 50 51 54 59 60 63 73 74 81 83 86 94 99 102 104 109 
53 1 
66 48 50 57 61 64 68 72 73 74 77 79 80 81 83 84 87 88 89 90 92 96 99 108 109 110 111 
71 49 50 51 53 57 68 77 82 83 95 100 101 104 106 114 
74 1 40 42 45 46 47 49 56 58 59 61 62 65 66 67 69 73 74 77 78 79 84 87 91 94 96 101 106 112 
28 42 43 46 49 52 53 54 56 58 59 60 62 63 64 65 67 68 72 80 83 84 86 89 91 93 94 98 103 107 109 111 112 
62 47 54 55 65 66 71 74 75 77 78 82 83 87 88 95 101 103 105 107 114 
81 1 45 47 48 50 51 55 57 71 74 75 80 84 86 87 96 98 100 101 102 106 107 111 112 113 114 
37 42 70 79 81 91 94 104 106 109 111 
77 45 50 54 55 59 66 67 72 82 85 90 97 99 101 102 104 106 107 108 113 114 
21 40 45 46 62 85 107 114 
90 44 47 58 71 82 92 109 110 
31 45 48 51 52 53 54 56 58 65 67 70 72 74 81 86 88 89 91 98 99 104 107 114 
13 1 39 41 55 60 66 82 84 92 106 111 
23 1 54 63 69 72 80 86 87 94 110 
18 1 55 78 80 84 91 96 104 114 
14 39 49 52 60 61 63 66 72 75 110 
22 40 41 43 66 69 74 77 78 79 89 93 98 111 
46 60 92 111 
2 1 40 54 55 61 64 72 80 93 101 106 107 112 
24 1 39 41 44 45 46 48 52 54 55 56 57 58 62 63 64 66 68 69 73 76 79 82 86 91 92 97 103 104 105 
23 40 41 43 46 47 48 51 58 59 60 61 67 70 71 74 76 77 78 86 87 99 100 102 106 110 114 
95 41 42 43 46 50 52 53 57 59 68 71 76 88 90 91 92 95 97 100 101 102 103 104 105 109 111 
98 40 46 48 49 53 57 59 60 66 67 68 69 70 75 78 81 84 89 91 102 105 110 
55 39 44 50 55 58 66 67 75 80 81 83 85 87 96 97 109 
100 40 42 46 47 48 49 51 53 54 61 63 66 68 69 72 73 75 78 79 81 86 89 90 91 99 100 104 110 114 
2 1 39 41 47 49 51 54 59 60 61 66 68 69 71 73 75 77 78 80 81 85 89 91 103 104 107 110 113 
52 1 39 40 41 45 46 47 51 53 54 55 62 69 70 76 84 85 86 90 95 98 109 110 111 113 
97 45 53 69 70 73 74 81 85 93 106 
61 39 40 41 43 44 46 48 50 55 56 57 60 63 65 67 72 73 76 77 79 84 93 94 97 98 105 108 111 112 
88 39 44 55 72 80 82 85 112 
39 44 50 51 52 70 73 75 84 86 88 89 92 95 103 108 114 
21 39 40 42 44 51 55 60 61 70 76 80 82 84 89 92 93 95 100 102 107 
78 41 48 50 56 58 62 63 64 65 67 69 70 75 76 79 85 86 89 101 108 
42 45 58 61 73 83 85 89 109 
39 39 41 44 45 54 56 58 61 62 64 65 68 69 72 77 81 84 85 87 88 89 100 102 103 104 105 112 113 114 
12 39 40 41 42 43 44 45 48 49 52 54 60 62 65 66 67 70 71 79 80 83 92 93 94 97 101 102 104 106 107 112 114 
49 1 39 45 46 51 60 63 66 73 78 84 86 99 103 104 105 107 112 113 114 
91 41 42 44 49 52 54 57 63 65 66 70 73 74 77 79 80 81 82 84 86 90 93 98 100 101 102 106 108 112 114 
53 1 39 50 57 64 67 74 77 80 83 86 90 105 
89 41 46 53 55 58 59 60 64 69 70 71 74 75 76 80 82 83 90 94 97 98 101 103 106 107 109 110 111 113 
12 39 42 44 50 55 70 88 96 102 103 105 107 
78 43 45 47 50 51 53 54 56 59 63 65 66 70 80 82 84 86 89 91 92 93 105 112 113 
36 40 41 42 50 52 56 57 58 66 68 75 76 78 83 84 85 90 92 93 94 110 
56 72 94 95 
75 45 46 49 55 56 59 61 66 69 75 76 80 84 87 88 91 93 94 95 96 97 98 103 105 106 110 111 112 113 114 
36 39 41 43 47 49 52 54 58 60 62 63 64 76 78 79 80 81 82 84 86 88 89 93 99 100 101 103 104 105 106 109 113 
59 50 67 68 75 77 90 99 
41 28 42 18 29 55 97 81 31 41 76 43 14 93 12 88 99 56 49 67 13 56 70 81 4 68 95 38 48 18 14 73 9 54 54 16 63 62 81 98 87 24 28 75 81 44 6 42 46 31 89 94 82 63 4 58 85 62 38 62 50 82 17 75 60 26 7 1 48 81 44 25 8 51 11 78 13 50 26 96 13 57 27 90 96 74 76 3 7 76 48 98 95 84 65 37 62 24 27 62 91 30 31 80 52 94 41 92 33 43 13 10 70 56 
