78 117
93 61 
45 48 
16 42 43 44 45 49 56 60 61 62 78 79 80 81 84 87 95 103 105 109 
38 43 46 58 79 103 
3 41 45 48 49 51 55 56 62 71 73 74 81 83 85 86 90 92 93 94 98 102 103 108 110 
43 1 41 43 44 47 48 49 50 51 56 57 58 63 65 66 67 78 79 80 82 84 88 89 93 94 100 107 108 111 114 117 
79 70 81 88 98 
5 41 44 45 47 49 50 51 56 59 60 65 77 78 81 83 85 86 91 93 94 97 99 103 107 112 
14 44 48 50 53 56 69 74 75 82 85 87 88 94 97 109 115 
35 41 42 45 46 49 50 52 53 55 58 60 61 62 63 68 71 72 74 75 86 87 91 92 97 98 103 107 108 110 112 
47 40 49 54 60 61 72 76 85 111 
69 55 76 101 105 110 
20 43 48 53 66 74 86 102 111 
74 42 43 46 49 60 62 66 68 70 75 80 88 89 96 97 104 109 
15 40 46 48 50 53 54 55 61 62 64 65 66 67 69 72 73 79 80 82 84 85 86 89 98 101 104 116 117 
37 45 54 55 60 62 70 74 75 81 83 84 90 93 105 
98 1 42 47 48 49 54 58 60 65 69 72 73 81 86 87 89 95 97 98 99 100 106 109 111 112 
34 1 47 54 55 60 61 63 68 69 71 74 77 78 80 82 95 100 109 111 
11 1 41 45 86 88 95 99 105 112 113 
78 54 
16 43 48 50 51 56 59 60 62 65 68 70 72 73 76 80 82 85 88 89 91 92 94 101 103 109 111 116 
95 43 54 60 69 80 108 
5 40 45 52 62 70 73 78 81 87 90 91 98 100 109 114 
52 1 42 46 50 53 55 57 59 66 68 70 71 74 85 87 88 99 107 108 114 
16 69 91 103 105 
44 40 41 58 59 75 77 95 100 115 
16 45 66 68 78 86 89 
21 103 
92 44 46 48 49 54 59 63 65 69 70 75 76 77 78 82 85 90 93 96 99 100 101 103 104 108 117 
51 1 45 47 50 52 53 60 64 69 71 76 79 82 85 86 93 95 99 100 102 105 107 109 
48 56 58 98 112 
19 40 44 45 54 55 62 66 71 72 73 74 80 81 83 85 90 91 107 109 110 112 116 
32 1 40 45 46 51 56 57 62 64 72 76 78 82 84 87 88 91 92 93 94 97 100 102 104 106 110 111 115 116 
1 1 78 80 106 
96 41 45 49 51 52 54 55 62 64 65 68 69 70 71 73 75 77 79 81 82 83 87 93 96 102 104 107 108 112 
77 44 47 49 52 53 64 65 77 82 83 87 88 91 93 94 110 113 115 117 
49 45 48 54 70 71 73 75 79 81 88 89 93 96 98 100 102 104 110 114 
11 48 49 52 58 66 67 68 69 70 71 73 74 75 78 79 87 93 96 98 100 101 102 104 105 107 111 114 
98 55 72 75 82 87 89 93 95 98 101 111 117 
94 46 47 48 50 53 55 56 61 63 67 69 71 78 84 85 86 88 91 92 96 99 107 112 113 
98 1 46 47 53 55 60 62 63 64 66 68 76 77 78 83 85 86 92 94 103 108 109 112 115 
92 1 40 42 43 49 62 64 66 69 73 74 75 78 79 80 81 84 85 87 88 89 91 95 97 99 104 105 106 108 109 111 113 115 116 
82 40 46 50 52 55 56 57 59 63 65 67 68 74 75 83 89 90 94 97 99 103 108 110 
61 1 40 42 43 44 45 56 57 59 62 64 65 67 78 79 80 85 87 91 92 93 96 97 98 99 101 104 106 111 113 117 
36 40 45 50 51 52 54 55 63 64 66 68 71 72 73 74 78 81 83 90 92 101 108 110 114 115 
6 40 47 56 57 58 59 66 77 84 88 94 99 104 
74 49 68 80 85 87 88 91 94 99 104 111 112 115 116 
84 40 41 43 46 48 51 52 53 56 58 65 69 75 77 78 80 81 85 86 88 91 94 99 102 104 106 111 114 
92 41 42 43 44 49 54 56 67 69 71 77 79 84 87 88 89 93 94 96 100 101 106 
97 1 40 41 45 47 49 50 51 54 55 66 67 68 71 72 73 76 77 78 80 82 87 92 99 101 107 114 116 
27 1 40 47 51 55 56 57 58 61 62 64 70 73 74 78 79 83 84 85 89 96 97 98 101 103 111 116 117 
15 45 47 48 64 80 86 104 106 117 
17 1 42 45 46 50 57 58 72 80 85 93 104 116 
60 40 41 45 46 48 51 54 57 61 63 64 68 72 74 78 79 85 86 87 88 95 109 110 111 112 114 
29 44 48 50 55 56 64 67 69 71 73 84 88 89 91 93 104 109 112 
32 43 45 47 53 54 55 56 61 63 66 69 71 74 75 80 82 86 88 90 92 102 103 104 105 109 111 113 115 116 
24 1 40 43 44 47 49 50 53 55 57 59 61 63 69 70 72 74 76 79 80 81 87 88 94 98 99 110 114 117 
81 1 51 52 56 61 65 70 78 83 84 87 88 98 99 100 103 108 112 114 
36 1 41 43 45 52 53 56 59 60 66 77 83 86 88 93 94 95 99 101 105 107 
59 40 41 43 45 49 51 54 56 58 65 66 75 77 85 86 87 89 92 95 99 101 104 108 
5 1 40 48 49 53 54 55 57 60 61 67 73 76 78 82 83 84 85 89 91 101 102 104 105 108 114 115 117 
90 42 44 48 50 52 55 62 69 73 74 77 79 80 82 83 89 92 95 100 103 104 108 
52 1 44 46 48 51 54 55 57 63 65 67 71 76 77 85 86 91 92 94 98 103 108 109 113 115 116 
9 42 43 45 47 48 49 50 51 52 53 54 55 60 61 65 66 70 72 74 75 78 81 83 91 94 95 96 97 98 99 100 103 109 110 
46 40 41 43 44 45 48 49 50 51 62 65 66 67 72 79 82 88 90 92 93 99 105 107 114 117 
12 40 42 43 46 47 50 51 53 55 56 59 60 62 69 74 75 77 79 80 87 89 99 102 105 107 113 
18 42 45 56 57 62 63 67 72 73 74 78 80 84 89 92 95 103 108 111 113 114 
74 40 41 42 43 44 48 51 57 60 62 63 66 69 72 73 76 78 80 83 84 86 87 89 93 95 97 101 107 109 
67 51 55 57 61 73 76 79 84 112 113 116 
73 41 44 57 58 61 62 65 66 71 73 75 76 78 81 87 104 105 111 116 
84 42 44 52 54 55 64 79 82 93 102 103 113 114 
38 42 48 49 59 69 71 73 79 80 83 85 88 91 95 96 100 101 104 105 109 110 111 116 
44 59 85 91 
47 43 44 46 47 54 55 59 60 69 70 71 75 90 96 97 104 105 108 114 116 
25 1 42 44 45 47 48 53 56 60 64 69 72 73 75 76 77 78 80 82 85 88 90 98 99 103 105 110 112 114 115 
62 1 49 51 61 64 68 71 72 73 74 76 79 82 88 90 99 108 111 
78 40 41 43 44 45 46 48 50 53 55 61 65 67 70 72 77 83 85 87 88 94 100 101 106 107 109 110 114 115 
51 54 68 74 105 107 108 117 
89 44 19 81 64 25 32 30 13 25 68 55 7 89 66 36 73 43 82 56 89 15 43 49 41 57 88 40 79 38 75 82 28 61 36 59 26 7 41 82 73 59 59 56 24 12 81 41 42 57 6 11 12 7 3 100 75 80 92 23 86 64 26 12 93 20 31 33 73 92 1 67 64 45 37 30 43 32 42 23 26 8 27 15 46 31 62 94 38 25 46 10 97 39 57 78 97 59 55 97 49 51 11 87 39 61 16 52 43 84 93 10 45 93 79 79 22 
