84 126
41 1 49 53 56 59 61 62 64 69 76 79 80 81 84 85 88 89 94 99 102 106 107 108 109 110 111 113 117 121 122 123 
5 50 70 82 84 87 
55 51 52 57 65 88 91 92 98 102 104 106 121 123 126 
18 1 45 47 53 54 58 63 64 67 68 71 72 75 77 79 81 86 87 92 101 106 109 116 117 119 121 
81 57 59 68 75 77 80 83 91 92 93 94 103 115 121 
100 44 46 53 65 74 81 87 99 104 124 
82 74 81 99 103 
99 47 49 53 90 94 109 
35 43 44 45 49 54 57 66 74 79 88 96 98 109 114 124 
9 1 43 45 49 50 53 55 61 64 67 74 75 76 77 83 88 89 92 95 98 100 102 103 106 107 108 112 118 119 121 125 
14 45 46 53 54 55 57 63 65 70 73 78 79 86 89 90 92 94 95 105 106 112 113 115 119 121 123 126 
69 43 50 69 70 75 77 84 94 97 98 99 101 103 105 106 117 121 
85 44 68 75 78 
29 54 86 89 91 110 118 
95 43 44 45 53 55 58 61 62 63 66 70 71 72 79 80 83 85 90 102 105 107 112 113 115 116 118 120 124 126 
34 44 54 55 56 64 74 85 91 92 93 112 116 
100 43 44 49 62 63 65 69 70 71 73 74 78 82 84 85 93 96 98 108 109 110 116 117 119 124 
81 48 54 56 58 60 61 70 87 89 90 97 109 112 113 114 115 117 118 119 120 121 122 123 
4 74 78 109 111 
71 1 44 46 47 48 52 58 59 67 68 72 74 75 78 79 91 92 94 97 98 101 107 109 112 116 117 118 119 121 125 
49 44 46 49 66 69 71 72 73 83 84 86 91 92 99 108 112 117 126 
87 47 50 56 58 61 62 64 69 81 83 85 86 89 92 93 97 100 107 114 116 119 121 125 
38 44 45 53 55 56 58 61 67 72 78 84 87 98 101 105 113 120 125 
7 1 48 50 51 53 56 57 58 62 63 65 67 69 70 71 80 81 84 87 88 89 92 99 100 109 115 119 120 123 
77 1 50 54 58 60 62 68 72 74 76 81 84 88 92 94 96 100 101 102 105 110 112 121 
22 43 44 47 55 57 68 71 72 75 77 81 84 85 89 98 102 103 104 108 110 118 122 
95 43 49 51 53 57 77 78 79 88 93 94 98 99 101 102 109 111 115 117 125 
37 49 65 67 74 85 93 97 99 100 112 
36 56 67 69 89 111 
10 48 53 56 79 82 87 89 90 105 113 114 
27 43 51 54 55 60 61 62 63 64 65 71 75 78 83 84 87 89 94 95 96 100 101 104 106 107 108 112 113 115 122 124 125 
39 49 57 58 60 61 63 65 66 71 79 80 82 85 106 110 113 114 117 
90 1 43 60 61 69 71 72 79 81 83 91 92 94 99 101 103 104 113 116 120 122 125 
23 47 55 76 81 94 96 101 107 
82 43 44 47 51 55 58 62 70 71 72 73 74 81 83 85 86 87 88 96 97 98 101 104 105 107 108 110 112 115 117 122 126 
41 44 45 48 50 51 52 57 58 59 62 67 68 74 75 76 78 82 85 87 92 95 101 104 107 108 120 121 122 
79 1 46 51 61 64 69 84 86 96 110 115 116 118 124 125 126 
52 43 44 52 59 65 66 69 70 73 76 77 78 83 84 86 90 92 96 97 100 108 116 117 118 120 125 126 
82 1 43 47 50 51 54 56 59 62 66 70 74 76 77 79 80 87 94 96 97 108 109 114 119 123 124 
87 1 44 53 55 56 61 63 64 67 71 76 77 78 79 80 85 86 90 94 96 101 109 111 119 120 122 
16 1 47 51 54 57 60 67 70 71 75 88 90 100 105 
10 46 48 49 70 81 93 95 97 99 105 106 107 108 117 123 
24 45 46 47 49 50 53 66 67 70 72 76 84 85 90 91 93 97 98 105 106 109 110 112 113 115 119 120 122 
88 46 51 57 95 97 98 99 100 108 111 117 120 126 
23 44 46 49 50 51 57 58 60 63 67 68 70 75 77 78 79 80 81 82 85 86 87 88 91 103 105 108 109 111 113 119 123 126 
55 1 46 64 76 104 
20 1 45 48 49 50 53 54 64 65 68 69 71 73 74 77 83 87 92 93 94 96 99 104 112 115 116 117 120 122 126 
70 1 43 45 49 51 52 55 56 61 62 64 67 77 83 86 92 95 96 99 100 102 107 108 109 110 111 113 117 118 120 122 123 126 
72 43 46 52 53 58 59 62 68 70 72 73 75 81 84 86 99 100 108 109 110 111 112 115 117 119 124 126 
77 44 55 56 59 64 65 68 73 74 77 79 92 94 103 122 
49 1 45 51 52 60 81 86 87 88 90 97 104 115 119 
86 44 59 69 76 78 85 89 92 94 97 101 103 110 119 
61 1 43 45 54 69 75 81 84 85 91 97 100 101 105 106 108 109 121 
88 1 48 51 54 59 66 68 72 75 80 81 87 92 97 113 115 117 120 125 
80 45 46 61 62 68 69 70 76 78 79 83 85 88 104 107 120 121 125 
34 45 54 56 60 61 63 68 73 75 89 90 92 94 95 96 99 101 104 111 112 122 123 126 
16 44 47 51 52 55 56 57 58 59 61 64 71 92 96 97 99 102 104 112 119 120 121 122 123 124 125 
79 73 97 101 121 
61 45 47 49 52 57 59 65 67 70 71 74 80 85 86 88 90 95 97 98 100 107 114 118 120 125 
56 1 48 49 52 54 59 60 65 66 68 71 73 75 78 80 82 88 95 97 100 103 109 110 111 113 116 121 123 125 126 
31 43 44 45 46 49 54 57 66 79 81 83 87 93 97 98 99 102 103 107 108 112 116 119 120 124 126 
39 1 44 47 48 52 59 60 64 68 70 75 77 86 89 91 100 101 103 105 111 113 117 121 123 124 125 
36 49 50 53 55 58 59 61 63 75 77 78 91 98 103 104 107 109 115 116 117 125 
47 1 47 49 60 66 69 75 78 79 84 85 86 89 90 91 107 108 113 114 116 118 
84 44 59 65 66 81 83 124 
34 45 50 53 56 57 59 63 65 67 69 71 73 76 77 78 79 80 83 84 86 88 90 93 95 103 104 105 107 115 118 119 122 123 
23 50 51 53 54 55 56 57 58 60 67 71 72 75 76 78 80 83 93 97 100 106 107 111 114 115 117 119 122 123 125 
71 106 107 108 
37 45 49 50 51 52 56 57 61 62 67 72 79 80 84 90 91 92 93 94 96 103 107 109 113 114 117 119 120 122 123 
70 1 46 48 50 51 67 70 72 84 88 94 107 109 110 122 123 
72 45 48 50 51 53 55 57 59 61 62 63 65 68 73 76 77 83 84 85 86 88 92 95 96 97 99 100 105 106 109 118 125 126 
40 46 48 53 55 57 61 70 92 119 125 126 
10 47 52 53 61 62 63 76 80 83 84 86 93 94 95 98 105 113 120 
41 1 44 48 61 64 73 77 80 87 88 89 95 97 99 100 101 104 107 111 115 120 
19 1 58 59 66 70 71 73 78 80 84 89 95 98 103 105 119 120 122 123 
98 60 105 117 
25 1 47 52 54 61 63 66 67 71 72 76 82 83 86 87 93 94 96 98 99 104 106 109 110 114 116 118 119 121 
31 46 48 49 50 59 64 66 70 71 74 76 77 81 82 83 86 88 91 94 98 101 102 103 104 111 118 119 122 123 124 126 
87 1 44 47 48 50 52 53 62 63 65 71 72 76 80 81 84 86 87 89 91 93 100 103 104 105 107 112 113 115 120 121 123 
87 43 45 48 49 51 53 67 71 85 91 97 103 114 115 122 124 
60 1 54 66 70 75 79 101 102 119 120 
65 45 52 61 62 65 67 68 71 73 76 78 80 84 90 91 97 104 108 118 120 125 
62 50 53 57 69 85 86 106 107 119 126 
13 47 54 99 102 116 118 
69 53 60 98 59 45 96 99 52 80 17 7 56 37 55 53 52 9 91 36 18 98 100 63 34 41 49 49 11 90 74 14 46 40 5 42 34 62 59 43 42 60 64 93 84 45 57 60 66 71 24 10 12 38 96 41 16 77 32 24 33 23 43 95 41 5 43 95 76 88 82 85 94 78 83 65 37 13 11 69 38 91 88 76 43 29 99 59 41 86 83 82 4 5 10 12 59 68 92 73 50 72 4 1 10 30 32 3 61 5 31 97 76 35 84 6 1 62 50 12 32 83 69 41 89 8 
