88 132
63 132 
93 1 45 46 48 50 58 63 64 66 71 75 78 81 82 87 88 89 93 94 95 101 107 112 115 121 125 126 131 
76 53 55 65 78 82 90 94 98 104 105 108 109 115 116 121 125 129 
21 1 46 48 49 50 55 57 58 59 62 63 66 67 68 71 73 74 78 90 91 97 99 103 110 112 116 121 122 124 126 127 129 131 132 
94 46 48 57 79 84 93 104 105 114 118 130 
12 53 64 68 79 105 130 
91 46 50 54 55 67 69 71 72 75 89 105 115 116 
96 50 67 80 89 100 104 
84 1 46 47 48 50 51 52 55 61 64 66 67 71 75 77 80 94 96 97 98 102 105 106 110 112 113 114 115 118 120 123 124 128 131 132 
48 1 45 47 55 56 57 59 62 64 66 69 70 72 73 74 78 86 87 88 90 91 98 99 100 101 103 106 113 119 120 124 128 130 131 132 
75 48 58 67 70 73 76 94 98 113 114 123 131 
20 48 51 52 53 55 58 61 63 64 67 68 71 72 73 74 80 82 88 90 93 95 96 99 101 103 104 107 111 113 115 116 117 119 124 129 130 132 
63 51 63 64 89 100 112 122 132 
48 46 48 49 50 51 52 60 66 80 83 85 88 89 90 94 101 102 103 104 106 107 110 112 114 120 123 124 129 
56 47 56 57 58 68 73 83 90 107 112 131 
79 45 46 54 60 64 66 68 73 75 78 83 85 97 100 101 108 110 114 121 122 124 129 130 131 132 
92 55 77 81 99 119 
3 45 48 50 51 53 54 58 59 60 71 72 73 83 85 91 102 104 107 111 118 122 123 130 
65 47 51 64 65 76 79 83 90 102 110 115 118 119 121 125 
51 1 49 52 57 58 67 80 87 90 91 105 108 114 115 117 118 121 125 
57 52 103 121 123 131 
38 1 45 47 51 53 56 57 63 67 76 79 82 83 87 89 95 97 98 100 101 105 106 107 108 114 119 120 121 124 131 132 
18 57 58 78 79 129 131 
90 53 55 61 71 72 73 76 77 78 89 91 92 98 102 108 112 121 122 124 128 131 
45 45 50 59 61 64 83 88 96 98 105 108 125 126 127 132 
47 1 45 46 53 57 58 73 76 77 79 80 81 85 88 89 90 96 97 98 99 100 107 108 110 113 115 117 120 121 125 129 130 
49 47 49 66 67 71 76 77 84 85 87 90 92 96 97 103 116 129 
94 1 53 56 59 63 67 68 71 75 81 85 86 87 96 97 98 102 103 104 105 107 109 112 114 117 118 120 
13 47 48 52 59 60 62 66 68 69 70 72 78 79 83 87 89 90 92 93 95 100 101 104 105 108 111 116 117 124 126 128 129 130 132 
58 48 52 55 57 58 59 60 67 68 69 70 78 79 80 83 85 89 91 93 98 100 102 105 106 111 112 113 117 121 123 125 126 
17 1 45 46 47 48 51 53 54 58 61 63 64 65 66 69 71 72 77 78 79 80 81 84 89 91 94 95 103 106 111 112 117 118 132 
77 1 46 47 50 51 54 56 57 63 71 76 80 89 93 96 97 98 100 101 106 108 110 111 112 121 132 
39 1 45 48 49 51 56 57 59 60 61 62 64 65 67 71 74 79 80 87 88 90 93 95 102 103 105 108 111 113 118 120 122 124 131 
34 45 47 48 50 51 62 63 67 69 70 82 83 86 89 90 91 92 95 96 101 108 114 124 125 127 128 130 131 132 
34 65 
33 52 55 57 59 60 62 68 78 81 86 91 93 106 127 
44 47 59 68 69 70 74 82 99 114 116 118 124 125 126 
49 47 60 65 73 77 83 94 96 97 101 110 113 114 117 119 121 131 
21 52 54 56 59 63 77 78 87 92 96 97 103 123 126 
87 1 65 67 78 80 88 90 92 94 98 108 114 117 
55 82 
32 46 48 54 63 98 113 131 
12 45 65 67 71 84 87 89 93 96 97 100 112 114 116 123 131 
95 52 55 63 79 93 109 119 124 126 128 129 
47 46 50 54 60 64 68 71 72 73 75 80 81 82 83 85 87 92 93 94 97 101 106 107 109 110 111 117 119 121 123 124 126 129 131 
44 58 64 69 76 82 93 96 97 98 116 121 129 
26 50 76 125 128 
22 46 47 50 55 60 67 69 76 80 81 82 83 89 90 91 97 98 104 105 106 109 114 116 119 122 128 132 
27 52 60 62 73 75 78 87 98 100 102 104 109 111 115 116 117 121 124 
2 47 50 52 56 60 65 67 73 90 91 92 93 98 103 109 115 122 130 
42 1 53 67 84 119 122 127 131 
6 45 50 51 52 53 55 57 59 60 61 65 68 75 76 84 87 89 93 97 99 100 102 107 122 129 
8 47 54 58 60 63 65 71 78 81 87 89 97 100 101 103 106 113 120 125 126 128 129 
43 1 46 49 55 58 62 66 69 73 74 76 83 86 87 89 90 92 93 95 97 98 101 104 105 106 113 115 117 119 121 122 124 128 129 132 
51 1 46 47 52 53 54 61 63 64 70 71 72 79 80 81 85 87 91 92 97 105 112 119 121 127 128 130 
5 46 50 51 52 55 62 63 67 79 80 82 84 89 92 93 96 97 98 100 101 102 103 109 112 119 122 126 127 130 132 
15 45 47 48 50 58 68 71 79 80 82 84 85 90 91 93 95 99 103 113 114 119 126 130 131 
99 61 88 123 
2 60 68 70 77 82 85 93 100 120 126 
67 54 67 69 78 88 97 100 101 103 114 120 122 132 
1 64 71 73 85 90 93 122 123 132 
37 1 45 46 47 48 49 50 52 54 56 60 63 64 65 67 69 70 74 75 76 82 84 85 86 88 89 90 97 99 102 104 107 109 111 117 118 122 123 132 
33 57 63 67 70 72 74 75 79 80 90 94 96 97 98 99 100 103 106 111 119 120 121 123 125 127 131 
80 52 56 60 66 72 77 78 87 94 102 110 111 120 132 
47 48 49 59 60 61 63 69 70 74 79 85 87 88 89 90 96 97 98 99 102 113 117 118 128 
54 46 54 56 57 59 69 72 87 94 99 103 106 108 112 115 116 122 132 
68 45 46 50 52 53 56 57 59 60 67 68 69 70 73 74 82 84 87 89 92 97 98 101 104 107 113 114 115 117 120 125 126 127 128 129 131 
56 1 47 49 50 59 61 62 64 66 70 72 73 75 80 92 93 96 97 98 100 101 109 117 119 127 
21 47 48 49 54 60 62 65 66 72 87 90 92 93 96 100 101 102 103 107 108 112 113 119 120 132 
97 120 
33 51 60 65 66 67 74 75 76 78 80 85 89 90 94 100 101 108 110 112 114 115 120 121 
93 45 46 49 51 52 55 57 60 66 70 72 79 84 86 89 96 102 105 107 108 112 113 114 115 119 121 123 128 129 131 
41 1 45 50 53 55 57 58 59 64 65 69 70 76 77 78 82 83 85 88 93 97 98 100 101 103 106 107 108 110 111 117 126 129 
41 53 55 56 58 62 63 70 71 73 76 77 78 81 83 85 88 92 93 97 98 100 101 102 104 108 110 115 117 118 119 120 122 127 129 
21 45 53 67 71 77 78 80 84 86 87 88 92 93 108 110 112 117 118 120 130 131 
21 1 48 57 67 76 79 80 84 100 104 106 118 132 
82 56 86 92 98 119 
41 49 50 51 57 59 61 65 67 71 73 79 84 87 88 89 94 95 99 105 113 114 115 116 118 120 123 126 
33 49 51 55 59 60 63 66 72 73 76 80 82 88 98 99 102 106 109 112 114 117 119 129 131 132 
88 1 45 47 59 63 70 73 77 78 79 85 87 89 91 95 96 99 102 105 108 110 111 121 122 123 124 126 127 128 129 131 
51 48 49 50 51 54 55 57 60 62 71 73 76 77 83 85 86 87 89 91 92 93 94 99 102 105 107 110 114 120 122 131 132 
6 45 46 52 53 54 61 76 77 78 85 97 98 101 102 105 108 112 113 114 117 122 125 126 128 130 
45 1 45 50 56 57 58 62 63 75 76 80 81 83 84 89 97 98 100 105 108 109 110 111 112 115 120 127 129 131 
22 45 47 54 55 57 71 74 77 78 79 83 85 94 99 104 106 115 116 119 120 125 126 130 
6 1 46 52 58 63 64 65 70 71 81 82 83 86 87 90 104 105 108 109 115 116 118 122 124 128 130 
2 1 47 59 63 75 77 81 85 92 102 105 110 112 118 120 
91 46 47 55 56 58 67 72 77 78 81 82 95 103 116 118 124 
42 46 47 58 60 61 63 64 66 67 71 75 76 79 80 87 88 93 94 104 107 109 113 116 118 119 120 132 
88 41 71 96 65 8 8 55 87 57 27 7 83 29 3 5 65 42 3 45 15 11 16 81 18 61 85 42 65 46 59 93 18 96 33 78 68 61 10 30 93 36 31 92 49 10 100 74 68 99 98 29 23 7 7 95 75 48 62 96 35 72 36 24 96 98 82 78 45 78 26 31 64 93 50 94 78 34 38 84 17 48 23 55 93 94 84 3 70 50 30 71 58 60 41 13 40 72 83 28 79 11 13 43 18 3 43 56 97 84 31 18 62 74 29 70 21 64 60 5 93 27 65 87 76 35 22 97 54 81 25 87 
