92 138
89 1 47 52 57 64 65 70 73 78 83 89 95 96 99 103 108 111 116 122 123 128 131 136 
76 53 61 73 78 81 82 89 96 97 102 104 114 122 128 133 138 
7 1 49 52 57 59 61 67 68 69 70 71 80 81 83 84 86 93 94 97 100 101 102 107 108 113 118 119 120 121 122 123 124 128 134 
58 50 53 54 62 63 67 68 69 70 82 84 85 89 92 93 94 100 102 107 108 109 110 112 125 127 130 135 
4 51 54 56 60 83 84 96 101 105 114 120 
78 47 56 60 61 68 70 72 76 78 79 88 92 95 96 98 103 105 106 110 111 116 122 123 124 125 127 132 133 136 138 
35 47 53 54 55 58 60 64 74 78 81 82 84 85 86 91 92 95 97 101 107 108 122 129 130 131 134 135 136 
57 1 47 49 62 64 67 70 71 78 79 83 89 90 93 95 96 108 110 111 114 116 119 120 121 123 124 125 127 137 138 
64 1 96 97 101 135 138 
67 48 50 57 61 65 66 74 91 95 119 120 123 124 127 131 
26 50 51 52 55 56 60 62 63 65 70 72 73 76 79 84 85 87 94 99 101 106 110 112 117 123 125 126 128 129 133 136 138 
54 47 50 52 60 63 65 66 69 70 77 78 81 85 86 90 91 92 93 94 99 104 108 114 117 118 123 126 127 132 135 136 
98 52 57 64 73 76 79 81 84 89 98 101 103 104 126 127 138 
77 1 47 50 52 66 68 70 71 75 76 79 82 83 85 87 88 92 93 94 95 96 98 100 102 103 105 106 110 112 114 116 122 124 128 129 
46 47 51 77 86 89 91 94 101 103 109 111 117 125 128 
18 48 54 60 61 62 68 69 70 72 78 83 84 87 94 96 100 102 107 112 113 117 118 119 120 125 132 134 135 136 
21 1 48 50 53 57 59 60 62 63 64 71 73 83 86 87 96 97 103 107 109 110 111 115 116 117 118 121 124 125 128 130 133 135 
22 1 47 48 54 57 60 65 69 70 75 77 79 82 87 89 91 93 98 103 108 109 110 120 128 130 135 
24 1 47 49 51 55 56 57 59 63 65 69 73 75 79 80 81 85 86 89 90 91 92 95 97 105 111 114 116 118 119 122 123 127 130 133 136 
45 1 49 54 58 62 63 65 68 75 79 80 81 84 86 89 90 91 99 100 101 102 107 114 116 117 124 126 127 128 129 131 133 134 136 
81 1 47 51 55 59 73 78 79 81 82 87 89 91 92 93 95 99 104 106 109 110 114 116 119 123 124 132 
75 47 48 50 51 54 58 61 63 64 65 68 69 70 71 74 75 77 82 84 88 90 92 94 96 97 98 101 103 105 109 114 115 125 131 137 138 
99 55 59 61 66 72 77 81 89 104 118 132 138 
65 48 55 59 69 70 75 79 80 81 83 90 92 103 104 108 110 111 115 116 118 121 123 126 127 133 135 136 
99 85 
88 60 67 100 108 118 
31 1 48 49 57 69 74 77 94 95 107 110 120 138 
92 125 
55 53 62 63 68 75 79 81 84 89 90 98 112 113 115 117 118 120 123 125 134 
71 114 118 
89 47 49 51 52 54 56 60 61 64 66 70 74 80 81 87 88 91 93 97 99 100 102 103 106 114 117 118 119 121 132 134 136 
65 56 60 62 64 66 76 90 98 99 100 102 103 107 114 116 118 121 125 126 131 134 
61 129 131 
73 60 119 120 125 
3 47 66 94 117 121 125 
19 47 49 56 65 67 74 75 76 86 88 93 98 99 100 102 104 114 118 124 128 134 137 138 
48 1 47 52 57 62 63 67 70 74 76 81 85 86 98 101 108 113 116 121 126 128 134 
22 54 64 114 130 
92 48 49 50 51 54 58 59 60 62 64 65 73 76 79 83 86 88 90 94 99 102 103 109 114 121 128 129 131 134 
29 1 52 53 54 55 58 61 63 64 66 67 74 77 78 79 82 83 85 88 91 93 95 100 102 107 108 113 115 119 122 124 126 130 136 137 
44 68 99 132 
80 52 54 55 56 64 65 69 70 79 87 89 90 95 99 102 104 105 107 116 117 122 126 137 
22 87 92 
70 47 49 52 57 64 73 75 76 79 94 97 98 102 104 105 109 114 119 120 121 123 127 129 133 
79 1 64 75 76 94 95 100 101 108 127 136 
38 1 57 62 63 65 70 71 74 76 78 81 89 92 93 94 96 97 104 108 110 111 113 114 116 122 127 132 136 137 
57 47 48 49 50 51 54 56 62 63 68 70 72 73 77 78 80 85 90 91 95 96 97 101 108 109 112 113 114 116 117 118 120 121 124 126 128 129 137 
10 50 54 56 57 72 75 77 78 80 82 90 92 94 105 111 118 122 124 125 126 127 128 134 
87 53 56 58 59 68 74 89 119 123 131 
75 47 51 69 71 76 83 84 88 92 96 101 103 104 108 110 115 116 124 127 128 
31 48 57 58 61 63 65 66 72 75 77 91 100 101 104 110 115 116 120 121 127 132 133 138 
1 55 67 69 81 91 99 106 110 113 121 126 127 134 135 
5 48 57 64 65 75 79 86 90 93 103 113 114 116 120 130 132 134 136 
9 47 51 53 56 59 60 62 63 64 69 70 77 78 84 85 87 88 89 91 93 95 99 107 108 110 113 114 121 123 125 129 
62 48 58 71 74 88 
9 98 107 127 
25 1 51 52 57 68 73 85 106 111 119 123 127 131 134 136 
100 60 75 80 97 101 104 109 121 122 125 131 138 
51 47 48 54 58 61 63 66 69 73 75 80 81 88 92 98 99 100 104 105 106 109 115 118 119 122 123 127 133 
22 1 49 54 57 64 77 80 104 110 111 112 118 120 127 128 129 133 136 
32 47 88 111 118 127 129 136 137 
9 1 47 48 63 69 70 76 79 89 92 104 112 114 115 118 119 121 132 
69 1 47 48 52 53 54 56 62 68 75 76 77 80 82 84 85 86 90 91 93 95 97 107 108 109 112 114 116 117 121 124 125 126 127 128 137 
87 47 51 52 55 58 67 68 69 74 79 82 86 92 94 100 104 105 110 116 117 118 119 121 125 131 132 134 136 137 
39 49 51 63 64 65 66 67 72 80 81 84 86 93 94 99 100 101 109 112 114 117 118 123 126 134 137 
86 49 52 72 81 99 108 109 110 111 117 118 119 123 
33 1 47 51 52 53 54 60 61 62 63 64 66 67 69 70 71 72 81 82 86 90 93 94 96 105 106 110 115 120 122 128 137 138 
37 65 98 124 132 133 
3 1 48 51 67 69 72 82 83 84 86 89 115 119 122 
52 47 52 53 57 66 72 74 78 85 87 93 117 122 124 129 133 134 
7 50 54 66 70 71 72 77 79 93 95 96 102 114 117 123 125 134 135 
52 63 64 77 93 103 126 128 
7 53 55 56 67 134 
42 48 55 56 60 61 64 67 68 69 71 75 80 83 87 88 89 91 92 94 97 100 102 107 110 113 114 115 118 119 128 130 131 132 133 134 135 138 
46 47 49 50 58 59 60 63 66 68 83 84 86 93 98 101 108 109 110 119 121 123 131 138 
45 1 53 56 60 62 65 66 68 71 72 74 76 85 93 100 102 103 104 105 109 111 112 113 116 122 125 130 134 
64 1 49 53 67 71 75 82 88 91 92 99 107 109 110 112 115 132 135 136 
31 47 50 55 59 68 73 77 78 79 86 87 89 90 109 111 112 116 121 122 123 
54 1 47 49 51 53 54 55 60 61 63 72 75 76 81 84 92 94 97 98 100 102 103 110 112 113 117 124 125 128 131 132 135 136 138 
34 1 53 54 62 64 65 68 74 79 80 84 89 92 93 98 99 102 103 109 110 111 115 116 118 119 122 126 128 129 130 133 136 138 
63 48 50 57 58 61 65 71 76 77 90 94 97 98 99 103 109 110 113 114 122 125 130 135 136 137 
89 66 90 
14 54 56 57 86 92 107 110 114 119 127 129 132 
60 63 69 70 77 79 88 90 99 128 137 
19 1 48 51 54 59 67 69 73 75 78 82 86 89 94 97 98 99 102 104 109 110 113 116 118 124 129 131 132 
71 47 50 51 62 78 83 86 92 93 103 112 114 126 127 134 
54 47 48 57 60 65 66 68 71 76 78 81 82 85 88 93 97 100 103 106 107 110 111 123 124 132 135 138 
16 1 54 60 62 64 65 68 69 73 75 78 80 82 85 86 90 96 97 98 102 107 112 113 116 117 119 125 126 127 129 130 138 
48 49 52 54 57 58 71 75 79 82 89 104 107 123 124 125 130 133 134 
87 49 51 52 56 62 63 65 70 72 74 78 81 82 84 85 87 93 95 101 113 120 124 126 127 133 134 135 
48 50 52 59 65 67 71 73 75 76 79 85 87 90 91 94 95 98 103 104 112 119 120 121 130 132 133 135 
44 76 89 130 
50 32 47 29 3 94 34 31 88 55 44 37 13 25 81 18 63 20 5 67 73 35 47 31 52 34 68 55 80 27 92 47 91 16 79 83 74 21 86 91 97 31 78 9 46 92 96 2 19 43 25 69 81 48 5 39 91 68 83 100 90 3 80 88 41 79 9 46 66 5 40 90 1 85 60 37 91 24 8 96 21 31 43 28 39 1 10 35 65 100 89 5 20 75 92 84 75 6 89 4 54 84 60 21 28 77 39 27 91 48 25 65 19 2 15 75 80 57 6 45 68 75 19 16 23 69 82 52 55 8 62 48 4 87 3 52 68 68 
