100 150
83 1 53 54 55 63 64 65 67 70 71 72 74 76 77 78 86 91 95 103 105 106 110 111 116 117 118 120 121 126 127 130 133 135 141 142 145 150 
92 1 52 53 54 55 57 60 61 62 64 66 69 71 75 77 80 84 87 90 96 103 104 105 106 109 110 112 114 116 122 124 127 134 135 140 142 145 146 147 148 149 
49 52 57 58 59 61 70 74 75 78 82 85 87 88 90 93 94 103 106 107 108 110 113 114 115 118 120 121 124 126 128 131 133 134 136 138 141 146 148 
82 52 53 57 58 61 63 74 81 85 88 90 98 100 102 114 120 121 122 123 124 135 143 147 149 
38 52 54 88 89 93 95 97 100 104 132 135 
27 54 63 85 95 96 131 142 143 146 
12 51 61 69 110 134 
67 53 57 63 65 66 67 71 73 74 75 78 81 82 85 87 89 90 92 95 96 101 105 108 110 111 113 116 118 119 120 122 128 139 140 141 149 150 
11 51 58 59 64 65 67 71 74 81 83 89 90 95 96 99 102 103 104 109 112 115 119 122 124 125 126 128 129 130 139 140 146 
100 54 61 62 69 72 73 89 96 99 101 102 121 122 132 138 145 150 
17 53 54 55 58 67 68 73 75 80 82 84 85 86 96 100 101 105 106 107 109 110 111 113 117 121 122 125 127 131 133 135 137 138 142 145 146 148 149 
65 53 54 56 60 61 62 63 66 68 71 72 73 75 79 81 82 83 86 90 93 97 101 105 107 108 111 114 115 118 119 122 125 126 127 129 130 131 134 136 139 140 
63 1 52 54 62 64 68 70 84 89 90 94 96 107 108 109 110 114 123 127 131 139 144 146 147 
95 81 84 85 89 102 103 110 111 118 126 129 132 
47 52 55 56 58 62 70 73 76 77 81 82 84 94 96 97 100 104 108 109 123 126 130 137 142 143 149 
100 53 59 63 65 68 76 78 81 83 84 86 89 90 98 99 100 105 112 118 123 128 129 130 131 133 134 142 143 144 146 147 149 150 
81 51 53 57 59 61 79 80 86 92 97 100 101 104 105 108 112 117 122 123 126 131 134 138 145 149 
95 1 51 60 71 75 77 96 98 100 118 119 120 124 129 135 136 140 
95 67 86 91 92 110 136 
1 53 56 62 64 67 68 69 75 78 80 81 84 88 90 92 93 98 99 100 102 106 110 112 121 127 131 132 134 143 148 149 150 
23 78 79 81 140 
37 1 63 64 71 72 79 82 84 91 92 99 101 103 104 105 108 109 110 111 113 115 118 121 124 125 131 132 133 138 143 144 146 147 150 
12 53 133 142 
76 51 52 55 61 65 71 74 77 80 89 91 92 98 101 104 105 115 118 119 121 124 130 131 133 134 140 145 
76 55 60 65 82 99 103 105 109 117 119 132 135 140 
56 52 58 59 61 62 63 70 71 72 73 75 77 79 80 84 86 87 90 91 102 104 108 111 113 114 115 118 119 126 130 133 134 136 137 140 146 147 148 
67 53 55 76 98 116 141 150 
85 53 54 60 77 81 90 93 110 
82 51 62 83 108 135 
84 1 55 58 63 100 112 118 134 142 144 
67 61 64 89 123 125 141 146 
7 1 57 58 62 63 64 74 77 84 101 114 123 129 132 135 148 149 150 
35 58 63 68 70 72 92 98 101 105 112 118 131 141 142 146 149 
19 1 61 76 77 79 87 89 96 102 103 107 111 112 113 118 120 121 122 125 128 130 133 134 146 147 
85 1 52 53 56 61 62 65 66 68 70 71 79 80 83 87 89 92 94 98 99 105 107 108 109 110 116 117 118 123 126 133 134 135 136 144 145 146 150 
30 113 118 123 133 138 
24 53 54 59 60 62 72 76 77 79 80 83 84 88 92 93 103 105 110 112 118 119 127 130 131 133 134 141 143 146 147 149 
12 55 56 57 60 64 70 75 77 78 82 84 86 88 89 92 99 104 111 115 116 118 119 120 123 127 129 147 
21 55 56 57 62 66 69 70 71 72 79 81 84 85 88 89 93 95 97 100 106 107 111 120 121 122 125 127 128 129 132 136 137 138 141 147 148 150 
84 52 59 61 65 66 68 71 85 86 88 90 101 102 109 110 114 115 117 123 125 128 129 131 133 134 138 140 143 146 149 150 
75 52 58 60 63 73 77 81 84 87 89 91 97 99 103 106 108 113 117 122 138 139 141 142 144 
75 52 76 87 100 104 115 128 131 143 144 150 
17 1 52 58 67 72 76 77 78 89 90 105 107 113 116 121 125 127 143 146 
98 53 54 59 63 72 74 76 81 83 84 90 95 104 108 127 129 130 132 135 137 142 144 148 149 150 
92 53 54 72 74 79 84 96 97 99 111 114 123 128 134 135 137 140 143 146 147 
74 54 59 63 71 75 84 91 97 114 118 123 137 
40 62 64 103 108 112 140 
44 55 58 59 62 63 64 65 67 72 78 86 92 94 95 96 97 100 109 110 111 112 115 118 125 128 132 133 134 135 136 138 139 140 144 147 148 150 
77 55 66 68 73 76 87 91 93 100 112 117 122 126 133 134 145 146 148 150 
69 100 126 
48 51 53 55 57 60 61 65 67 68 69 76 79 81 82 84 86 95 96 98 99 100 102 104 105 109 110 111 114 118 121 124 127 131 134 135 138 144 148 149 150 
15 51 52 56 60 62 63 64 66 67 69 74 88 94 96 97 100 101 104 105 107 109 112 113 114 123 127 129 130 136 138 139 141 142 150 
12 53 56 60 67 84 144 
28 51 55 59 62 70 72 76 81 84 93 96 97 101 108 112 121 127 130 134 135 137 143 145 146 
13 56 58 64 67 71 89 94 99 111 121 125 126 128 132 137 138 141 142 143 146 148 
94 1 53 54 55 56 58 60 62 64 66 67 69 70 71 72 74 75 77 79 86 87 88 89 91 96 103 111 114 115 118 119 123 126 128 132 135 142 146 148 149 
97 1 52 55 58 62 67 68 69 73 74 76 77 83 84 86 89 90 92 96 99 101 104 113 117 119 125 126 127 135 139 148 149 
27 1 62 63 67 69 71 72 75 77 82 86 89 90 92 98 101 107 110 112 117 119 121 125 126 128 132 136 138 140 141 146 148 149 150 
77 64 73 89 100 111 113 117 
56 52 54 55 56 61 63 68 70 72 75 80 81 90 91 92 94 101 103 108 109 115 121 123 126 133 134 135 137 138 139 141 143 146 148 
7 51 54 57 58 61 62 65 68 74 76 77 78 80 87 90 93 98 101 103 107 110 111 113 114 121 123 133 135 136 139 144 149 
8 63 69 71 74 75 76 93 95 99 105 111 123 134 
57 1 51 53 55 56 57 58 60 63 70 73 81 82 89 92 93 94 101 103 105 113 114 117 119 123 124 131 133 134 135 140 
20 51 68 75 89 98 99 100 107 108 109 111 119 123 142 143 
31 52 60 73 74 75 81 97 121 
79 52 54 56 57 65 68 70 85 94 97 100 108 110 112 119 123 130 137 143 
61 52 54 55 58 61 63 65 66 67 68 71 74 75 78 79 80 81 86 89 92 94 96 97 98 100 101 102 109 111 113 114 115 123 126 129 130 131 148 150 
19 1 60 78 99 104 106 138 150 
64 51 52 53 54 55 58 64 66 71 86 87 89 93 95 105 109 111 112 114 119 120 121 127 133 136 143 145 148 
57 53 57 61 64 71 73 83 88 96 119 122 131 132 133 145 
62 51 52 53 54 56 59 60 62 64 70 71 77 81 89 95 96 97 106 108 113 116 120 128 133 135 137 141 143 148 149 150 
63 55 56 57 69 71 72 87 104 120 125 126 136 138 139 140 149 
45 1 53 54 56 58 59 61 62 63 67 68 75 89 92 96 98 99 106 107 108 111 113 114 116 118 122 125 126 127 136 139 143 144 149 
60 1 51 57 59 60 61 63 64 68 69 71 72 78 80 83 84 88 90 93 96 97 104 105 107 115 123 125 130 132 133 134 138 139 141 142 147 
16 108 
80 1 56 63 86 101 107 112 113 118 127 134 148 
58 52 57 71 77 84 86 105 107 108 124 135 138 143 
85 1 53 60 62 65 66 69 75 77 78 81 82 84 91 92 94 98 99 101 102 103 105 110 112 115 116 125 129 131 134 137 138 139 142 143 145 146 150 
11 51 52 54 56 57 59 60 62 73 80 82 87 90 91 92 94 96 101 102 105 108 109 112 120 122 123 125 126 128 131 133 135 137 138 142 144 149 
37 64 99 
56 56 92 103 105 113 114 144 149 
67 51 56 70 73 77 79 83 85 87 97 102 106 108 121 127 131 143 
19 51 53 55 56 57 65 69 70 78 79 80 81 84 87 88 96 99 100 103 109 111 112 113 119 126 127 133 135 142 143 145 146 148 150 
90 1 51 53 57 59 75 79 80 85 87 88 96 112 118 131 137 140 145 
4 52 59 62 68 69 82 96 104 108 112 113 125 126 132 135 137 138 
64 114 
65 67 74 75 85 91 111 116 120 124 142 
64 54 61 74 97 107 109 125 128 135 
41 56 57 58 60 61 64 67 68 71 73 74 75 76 77 84 86 87 89 91 95 97 98 101 102 106 115 119 122 123 124 126 127 135 136 146 150 
58 54 58 63 69 71 75 86 90 91 93 96 99 100 127 134 140 141 148 
79 52 60 64 69 72 74 81 83 87 96 97 99 100 103 104 106 114 115 118 125 126 135 138 140 145 
4 56 60 62 63 68 70 76 78 79 83 90 91 93 95 100 101 103 104 108 112 113 121 123 124 125 134 137 138 141 145 
64 55 58 62 63 67 69 74 76 80 88 89 94 97 100 101 102 107 108 109 110 112 113 122 125 130 131 135 142 148 
90 1 52 53 64 76 85 94 99 106 110 112 121 128 133 141 
55 68 77 
12 51 53 57 60 64 65 70 74 78 82 86 88 90 95 96 100 101 105 106 111 113 114 117 119 120 122 126 132 135 137 138 140 143 144 145 147 
86 54 62 63 64 68 69 74 79 85 87 99 111 115 119 126 
40 56 57 60 63 70 73 78 81 82 84 85 86 89 102 104 109 112 119 122 125 126 130 132 150 
97 51 53 60 67 70 96 101 108 110 113 116 120 121 122 125 128 131 135 139 140 144 145 149 
32 51 52 53 54 62 65 66 70 77 81 82 83 89 92 95 96 98 99 104 106 108 112 113 114 120 123 125 128 130 134 135 136 137 143 147 
22 87 65 55 44 64 76 56 2 87 30 84 61 59 73 57 97 94 29 40 49 64 1 2 2 96 39 75 34 65 91 43 53 18 9 96 29 12 25 31 26 39 89 10 63 35 96 71 89 52 95 4 87 37 91 86 89 68 58 93 42 34 9 67 21 43 78 98 88 3 82 77 43 54 88 5 23 21 27 95 91 50 17 86 67 49 96 97 79 72 20 78 64 83 68 92 61 53 3 75 76 72 23 76 18 2 5 1 43 52 64 66 49 25 36 7 79 78 24 29 7 22 49 38 72 7 78 5 4 87 95 19 70 56 80 59 29 74 82 20 68 42 90 85 88 30 75 41 82 100 
