102 153
99 58 63 70 88 98 99 100 101 109 113 114 129 142 143 
57 54 81 92 96 103 105 109 117 119 120 121 122 130 136 147 
8 52 54 56 59 60 61 64 65 68 70 72 74 75 77 78 82 83 97 100 101 103 112 113 114 116 117 118 120 123 124 133 134 139 141 146 147 
91 63 64 76 115 125 133 140 
55 53 55 56 61 64 66 70 75 76 83 85 87 89 93 100 112 113 115 116 123 124 126 127 128 130 138 150 
78 52 53 58 61 63 67 71 74 76 78 80 82 84 85 86 88 90 96 98 99 101 104 106 111 116 117 120 121 123 124 126 129 131 132 133 141 142 145 146 148 149 150 
77 1 55 57 62 66 82 86 88 97 103 108 111 115 116 139 143 
89 72 85 103 111 118 126 142 146 152 
36 53 56 57 65 66 67 70 72 75 79 82 83 93 101 105 106 107 115 123 127 128 130 134 135 139 140 143 152 
18 1 52 60 66 75 77 86 90 91 103 107 111 112 129 133 136 139 142 143 144 148 149 150 152 
4 1 52 54 56 59 66 68 73 76 77 83 96 97 98 102 104 106 108 113 115 116 118 119 125 126 130 132 134 141 142 143 146 147 149 153 
71 59 60 67 68 72 111 115 117 134 140 143 150 
17 52 55 59 96 110 139 153 
38 52 58 60 67 73 76 77 83 86 88 93 100 101 110 115 116 128 134 135 145 
90 54 61 64 71 74 77 84 95 96 100 102 114 121 124 133 135 137 138 148 149 
57 54 60 62 66 67 68 70 75 89 94 95 99 101 111 118 120 128 133 138 141 143 148 150 151 153 
96 54 81 86 93 94 96 106 113 115 121 123 127 143 145 147 152 
67 70 84 93 111 152 
56 66 79 92 102 108 121 123 127 131 138 144 
91 55 58 96 104 118 119 128 130 131 
87 64 80 97 114 122 127 
84 52 61 68 69 74 83 91 105 114 116 132 133 139 143 148 149 
9 75 79 85 110 116 137 142 
20 52 58 59 62 67 69 73 76 78 80 82 83 88 90 92 100 103 107 110 111 113 118 120 124 127 128 130 132 133 134 138 143 149 151 
60 53 57 67 78 86 99 101 102 106 111 115 117 124 130 135 139 149 151 
59 52 54 55 56 58 65 70 71 74 78 81 82 85 87 89 90 93 94 97 101 102 103 104 105 114 118 119 120 123 127 131 135 142 143 145 146 147 148 153 
31 60 71 77 78 87 100 105 111 119 121 125 130 131 132 145 146 149 
93 82 95 116 140 
12 54 55 57 59 64 67 70 72 80 81 92 94 99 102 105 109 119 120 121 123 125 127 129 131 132 136 139 145 146 151 
84 56 61 80 89 124 152 
49 52 56 59 61 69 70 78 83 85 86 87 92 93 96 99 101 104 106 108 110 111 112 125 127 129 130 133 134 138 141 144 148 149 150 
20 54 56 57 62 66 69 71 72 86 99 105 107 121 129 130 133 135 137 138 140 149 151 
96 1 59 61 67 79 88 97 98 101 102 103 105 108 124 138 139 143 149 
22 55 
4 52 55 58 60 64 67 69 74 75 76 77 85 89 101 105 106 107 111 112 115 118 119 120 128 130 132 133 134 144 145 147 148 149 153 
55 52 54 56 58 59 64 65 71 72 73 75 76 78 80 86 88 92 93 94 97 98 102 107 115 116 123 124 125 126 129 131 132 136 137 138 140 146 147 149 150 152 
19 1 71 81 83 107 120 151 
23 53 72 73 101 107 117 125 133 148 
71 56 96 117 137 143 
55 56 74 84 87 89 98 112 117 121 133 142 148 
75 52 65 71 74 88 92 95 96 100 103 108 109 116 119 120 121 131 137 
41 52 58 64 67 69 72 75 77 80 82 87 89 91 92 95 101 105 107 111 117 118 120 122 124 125 131 134 136 138 144 150 
12 1 58 60 61 65 69 70 76 77 78 80 89 96 97 104 106 110 113 116 121 125 127 135 137 138 147 153 
45 54 55 59 67 71 77 79 80 81 82 85 90 92 95 97 99 100 102 105 110 120 121 122 124 125 127 129 147 149 150 152 
37 52 53 54 56 57 59 60 64 66 67 69 81 82 84 86 88 94 95 98 102 103 104 105 106 109 114 115 117 118 119 120 123 124 125 131 133 135 139 140 146 147 148 150 
54 1 53 59 62 70 74 78 92 94 103 104 105 112 114 115 129 130 136 141 143 148 
37 56 64 66 67 74 76 79 81 83 87 91 96 97 102 103 110 116 124 130 136 139 140 141 147 150 153 
31 62 64 67 69 72 74 76 79 81 83 86 87 97 100 104 107 111 113 115 119 120 121 124 130 131 140 147 149 
25 54 55 72 77 81 89 90 91 95 96 101 102 106 111 114 116 117 126 128 130 131 132 133 134 136 138 140 142 143 
16 1 54 56 57 58 60 73 74 77 78 79 80 82 84 91 92 102 103 115 120 127 128 132 147 149 
24 61 65 71 73 74 78 84 91 96 99 100 101 111 112 128 129 131 134 137 138 139 141 143 149 
39 53 67 84 89 90 91 102 134 141 145 150 151 153 
52 52 54 59 63 64 68 77 79 80 82 92 97 98 103 106 112 114 115 118 121 128 134 137 141 145 146 147 149 150 
60 1 61 65 68 69 70 71 75 76 77 79 80 81 84 86 87 88 90 92 93 96 106 111 115 120 123 124 125 129 132 133 134 137 139 144 146 151 
56 57 65 66 70 82 86 90 93 94 95 98 103 105 117 125 131 146 149 
46 58 66 83 91 110 129 138 144 148 149 
20 52 53 55 59 61 65 68 69 78 82 83 86 87 88 94 95 102 106 108 110 117 119 120 131 132 136 139 147 149 
26 1 54 68 72 76 82 83 84 87 89 93 95 97 101 105 110 111 113 118 122 126 127 128 129 143 144 151 
90 53 61 63 96 100 
26 1 52 57 60 62 65 66 70 71 72 78 80 81 86 89 96 99 100 103 104 106 114 117 119 120 121 122 128 129 130 135 137 139 141 144 147 148 
76 1 54 56 57 61 62 63 65 68 69 71 73 81 82 83 87 92 94 97 98 100 111 116 118 119 120 123 124 126 127 131 142 143 146 150 152 
26 57 66 70 71 73 92 99 100 103 106 110 117 119 134 135 139 140 141 148 
46 1 52 53 54 55 59 60 62 70 72 74 75 79 85 88 90 91 93 94 95 96 97 98 105 110 118 122 123 125 126 128 135 140 141 142 144 152 153 
55 52 53 54 79 81 90 93 101 111 121 127 134 140 148 151 152 
63 72 83 122 136 143 148 
79 59 62 66 67 74 79 82 87 93 94 97 98 100 101 103 104 107 112 119 122 123 125 137 138 139 141 142 144 151 152 
36 52 70 71 73 77 78 81 87 101 102 104 105 114 120 123 127 128 130 131 139 140 141 144 153 
92 53 54 58 63 67 80 84 88 90 96 101 105 106 108 109 113 120 126 127 130 131 137 139 143 150 151 
72 1 53 60 73 82 83 98 108 112 115 125 147 148 149 
57 52 56 86 95 97 100 117 121 146 
75 1 52 65 71 100 126 
100 57 73 77 100 111 114 121 128 146 
82 57 58 59 62 65 68 72 74 76 77 84 90 92 99 100 103 104 105 107 108 109 111 112 115 116 117 118 119 121 128 131 132 135 137 145 146 
64 142 
69 55 60 61 63 65 66 67 68 69 71 72 73 78 82 84 86 87 90 92 95 101 116 117 118 121 124 126 130 131 135 138 139 143 145 
37 54 55 61 65 67 70 71 72 74 79 80 81 82 84 85 86 91 92 93 101 102 107 111 112 118 119 120 121 124 125 126 128 134 139 146 147 151 152 153 
22 52 53 58 65 66 69 74 78 83 87 88 94 96 97 98 103 105 112 117 118 119 122 123 127 129 133 135 141 149 
17 53 60 66 71 85 90 105 107 117 120 133 143 151 
8 1 52 55 57 58 62 66 70 79 87 92 93 94 98 100 101 104 112 115 117 123 128 135 141 144 148 153 
33 1 52 57 64 75 79 94 96 102 116 123 129 130 132 143 145 147 153 
50 54 66 93 94 98 114 129 131 139 151 
9 57 59 62 68 70 71 74 81 84 85 86 89 92 94 96 97 101 108 109 111 112 114 116 117 119 120 122 123 128 130 132 133 138 139 141 145 148 150 
51 54 58 69 70 73 82 83 91 98 102 107 110 111 112 115 124 127 131 141 147 148 
62 89 107 
28 75 92 101 108 109 112 116 124 128 130 135 151 
82 53 55 59 61 65 69 70 73 74 75 76 77 81 82 83 84 85 87 88 91 96 97 100 106 108 110 111 112 116 118 120 124 130 131 135 139 140 142 145 151 
97 53 55 56 67 73 75 76 79 80 86 101 103 107 110 111 113 114 119 120 128 129 130 135 141 145 147 
90 55 67 81 86 88 92 106 107 113 114 121 122 126 129 135 140 142 146 152 
80 119 
59 53 57 59 60 64 65 67 72 77 79 84 86 96 97 98 101 105 106 107 108 111 119 120 121 122 123 125 126 127 128 132 133 134 135 136 144 145 147 151 153 
61 68 70 72 79 81 90 101 103 110 112 120 128 135 143 146 
75 1 54 56 61 64 74 84 90 92 94 95 96 118 126 130 140 146 148 
12 63 78 115 121 141 
23 94 101 128 147 
87 60 70 108 116 129 133 138 149 151 
66 52 59 68 70 72 74 80 85 87 95 96 97 99 105 107 108 109 111 112 115 122 124 125 129 130 131 133 137 138 140 141 152 
26 53 54 56 61 64 65 66 67 69 73 74 90 92 93 94 107 113 120 121 126 128 142 144 152 153 
65 56 60 63 66 74 75 78 81 88 90 96 97 98 100 105 108 124 126 127 135 137 139 141 142 143 152 
30 54 55 59 61 63 64 65 66 72 76 77 81 82 86 87 88 93 97 99 100 103 104 105 108 109 111 112 118 120 121 122 124 129 130 132 135 139 144 145 148 151 
17 55 57 59 60 67 69 70 75 80 83 84 88 93 94 95 96 98 100 104 105 111 112 117 118 123 125 128 131 135 139 146 148 151 153 
42 52 55 71 75 76 78 92 96 98 117 119 125 138 145 149 
21 57 63 67 71 72 74 87 90 95 99 100 111 114 119 128 133 136 138 141 142 145 147 150 151 152 
84 23 52 34 5 21 34 73 94 60 49 10 50 77 50 88 84 81 78 88 18 58 38 100 72 76 15 73 91 47 19 3 67 90 60 35 100 43 34 94 22 42 35 18 43 40 46 7 37 24 21 92 69 22 26 23 81 39 16 27 6 36 25 51 44 46 57 1 12 41 50 46 56 93 21 11 60 29 80 100 11 94 46 10 63 65 71 88 72 3 94 32 84 60 34 76 80 85 9 32 26 46 4 79 88 77 85 59 81 29 24 24 28 43 64 14 7 51 83 24 68 18 30 57 23 6 10 14 3 76 87 56 53 93 37 40 28 39 25 44 59 16 84 88 5 71 25 32 33 10 17 90 97 
