104 156
42 53 55 58 60 63 64 68 69 71 74 76 77 80 82 88 95 96 98 99 101 103 106 108 109 111 112 121 124 126 129 132 133 136 141 146 147 148 150 151 155 156 
22 57 61 62 63 70 77 78 91 92 93 103 106 109 111 113 122 124 127 130 131 137 141 150 153 154 155 
30 86 132 
32 131 
88 53 54 56 57 61 62 63 64 66 68 70 71 73 74 77 78 80 82 83 84 94 95 96 99 100 102 103 107 108 116 125 126 128 131 132 133 135 140 141 145 146 150 
20 54 59 64 72 73 75 79 86 90 92 95 97 99 101 104 105 109 111 118 125 127 128 139 142 144 145 146 149 150 152 155 
29 64 66 68 84 89 90 93 95 99 100 109 113 114 116 122 129 131 132 134 135 136 139 145 147 150 152 154 155 
63 1 54 65 71 72 74 76 79 80 81 82 86 87 88 89 91 93 98 100 104 108 109 112 114 115 121 127 129 131 134 141 148 154 
30 55 57 64 65 69 70 72 74 76 77 80 82 84 87 88 90 91 92 93 95 97 98 100 109 111 113 115 116 119 128 129 131 141 142 148 149 152 154 155 156 
60 54 55 58 59 60 63 69 71 73 75 77 83 85 88 89 91 93 95 97 98 102 104 107 108 113 117 119 122 125 130 132 133 138 141 143 
26 53 54 56 58 69 71 73 79 87 92 96 99 100 101 105 109 112 113 114 115 117 118 126 127 132 133 136 140 141 142 146 147 152 
92 1 54 55 59 62 65 68 81 83 86 89 91 93 96 97 102 103 111 113 122 125 128 137 140 145 146 147 149 150 151 153 
87 53 54 63 66 69 70 73 76 78 84 85 88 89 90 92 94 100 101 103 108 109 113 118 119 122 127 131 134 136 137 140 152 
31 54 110 
3 53 56 57 59 61 62 71 78 86 88 90 91 93 95 99 102 104 107 109 110 111 114 116 119 120 122 124 131 140 141 147 152 153 154 156 
30 96 104 108 117 130 
40 80 92 105 106 111 113 153 
98 65 94 131 
34 58 63 65 66 70 71 75 77 81 83 94 96 99 101 103 105 109 114 115 116 117 124 130 131 132 133 139 142 150 153 155 
70 1 56 59 63 64 69 72 73 74 76 77 80 86 90 95 100 104 105 107 114 115 117 118 120 128 130 132 133 136 137 138 139 141 142 143 155 
1 59 61 72 74 76 80 81 93 97 99 103 106 112 115 116 117 120 125 132 135 142 145 146 151 
80 53 54 57 62 65 67 69 71 78 81 82 84 85 86 87 90 94 95 99 100 101 109 110 114 119 121 122 123 125 126 128 129 130 131 134 150 156 
47 1 53 57 64 68 77 80 81 84 86 93 96 101 113 114 115 116 117 124 128 131 132 133 134 137 143 145 148 151 155 
99 61 63 71 74 86 94 95 115 116 122 124 143 
35 1 53 55 56 58 60 69 75 77 81 83 87 88 90 93 94 98 99 107 113 114 117 119 121 122 124 129 131 136 140 145 150 153 155 
16 53 62 63 64 66 69 79 80 81 84 85 89 93 99 100 106 112 113 114 118 119 123 124 126 127 129 130 131 135 141 143 144 149 151 152 153 154 
54 1 53 54 62 70 71 75 77 78 79 82 84 87 89 91 104 105 112 113 114 115 120 121 122 125 127 129 131 133 134 142 144 147 148 149 153 
18 1 53 54 55 56 59 60 61 64 70 75 77 78 81 83 88 89 98 101 104 106 108 109 111 113 114 116 117 120 122 123 125 126 130 132 135 139 144 145 153 
96 53 55 57 59 60 63 64 73 74 76 78 82 84 88 89 90 93 94 100 101 103 107 113 115 120 121 124 125 126 128 129 130 132 133 140 146 148 150 154 155 
95 57 61 64 70 77 78 79 82 83 89 90 92 98 100 105 108 110 111 112 118 122 125 135 145 146 148 151 154 
17 53 57 58 62 65 69 71 72 77 78 81 84 88 89 96 97 99 100 106 107 111 114 117 118 119 122 123 132 138 141 146 148 151 
15 60 77 81 82 92 101 102 110 112 115 117 123 125 129 134 148 150 
96 62 66 72 77 80 92 97 104 108 116 137 150 
99 58 64 67 74 80 81 84 88 91 97 102 103 109 113 118 123 126 131 135 136 137 142 145 148 154 155 
22 1 55 58 62 66 67 69 78 84 85 95 97 99 100 101 106 107 109 110 111 113 116 118 124 125 126 127 130 136 142 144 150 151 154 156 
86 53 55 57 59 61 64 65 66 67 71 72 76 77 80 82 83 84 86 96 97 101 105 106 111 117 118 122 123 127 129 130 133 135 136 138 139 140 141 142 151 
49 1 54 57 58 62 65 72 76 79 83 84 86 87 95 96 99 106 108 119 124 125 126 132 136 139 140 141 144 150 152 
52 71 78 
45 59 67 76 77 98 110 113 114 133 140 141 153 
100 1 54 59 60 65 67 69 80 83 84 86 95 96 99 100 102 104 110 111 112 113 114 115 117 118 120 121 123 127 131 136 146 149 155 156 
56 76 86 90 101 105 108 110 114 118 120 129 130 
81 149 
42 54 57 64 70 73 77 83 84 85 87 91 93 94 107 114 116 120 133 139 146 147 150 154 
83 1 53 54 61 63 65 68 72 73 76 84 94 104 106 115 125 126 127 131 132 134 138 139 145 148 
39 56 58 61 63 64 65 75 78 79 80 84 85 86 87 89 91 95 103 104 105 107 111 112 113 118 120 125 126 132 133 134 135 138 146 150 154 
63 54 57 60 65 74 75 87 90 91 92 94 95 97 103 107 108 110 117 123 126 131 137 140 143 144 145 146 152 153 155 156 
71 1 54 56 58 59 61 63 64 66 67 69 70 71 72 73 91 92 93 100 101 106 109 111 113 117 124 126 127 128 129 131 133 134 144 151 152 153 154 156 
14 56 68 70 93 95 96 105 108 110 111 113 117 119 126 127 128 131 136 149 150 156 
46 58 61 63 65 68 73 76 78 79 83 84 90 98 99 107 113 115 116 119 121 131 135 141 142 144 146 147 148 149 150 156 
49 54 56 57 58 60 63 65 69 70 72 77 81 90 91 96 98 99 103 106 110 116 117 123 127 128 130 136 140 142 149 
94 1 54 58 60 68 77 80 81 82 85 86 87 91 93 100 101 102 104 105 111 116 117 118 120 122 123 125 129 131 136 138 139 140 142 149 
25 56 57 70 101 104 151 
47 1 53 54 55 56 67 75 76 80 81 85 87 88 90 94 98 99 101 108 109 112 115 118 129 130 136 144 145 146 148 152 153 
38 57 61 66 80 84 141 
24 1 59 60 64 66 68 74 75 76 79 89 90 95 102 103 104 107 108 110 112 115 120 123 124 127 131 133 134 138 141 142 143 144 151 155 156 
90 63 64 68 77 83 92 94 101 102 103 115 118 125 126 128 147 148 150 152 153 
44 61 91 135 
92 1 56 58 65 100 111 137 
13 54 59 61 63 64 78 79 81 83 89 96 102 110 119 125 129 138 139 144 147 152 
53 53 55 56 58 64 66 83 85 106 125 130 141 
60 73 79 91 98 112 
76 53 55 56 71 72 73 74 76 77 79 83 87 93 96 103 105 108 110 112 113 114 115 116 117 120 121 124 127 130 133 136 138 139 143 146 147 
46 53 55 56 57 58 59 61 63 70 72 83 85 88 91 92 94 98 100 101 105 108 109 119 127 128 133 140 141 143 150 151 154 
25 54 59 70 71 74 81 83 88 91 92 97 100 101 109 113 116 119 125 131 136 143 150 
20 53 56 59 67 69 81 85 88 89 90 95 99 105 110 111 112 115 117 122 130 131 134 138 139 143 144 149 151 153 
45 54 58 65 75 85 87 89 90 92 93 95 104 105 119 122 125 133 135 145 149 
15 84 100 104 108 113 115 134 135 155 
71 126 128 
51 55 59 62 66 69 70 72 75 77 78 79 80 81 90 93 95 103 104 112 113 122 123 126 134 136 151 156 
49 63 64 71 80 84 85 88 95 97 98 100 108 119 121 124 134 135 137 139 
35 1 56 65 66 67 68 75 76 80 83 87 88 100 106 107 108 110 111 112 117 119 123 124 125 128 130 131 136 140 142 146 148 
44 62 66 68 73 78 89 90 100 105 109 114 115 116 117 118 119 127 134 152 153 154 
66 1 54 63 72 78 80 89 90 92 101 103 106 110 123 124 153 154 
8 55 60 64 67 69 75 76 81 83 86 87 88 90 96 99 100 113 114 119 141 143 145 146 
5 1 53 56 57 58 63 64 66 80 84 86 87 89 90 99 103 104 105 112 113 116 117 120 124 129 134 136 139 140 142 149 153 155 
86 54 61 62 66 78 79 82 87 88 89 90 95 97 101 103 106 107 111 115 121 125 131 139 142 145 147 148 149 152 154 
45 55 63 70 79 85 86 97 111 128 156 
54 57 62 64 76 81 88 90 97 98 109 111 116 123 128 130 133 135 138 142 151 
100 78 79 80 88 90 93 95 100 101 103 104 105 112 115 118 121 125 134 148 
4 53 56 61 65 68 71 72 73 75 83 90 92 93 95 97 99 103 105 108 115 121 123 125 127 128 129 130 132 134 135 136 139 140 143 147 149 150 156 
65 60 62 65 70 71 72 75 92 93 95 118 142 152 
38 53 67 68 69 73 74 79 91 97 98 99 102 106 108 117 119 122 123 126 127 133 134 138 140 141 142 146 153 154 156 
14 1 55 64 69 77 83 90 92 94 99 105 108 110 112 116 118 119 123 125 133 145 146 149 153 156 
31 56 64 71 73 84 87 92 98 99 105 113 116 121 125 126 133 134 135 136 137 140 142 148 
37 70 71 76 77 79 82 84 88 93 98 104 108 110 120 122 128 129 132 139 141 146 149 155 
59 59 86 87 
50 59 93 95 105 106 122 125 
76 57 68 71 83 84 87 89 91 93 95 96 104 108 111 113 122 135 137 138 139 142 145 147 150 153 
98 53 54 57 60 65 66 68 70 71 72 73 76 81 82 86 87 88 89 95 96 100 102 105 109 112 113 115 118 119 121 123 125 126 127 129 132 133 135 138 142 146 156 
60 54 69 74 93 104 124 134 
76 70 71 74 76 77 86 87 111 115 116 121 132 146 151 155 
64 53 54 59 65 66 69 74 75 76 80 94 117 118 119 122 129 133 135 144 150 
16 54 58 59 64 71 80 81 87 88 93 100 101 103 106 108 109 110 112 120 122 123 129 130 131 133 138 139 140 143 144 146 147 150 151 154 156 
41 53 54 64 66 69 76 77 92 93 94 97 103 110 115 117 119 123 124 127 130 135 143 151 154 155 
12 54 58 59 64 66 67 68 71 72 79 86 88 93 95 99 101 103 105 106 109 114 117 121 123 124 125 130 134 138 141 143 149 150 152 153 
18 1 53 60 64 68 69 78 79 81 83 87 90 92 94 100 102 105 110 112 119 121 125 126 129 130 139 140 143 144 145 146 149 151 152 153 156 
86 57 60 64 65 72 78 80 81 92 95 100 102 106 108 109 113 115 136 143 145 147 153 155 156 
88 1 55 63 64 66 74 78 81 85 87 89 92 100 103 111 116 118 119 123 126 134 139 143 156 
99 57 58 60 62 64 65 66 73 74 78 79 80 84 86 91 95 103 104 108 113 114 115 117 120 122 123 124 126 128 130 132 135 137 141 143 149 
18 139 
51 60 75 132 137 154 155 
34 55 56 57 63 73 77 85 86 93 95 97 108 113 117 121 129 142 152 
50 55 56 62 66 70 72 78 79 80 84 85 88 96 98 100 105 108 112 113 118 119 123 124 125 128 130 133 139 143 147 148 151 153 154 155 
44 1 55 56 67 71 76 78 82 83 89 96 97 99 106 108 120 122 124 131 135 139 141 143 153 154 156 
82 22 32 92 19 74 6 27 69 79 5 58 40 67 13 33 70 20 15 29 63 73 92 60 18 14 37 13 16 33 41 7 10 89 64 50 63 91 74 46 41 36 37 35 26 69 82 20 85 61 54 8 37 81 61 47 19 9 2 2 46 95 59 41 47 54 58 60 58 75 48 21 32 93 54 46 24 13 6 52 81 40 85 2 79 100 23 76 83 60 59 68 90 94 14 67 47 52 40 97 24 5 96 97 63 97 94 29 40 8 68 39 51 52 95 24 4 15 98 7 59 37 83 13 94 50 11 37 20 61 68 71 63 92 26 94 97 40 24 31 81 1 20 55 66 65 88 32 58 71 90 80 92 92 48 60 
