106 159
63 57 61 72 73 101 102 103 124 137 144 149 
18 72 95 
89 78 110 112 127 130 
41 55 56 57 58 60 64 78 79 80 81 85 88 90 93 95 108 112 115 119 132 133 140 143 146 148 151 152 153 159 
89 1 54 55 60 64 74 75 83 84 94 96 97 100 102 105 108 114 115 120 122 124 125 128 133 134 135 138 143 147 148 153 155 159 
20 54 60 68 70 72 74 77 80 82 84 85 92 94 95 96 103 104 105 108 109 110 111 115 119 124 126 128 129 130 134 135 136 137 138 140 141 142 145 146 147 155 158 
85 57 58 60 63 65 68 70 78 79 84 87 89 94 95 96 97 98 99 101 102 106 107 109 112 115 119 120 122 123 126 128 129 136 137 148 153 155 158 
29 1 55 56 59 60 64 65 67 69 74 77 79 81 84 85 86 89 91 95 96 97 98 99 101 104 107 108 110 113 114 115 116 118 127 136 143 144 151 152 153 156 159 
81 92 
50 57 75 83 94 109 112 114 117 128 153 154 155 156 
4 57 58 60 66 71 73 74 75 78 81 84 85 86 92 96 98 99 100 101 107 108 112 113 114 115 118 121 122 132 136 137 141 144 148 149 150 152 154 
61 64 66 67 100 109 110 114 124 134 147 154 159 
18 63 73 107 110 120 123 129 142 145 149 157 
51 60 69 74 75 78 84 86 92 94 99 112 118 120 121 122 135 136 138 146 151 152 153 155 159 
100 55 59 63 64 65 67 68 70 71 75 81 89 94 103 117 119 120 121 123 124 126 131 134 140 141 142 144 145 154 155 
82 58 64 65 68 70 71 75 85 92 97 99 102 112 137 142 
100 57 60 62 63 68 71 74 77 81 83 84 88 89 90 100 103 104 106 107 112 113 117 118 120 125 126 127 131 136 141 143 144 153 156 159 
44 55 59 60 62 65 66 70 73 75 77 82 83 84 85 87 95 98 101 104 105 106 107 108 114 117 120 124 125 133 134 138 139 140 141 142 145 149 150 155 157 158 159 
92 60 86 93 117 129 144 
13 69 70 71 72 73 76 83 89 92 94 98 101 106 107 110 111 115 116 117 120 121 125 132 136 150 154 
97 55 58 61 66 72 73 74 83 84 88 91 93 103 107 108 110 113 114 115 116 119 124 126 127 129 131 133 136 137 140 146 148 149 155 156 157 
14 54 55 65 68 76 80 95 99 105 109 114 117 123 128 135 142 143 147 152 
28 55 58 68 74 79 94 100 110 114 118 127 139 142 145 151 155 
26 55 58 60 63 69 71 72 74 80 81 82 83 87 91 92 94 95 96 98 101 103 104 108 111 115 122 123 124 131 136 141 142 143 145 146 150 151 154 155 157 158 159 
67 54 56 73 76 86 109 111 137 
68 54 59 60 61 65 67 71 73 74 76 77 82 86 89 93 94 100 102 103 104 106 107 108 109 111 112 114 116 119 122 127 129 131 135 138 139 142 143 144 147 148 153 156 157 
24 57 59 67 73 77 82 95 101 105 122 145 146 
70 55 57 58 61 62 63 65 66 67 77 82 84 89 91 96 98 100 106 107 108 109 116 117 118 126 129 132 133 134 135 139 140 146 148 149 150 151 152 153 158 
38 1 60 64 67 70 82 85 88 105 107 111 113 115 120 121 124 126 128 129 130 134 141 143 151 156 158 
63 55 56 57 64 66 68 69 72 73 83 85 86 87 91 94 95 96 97 99 100 101 102 105 106 112 114 115 117 118 120 126 129 135 137 139 144 146 148 149 157 
40 54 60 64 70 71 80 81 82 87 92 98 109 110 113 114 118 124 130 138 157 159 
70 56 59 69 74 78 79 88 89 98 99 114 117 119 127 128 133 142 144 150 153 155 
29 1 55 56 58 63 64 68 75 77 81 90 91 104 106 109 113 116 119 120 122 124 125 127 128 130 132 133 134 135 137 147 149 150 151 152 155 158 159 
11 75 99 102 110 120 122 127 128 133 149 151 154 
20 1 55 60 62 67 69 70 72 73 78 81 82 84 86 87 88 90 92 93 96 100 103 107 111 113 114 115 121 122 133 134 135 144 147 149 151 153 156 159 
76 57 58 71 72 81 85 89 90 99 100 104 105 106 111 112 119 122 124 130 133 140 141 145 147 148 149 151 152 159 
76 91 97 113 131 148 
63 1 61 62 64 65 66 69 71 76 78 81 82 85 94 99 100 117 122 126 127 130 133 134 136 139 142 144 146 148 150 155 156 158 159 
49 55 63 69 71 79 81 83 87 88 90 92 94 99 100 102 103 105 107 109 112 114 119 121 128 129 131 132 137 141 146 148 157 159 
45 67 79 89 100 118 127 136 137 141 145 147 152 158 
66 121 
7 58 59 62 69 71 80 87 97 98 99 101 111 114 121 122 130 134 138 140 147 148 149 152 158 159 
77 1 57 65 66 68 78 84 88 92 95 98 114 127 129 131 132 134 135 142 143 147 158 
90 57 58 63 64 66 70 81 87 93 95 97 101 102 103 106 108 110 113 117 119 123 129 136 137 138 149 151 
65 58 75 83 86 108 126 146 153 159 
60 58 59 62 63 67 71 77 82 88 89 91 92 94 99 100 101 105 108 109 111 113 114 117 119 120 122 123 127 128 131 132 136 137 143 144 147 148 153 154 
29 54 56 57 59 66 69 74 81 89 91 98 99 100 104 105 111 116 117 119 121 127 128 130 132 134 144 
19 54 57 58 66 71 72 73 77 82 85 86 89 93 96 98 99 100 103 104 106 111 113 117 118 119 120 124 125 126 128 130 132 137 140 149 150 153 158 159 
85 58 72 77 80 84 89 92 94 97 98 102 107 114 116 117 118 120 130 147 
26 55 56 58 60 61 66 69 73 74 77 78 82 83 87 89 90 93 97 99 100 101 102 104 105 106 115 121 122 123 131 133 134 136 137 138 142 143 145 147 151 155 
28 62 63 64 79 83 84 97 98 100 110 112 114 120 123 124 131 143 152 155 159 
78 54 56 59 62 64 66 73 74 75 81 82 87 96 100 101 103 106 107 110 111 113 114 115 116 120 122 123 128 136 140 146 148 151 154 155 157 159 
11 64 70 71 73 75 79 83 87 88 93 96 99 100 112 114 128 129 135 137 147 153 158 
61 58 88 100 108 110 112 117 119 121 128 135 
1 54 57 59 60 64 71 72 73 76 79 82 93 99 100 101 102 109 111 117 119 121 122 127 128 131 133 136 140 143 144 146 147 151 154 158 159 
30 56 70 92 100 109 123 140 
57 55 56 61 62 64 65 68 71 74 75 79 84 85 86 87 90 91 94 95 99 102 103 105 109 110 111 116 127 130 134 137 140 141 142 146 150 152 157 159 
79 55 87 97 98 108 114 117 132 142 145 146 156 159 
10 55 67 68 72 73 74 77 78 79 84 85 102 105 116 118 120 121 128 129 131 137 149 153 156 157 158 
89 55 60 62 66 68 69 71 73 76 77 81 84 88 95 96 107 111 115 118 120 125 137 138 139 140 141 144 145 159 
82 60 61 64 71 76 79 81 90 96 99 105 106 114 118 123 124 131 132 145 148 155 156 
4 60 61 63 65 67 73 81 88 90 95 100 109 113 114 115 116 118 121 127 141 148 159 
5 102 
22 56 58 61 69 70 74 76 77 78 81 82 85 87 92 94 95 98 104 109 112 120 122 128 129 131 133 134 137 138 140 145 146 156 158 
90 54 55 59 61 67 72 73 76 79 89 91 94 98 114 116 117 118 119 127 144 152 
18 80 100 
64 60 61 64 65 70 72 76 77 81 83 85 87 91 92 98 99 104 106 109 114 118 127 128 130 132 135 137 139 144 148 149 152 153 154 157 159 
39 57 61 65 70 88 92 123 132 139 141 142 
51 57 60 63 65 66 67 68 70 72 73 75 80 81 85 86 87 88 89 91 96 99 100 101 102 108 111 116 123 124 127 128 129 132 133 138 140 141 143 144 146 148 151 154 156 158 159 
78 56 57 62 68 69 72 78 79 81 84 92 94 97 99 103 111 116 117 118 121 124 126 130 131 134 138 139 147 148 149 156 
11 54 56 57 58 63 64 65 67 70 71 76 77 80 81 84 97 98 108 109 116 121 122 124 130 137 140 146 149 158 
64 54 56 69 70 71 73 76 80 81 90 94 95 97 100 102 104 107 109 110 115 126 127 137 138 143 145 148 149 151 152 154 155 158 
44 57 58 60 65 72 76 79 81 95 100 108 110 111 114 117 118 141 142 153 
11 1 54 57 63 64 68 69 81 87 88 94 96 98 101 103 106 108 110 111 113 114 118 121 124 126 127 131 132 135 139 142 143 146 149 153 158 159 
88 54 55 66 68 77 78 82 86 87 89 94 95 98 100 101 102 103 106 108 109 114 118 120 121 122 123 125 128 129 130 134 135 136 138 139 142 145 147 151 152 153 156 157 
91 58 59 66 75 77 91 112 118 136 143 
22 58 68 74 93 115 131 134 137 141 142 146 151 153 
23 1 61 68 71 72 73 78 90 94 95 96 99 103 104 114 116 120 129 131 134 
50 1 55 56 60 65 69 71 77 78 79 84 88 89 95 97 98 101 102 103 107 109 111 113 115 116 117 119 130 131 132 135 136 137 138 140 152 155 157 
28 63 68 81 119 127 149 152 153 154 
35 59 63 64 68 74 76 78 79 84 86 87 91 94 96 97 101 103 109 110 111 113 116 118 125 126 127 129 130 131 135 136 139 144 146 149 151 152 153 155 156 157 159 
21 55 66 67 70 80 83 92 110 112 114 118 119 121 122 125 134 138 149 155 156 157 
42 54 58 59 66 67 75 91 97 104 107 111 113 123 136 144 145 150 157 
48 55 57 59 60 61 63 66 68 69 75 78 83 87 88 102 105 106 110 118 124 125 127 131 132 133 135 136 137 140 144 148 154 155 159 
88 65 66 75 79 81 91 94 97 98 101 115 118 119 120 121 125 133 136 
20 1 55 56 59 70 72 79 80 82 83 85 86 87 93 96 98 99 102 103 107 109 111 112 114 116 121 124 126 127 129 130 135 136 138 139 141 144 145 150 152 155 159 
10 1 54 57 63 64 65 66 68 82 85 86 92 101 102 103 110 112 114 115 118 122 125 128 132 133 135 148 151 156 158 
24 82 83 115 117 122 140 143 146 151 
7 64 65 66 67 70 73 76 77 80 87 89 95 103 108 113 114 115 116 117 119 123 124 126 128 129 132 133 134 136 141 148 149 151 152 154 157 158 
62 71 75 76 78 82 84 89 90 110 114 135 136 140 149 
86 88 
14 1 64 65 71 73 78 81 84 85 87 90 91 100 101 103 104 106 108 109 110 112 113 114 116 118 120 122 125 126 129 130 131 133 134 136 144 145 149 154 159 
96 1 54 65 66 71 74 92 96 98 105 114 116 127 132 146 149 153 
48 54 55 61 62 64 68 70 71 72 73 74 78 79 83 85 89 90 93 95 96 97 99 102 103 105 107 109 110 111 118 119 121 123 131 139 144 148 150 157 159 
43 1 54 60 61 66 67 71 73 74 78 80 82 89 91 102 104 109 112 117 118 122 124 128 132 134 135 140 141 142 148 149 150 159 
13 64 68 72 80 96 101 110 113 115 116 126 127 129 133 135 147 151 
4 57 58 60 63 66 69 74 76 78 80 89 90 91 107 113 117 118 122 134 137 138 141 143 153 155 156 158 
35 1 57 58 60 61 64 68 69 73 80 84 87 94 95 101 102 103 104 105 108 111 112 116 118 120 127 128 129 131 132 133 139 141 143 144 146 147 148 150 151 154 156 
59 63 64 65 94 111 113 114 120 126 129 137 158 
18 1 54 57 58 63 67 72 75 76 82 87 96 97 107 111 123 125 131 134 135 152 158 
65 55 57 64 66 69 70 74 76 77 78 79 83 84 85 88 91 94 97 99 104 105 113 114 121 131 142 143 145 147 155 
56 157 
95 1 55 67 72 75 78 80 83 93 99 100 101 102 103 112 115 117 119 122 127 128 132 135 137 138 142 144 147 148 156 159 
18 54 56 57 59 67 73 83 84 89 94 100 101 102 104 106 107 108 109 115 122 124 127 142 143 144 147 150 156 
67 60 74 81 86 96 121 143 
52 54 57 58 70 83 86 91 92 99 104 106 107 112 119 121 132 133 138 140 143 144 149 150 151 153 
62 18 68 57 85 46 87 3 61 11 72 99 69 72 66 30 29 47 2 79 33 90 29 12 97 4 76 46 76 96 53 61 65 69 81 98 50 89 55 50 48 100 15 44 72 17 76 64 32 76 39 91 23 34 18 9 62 93 20 29 18 58 18 84 49 20 57 17 93 100 74 64 96 46 91 71 31 97 98 24 40 88 88 94 94 81 29 19 50 88 57 4 99 77 91 81 51 56 20 55 23 74 74 50 57 62 2 63 98 56 62 58 58 98 57 41 76 62 93 3 62 22 71 38 49 33 58 33 40 69 33 34 72 99 85 6 59 15 10 34 57 86 69 11 10 35 66 49 99 36 28 19 53 91 13 5 45 93 45 
