108 162
22 1 59 60 61 62 65 66 72 74 77 80 82 84 89 90 96 98 100 104 105 106 107 108 115 117 123 125 126 128 130 133 135 136 140 141 142 143 146 149 150 151 154 156 
35 1 56 58 59 61 68 72 73 75 78 80 84 88 89 94 103 108 121 126 129 131 133 134 137 144 148 156 157 158 161 
13 55 59 66 70 81 85 87 88 90 93 97 100 127 128 131 132 137 140 142 148 152 157 
40 67 69 70 71 83 84 93 95 101 103 104 109 114 127 129 130 146 147 149 158 
69 59 67 72 76 77 81 85 87 89 91 92 93 97 103 105 106 107 108 114 124 134 137 143 146 147 159 161 
49 55 57 60 63 65 68 73 74 75 76 84 88 89 92 97 99 101 102 104 106 110 111 117 119 122 124 126 132 133 138 139 142 146 149 153 155 158 159 160 
45 60 61 64 75 93 120 125 139 142 152 157 
74 57 61 63 66 67 71 75 83 86 92 101 103 104 105 109 110 119 125 126 127 137 139 142 144 146 147 148 149 154 
45 59 66 73 79 82 90 97 101 103 107 117 122 123 135 141 
90 55 60 68 69 91 126 161 
97 62 63 64 66 70 71 78 79 80 81 83 92 93 94 97 99 102 104 105 106 110 112 114 116 117 124 126 128 131 132 135 136 137 138 142 146 147 150 152 156 160 
91 57 64 74 81 115 133 
45 58 60 63 64 69 71 74 76 77 82 86 89 90 92 99 102 105 112 114 116 117 125 129 131 135 136 137 141 147 149 150 157 161 
90 58 62 67 75 83 86 88 92 95 96 101 108 110 112 114 116 121 126 135 136 137 142 147 155 156 159 160 
99 1 56 57 58 61 65 69 73 75 79 80 85 93 96 98 100 105 108 113 119 121 133 148 157 158 162 
96 65 67 103 105 110 113 137 
64 55 56 58 61 64 65 67 68 69 73 78 79 82 83 85 90 91 93 96 99 100 101 104 105 111 119 121 123 128 131 133 134 138 139 140 142 143 146 153 154 156 159 
67 1 55 64 66 70 72 80 84 89 90 92 94 99 103 105 107 110 111 113 114 115 116 118 119 122 127 128 132 137 138 140 141 143 144 145 146 148 150 152 153 158 161 162 
72 57 86 88 90 97 104 108 123 126 132 146 147 149 150 153 157 160 
21 56 62 64 66 80 86 87 91 93 97 98 100 101 102 103 104 105 106 107 111 122 124 126 132 134 137 141 142 149 152 154 157 159 161 162 
12 1 55 61 76 77 80 83 90 96 98 99 100 112 116 118 120 121 126 132 137 144 148 155 159 
95 58 68 73 91 94 107 116 118 121 123 125 132 139 148 154 161 
3 60 74 82 94 96 100 114 119 123 149 150 152 159 160 
26 66 68 84 89 90 92 100 118 135 151 154 
59 56 57 58 69 70 71 74 75 76 80 81 85 88 90 95 97 98 99 101 102 104 107 108 110 119 123 126 128 130 131 134 135 137 142 143 146 151 154 155 161 
38 1 55 61 62 64 67 71 72 82 83 87 88 93 104 106 108 115 122 123 124 126 129 131 133 134 136 137 140 141 146 148 149 152 154 156 157 161 
6 71 81 84 88 99 106 108 109 110 119 137 139 140 149 151 153 156 158 
48 58 59 61 62 64 67 74 76 78 81 87 90 93 95 97 104 108 109 112 113 126 132 140 145 147 149 154 
84 57 65 68 69 73 74 81 86 89 90 91 92 93 94 95 98 100 106 107 111 112 113 116 120 125 126 131 132 133 134 136 142 154 158 159 160 161 162 
37 55 59 66 68 71 74 81 82 86 88 89 91 93 96 106 108 114 122 124 130 135 137 138 140 142 143 144 146 153 155 158 161 
45 1 58 60 61 62 68 70 71 73 77 81 82 83 84 90 92 96 97 100 105 110 112 116 117 118 119 120 121 128 132 134 135 136 137 138 141 142 143 145 152 153 156 159 
73 1 57 60 68 69 71 75 77 97 100 115 116 120 123 131 133 136 137 150 152 158 
66 1 56 57 58 60 63 66 67 81 85 86 88 95 98 99 101 102 113 117 120 122 126 128 129 130 132 137 139 140 142 146 149 150 151 152 157 158 160 161 162 
58 1 60 63 71 76 81 83 84 85 89 97 100 104 112 114 120 121 122 132 134 136 137 138 141 142 143 147 148 149 150 151 155 157 158 
5 55 56 57 64 82 96 103 118 133 135 136 146 
55 1 55 56 57 58 64 67 69 71 77 92 97 98 99 104 107 112 118 119 121 124 132 133 138 144 145 150 154 159 160 161 
40 1 56 61 63 64 70 76 77 78 79 80 83 85 87 88 97 101 105 107 113 114 117 118 119 122 123 124 128 129 136 137 140 141 143 144 145 148 151 154 159 
77 69 75 99 101 103 125 162 
78 59 60 67 70 72 73 74 76 78 79 80 84 88 89 99 102 104 105 107 110 112 114 115 118 119 120 122 127 130 131 133 139 140 142 150 151 157 160 162 
99 62 71 76 81 82 83 87 96 98 99 106 107 109 110 116 126 130 134 135 137 144 149 152 156 157 
16 1 59 62 63 64 69 70 75 76 79 82 87 89 91 93 97 104 105 107 112 114 118 123 127 128 133 135 137 138 140 145 148 159 
27 61 63 65 66 78 84 87 92 94 95 99 100 102 106 107 110 112 113 114 115 121 124 128 135 136 137 141 151 152 153 155 
94 58 75 80 88 91 97 98 99 109 117 126 155 
43 57 62 63 65 70 75 83 89 103 111 119 137 140 145 148 
76 57 60 65 67 74 77 78 82 83 84 86 95 96 99 101 102 103 104 105 108 109 112 113 114 117 121 122 123 124 126 128 131 133 135 137 140 146 148 150 161 162 
27 56 60 61 63 66 67 68 69 71 72 73 83 90 91 93 96 98 99 101 111 115 122 125 127 130 140 143 144 147 148 150 156 157 159 162 
32 1 55 61 63 68 73 79 83 92 101 108 115 117 122 129 130 137 147 148 149 153 155 157 158 159 
93 63 73 83 93 97 104 
69 57 61 67 68 73 84 85 91 101 103 105 106 120 121 129 138 145 147 155 159 
38 76 79 86 90 98 102 111 112 118 136 149 150 155 
46 55 58 59 62 65 68 69 72 73 75 76 78 81 82 83 90 91 93 95 99 104 105 108 109 110 116 119 121 123 125 129 132 133 136 138 141 142 144 158 159 162 
82 55 56 57 61 62 63 64 65 66 67 68 70 74 76 81 82 83 85 88 92 93 94 96 98 100 105 109 118 119 122 123 128 129 133 138 139 141 143 149 153 154 155 160 
46 55 67 69 71 73 75 76 81 83 86 91 93 94 96 97 98 100 109 111 113 114 115 118 119 123 124 144 145 149 150 151 153 157 159 162 
43 56 60 62 63 67 68 69 71 74 77 79 81 83 84 86 93 96 100 105 109 111 114 119 123 125 132 135 138 140 145 148 149 150 152 154 157 
65 57 58 61 64 66 71 76 77 86 88 95 99 100 110 111 120 127 133 134 136 137 145 146 150 154 155 157 
74 61 
79 56 59 60 61 65 66 72 74 78 82 83 86 87 91 92 94 96 98 103 128 131 135 136 149 153 158 159 161 
69 56 57 62 64 69 72 73 76 78 82 86 87 89 91 93 95 101 102 103 104 108 109 112 114 116 119 120 132 137 138 141 148 150 153 154 156 161 
31 76 85 129 150 157 
78 58 84 103 105 112 116 121 126 137 142 145 157 158 
51 71 80 83 116 121 129 
90 56 63 68 74 80 85 88 92 102 104 106 107 109 113 115 116 118 119 127 130 132 134 136 145 147 149 152 158 160 
91 66 68 69 72 73 76 82 85 94 97 101 106 109 120 121 123 129 133 134 146 151 152 153 157 161 
5 70 71 73 75 82 84 88 89 93 97 99 101 107 109 111 113 115 116 117 119 120 123 126 128 129 130 131 133 136 138 141 143 147 150 153 154 161 162 
2 1 56 58 59 60 65 66 68 72 75 76 79 80 89 90 95 98 103 104 106 107 109 111 114 116 117 118 120 121 123 125 129 135 136 137 139 141 142 150 153 154 155 159 
79 58 62 63 67 69 74 78 83 84 85 89 92 95 96 99 100 101 105 109 111 114 116 117 118 123 128 129 132 134 135 140 141 142 143 146 148 149 151 152 153 154 160 
30 61 67 75 87 90 103 107 120 121 138 143 147 152 
45 56 59 66 67 70 76 88 97 99 101 102 104 108 116 118 120 121 125 134 135 136 144 149 156 
9 84 
64 56 57 58 61 64 65 69 71 76 78 79 81 84 86 88 92 93 108 113 115 118 120 122 123 128 130 132 134 136 137 139 141 145 155 159 160 
23 55 57 63 64 69 70 74 75 78 89 90 92 94 97 105 112 116 124 127 128 129 131 132 147 148 150 153 156 160 162 
60 81 84 120 156 
60 55 59 66 67 75 77 93 96 97 98 99 102 111 119 121 133 141 144 146 148 149 
26 55 57 61 64 65 67 71 74 77 82 83 88 89 96 97 102 114 115 116 119 124 125 128 133 138 140 150 153 156 159 162 
64 1 55 63 78 93 94 111 120 127 143 146 151 153 160 
90 59 62 73 79 92 111 114 116 123 135 149 156 158 162 
93 61 62 64 65 68 70 71 72 73 77 81 82 86 88 92 94 96 101 102 104 108 110 112 119 120 122 125 129 131 135 137 144 146 148 150 151 152 154 162 
35 1 58 59 60 66 68 75 79 80 82 83 86 88 93 94 99 102 107 111 112 113 114 117 118 124 127 133 134 136 139 140 144 146 148 149 150 151 152 159 161 162 
25 1 65 77 83 87 98 99 104 110 114 115 116 123 126 127 133 134 138 140 142 146 149 150 157 
9 55 58 60 62 64 66 72 73 74 77 78 79 81 83 98 103 105 108 114 116 117 132 137 139 144 152 156 157 158 
62 81 130 134 138 158 
72 58 59 65 67 68 70 75 76 82 83 84 87 90 98 104 111 112 118 119 125 126 128 132 137 138 139 140 141 143 146 154 155 158 161 
43 56 58 59 61 63 64 65 66 68 69 71 77 82 85 89 94 95 97 99 100 101 106 107 108 109 116 120 121 125 127 129 130 131 134 137 138 141 142 143 148 149 150 151 159 
90 76 88 92 96 99 135 
48 1 58 59 61 65 69 71 82 84 85 91 113 114 116 121 125 126 135 150 160 
45 62 73 78 82 83 86 89 99 109 113 119 126 127 135 142 143 148 150 152 155 157 158 
82 59 71 72 76 78 91 98 103 111 114 117 118 125 126 134 136 142 149 161 
96 57 75 83 89 95 106 111 115 116 118 133 136 137 144 147 149 
50 55 57 58 61 68 69 72 74 85 86 89 90 95 96 97 102 103 108 109 110 112 115 119 120 132 133 134 135 136 144 147 150 151 155 156 157 158 159 162 
60 62 69 70 71 75 86 87 88 90 92 94 105 108 111 112 113 116 119 123 124 127 134 135 136 150 153 155 156 159 160 162 
50 1 61 63 66 67 70 75 93 94 100 103 111 115 116 129 134 142 150 151 152 153 154 155 157 160 
73 55 62 67 91 99 153 160 
85 1 60 63 65 72 73 79 81 94 105 107 109 110 113 121 123 126 133 138 141 151 
58 86 99 120 123 139 144 149 
3 55 59 63 64 65 69 70 73 83 85 86 91 93 100 105 106 107 108 110 111 112 114 116 123 129 131 132 135 143 145 150 151 152 159 162 
3 1 62 66 71 73 78 80 86 88 90 92 93 94 95 96 97 105 106 110 112 116 118 124 125 127 129 136 137 139 141 142 143 145 147 150 154 155 157 158 160 161 162 
21 57 63 64 69 73 74 75 78 81 101 102 104 120 124 135 139 140 143 145 151 154 159 
15 58 60 67 69 71 75 80 85 87 90 92 93 94 105 109 110 112 120 122 125 126 131 132 133 147 150 151 152 155 157 158 159 
51 55 140 143 146 162 
78 110 121 140 149 
19 61 77 80 94 106 109 112 115 124 139 141 159 161 
32 1 59 61 76 86 92 94 95 96 99 101 103 106 125 127 139 146 147 149 160 162 
65 81 86 117 139 147 162 
32 62 69 70 85 89 92 93 103 107 113 143 149 152 158 
31 58 72 74 75 80 87 91 93 94 100 108 111 114 117 121 122 130 132 149 150 
35 56 63 64 67 73 74 75 86 87 93 110 112 114 115 116 117 123 125 128 130 147 156 161 162 
9 56 57 62 67 74 77 78 89 91 94 98 99 101 104 106 110 115 117 123 124 130 132 138 144 147 157 160 161 
21 55 67 70 72 74 80 82 84 85 86 93 95 97 100 104 105 111 115 116 118 119 121 122 125 128 130 131 135 138 139 142 145 146 149 157 162 
18 58 74 95 100 71 50 13 25 78 68 58 29 39 43 71 23 11 4 20 34 85 80 39 54 2 77 28 15 35 72 49 74 54 13 62 63 15 94 32 30 75 99 1 78 74 4 77 51 28 83 17 32 91 44 62 27 100 29 81 47 44 3 7 73 52 4 73 87 5 11 6 49 89 92 50 45 36 66 14 70 23 78 21 79 18 85 66 53 3 79 33 35 43 71 77 59 92 77 75 52 88 27 77 21 10 92 67 46 29 3 96 82 20 49 12 19 51 63 71 45 50 56 5 11 33 10 16 97 33 98 40 18 50 98 52 40 61 2 59 9 16 59 64 51 72 86 79 50 2 22 18 2 21 42 3 53 26 24 74 63 59 
