110 165
58 82 114 115 119 120 122 126 141 146 153 155 161 
13 76 91 92 97 107 113 118 137 138 146 165 
34 60 63 65 67 69 72 76 78 81 82 86 87 90 94 97 98 99 105 106 109 115 116 117 123 125 126 137 141 146 147 150 152 159 160 161 162 164 
23 56 60 64 67 69 70 72 73 74 77 78 81 82 83 86 88 89 96 104 105 108 110 111 112 114 119 121 122 123 124 131 132 134 137 138 140 142 154 155 157 159 160 165 
51 60 61 69 79 85 94 97 109 115 119 123 132 138 140 141 146 155 156 159 161 
42 64 65 69 71 72 76 77 78 79 82 85 88 90 92 99 108 115 116 118 120 130 137 139 141 143 148 149 151 164 165 
13 56 58 64 65 67 68 76 77 79 83 93 94 96 97 98 101 102 103 104 105 107 108 109 114 116 118 132 142 145 149 154 155 159 
98 58 60 62 66 67 70 71 74 77 83 84 87 93 94 99 100 102 106 109 110 112 125 130 132 133 134 135 136 139 141 147 148 150 152 156 158 160 163 165 
80 1 64 75 79 83 84 85 88 89 92 94 95 97 98 100 104 108 112 114 116 117 118 124 131 132 139 140 143 145 147 149 153 154 157 158 162 165 
75 57 59 62 68 69 73 74 76 77 81 83 85 90 94 96 99 101 107 108 109 116 122 123 127 132 133 136 137 139 140 141 147 149 150 151 155 156 157 
40 67 68 72 80 84 85 89 92 118 126 128 134 147 149 164 
63 63 70 71 87 112 118 130 142 155 164 
52 58 59 61 64 65 70 75 77 81 87 88 96 99 103 107 113 115 121 127 129 135 141 150 152 153 155 156 159 160 164 165 
93 58 64 65 69 71 75 79 82 94 95 96 101 103 104 108 109 113 117 121 122 123 125 132 134 135 154 165 
68 65 67 69 71 72 75 77 78 83 84 92 96 97 98 102 107 117 125 126 129 131 133 137 138 146 150 152 154 161 163 
87 82 88 140 157 161 
6 58 61 68 97 102 103 107 110 111 114 116 123 125 132 133 136 137 140 145 146 148 149 153 157 158 165 
79 59 62 64 67 70 73 75 77 81 82 89 96 98 102 106 111 114 118 124 128 134 137 144 151 158 160 
65 57 66 71 78 81 95 98 99 101 102 103 111 112 116 126 145 158 
15 57 61 64 67 68 73 79 80 82 84 86 87 94 95 98 101 105 109 111 112 113 115 117 127 128 132 137 144 145 149 151 157 162 163 
25 56 57 62 63 67 70 77 78 79 82 83 87 90 91 92 95 101 103 111 116 125 129 131 134 135 151 152 153 156 157 158 160 163 164 
26 71 74 85 86 92 104 150 158 
16 57 59 68 72 74 77 81 86 88 95 110 115 123 126 129 143 150 155 157 159 161 165 
96 73 81 130 131 
86 62 90 94 103 115 118 128 138 141 151 153 159 
89 1 57 61 62 68 69 73 94 95 96 97 106 108 115 116 119 120 128 134 136 151 156 
48 62 66 70 71 76 84 87 89 93 97 115 121 133 134 135 136 137 140 141 162 164 
93 66 86 97 111 121 128 134 139 147 
44 75 101 136 
49 56 60 61 63 66 67 69 70 77 79 81 84 87 88 93 95 96 97 100 105 112 115 117 132 135 141 144 145 148 151 160 161 162 165 
9 61 63 65 67 70 81 83 84 87 97 98 99 101 102 103 106 107 110 112 114 117 119 124 134 139 140 147 149 154 155 156 163 165 
47 60 64 65 72 76 81 82 89 96 106 107 110 115 117 121 126 129 131 133 134 144 151 152 161 162 
85 56 57 59 60 63 64 67 70 84 87 89 91 100 103 106 109 111 115 116 119 121 122 124 130 131 136 140 143 148 152 165 
38 60 82 86 88 89 122 132 134 135 137 139 141 
74 146 155 159 
77 56 57 58 62 63 65 75 85 93 102 105 106 112 116 125 128 138 139 143 144 145 147 155 159 162 
7 57 58 62 66 67 69 70 71 72 77 78 88 89 91 92 93 96 97 99 100 101 102 104 111 112 126 129 132 134 137 138 139 140 144 147 148 150 161 162 165 
1 57 61 65 66 77 78 79 83 86 88 89 92 102 103 105 111 114 115 117 123 125 126 131 134 136 139 140 142 144 146 148 149 155 156 157 158 160 161 162 164 
89 61 65 67 68 78 79 84 86 90 91 96 100 101 109 112 114 116 118 119 123 125 134 136 137 139 141 143 144 145 147 149 151 153 156 160 161 162 
60 70 72 80 87 89 91 92 96 100 103 104 106 110 112 114 121 127 134 138 144 149 160 
37 58 60 62 66 68 70 84 85 93 94 97 98 100 102 103 104 105 106 111 112 118 120 124 128 133 137 141 144 146 150 153 154 160 165 
10 1 57 63 64 66 68 69 74 75 80 81 84 85 87 89 90 91 92 93 94 95 97 100 103 104 106 107 113 119 121 122 123 124 125 138 139 145 147 155 156 158 161 
65 61 67 68 69 74 76 82 84 86 89 91 94 99 100 102 104 105 106 109 110 114 115 117 118 119 120 124 125 130 135 140 141 145 149 150 155 161 163 165 
82 112 125 149 
59 58 61 62 66 73 75 76 77 80 84 85 89 91 93 95 96 99 104 106 110 111 114 115 117 118 122 130 136 138 141 142 143 159 160 161 164 
77 57 61 71 72 76 80 81 106 108 111 112 121 138 142 144 152 157 159 
99 57 60 69 70 72 77 92 95 102 106 107 114 135 138 139 143 145 147 150 151 156 157 162 163 
62 1 56 85 88 89 91 93 94 97 102 103 106 110 120 122 125 136 138 141 146 154 158 160 
90 63 68 69 70 72 81 89 91 93 100 104 112 114 116 120 130 136 149 151 156 162 164 
8 72 74 75 109 115 129 158 162 
57 60 84 88 97 98 99 108 110 118 151 152 164 
69 62 73 82 95 102 115 117 130 141 142 156 
49 57 62 64 67 71 72 76 90 108 113 129 130 132 133 134 135 150 160 163 
54 56 58 59 60 62 65 71 73 74 77 80 84 88 90 97 99 101 106 109 113 115 123 127 129 131 136 137 138 142 143 147 149 163 165 
29 60 69 80 100 104 110 111 119 122 127 130 144 157 158 
11 105 144 164 
15 59 61 62 63 65 69 82 83 84 86 87 88 94 108 109 111 116 118 120 121 125 127 128 130 134 136 138 139 140 144 151 153 163 164 165 
61 74 77 78 87 88 94 104 108 109 122 131 132 133 137 138 139 145 147 154 157 
10 64 66 68 76 79 84 92 94 99 107 113 122 124 129 136 137 145 154 155 157 
88 1 61 69 71 77 80 81 82 87 89 98 99 101 104 107 109 112 113 115 116 117 118 124 127 131 133 135 136 140 141 142 143 144 145 146 149 151 153 164 165 
71 164 
69 60 67 77 80 91 109 115 125 134 136 139 140 141 145 156 
51 59 64 65 67 71 77 80 84 85 87 94 96 97 100 103 105 106 109 111 113 114 119 124 129 130 138 139 142 143 149 150 163 
76 59 71 83 87 91 104 116 120 134 146 152 
75 1 57 58 59 62 68 70 71 73 75 83 88 91 92 95 97 99 102 105 106 107 113 115 116 117 125 128 132 133 139 145 147 152 158 161 164 165 
90 58 59 60 62 64 67 68 69 71 73 76 79 87 88 91 93 94 95 96 97 103 104 105 108 111 118 128 134 140 141 143 149 155 158 161 162 
26 77 79 82 94 97 98 103 107 108 109 115 131 147 151 160 
73 72 84 89 100 116 120 121 128 146 152 
27 62 71 75 78 83 84 86 88 90 93 94 100 105 107 108 109 117 118 121 122 125 131 134 137 142 143 145 147 149 150 153 154 159 
10 56 68 75 76 88 99 100 101 103 108 113 115 116 125 126 141 144 147 
21 68 88 144 145 155 
52 57 63 65 69 77 78 79 89 91 96 98 101 107 110 112 118 125 131 133 134 142 146 151 156 158 164 
30 1 57 60 63 65 73 83 87 94 103 111 132 143 162 165 
87 97 
92 64 70 123 149 
32 61 66 71 72 78 79 81 82 83 86 88 92 94 98 99 102 103 104 106 116 118 123 125 128 130 132 135 138 142 147 152 156 159 162 163 164 
79 57 59 61 66 72 73 77 81 88 94 99 103 106 108 121 123 133 134 141 145 149 150 153 154 156 
93 86 117 
81 1 63 64 66 67 73 75 77 80 86 87 91 98 103 105 107 109 111 112 115 116 118 120 122 125 128 130 136 137 139 140 141 146 149 151 153 159 162 
100 65 82 86 115 126 131 141 143 
91 58 59 60 62 63 64 66 72 76 82 84 89 91 96 97 98 103 106 111 112 114 116 117 119 123 124 128 133 135 139 141 143 148 149 152 154 155 156 157 159 160 162 163 
52 111 159 
25 1 63 69 79 80 84 96 104 108 112 114 116 120 127 128 130 133 
13 1 58 62 64 68 72 74 76 78 80 81 83 86 88 89 91 113 115 119 120 128 146 147 150 152 
28 57 64 156 
26 58 67 74 77 99 105 137 139 144 160 165 
64 62 72 82 84 86 116 118 121 126 130 139 141 146 149 
51 60 97 104 121 
64 58 59 74 75 82 89 91 103 107 121 142 145 154 162 
65 66 73 76 84 90 96 101 103 108 113 118 131 144 149 152 154 
61 66 72 82 83 99 102 119 124 125 126 131 150 157 164 
60 1 56 63 68 69 72 74 77 78 89 92 94 96 97 98 99 108 114 116 119 120 124 126 128 132 138 139 143 146 148 161 162 163 
3 72 92 98 144 156 
83 59 66 70 72 75 76 79 87 89 93 96 97 102 104 105 115 124 130 134 135 137 138 143 144 146 149 150 152 154 156 160 
3 56 64 82 83 94 102 103 122 126 128 133 138 149 152 
33 62 66 97 145 
100 56 61 66 69 71 73 74 76 80 85 92 93 98 99 108 109 115 116 123 124 127 132 139 140 142 144 145 147 150 151 152 153 155 156 165 
70 1 57 61 62 69 70 71 73 82 86 88 90 92 95 96 98 101 105 113 114 116 117 122 126 127 131 132 134 139 140 141 144 145 148 156 159 161 163 
10 1 61 64 65 69 73 83 87 96 98 103 104 110 112 114 117 118 120 121 123 125 128 129 131 132 145 151 152 156 159 162 165 
84 59 60 64 66 68 71 77 78 79 85 88 94 97 98 99 101 108 112 113 115 118 125 129 131 132 133 137 141 144 150 151 155 157 159 162 163 
72 78 80 81 94 95 100 106 114 117 124 133 134 157 165 
60 60 94 95 98 119 126 136 137 158 162 
5 1 64 66 73 87 124 125 133 
23 1 62 66 68 69 70 74 77 81 83 88 89 96 99 100 105 115 118 119 120 125 126 131 133 134 141 153 157 159 163 164 
56 58 60 62 65 73 78 81 83 96 99 101 112 115 121 136 137 139 145 157 158 
79 1 57 59 68 69 76 87 89 90 91 96 97 108 112 118 128 131 132 139 143 151 154 156 157 162 
50 112 130 135 159 
46 57 61 67 69 78 81 84 88 101 104 105 106 107 108 109 114 120 121 122 123 126 127 131 132 133 134 137 140 146 147 148 149 150 152 160 161 163 
45 59 63 72 78 81 84 87 88 94 100 103 111 122 125 126 129 134 147 149 151 154 161 
14 57 58 62 64 67 72 76 81 82 83 85 89 94 95 100 101 102 104 110 112 113 115 116 117 123 125 127 128 134 135 136 138 140 143 150 153 159 164 
4 63 72 25 97 11 36 58 5 73 56 71 8 86 45 76 79 24 8 89 7 100 32 94 39 11 55 97 8 47 58 72 2 39 84 39 82 56 60 16 69 84 76 31 61 87 64 75 87 81 73 49 33 44 88 75 31 79 96 94 63 3 84 97 56 32 78 8 90 25 95 44 25 25 15 36 17 3 7 30 55 2 37 78 37 100 22 48 97 57 77 62 15 2 73 36 56 71 74 34 10 11 50 46 87 63 28 45 46 58 54 76 76 27 36 34 73 20 50 9 26 48 56 25 60 80 87 99 41 93 65 82 92 41 7 30 34 7 78 7 59 82 100 77 22 27 57 30 19 63 79 9 83 24 64 79 91 8 85 58 32 40 60 61 8 
