112 168
76 58 59 60 65 66 67 77 80 84 90 91 94 95 96 99 101 103 132 134 137 139 140 146 147 148 151 152 155 156 159 164 166 168 
58 126 164 
83 1 57 70 71 76 83 84 87 90 110 114 115 122 135 137 139 145 155 157 159 162 165 
47 58 59 71 76 91 93 95 98 99 100 103 105 106 117 143 144 158 168 
74 59 60 78 79 80 88 90 95 97 102 105 106 116 121 128 130 133 139 142 144 148 160 166 
94 115 132 157 
67 1 79 80 88 106 108 109 121 127 134 142 143 162 163 168 
85 59 61 62 63 65 73 80 82 86 89 93 95 97 98 100 104 110 112 113 117 118 125 129 131 136 138 141 145 146 147 152 154 159 160 
72 58 73 75 78 88 100 104 116 119 126 134 148 156 160 165 168 
20 61 67 77 82 99 102 124 125 133 141 143 152 
58 1 72 80 81 84 86 104 107 108 109 113 114 115 117 124 131 132 136 137 150 152 156 157 
19 1 60 61 66 67 69 71 73 75 76 78 79 80 83 84 87 88 89 91 96 99 101 112 113 118 126 129 133 134 135 137 138 140 144 152 156 160 165 167 168 
55 58 62 63 64 69 72 77 79 82 84 86 88 92 95 96 98 99 100 105 106 109 110 111 113 119 122 125 127 128 131 134 135 139 140 141 143 149 153 163 
42 58 59 64 65 66 67 68 69 71 72 74 76 79 80 81 83 87 88 91 103 111 113 114 122 123 125 126 128 129 130 136 137 138 140 141 142 143 147 149 150 151 152 159 165 166 
59 58 64 65 75 78 88 91 92 96 101 117 124 135 136 138 160 
35 60 69 77 105 106 112 121 126 128 130 134 145 159 163 
2 63 64 72 102 111 117 119 128 134 140 147 150 158 160 
7 98 107 110 112 136 
82 65 67 105 117 144 
92 57 58 59 60 62 63 64 76 81 83 87 88 93 95 96 99 101 105 107 108 111 112 116 120 121 122 124 125 130 132 135 137 141 145 149 153 154 156 157 159 163 166 
1 1 57 63 65 68 74 76 79 82 90 91 102 103 111 114 118 120 121 122 126 127 128 130 131 133 139 144 148 152 157 159 161 162 
10 67 76 81 92 93 100 103 105 121 132 139 143 144 152 154 159 162 168 
2 60 87 88 118 119 120 126 133 138 143 154 160 163 167 
35 65 70 72 74 75 77 79 95 98 100 106 109 114 124 133 137 138 156 157 162 164 165 
50 1 62 63 68 75 78 80 81 82 87 88 90 95 96 97 98 99 101 108 109 110 112 116 117 118 122 126 130 134 136 141 147 148 149 154 159 160 161 162 163 165 
45 1 57 65 73 75 77 78 81 85 86 90 92 101 105 107 109 110 112 115 116 119 125 133 136 138 139 140 147 153 155 156 157 158 160 161 163 165 
29 58 61 68 69 71 72 73 75 77 78 79 80 84 91 93 94 97 98 105 106 116 117 124 125 127 129 131 135 136 138 141 143 144 146 147 150 154 156 159 161 163 167 
66 64 66 82 94 127 128 147 
46 66 67 72 76 77 85 86 90 93 103 104 105 106 113 114 115 118 119 122 124 127 128 134 139 143 148 157 161 166 
61 1 60 64 69 77 78 81 87 88 92 93 94 97 98 122 123 146 147 153 156 158 160 161 163 165 
5 77 78 84 90 92 93 94 95 98 101 102 103 105 109 121 122 124 126 129 131 132 133 136 138 139 140 142 146 151 152 155 156 157 161 163 167 
38 111 160 168 
42 59 64 70 71 72 78 79 85 87 92 95 98 99 104 108 109 111 114 116 118 120 121 126 129 130 135 143 154 156 159 166 
46 58 59 74 77 81 82 83 96 105 115 124 127 129 148 152 159 165 
42 134 168 
84 66 68 74 75 80 84 88 89 92 93 97 98 104 105 108 110 111 112 114 117 121 127 128 134 136 145 146 147 148 157 159 161 162 164 167 
9 60 63 66 73 89 90 104 107 112 114 143 155 168 
78 64 67 69 85 103 105 112 118 154 156 160 
31 92 
59 60 63 70 95 109 112 118 128 147 151 155 161 
43 81 118 157 166 
37 70 71 93 104 113 164 168 
79 58 67 69 70 75 78 81 84 88 90 92 93 96 98 99 108 110 112 116 117 120 121 122 128 130 131 139 141 153 158 159 166 
17 1 85 95 107 117 121 129 131 142 153 157 163 165 
2 57 58 69 70 71 73 75 76 78 79 80 82 87 89 90 97 98 102 107 112 114 116 119 122 124 125 127 131 137 138 153 156 158 165 
97 1 64 68 70 76 87 91 92 94 97 102 111 112 113 115 137 142 143 144 146 156 158 164 166 168 
23 1 61 64 70 73 83 84 87 91 94 104 105 107 112 115 118 119 121 122 123 130 131 133 134 136 137 140 146 150 151 157 159 163 
67 62 64 65 69 74 75 77 83 88 89 92 93 95 96 97 107 110 112 121 122 124 126 127 128 132 133 135 137 141 143 147 150 153 155 158 160 161 165 166 167 
46 58 59 60 62 63 64 65 67 69 70 82 83 85 86 88 99 102 103 104 107 108 109 110 120 122 127 129 133 139 140 148 149 150 151 155 156 157 159 160 162 163 166 168 
36 59 63 66 71 72 73 75 91 92 95 96 97 101 103 104 106 109 112 114 118 121 122 127 128 131 133 136 139 140 147 151 156 157 163 164 168 
48 57 58 64 66 68 74 78 87 93 98 99 102 103 104 106 107 110 114 120 123 129 136 139 150 166 168 
82 63 65 83 112 141 167 
15 57 62 68 69 71 72 73 77 78 79 83 86 90 91 94 98 104 108 109 110 111 112 114 115 118 120 123 126 127 129 132 139 141 143 144 145 146 147 148 154 155 157 160 161 166 
68 57 68 74 76 78 79 99 115 121 123 126 127 
44 105 
60 59 60 63 68 92 111 123 124 126 133 136 139 140 141 
1 59 65 66 68 69 76 84 86 89 91 94 96 103 114 115 127 129 131 136 139 148 163 
54 64 67 81 84 95 96 115 118 121 124 148 151 158 160 163 
41 65 67 68 71 73 83 87 89 92 93 102 105 110 111 115 118 120 122 127 132 141 146 151 153 
76 64 75 89 115 116 147 162 
38 57 70 71 73 85 93 105 119 142 147 155 159 166 168 
70 77 78 84 89 91 100 101 107 115 123 124 126 130 131 135 143 149 155 156 157 158 159 161 166 
66 57 61 63 88 97 99 111 112 114 128 136 137 140 146 147 149 157 165 
54 72 154 
9 111 135 168 
83 57 59 62 66 71 72 74 76 78 82 84 89 90 92 97 105 106 115 121 125 132 134 137 142 146 148 155 156 157 159 160 161 163 
21 60 61 63 65 66 69 73 79 81 86 93 99 105 108 110 111 113 115 116 117 120 125 128 129 130 136 141 145 150 162 
49 64 69 81 136 163 
99 65 89 
39 1 63 65 68 73 75 78 79 85 86 91 94 95 96 97 98 99 109 111 116 117 123 130 134 137 138 139 140 144 150 151 152 156 158 159 162 163 
27 68 74 84 99 103 106 129 131 134 148 154 164 166 
30 60 63 70 71 90 98 106 107 109 110 114 117 125 129 144 158 163 168 
53 59 66 73 77 80 88 89 95 100 106 110 113 121 123 157 158 161 166 
40 57 64 70 72 80 81 83 84 86 88 92 97 107 108 110 120 121 125 130 131 133 134 138 139 146 153 161 168 
39 61 68 76 82 83 90 99 103 104 106 112 115 128 129 131 132 135 142 159 163 
74 57 58 66 68 84 86 89 91 93 98 99 100 105 111 119 127 137 146 147 150 156 162 166 
94 1 58 60 69 71 75 78 81 82 83 84 89 90 94 97 103 110 113 114 122 124 127 137 139 142 143 147 152 157 159 164 
73 59 69 70 79 82 94 97 100 102 104 107 114 118 121 124 132 155 156 162 163 164 
36 63 65 84 90 91 97 107 115 124 136 138 149 160 163 167 
100 60 66 70 71 73 75 76 77 79 82 84 85 90 93 96 100 106 108 110 113 118 122 123 127 128 129 133 134 137 143 146 149 152 154 159 160 165 166 168 
30 58 64 82 85 87 93 96 97 98 100 102 117 118 125 128 130 133 139 145 153 162 165 168 
18 58 59 61 62 63 67 69 72 76 79 80 81 82 83 84 85 86 88 90 91 93 95 99 110 112 115 118 120 122 128 133 139 142 144 146 150 155 161 163 168 
65 1 158 165 
98 58 63 74 76 83 88 89 91 92 99 103 107 112 113 115 118 119 120 121 122 123 131 137 138 144 151 152 153 155 158 166 167 168 
38 86 92 106 111 161 
13 57 59 62 64 65 68 77 78 81 82 83 87 89 92 94 102 106 110 111 118 122 129 137 140 141 146 147 148 151 156 160 166 
95 67 158 162 
72 99 103 132 140 141 144 
58 63 114 119 123 127 142 166 
67 57 59 60 65 68 70 73 75 76 79 81 82 83 89 93 97 102 103 104 107 110 112 117 120 126 129 132 133 135 140 141 144 145 149 151 153 154 156 157 163 165 
19 63 71 72 76 78 83 87 88 99 102 103 104 109 110 114 116 118 120 123 126 131 132 133 134 136 137 142 152 153 158 163 164 167 
1 1 58 59 61 64 68 75 80 82 87 90 93 95 99 105 106 107 109 118 125 127 129 134 135 136 140 141 142 144 145 146 149 151 154 157 161 167 
99 57 72 83 86 90 105 111 
40 1 62 65 66 67 80 82 86 89 90 92 93 95 96 97 105 117 126 128 140 143 152 155 156 160 
36 59 60 69 78 80 81 82 83 86 90 96 98 106 111 115 116 118 119 120 122 124 128 129 130 131 132 133 137 138 140 143 149 150 155 157 165 168 
82 1 76 81 86 99 101 128 130 132 135 141 149 159 
16 57 63 64 66 69 70 73 74 77 80 81 83 95 98 99 101 106 110 112 116 126 127 128 129 133 135 141 143 147 149 153 156 158 161 163 164 
75 61 65 67 70 72 78 79 81 90 91 92 95 96 99 101 103 105 108 109 112 113 117 119 120 122 125 130 131 132 136 138 139 141 144 150 154 164 167 168 
92 57 65 67 69 74 77 86 87 92 96 97 101 102 104 108 112 114 115 119 121 124 130 131 136 143 155 156 159 160 166 
67 60 63 67 69 70 73 75 77 81 86 87 91 101 107 108 109 112 113 118 122 132 133 135 136 137 144 145 146 151 153 156 158 161 162 165 166 168 
31 57 59 60 69 75 77 80 86 88 89 91 94 96 98 100 106 110 114 119 121 125 126 127 128 129 130 133 134 135 137 140 141 142 145 148 149 152 153 154 157 161 163 165 
87 60 63 64 69 73 75 90 92 95 96 99 108 111 116 132 138 139 142 143 148 149 158 164 166 168 
97 61 63 64 72 73 81 89 92 96 101 116 122 128 135 139 141 149 153 161 163 166 
90 1 58 61 63 65 71 83 84 86 88 89 91 99 100 101 103 104 106 109 112 114 116 119 122 124 127 128 129 131 132 136 139 142 144 145 147 148 153 158 162 163 166 
53 59 60 63 67 70 71 76 77 82 83 88 90 95 102 106 108 109 114 118 120 121 122 123 124 125 128 130 141 144 149 151 153 154 155 158 160 163 165 166 167 168 
42 58 62 66 72 78 82 86 87 91 93 94 95 96 98 106 107 114 117 120 123 125 126 128 130 131 135 137 141 142 144 145 149 152 156 158 160 162 164 166 
23 60 61 70 72 76 82 96 98 108 110 114 115 120 126 127 132 133 138 139 146 147 151 164 
52 63 64 72 73 75 79 80 83 84 85 88 89 91 92 93 101 103 109 112 117 124 129 131 134 135 136 147 153 154 155 156 157 158 161 166 167 168 
9 64 82 83 87 110 117 130 141 145 164 167 
89 57 75 100 109 112 114 115 166 
32 92 145 
75 57 64 67 70 74 87 88 93 97 111 122 123 128 136 139 141 143 145 147 154 
78 57 11 77 86 7 60 42 87 90 71 86 54 73 71 14 94 97 26 62 60 93 83 53 33 54 73 1 88 75 44 18 62 11 88 66 4 50 83 52 34 24 20 100 48 74 41 100 48 32 53 92 66 56 90 76 18 35 35 67 92 4 9 59 77 29 100 41 92 46 3 16 47 24 82 78 82 40 36 98 76 61 74 92 51 37 57 15 32 31 88 56 34 59 36 52 90 73 27 50 28 90 54 4 100 99 86 50 31 3 90 31 32 10 22 36 44 81 5 42 14 30 66 22 60 35 67 81 15 59 97 6 30 59 21 59 95 15 21 48 74 91 73 95 85 27 67 76 29 66 66 54 92 34 71 64 27 98 90 23 21 42 85 34 32 74 90 59 
