116 174
14 59 60 68 70 71 72 73 74 76 77 78 84 87 94 97 108 109 110 114 116 120 127 128 129 134 135 136 137 138 142 143 146 156 161 164 165 169 171 174 
10 59 63 65 70 71 72 75 76 78 79 81 84 85 87 89 90 92 94 99 100 101 107 109 111 112 117 123 124 125 127 129 131 133 142 145 146 149 151 157 158 163 165 170 172 173 174 
70 1 59 67 69 72 74 75 89 90 104 109 115 117 127 131 134 135 136 139 143 147 148 156 158 
53 60 61 62 72 81 82 83 84 85 87 88 90 91 93 94 95 98 99 106 109 110 113 119 122 123 124 125 126 130 131 136 137 139 145 148 149 154 156 158 159 160 163 164 166 168 172 
92 76 87 93 124 142 
30 71 89 95 97 121 150 
31 64 65 66 68 72 74 77 80 88 92 101 103 108 117 123 125 133 137 149 152 153 154 155 158 159 162 164 165 166 169 171 
11 71 73 86 98 103 109 112 113 114 116 118 123 125 130 134 140 145 153 162 163 
99 59 67 74 81 83 84 86 88 92 99 100 102 103 105 107 110 118 119 122 123 126 127 128 139 145 149 150 151 154 158 166 172 
47 1 59 61 66 72 75 76 79 88 91 100 101 109 115 122 126 133 140 146 152 157 160 161 165 166 
45 104 106 171 
19 61 62 71 72 73 80 81 101 110 120 121 135 142 146 150 155 163 
69 60 62 70 73 75 78 79 80 90 92 97 99 100 114 119 120 124 125 129 138 142 149 150 154 157 163 172 
6 62 82 89 97 103 108 110 116 120 148 149 159 163 168 173 
62 1 65 68 69 70 76 79 86 87 93 98 104 105 110 112 115 116 119 121 124 129 130 131 136 140 141 145 147 148 154 155 158 169 174 
17 72 77 111 119 159 
21 61 63 71 76 77 82 84 91 94 96 101 102 105 110 116 119 120 122 129 133 135 138 139 141 143 145 148 160 163 166 167 168 169 
37 62 70 72 81 83 90 91 95 98 110 113 115 121 122 125 128 129 134 136 137 138 139 143 144 145 153 155 159 160 162 163 164 168 170 172 
82 1 59 64 66 68 69 72 73 74 77 82 85 89 90 92 98 103 104 107 108 109 113 115 117 118 120 121 128 129 132 136 139 141 145 150 152 153 159 160 162 163 164 169 170 172 174 
96 62 74 100 158 159 161 
88 59 67 72 73 75 80 81 86 94 95 96 97 99 100 104 106 107 110 117 119 123 125 127 128 129 132 136 143 145 146 147 148 149 150 153 160 165 166 169 173 
74 59 62 65 69 75 77 78 80 85 87 91 93 94 95 96 107 111 114 123 127 132 140 141 146 153 154 156 162 163 164 165 171 172 173 
80 83 100 110 111 150 158 
84 1 61 62 63 65 71 80 83 86 88 91 97 98 99 100 102 109 113 117 128 131 139 142 149 151 158 165 166 173 
57 62 63 66 70 75 80 82 85 87 89 93 101 104 105 109 113 115 122 128 133 140 141 142 144 159 164 172 173 
57 64 66 68 72 75 76 81 84 85 88 93 100 102 104 105 113 114 116 119 120 125 133 135 136 138 139 145 146 147 151 153 156 158 159 163 171 
52 60 74 80 88 109 121 150 152 
56 61 64 65 67 68 70 72 74 77 79 80 82 101 103 107 121 122 124 126 127 129 142 152 156 163 167 168 169 
37 1 59 61 64 67 79 80 82 83 85 87 88 90 92 93 95 99 105 106 107 108 110 111 115 117 122 129 131 132 133 134 135 139 141 147 148 152 159 161 162 163 164 165 167 169 171 172 
72 59 63 64 71 74 75 76 79 83 93 104 108 115 124 128 131 136 144 146 148 150 153 159 163 166 170 171 173 
13 1 62 63 74 76 79 83 84 86 97 101 113 118 119 129 139 141 143 145 147 154 155 163 164 165 168 171 
42 60 63 81 83 84 88 97 98 102 104 105 113 126 132 139 149 152 164 168 171 
26 1 59 62 63 68 73 79 80 82 85 88 89 90 91 93 96 100 105 106 111 114 118 121 129 131 138 143 146 147 151 161 162 163 168 169 172 173 174 
32 60 61 63 64 67 80 88 89 90 93 102 117 122 132 135 137 158 159 172 
60 61 63 68 70 72 73 75 84 88 89 90 93 94 95 104 105 108 110 113 115 118 120 125 127 128 130 133 134 137 140 157 160 162 163 166 167 168 170 173 
95 82 108 134 154 166 
32 60 61 71 74 76 81 87 91 93 98 103 108 120 128 136 138 140 142 146 148 152 155 158 162 163 165 168 169 172 
25 1 61 69 74 82 93 104 120 123 125 127 128 129 134 135 137 140 142 143 144 154 160 161 163 165 169 171 173 174 
33 61 67 70 71 73 74 82 83 88 91 106 107 110 115 117 118 122 124 126 131 134 138 141 145 147 149 151 152 153 154 157 158 160 161 167 169 170 171 172 
11 91 119 126 128 155 166 
67 60 62 67 68 73 77 78 81 87 88 90 95 96 100 106 107 109 110 113 120 122 126 127 133 136 137 138 144 145 147 149 153 155 156 158 165 166 168 172 
7 1 61 65 66 67 68 69 76 77 78 79 81 82 84 85 88 89 90 91 95 101 108 110 112 114 115 118 119 120 122 124 128 130 133 134 139 142 146 147 154 155 156 159 163 165 169 172 
66 63 64 69 71 72 87 92 93 95 106 108 110 114 117 121 134 136 137 138 142 145 153 158 161 162 163 164 165 
46 1 66 73 79 85 91 95 96 100 101 103 106 116 118 119 121 126 133 135 136 138 142 146 150 153 154 155 159 160 165 168 169 
12 61 62 72 73 76 80 88 91 100 105 108 111 142 144 150 159 163 171 172 
63 1 59 60 66 70 71 75 77 78 82 83 102 113 115 117 120 129 141 142 149 154 158 163 166 
12 60 64 69 79 83 86 93 97 111 115 123 126 128 132 135 137 138 143 145 148 158 169 170 171 172 173 
57 64 65 72 73 74 76 77 79 93 98 103 105 106 107 109 112 120 121 122 127 129 130 131 135 137 141 144 146 147 151 156 157 158 159 163 164 165 168 171 
25 88 100 125 135 
64 69 75 92 100 
63 63 66 68 70 76 83 84 85 93 95 107 108 109 110 111 113 114 115 117 118 120 122 130 135 137 143 148 151 157 158 159 166 168 171 
36 1 60 61 64 65 70 73 76 79 80 84 86 87 88 91 92 93 94 95 98 102 106 110 111 112 115 119 120 121 128 135 136 138 140 143 144 146 149 150 154 155 156 157 158 162 171 173 
11 104 129 151 158 
57 1 59 60 63 64 70 71 82 87 92 93 103 104 107 109 110 113 127 130 132 138 142 145 147 152 156 157 159 160 162 
54 1 62 63 64 66 69 70 75 76 77 79 82 85 92 98 102 104 106 107 114 115 116 117 120 121 125 128 129 131 134 136 138 139 143 145 152 153 158 160 161 162 165 174 
69 60 62 63 64 70 72 73 86 87 91 92 93 95 99 101 103 104 113 124 130 131 140 142 143 148 151 152 160 162 165 169 174 
25 1 64 66 69 72 73 78 84 85 87 99 101 102 103 107 112 114 118 125 128 132 139 143 144 150 152 156 158 159 161 162 165 169 173 
63 77 96 118 132 165 
44 62 69 70 73 82 93 106 110 112 113 114 139 143 150 166 
57 63 87 88 97 108 110 113 114 120 121 131 132 142 154 170 
82 63 64 68 72 75 77 78 82 83 87 88 92 94 96 98 103 117 118 136 139 147 149 151 158 162 172 174 
97 62 63 64 66 68 69 70 71 74 75 76 78 81 84 85 87 88 92 97 98 103 116 118 121 125 128 129 133 134 135 147 152 164 165 174 
80 61 67 71 74 75 80 87 90 97 99 100 106 110 115 117 119 120 121 124 125 126 127 128 130 131 133 135 143 144 146 151 152 157 165 168 169 171 172 
53 61 63 71 72 73 75 77 78 79 88 89 90 91 92 97 100 109 111 114 123 124 125 126 128 132 133 135 136 138 139 140 146 149 150 154 155 158 162 166 168 171 173 174 
31 76 80 117 149 158 162 169 170 
9 60 61 62 68 69 70 76 80 82 89 103 108 112 113 123 135 137 139 145 149 151 153 154 157 163 164 174 
96 61 63 67 68 71 72 73 74 76 77 80 82 83 84 92 96 98 100 111 112 120 122 125 126 127 130 132 133 135 140 141 142 145 147 150 151 153 154 159 161 164 171 
91 1 72 111 117 
38 59 61 62 63 64 71 72 77 79 81 82 84 87 88 90 92 94 101 112 113 114 118 120 126 127 128 130 131 132 139 142 147 148 149 150 151 154 159 163 166 167 171 172 
88 82 83 122 138 155 
92 63 65 67 77 78 80 83 87 89 91 93 100 104 106 108 112 119 120 121 123 125 126 127 128 131 133 136 144 148 150 155 157 158 161 166 
48 62 63 64 65 70 74 77 78 79 81 82 84 90 91 93 99 100 102 112 113 122 127 138 145 146 147 152 158 163 172 
4 60 66 71 72 74 78 79 80 81 87 91 94 100 104 105 118 119 120 121 127 130 134 143 148 150 159 161 165 167 169 170 
90 67 77 79 82 83 84 85 86 88 92 94 95 101 110 113 118 123 130 135 139 140 143 144 149 150 151 153 155 160 171 173 174 
64 1 63 67 71 78 79 102 104 121 133 158 161 167 171 174 
30 1 60 62 63 65 69 71 75 85 86 88 89 90 92 93 94 96 100 104 109 111 114 115 118 121 128 129 131 145 150 151 154 157 161 162 163 165 166 167 168 170 171 172 
36 64 66 67 70 74 75 77 79 82 84 86 87 89 90 93 95 102 103 106 109 111 117 118 119 120 121 123 125 127 128 130 131 135 136 146 150 155 157 161 164 165 167 168 172 174 
53 63 65 67 68 74 75 78 81 83 85 86 87 95 96 97 103 104 110 114 116 120 126 127 134 140 142 154 161 162 163 164 173 
46 1 61 67 83 88 92 99 109 111 114 128 135 141 144 152 159 167 169 
29 1 62 67 68 71 72 73 74 75 79 85 88 89 90 91 92 93 97 98 99 100 104 106 115 121 123 124 129 131 132 135 136 138 139 140 147 152 153 158 170 172 173 
38 71 75 84 90 91 92 93 105 106 107 109 110 111 123 129 136 137 141 145 146 148 149 157 158 174 
1 63 69 76 77 80 83 84 86 88 90 100 108 115 117 126 135 137 140 143 152 155 
66 59 63 66 69 75 80 82 87 93 99 100 104 106 109 113 121 126 127 136 144 146 152 153 154 155 161 165 
85 59 64 66 67 68 72 79 89 90 91 95 99 112 118 121 122 138 141 143 149 154 155 158 162 164 166 173 
97 67 69 71 78 79 80 81 86 87 88 89 93 98 100 106 108 109 110 111 112 116 120 122 123 132 139 141 142 144 148 149 150 151 152 158 160 165 166 167 170 174 
60 74 78 85 89 97 98 102 118 132 133 136 141 149 172 
1 62 69 71 72 76 77 78 82 88 89 91 92 93 95 104 113 114 116 117 119 121 129 131 133 134 136 146 148 149 153 156 161 166 172 
73 64 70 88 89 102 106 109 115 127 132 143 151 169 170 
73 62 63 64 71 79 87 96 98 101 102 105 121 125 135 136 137 138 145 147 152 160 162 170 171 172 
19 60 62 65 77 84 89 101 104 107 110 113 117 118 120 122 125 128 130 133 134 135 142 143 153 161 168 174 
32 59 60 61 71 77 88 89 92 104 109 119 122 124 126 127 129 130 133 135 137 139 146 150 152 159 161 163 170 173 
60 60 102 115 118 150 170 
85 61 62 64 65 67 70 71 73 76 77 82 84 87 94 95 98 102 104 105 106 112 113 117 121 128 130 133 136 142 155 156 160 165 166 167 170 171 
57 66 70 76 78 81 85 109 111 112 114 120 126 128 146 151 153 156 160 161 
35 1 62 64 65 69 70 71 90 94 101 107 109 110 113 115 116 139 144 151 156 161 166 167 168 169 173 
37 1 61 67 68 69 72 73 83 84 85 86 97 104 105 110 119 120 125 126 127 129 130 132 138 142 145 156 160 161 163 169 
62 61 65 74 79 82 84 86 87 88 91 92 99 100 101 103 105 107 110 111 114 118 121 122 124 133 136 137 138 143 146 148 149 154 157 158 159 160 163 164 168 169 173 174 
6 63 70 72 73 79 84 89 92 100 106 107 109 113 114 117 123 128 132 133 134 135 139 142 146 149 151 159 161 165 167 168 172 
2 1 70 71 77 80 83 84 85 98 104 110 115 117 118 123 127 128 129 135 137 143 145 147 148 152 154 158 167 170 172 173 
8 62 66 68 74 79 102 107 114 116 117 120 121 138 140 145 155 162 163 164 165 168 
23 114 126 136 147 
24 67 71 72 73 75 79 80 83 91 92 96 104 105 118 125 129 137 142 148 153 169 
26 61 66 68 73 78 84 87 90 92 93 98 103 105 106 113 115 120 122 123 124 129 134 136 142 147 148 154 155 158 163 164 166 167 170 172 173 174 
22 60 62 67 70 71 74 76 84 85 90 96 101 106 113 116 117 118 120 135 136 141 142 143 146 149 151 153 154 160 162 166 170 172 174 
64 1 62 68 84 85 98 101 109 111 116 117 118 121 124 129 134 135 136 138 142 143 154 156 158 160 163 174 
82 1 65 67 70 71 72 73 76 77 81 82 84 86 88 91 92 95 100 101 102 104 105 110 115 119 124 125 128 130 131 136 139 142 144 147 151 152 154 156 157 161 162 166 169 170 172 173 
12 66 67 77 79 80 87 108 110 120 134 136 150 152 159 164 
73 66 67 69 71 76 82 84 90 91 96 100 103 104 108 116 123 127 133 137 143 149 154 156 162 166 169 
22 1 67 76 79 81 82 84 87 89 90 92 94 97 101 103 104 106 113 128 129 130 143 149 150 153 154 160 166 170 172 
88 59 67 70 79 84 90 92 93 97 107 108 109 111 113 116 120 123 132 134 140 141 145 151 152 154 156 162 164 169 171 172 173 
69 59 61 62 64 67 68 72 76 80 84 86 87 90 91 92 94 98 100 102 103 106 107 108 109 111 112 115 117 119 123 124 128 130 137 138 146 149 152 154 155 158 164 165 167 168 169 
84 62 66 67 70 72 79 88 92 96 99 100 104 116 117 126 127 128 130 131 132 133 134 137 138 140 143 149 156 158 161 163 166 167 171 
66 60 65 68 70 77 91 93 96 111 114 123 137 140 141 142 154 158 169 173 
97 62 94 99 101 119 121 125 127 134 137 153 161 
93 1 61 68 69 71 73 79 82 83 84 86 102 106 108 110 122 124 126 127 130 137 141 144 
12 66 68 75 93 95 106 115 118 121 124 128 130 131 134 135 141 143 144 148 149 150 162 164 165 173 174 
12 39 96 3 91 74 13 87 26 13 82 79 9 85 32 45 13 70 93 40 35 52 42 30 87 48 6 48 80 73 86 46 36 40 75 86 28 54 62 19 26 12 67 77 6 31 94 20 8 31 61 97 94 15 81 45 91 75 11 72 76 15 22 19 99 34 66 94 1 33 32 78 38 7 14 81 97 39 61 79 65 1 78 24 51 74 36 23 48 8 99 15 60 46 42 47 93 69 46 40 47 71 87 39 19 98 3 68 61 71 48 39 80 3 31 85 91 23 83 71 24 56 21 5 32 53 40 42 85 18 30 82 32 76 28 32 85 90 92 32 78 6 86 97 69 15 15 72 10 85 29 69 6 54 100 73 12 94 8 43 18 31 90 34 70 17 29 13 41 91 74 22 88 41 
