118 177
30 1 61 62 64 65 67 68 69 74 76 77 78 80 81 86 88 89 92 93 95 97 101 105 107 110 114 115 120 121 123 125 126 127 129 134 137 138 139 141 144 151 156 162 174 
83 64 80 89 100 103 112 117 123 127 135 140 142 144 158 164 174 
67 63 65 86 115 116 117 122 136 138 139 143 144 148 149 151 156 166 167 169 170 176 
2 61 64 70 71 76 80 84 86 89 92 95 100 104 106 107 108 109 130 131 132 142 150 151 154 161 162 163 167 170 
12 60 68 83 126 127 133 151 158 166 
9 69 75 80 86 94 96 98 99 107 115 117 124 125 130 134 137 139 140 151 162 164 170 171 172 
70 64 70 74 88 91 97 100 102 104 105 106 118 128 129 131 138 141 142 143 144 148 156 157 162 168 172 173 175 
40 65 68 70 74 76 78 79 82 95 96 99 100 103 105 107 114 117 120 121 122 128 135 136 147 149 150 154 157 162 164 165 167 168 169 174 
57 117 
19 61 73 78 86 95 101 120 131 132 146 160 166 171 
20 64 71 75 96 97 118 119 125 133 138 140 141 148 149 157 169 177 
69 61 63 64 65 69 70 76 86 97 102 106 108 110 115 117 118 120 121 125 127 139 145 148 152 154 160 162 164 165 168 
37 1 63 81 93 95 115 124 125 133 141 152 160 165 
99 131 139 147 152 
70 66 69 70 71 73 76 77 84 87 95 98 105 106 112 118 125 126 127 129 133 137 139 146 147 148 153 155 164 168 169 173 174 177 
14 66 67 78 79 82 86 90 102 109 111 118 120 124 125 127 134 135 138 140 141 143 153 158 164 166 168 169 173 
14 61 62 64 66 70 71 77 78 83 84 86 89 90 92 100 101 103 104 108 114 115 123 124 125 129 133 137 140 151 152 153 155 157 158 160 161 166 167 168 
83 1 60 62 64 65 66 78 79 90 94 96 100 104 108 111 112 114 117 126 131 136 147 170 
42 64 73 77 90 98 105 108 109 110 116 119 120 125 127 147 152 153 156 157 158 161 
33 1 62 68 71 73 81 92 99 101 102 103 106 108 112 114 116 118 120 123 124 134 136 139 140 141 142 146 147 156 158 159 161 169 172 173 
53 90 
86 1 62 64 66 68 72 76 78 80 83 88 90 91 92 97 100 104 105 107 110 113 117 119 121 125 130 137 139 144 145 148 149 150 151 155 161 162 169 172 175 
5 1 62 70 85 93 118 122 128 137 138 177 
97 62 64 65 82 88 91 119 128 129 130 143 146 149 154 
26 1 62 64 65 79 81 83 84 85 87 92 101 105 109 113 117 119 120 122 123 124 125 126 129 133 139 140 145 146 152 166 168 169 170 
49 1 61 62 75 78 80 83 84 87 90 95 98 103 109 111 113 116 117 121 125 131 137 138 139 141 142 149 150 151 152 154 158 159 163 165 168 169 
78 62 63 64 66 69 72 76 80 82 85 89 90 97 99 103 104 106 111 112 114 116 117 119 122 123 131 134 136 138 143 150 152 156 162 163 164 172 173 
97 60 73 80 83 91 100 101 106 119 123 140 144 145 160 163 166 173 
63 1 64 67 70 71 75 77 79 81 82 83 85 87 90 92 93 95 99 100 105 107 108 109 112 116 120 123 128 129 144 146 147 150 153 156 160 169 170 171 172 175 176 177 
80 60 61 70 84 107 113 116 123 140 143 150 151 152 154 157 159 169 172 173 
25 68 93 94 98 100 108 122 129 132 147 159 172 
88 61 65 67 68 77 79 82 118 120 133 149 153 154 155 173 174 
61 60 62 63 66 68 70 74 78 85 87 88 90 101 105 108 115 118 122 124 127 129 134 135 137 138 140 146 147 154 162 165 169 171 
1 63 86 87 91 92 93 94 96 98 99 101 104 107 110 113 114 121 131 132 139 142 144 152 156 162 165 172 175 177 
33 1 61 63 66 67 73 77 79 80 87 93 96 98 105 106 108 110 113 114 115 116 121 124 126 129 134 135 137 139 140 143 146 149 153 155 156 158 160 163 165 166 167 168 170 171 
87 63 77 80 90 91 101 102 115 121 122 124 126 127 134 135 141 144 146 149 153 157 165 166 173 
5 68 72 80 91 93 102 109 110 112 114 121 122 123 125 130 135 140 144 145 146 147 157 160 162 168 175 
41 64 68 73 79 81 85 95 96 98 100 102 104 105 106 108 111 112 120 123 132 136 155 159 161 166 170 173 174 
28 63 67 71 74 75 76 78 79 80 82 83 90 102 103 109 112 113 116 117 118 121 130 137 141 152 156 157 172 
26 62 84 85 95 96 111 122 135 139 146 151 161 162 
12 60 66 74 80 81 82 84 88 89 93 95 96 102 106 109 110 112 114 117 118 119 125 133 138 140 146 149 151 152 161 162 165 168 173 
5 64 70 72 76 87 88 97 116 122 139 154 164 
17 63 69 73 76 78 81 83 85 89 91 97 106 107 116 123 124 134 139 144 150 157 173 
61 68 80 81 82 84 89 94 101 102 117 119 121 126 133 138 147 148 157 159 
11 1 64 67 71 73 74 77 78 81 87 89 93 96 104 110 115 120 123 126 128 131 138 145 147 160 163 164 168 171 172 174 
99 60 63 64 71 73 74 79 84 85 89 94 95 98 100 103 106 108 113 114 115 117 120 123 126 127 133 134 136 139 141 144 147 154 156 157 158 159 162 165 166 167 168 172 176 
93 61 63 65 66 67 71 72 80 86 88 90 91 92 94 95 96 97 100 104 111 114 116 119 121 132 133 137 146 150 153 154 155 159 161 162 163 165 166 170 175 176 
28 64 65 67 70 71 72 74 75 81 85 86 88 89 96 104 105 110 115 117 122 125 126 132 136 157 159 165 168 173 
33 1 64 75 80 82 83 84 94 97 101 105 109 112 113 116 117 118 123 124 127 139 144 146 147 148 149 150 155 159 164 167 169 176 
47 1 60 69 74 77 82 84 86 87 94 101 106 107 113 121 122 123 132 133 141 143 146 147 150 152 154 156 160 163 164 166 172 
82 73 74 80 90 94 95 102 104 108 109 126 128 137 140 141 151 154 163 175 177 
62 63 64 90 110 112 113 120 137 154 162 170 175 
6 60 62 64 66 68 69 71 74 98 102 110 117 118 119 121 122 126 129 132 137 146 150 153 154 158 163 168 171 174 
52 61 64 71 72 75 77 82 84 93 94 95 98 100 102 104 108 109 122 126 135 151 154 157 167 171 175 177 
33 1 60 63 66 87 97 106 110 115 123 128 135 138 142 152 153 154 163 174 
60 61 63 66 67 79 80 84 122 125 144 150 152 153 155 175 177 
10 1 60 62 74 85 92 102 105 106 121 122 130 144 154 155 158 160 161 
50 60 70 74 85 87 95 98 104 105 109 121 127 139 146 147 148 165 172 174 176 
18 62 67 77 78 88 101 105 111 121 130 131 155 156 158 171 
54 86 88 131 151 152 159 162 163 167 170 
60 1 61 62 64 69 72 77 79 81 82 87 89 94 96 102 105 110 112 115 118 120 122 132 137 138 139 153 158 162 163 171 174 176 177 
19 66 100 116 118 120 127 132 140 151 165 166 173 176 
41 63 64 65 68 75 81 82 83 89 90 95 102 112 115 117 118 119 127 129 134 137 139 140 143 146 149 152 155 158 165 167 168 170 177 
39 61 65 69 82 83 101 144 153 
25 75 88 103 105 112 124 129 170 
6 65 67 72 77 79 80 87 91 95 96 104 113 114 123 125 128 129 132 138 139 140 143 144 147 155 157 158 162 163 164 166 171 173 174 176 
67 1 62 65 87 90 92 93 94 101 102 108 109 115 119 123 137 143 151 161 162 163 167 168 171 177 
3 64 65 68 70 72 73 80 81 88 92 93 94 99 102 103 106 108 110 111 113 117 119 125 128 131 136 138 139 147 152 154 155 157 167 169 172 173 
21 1 63 64 65 69 75 78 81 83 85 87 89 90 91 95 97 100 102 103 104 105 109 110 111 115 123 126 127 130 134 136 143 144 150 156 159 166 170 172 173 
26 60 61 62 63 64 68 73 78 81 83 86 89 92 93 95 101 113 118 119 120 125 132 133 134 136 138 142 146 147 155 156 159 164 169 170 171 176 
35 61 63 79 80 89 98 99 100 101 102 108 112 126 136 148 152 166 169 177 
84 70 74 81 87 94 100 132 144 146 152 170 
98 70 134 138 162 
92 1 93 95 131 147 
68 153 
24 72 83 
46 63 75 76 85 88 89 93 97 102 106 114 116 118 120 127 129 130 137 138 148 158 159 160 162 165 167 170 172 
94 1 62 64 65 66 74 77 78 79 80 84 89 92 93 95 96 99 100 104 111 114 115 116 120 122 126 127 131 133 136 138 140 141 144 147 151 154 156 157 158 165 169 173 174 175 
42 60 61 64 66 70 73 74 77 78 82 83 85 86 91 95 99 104 106 109 112 113 118 121 122 125 127 132 133 134 135 137 139 141 145 146 147 153 158 164 169 171 176 
81 67 70 85 86 108 109 114 122 148 158 163 170 
18 62 64 65 69 74 76 77 78 79 84 90 94 96 98 104 107 110 111 112 115 116 119 121 122 124 128 131 134 136 137 140 143 145 147 150 151 154 156 163 165 166 167 168 175 177 
16 60 61 62 63 64 66 67 68 73 75 77 79 82 83 85 90 96 99 101 102 103 106 112 113 114 115 120 123 125 127 129 132 133 136 139 140 141 145 146 154 156 162 163 165 170 
51 60 68 74 76 78 80 83 88 97 98 101 111 120 123 124 126 128 130 132 135 136 138 141 143 146 147 149 151 152 154 158 159 160 162 163 164 172 
37 69 73 86 96 108 125 129 132 133 140 142 144 154 174 175 
59 62 70 73 94 99 100 104 106 111 112 115 116 121 139 140 151 158 161 165 171 173 176 
8 61 67 71 75 76 78 85 87 109 110 111 112 115 116 122 123 126 131 132 133 135 139 141 151 158 159 168 170 171 
100 1 60 65 66 70 71 74 85 86 88 93 94 95 97 99 108 123 124 125 126 129 135 138 139 142 143 144 145 148 150 151 155 158 160 161 165 168 169 171 175 177 
97 1 110 146 153 
92 60 64 75 78 80 84 98 102 109 112 115 118 121 124 131 150 165 166 169 
88 61 66 70 72 74 75 77 90 91 99 101 107 114 142 153 162 165 
87 60 65 66 70 72 79 80 84 88 96 103 106 117 118 126 131 137 145 148 150 152 163 176 
56 1 60 62 70 71 72 75 78 80 83 89 90 95 97 109 110 112 113 114 116 118 120 123 125 127 131 137 142 145 146 149 151 152 156 160 162 163 165 168 174 175 
16 62 66 73 77 81 84 85 86 87 91 92 102 103 104 105 106 109 112 113 114 116 118 124 125 126 129 132 135 137 144 147 148 150 151 153 156 162 169 170 173 176 177 
62 60 89 97 102 106 122 125 128 132 167 170 
83 60 66 72 75 78 81 87 95 107 109 111 114 118 120 122 126 127 130 132 134 141 142 154 161 163 164 171 
4 1 60 61 64 65 72 73 75 81 83 84 86 94 95 98 103 107 108 111 112 118 120 122 124 132 137 139 142 144 152 165 171 
84 60 63 65 68 69 75 77 78 83 90 94 95 99 100 101 105 108 112 116 121 122 134 135 137 140 143 149 167 170 175 
14 60 66 72 74 78 91 92 94 100 102 107 119 121 122 126 138 143 144 148 149 156 160 164 165 171 176 
40 1 62 66 68 69 71 72 73 75 76 81 85 86 90 92 96 98 104 106 107 111 114 119 122 124 127 129 130 131 134 143 146 147 152 153 159 160 161 163 164 168 170 171 172 
88 123 136 156 157 161 169 
33 60 62 63 77 78 83 84 85 89 90 91 92 93 96 100 104 107 111 113 114 117 122 130 132 133 138 159 160 171 173 
26 62 63 64 65 77 80 81 87 91 94 96 97 105 108 109 112 114 117 120 123 125 127 129 130 132 137 138 140 148 152 154 157 158 164 171 
85 79 164 
49 63 64 66 68 70 75 77 81 87 88 89 98 105 108 113 119 120 123 125 128 136 142 144 149 152 153 155 159 160 165 168 169 
63 63 90 119 126 132 133 146 150 153 162 174 
58 62 64 65 66 67 70 75 76 78 80 81 85 87 89 94 95 102 107 109 113 115 119 122 123 125 126 127 130 132 134 140 141 142 145 154 155 161 165 166 167 168 171 174 
40 60 62 65 70 72 74 76 77 86 88 89 92 94 96 98 99 101 105 106 108 117 124 126 129 134 138 140 145 147 148 149 156 157 158 160 162 163 166 167 168 169 171 174 175 176 177 
79 72 74 76 86 87 93 94 95 96 97 112 114 115 123 129 130 132 134 153 159 162 173 174 
96 68 93 100 121 144 158 172 175 
47 64 66 68 70 73 75 76 81 82 86 93 96 102 104 106 109 112 117 119 122 123 127 130 131 132 134 136 140 142 144 149 150 151 154 156 157 158 162 164 173 174 
44 1 73 74 87 90 92 93 98 102 108 122 143 148 150 155 
69 64 65 71 76 82 83 84 87 94 95 99 105 108 110 114 115 116 119 130 131 132 137 144 145 148 159 173 177 
85 1 72 78 96 98 121 124 127 129 145 146 147 162 168 173 177 
11 63 64 68 69 70 71 74 81 93 94 95 96 97 101 102 104 106 109 110 112 115 119 122 124 127 129 132 133 134 139 144 146 147 149 154 156 161 162 169 170 172 173 176 
64 1 61 62 63 64 67 70 73 75 76 77 81 82 86 91 92 93 94 95 96 99 102 105 106 116 123 126 127 132 141 143 144 145 147 149 151 153 155 156 158 169 174 175 176 
54 63 71 78 80 87 91 99 110 115 141 143 147 149 152 160 165 168 173 
6 60 64 80 85 97 100 110 111 121 123 131 136 143 147 153 168 175 
31 60 69 73 76 95 105 144 148 152 
23 43 28 90 92 72 56 80 81 46 96 22 33 28 21 66 15 30 44 96 92 28 78 84 81 54 72 38 36 24 98 41 14 61 70 93 74 45 18 15 89 87 38 26 10 8 64 62 44 7 85 20 89 23 80 44 33 100 32 39 31 27 56 1 8 8 86 71 93 37 49 42 45 42 74 54 49 86 60 94 8 10 16 38 95 83 33 14 30 21 24 54 27 55 62 78 44 90 33 75 23 26 42 25 64 34 13 33 19 13 86 65 32 59 58 33 91 11 13 2 30 10 86 23 71 68 82 8 43 41 88 68 84 31 86 69 17 58 95 25 42 68 12 39 94 56 62 17 59 58 84 65 69 19 8 87 96 90 56 54 22 15 82 13 23 91 56 69 38 37 76 39 100 14 37 31 49 
