120 180
12 1 61 65 70 76 81 84 85 86 87 92 93 95 99 100 101 103 106 114 115 118 121 125 129 136 144 149 151 166 173 176 
39 62 66 68 70 73 74 78 79 84 89 95 97 99 104 106 109 110 112 116 125 126 127 128 131 135 143 144 147 148 150 151 157 164 167 171 173 176 177 179 
11 62 70 77 82 84 87 89 90 93 95 98 99 102 103 115 122 125 126 127 128 129 133 136 140 142 144 149 151 154 156 159 160 161 162 168 169 171 174 177 178 179 180 
70 64 65 70 71 72 75 81 83 86 87 89 93 94 99 106 107 112 114 119 120 122 124 130 134 139 145 146 148 150 155 159 161 162 163 164 165 171 173 175 176 178 180 
3 77 80 87 104 111 117 148 154 
6 70 71 156 157 179 
19 61 64 68 70 75 78 103 105 106 130 150 155 156 159 172 178 
18 62 64 65 66 69 70 75 76 78 80 82 83 87 95 101 105 109 113 114 116 117 125 130 133 134 140 151 157 161 167 169 170 177 178 180 
15 1 61 62 70 72 75 76 77 78 82 84 87 88 89 90 98 105 107 113 122 123 130 131 135 138 142 143 148 149 150 155 157 158 161 162 163 167 168 171 173 175 176 178 180 
73 1 62 80 84 88 89 90 95 107 108 119 129 141 145 163 165 173 177 178 179 
46 63 75 76 81 92 102 116 132 146 155 158 161 170 177 
44 68 89 95 97 99 100 109 110 111 115 118 120 126 128 130 133 147 151 155 166 172 177 180 
35 69 70 71 75 76 85 86 89 92 96 97 111 112 115 116 127 135 138 146 157 159 160 166 168 170 171 175 180 
54 1 66 72 73 77 79 86 97 102 103 106 107 114 119 121 130 131 133 136 137 138 140 142 144 146 147 148 159 165 171 172 175 176 177 178 
81 1 62 65 66 67 68 82 84 88 90 91 92 94 97 99 101 106 110 115 118 121 126 128 133 136 137 138 141 144 148 164 165 166 167 177 178 179 180 
21 62 64 70 72 74 77 78 83 93 95 100 101 104 105 108 110 112 121 122 123 137 138 144 145 147 156 157 158 159 162 163 166 178 
5 63 65 81 117 158 167 176 
91 1 65 67 69 78 88 89 92 94 96 97 118 119 124 130 131 139 140 142 150 151 152 156 161 162 163 165 167 168 169 172 176 177 
25 62 63 67 72 73 77 79 80 82 84 86 87 91 94 106 109 113 116 120 121 122 123 124 132 134 136 137 138 139 142 147 149 151 152 153 161 162 173 174 177 179 
37 64 80 81 88 91 97 98 120 121 125 127 133 153 161 164 173 174 175 177 
74 65 94 96 122 133 134 155 178 
60 61 62 63 64 65 70 75 77 79 80 82 87 88 89 97 98 100 102 106 107 109 112 115 117 118 121 122 123 132 137 139 141 143 153 154 158 160 161 163 168 169 170 172 175 178 180 
66 72 97 131 143 156 177 
74 1 61 62 65 70 71 77 79 81 86 96 99 105 106 113 114 116 118 122 123 124 126 128 129 130 131 134 136 138 145 146 147 148 149 152 153 156 160 161 162 165 177 
80 1 61 63 68 69 71 73 76 78 80 81 84 86 88 95 96 106 110 112 114 115 119 123 128 130 132 133 134 135 139 141 144 145 146 152 156 157 160 162 167 168 169 171 173 179 
55 62 66 67 68 80 83 87 89 91 94 95 103 106 110 114 119 126 129 130 136 145 151 158 160 174 175 176 177 180 
53 1 61 65 71 72 76 77 82 83 89 90 91 99 102 107 108 110 111 116 122 124 126 130 132 134 137 148 152 156 159 164 177 
8 80 111 130 146 
51 62 66 67 73 75 78 80 85 96 100 105 110 114 118 124 128 129 131 132 137 141 142 149 152 153 161 165 168 169 176 177 180 
24 77 79 87 112 116 128 155 
14 86 95 99 135 
58 66 67 69 70 72 73 77 86 96 99 101 105 106 109 112 119 124 127 131 135 136 141 147 150 154 155 161 164 166 170 171 173 179 
24 67 69 73 79 81 84 94 98 104 111 116 119 125 134 139 142 146 147 151 152 153 154 158 161 165 170 174 175 
76 67 69 80 81 87 92 93 95 103 106 109 111 119 125 127 131 135 139 143 144 147 148 150 151 154 164 165 166 171 175 178 
7 64 68 69 79 90 94 97 99 105 107 109 111 121 124 132 136 139 142 150 154 155 156 158 169 172 
39 63 64 67 73 78 81 82 84 87 88 91 94 97 104 111 115 117 119 122 123 124 125 126 127 129 132 140 148 151 152 154 155 161 162 166 169 172 174 176 177 
23 61 64 67 71 73 74 75 76 77 78 84 89 99 100 101 103 105 106 110 121 122 124 127 139 143 146 159 162 164 165 169 171 172 178 
53 63 67 72 73 75 77 78 80 81 85 88 91 97 102 105 106 107 108 110 112 113 114 116 117 121 122 123 126 127 129 130 134 137 139 142 145 146 147 150 151 158 159 162 167 168 169 170 173 175 178 179 
25 65 100 104 108 126 
29 61 92 122 137 143 163 171 
23 63 70 72 77 78 83 90 91 92 93 96 101 102 105 109 111 112 113 116 118 121 125 127 132 134 140 142 147 148 149 150 154 156 165 166 168 170 171 173 174 
16 81 93 125 159 180 
97 61 62 65 67 68 70 71 73 74 88 91 92 94 99 100 103 106 110 115 118 119 120 121 126 132 138 142 154 155 157 158 159 161 162 165 170 172 173 174 175 180 
78 66 67 74 82 86 99 102 103 104 105 111 116 117 119 124 125 129 130 135 137 149 151 164 170 171 177 179 
82 86 87 88 91 108 109 112 116 122 124 132 135 136 143 149 150 154 160 162 171 172 176 178 180 
75 61 64 66 68 70 71 72 79 84 85 95 96 98 101 105 108 117 120 126 127 134 140 144 146 147 149 151 152 157 167 171 173 175 176 178 179 
7 63 64 68 69 71 76 77 83 84 85 87 95 96 97 98 103 104 109 111 120 123 124 129 130 135 136 137 138 144 147 148 149 152 153 155 159 164 166 169 170 171 172 176 178 
41 61 69 71 72 73 77 81 92 93 99 100 108 111 114 115 117 124 127 128 131 133 140 144 145 147 149 151 153 154 156 158 161 165 166 169 170 171 172 175 
12 72 76 77 91 94 104 108 120 123 130 135 138 160 161 169 170 
62 64 65 67 68 77 85 86 91 92 94 99 101 104 113 118 123 124 125 126 129 131 135 137 138 144 146 152 153 154 157 158 159 163 166 170 171 173 174 178 
50 61 64 71 72 79 90 97 102 105 109 110 114 115 117 118 120 122 124 125 129 130 132 134 136 141 144 145 154 155 163 168 171 173 176 
97 63 64 65 69 79 83 86 94 102 110 111 124 133 140 144 146 155 157 166 168 169 170 
48 61 63 75 78 96 97 105 107 111 118 121 129 132 144 149 151 154 156 167 168 170 174 176 
65 62 71 76 83 85 95 98 99 100 104 118 119 124 134 138 140 141 143 150 151 175 
59 82 83 90 101 109 144 165 170 
97 66 75 88 93 94 100 102 110 121 122 125 140 141 144 147 158 168 172 173 175 176 179 
12 62 65 73 76 77 80 94 96 99 107 126 130 131 145 146 148 157 162 168 176 
48 1 63 67 82 86 88 99 100 110 114 120 134 143 146 154 159 160 161 163 172 
93 65 104 108 112 114 117 142 153 172 
21 61 62 63 65 67 74 80 88 95 97 104 113 117 137 140 146 164 171 174 177 179 
78 63 67 70 75 92 97 98 102 104 106 110 119 123 126 134 135 157 161 162 165 173 175 
34 63 64 66 67 68 69 74 75 79 81 83 84 86 92 93 95 96 102 103 104 107 112 113 116 118 120 123 127 128 131 134 136 138 139 141 142 145 146 147 149 154 160 161 168 169 174 175 180 
87 61 63 64 71 73 78 91 95 98 100 109 111 121 122 125 147 148 151 160 163 168 176 177 
39 1 61 63 64 68 71 83 87 90 99 100 103 105 106 107 112 127 134 142 144 145 155 171 176 178 
100 62 64 66 68 72 73 80 81 83 84 85 87 89 105 107 110 111 114 116 117 120 122 125 127 136 143 157 159 162 170 174 
22 64 65 66 68 73 78 79 80 85 87 97 99 101 102 107 109 110 115 117 118 119 123 124 127 130 131 132 137 140 141 147 152 155 156 161 162 163 164 165 171 172 174 179 180 
91 83 98 140 144 148 172 
38 1 65 69 71 73 77 85 89 99 100 101 102 103 106 113 116 120 124 131 132 133 137 138 147 149 150 153 154 155 164 167 169 170 175 176 179 
28 64 69 71 72 73 75 77 78 79 82 86 100 102 111 114 116 126 127 130 134 136 137 139 140 144 158 162 165 167 172 175 177 
68 61 62 63 64 65 71 79 82 84 86 89 90 93 97 98 104 106 107 111 112 114 116 119 121 126 127 128 130 138 140 141 142 144 151 154 162 164 169 172 173 174 176 
56 63 65 71 72 78 81 82 86 92 93 95 96 97 98 102 103 111 114 117 120 122 124 125 129 137 138 139 142 145 147 152 153 157 163 164 168 179 
4 64 78 89 91 97 99 102 103 111 114 117 120 121 124 138 156 157 163 166 168 170 171 175 179 
97 62 63 82 86 154 
56 68 70 78 79 81 87 93 100 101 102 116 131 137 138 147 153 156 157 159 164 166 174 180 
86 61 62 65 66 74 75 77 79 81 82 85 91 92 94 95 96 97 99 100 106 107 110 114 118 121 126 128 129 132 134 137 138 141 144 150 151 153 154 160 162 165 167 170 174 180 
66 1 69 104 113 121 122 124 125 130 132 136 139 142 157 168 178 
51 79 82 99 107 110 112 124 125 134 135 142 143 146 155 160 163 164 172 
100 1 61 63 71 72 74 77 84 106 110 117 124 132 137 146 149 155 159 160 177 178 
8 63 64 67 69 72 73 76 77 78 93 96 97 100 101 103 105 107 113 114 119 123 124 128 129 131 137 138 140 142 144 146 147 151 153 156 158 159 162 164 166 167 168 169 174 
63 117 133 136 162 
63 69 103 114 120 128 135 137 159 173 
83 1 72 100 114 117 127 128 134 141 151 161 166 169 173 174 
35 1 61 64 72 74 76 80 81 89 92 96 99 101 103 107 110 111 113 114 122 123 126 137 138 143 144 146 148 150 152 158 160 166 170 171 174 
33 70 75 78 80 81 82 83 85 88 99 107 113 122 123 124 127 136 138 141 149 156 157 162 163 174 175 178 
95 69 72 73 74 95 101 102 108 109 110 111 117 124 132 144 145 150 163 166 168 170 171 177 
72 62 68 70 74 76 78 81 86 93 96 98 101 103 106 114 115 116 118 120 124 125 129 135 136 142 149 157 164 168 170 171 172 175 178 179 
7 61 63 64 67 71 76 77 78 79 82 88 98 100 102 104 106 120 127 134 139 145 149 150 157 158 164 169 171 173 174 177 
52 1 61 76 78 81 82 89 93 94 96 97 100 101 105 107 111 119 123 128 129 131 132 136 140 146 147 148 153 154 157 158 159 163 167 177 
29 1 69 71 72 79 80 86 87 88 89 93 98 124 125 129 132 136 137 141 142 149 151 154 156 157 159 161 166 170 175 
73 1 63 70 72 121 154 
45 64 70 71 76 77 82 85 93 94 95 96 97 99 104 108 109 113 114 115 119 120 123 127 129 133 135 138 139 144 147 154 155 156 168 170 178 180 
53 1 64 65 72 74 79 80 95 96 97 99 100 101 104 106 109 111 112 113 115 117 119 122 123 127 131 132 138 143 144 145 148 149 151 157 159 166 167 175 177 179 180 
95 64 65 70 76 80 83 89 97 105 113 142 146 152 176 
83 62 65 68 74 89 90 91 104 106 114 125 126 127 136 137 143 152 153 177 
16 1 61 64 74 78 79 82 89 95 102 103 104 108 114 117 119 122 125 126 139 146 147 148 158 169 172 173 
68 62 67 70 74 76 85 100 102 109 123 137 140 145 147 166 168 170 177 179 
28 68 72 85 106 159 
46 64 67 70 79 80 83 86 87 108 118 123 137 161 165 169 171 
43 63 84 91 100 135 161 169 
1 84 109 139 175 
13 1 62 67 68 69 72 74 83 89 96 101 102 103 107 120 122 126 130 141 150 152 157 162 170 171 173 177 179 
32 62 63 65 66 69 72 73 79 82 84 86 101 104 108 109 111 127 134 139 140 147 148 153 159 160 165 168 169 175 179 180 
24 1 66 76 85 87 93 94 101 104 105 109 111 118 123 128 135 147 150 152 156 160 166 173 174 176 
26 62 68 73 80 85 86 91 99 102 121 122 134 137 138 143 144 153 159 160 163 166 168 169 176 179 
8 61 63 68 71 72 73 75 76 77 83 84 85 92 94 99 101 103 111 116 117 118 121 126 137 139 144 146 148 149 154 161 164 165 170 171 172 173 176 180 
43 1 62 63 65 68 70 72 74 83 89 90 91 98 101 102 104 120 136 139 140 143 145 146 158 162 167 168 174 175 178 
95 1 61 64 68 72 75 84 89 90 98 100 104 107 108 111 121 122 125 134 138 141 145 149 157 159 161 165 166 168 169 170 173 176 180 
55 1 62 64 70 71 78 80 85 87 90 98 110 111 119 124 138 148 157 158 162 163 166 167 171 176 178 
75 67 72 76 77 78 84 85 87 93 98 99 107 108 110 116 123 127 129 131 134 135 138 145 146 150 159 171 173 177 179 
71 1 61 63 66 67 68 75 77 81 82 89 94 95 102 104 106 113 114 116 117 119 123 128 129 130 131 133 137 140 145 146 147 148 155 156 160 161 163 168 170 173 178 
51 69 75 78 86 87 89 90 91 93 95 98 103 106 107 111 113 125 126 127 129 131 138 139 145 146 165 168 
28 63 69 73 94 102 130 
79 61 64 68 74 76 79 83 86 88 90 96 105 111 113 115 116 117 122 127 128 130 131 132 135 136 137 143 160 163 166 
72 63 72 83 84 89 92 94 99 101 104 105 106 109 112 116 118 124 126 127 128 129 132 133 140 143 149 156 158 159 165 168 170 176 
19 72 82 114 116 117 129 141 166 168 176 179 180 
95 63 67 82 87 90 92 103 111 136 138 151 157 158 167 
18 61 62 63 69 72 75 76 77 78 79 80 82 86 87 91 92 101 104 106 109 111 113 115 116 119 124 128 129 132 133 137 139 140 142 143 148 150 153 155 156 157 164 166 168 169 172 174 175 176 177 180 
18 1 64 66 67 70 71 72 73 77 78 79 80 82 84 90 91 94 95 96 97 106 107 108 109 113 116 118 119 120 122 130 131 133 134 151 155 158 161 165 167 169 170 173 177 178 179 180 
70 62 67 73 83 89 94 95 97 98 101 104 105 107 113 114 122 123 124 126 127 128 139 142 143 146 156 164 166 168 175 176 177 179 
55 61 66 67 69 70 71 73 75 77 78 79 84 85 86 93 98 101 102 103 104 109 110 111 117 122 123 127 137 141 143 147 148 151 154 155 162 165 167 170 171 172 173 176 177 178 180 
48 52 27 79 96 13 75 78 56 28 73 75 5 95 83 30 17 43 77 49 63 30 11 72 50 68 73 4 79 86 90 82 89 23 60 26 63 68 18 71 44 30 24 37 24 85 9 39 73 48 57 62 60 77 81 84 38 68 37 38 89 35 16 64 75 57 78 88 77 70 38 27 44 64 84 33 32 54 30 47 26 26 65 93 32 28 85 82 28 24 62 72 28 68 36 89 39 21 79 9 60 95 94 40 83 28 23 17 26 48 93 60 26 60 40 40 15 38 98 46 91 33 13 74 37 9 15 14 67 86 75 51 90 59 3 74 17 57 83 17 87 40 92 85 67 27 2 18 38 64 83 47 7 50 95 7 4 55 44 5 11 55 96 49 26 17 98 9 72 68 37 84 76 93 96 43 95 82 46 92 
