122 183
63 1 62 63 64 65 66 75 78 80 81 88 94 96 99 101 103 105 111 116 118 119 121 125 130 133 139 140 142 143 144 146 154 155 159 161 163 167 170 172 177 178 179 
28 62 63 67 73 81 85 86 95 98 109 112 121 126 134 147 173 
66 120 177 
53 1 64 66 67 69 70 75 83 85 86 91 92 94 96 101 102 106 108 109 114 116 124 128 129 133 134 138 139 141 142 144 146 147 152 153 161 175 177 180 181 182 183 
71 1 64 69 71 90 116 121 130 137 152 155 160 163 168 179 180 182 
39 63 67 72 75 81 85 86 88 89 90 94 95 98 101 102 103 104 109 117 132 133 145 146 150 157 158 162 163 168 170 172 173 176 177 
55 103 106 116 138 151 156 177 
57 64 70 73 75 87 88 89 98 103 107 108 111 114 118 123 126 128 131 134 135 137 142 143 147 154 156 160 163 166 169 171 172 173 175 178 
14 63 67 73 74 90 93 95 97 98 101 102 103 104 105 106 113 115 118 120 123 124 127 128 129 135 136 149 151 153 154 157 159 160 169 171 175 178 179 180 181 
43 1 66 75 78 90 94 96 104 108 113 117 118 120 121 127 132 134 138 139 147 151 156 159 161 163 168 169 178 
29 65 80 122 132 162 176 
8 70 93 95 123 137 139 142 145 146 151 157 162 171 175 
43 63 64 68 73 79 82 84 85 87 88 92 99 106 107 109 110 114 118 120 121 124 126 130 134 135 136 137 138 141 146 151 159 161 164 172 
19 68 70 72 77 78 82 85 90 91 97 98 99 101 103 106 107 109 112 118 124 126 129 136 138 140 149 159 164 168 170 177 178 179 
58 65 68 70 72 80 84 87 91 94 95 105 106 116 120 122 123 129 145 148 153 156 157 161 162 165 169 170 172 175 177 182 
71 66 71 79 80 87 94 107 113 114 116 117 124 139 147 156 165 172 175 
91 69 70 73 75 77 85 87 95 98 102 109 110 112 113 114 115 116 117 120 122 124 132 134 136 138 142 146 151 158 161 168 178 182 
53 118 139 167 
82 78 90 91 157 
60 67 68 80 88 120 134 145 148 150 156 164 167 170 
55 72 80 84 99 100 105 112 115 127 133 136 140 151 160 169 170 179 183 
34 64 68 71 73 75 79 81 87 93 104 112 115 116 124 130 143 146 147 148 151 153 155 157 162 164 166 173 174 177 
41 65 85 98 131 142 144 146 158 177 
29 64 69 72 77 78 79 80 81 87 103 106 107 111 112 115 116 117 118 122 125 126 127 128 129 134 135 137 146 155 162 166 167 176 177 178 
34 64 86 94 124 128 129 130 135 144 148 150 166 168 172 173 174 175 176 
23 1 65 66 71 75 76 78 80 84 87 90 91 97 99 101 104 105 107 108 113 114 117 122 123 125 126 127 142 147 148 150 152 157 160 161 162 166 167 171 172 177 179 180 182 
58 64 67 70 78 79 83 84 85 91 95 99 111 112 115 117 119 121 124 129 141 143 146 147 151 152 157 162 164 173 175 182 
9 63 70 75 83 86 103 108 122 128 131 150 151 152 155 166 176 
90 97 154 177 
93 72 77 79 82 83 86 94 95 99 100 102 104 111 112 113 117 120 126 128 130 132 133 137 140 142 145 147 151 152 153 156 158 160 161 162 165 171 174 175 176 180 
37 1 66 69 70 72 77 80 82 84 87 93 95 99 103 106 113 116 121 132 134 135 137 153 156 160 161 163 173 176 177 179 
72 69 72 80 81 168 172 
30 68 72 85 90 96 101 122 144 155 165 172 181 
65 74 81 89 91 106 109 113 117 121 125 134 138 139 177 
45 97 114 131 138 139 152 156 164 178 179 
22 67 68 75 85 88 117 122 151 162 164 182 
37 67 69 76 79 80 81 86 87 90 96 103 110 120 121 123 128 130 132 133 140 145 147 149 156 160 162 166 171 176 181 
53 1 67 70 72 73 77 80 83 96 97 99 111 112 115 117 121 125 128 130 135 138 146 150 154 155 157 165 169 170 171 172 175 
61 63 71 72 73 81 85 87 89 93 96 104 108 111 118 119 121 122 125 127 128 135 141 143 144 145 147 153 155 156 158 159 160 166 167 172 174 176 177 178 
13 1 64 69 74 75 83 84 85 86 88 93 95 98 102 110 112 115 116 118 119 121 123 124 126 127 129 139 141 143 144 150 156 160 163 164 167 170 173 175 176 177 180 181 183 
89 83 108 125 166 181 
2 69 112 131 
31 1 65 71 86 89 96 99 103 114 119 125 126 127 135 138 139 142 147 150 153 155 156 160 161 166 169 171 179 182 
30 62 63 68 72 74 76 81 89 90 99 101 103 104 105 108 111 116 122 127 133 134 140 141 144 155 159 161 163 164 173 179 181 182 183 
90 67 68 75 77 79 80 81 82 83 86 88 91 92 93 98 102 104 109 111 114 121 124 126 127 129 133 136 146 151 152 162 163 164 165 170 172 173 178 179 180 
11 63 65 72 78 88 95 112 115 127 130 136 139 149 159 179 
95 68 78 79 81 84 91 92 98 103 106 110 112 121 124 129 136 140 141 142 144 148 153 158 163 164 165 167 168 169 173 174 177 178 180 182 
51 64 66 69 77 82 83 86 90 105 107 112 118 119 122 125 130 134 136 137 138 147 148 151 152 161 163 165 166 168 169 175 176 178 182 183 
21 76 85 90 92 114 122 140 147 148 156 171 177 
28 1 64 66 68 70 71 72 73 74 76 77 78 79 83 90 93 94 96 98 100 105 109 113 115 116 127 129 130 135 136 137 142 144 148 149 155 160 163 170 171 174 175 178 180 
28 1 64 66 68 69 71 75 80 84 91 107 110 111 117 118 121 124 125 126 127 132 133 139 141 149 152 159 161 163 170 174 178 179 
31 131 
57 62 63 70 71 74 82 87 88 90 92 93 96 97 98 101 102 104 105 109 111 112 116 120 121 122 123 129 133 137 138 143 148 152 153 158 166 171 172 173 178 183 
17 74 80 84 98 99 100 125 135 141 148 170 182 
54 66 71 74 76 78 80 86 87 93 108 109 111 115 117 118 121 122 130 134 139 141 142 144 146 147 148 149 151 152 154 160 162 167 168 169 173 174 183 
98 75 100 120 154 166 170 178 
20 62 71 73 76 78 85 92 94 98 103 106 110 113 114 116 121 124 128 131 133 136 137 140 145 148 151 154 156 159 160 162 167 169 170 178 181 
5 63 64 82 90 103 105 107 115 139 143 144 151 161 165 166 173 176 181 182 
20 71 72 84 95 103 107 131 135 164 
6 119 121 128 137 148 153 161 172 173 176 182 
98 68 70 75 77 78 83 85 92 95 99 104 108 110 114 129 132 134 139 140 141 146 150 151 153 155 158 162 169 183 
71 72 77 85 87 109 143 155 167 169 177 
76 70 74 75 84 85 90 93 95 102 106 107 111 114 115 121 122 124 128 132 133 134 135 136 137 142 146 147 151 152 154 160 162 169 170 171 173 176 
18 116 166 174 
72 62 65 66 68 74 84 87 92 93 94 103 104 107 108 109 113 114 115 117 127 129 130 132 135 136 142 144 145 147 149 153 156 160 161 165 166 168 173 174 175 176 177 178 179 
59 71 72 82 84 87 88 89 92 93 97 98 99 107 109 116 117 118 119 122 124 129 136 140 141 145 148 153 160 161 168 170 171 172 175 179 183 
84 65 75 83 84 88 104 105 108 120 124 127 129 140 145 146 148 150 154 157 160 161 162 165 166 169 171 172 178 
60 68 85 90 101 122 132 142 143 149 156 167 168 171 173 
100 1 62 65 71 78 89 91 92 103 106 115 116 131 133 134 141 148 151 152 155 157 158 159 162 167 171 175 181 
82 1 63 64 65 69 74 76 77 82 85 88 99 100 101 102 103 107 111 112 117 119 120 121 123 126 128 134 136 138 142 143 145 146 149 150 152 158 165 166 167 170 173 178 180 183 
99 62 63 66 67 72 74 83 85 87 89 99 108 112 113 118 128 129 132 138 143 145 147 151 155 158 162 164 168 172 174 175 177 178 179 181 182 
81 66 75 91 105 106 119 120 121 133 138 142 170 178 
82 62 74 75 80 88 93 109 116 122 130 140 149 153 160 169 170 183 
56 62 80 89 92 95 97 102 108 121 124 133 134 136 137 151 162 163 165 
82 62 64 65 67 68 71 72 76 80 82 84 86 89 91 97 108 110 114 116 119 121 122 124 125 127 131 132 137 138 142 144 150 153 166 167 168 169 172 173 174 180 
70 1 65 67 68 71 76 86 90 97 100 105 106 110 111 113 119 124 126 127 128 130 133 136 140 143 144 145 146 147 149 150 151 154 155 156 157 165 169 171 174 177 182 
18 67 87 
85 71 72 77 78 83 85 92 115 125 128 132 139 141 145 149 168 176 177 
71 62 68 71 80 86 91 93 95 99 102 106 107 112 114 119 123 124 126 130 139 140 142 143 146 151 155 159 161 164 168 170 172 173 174 176 
49 70 75 92 114 124 136 142 144 148 159 160 168 174 
21 69 80 89 92 125 135 148 159 
69 1 66 69 72 74 78 81 83 85 88 89 94 100 105 106 109 112 113 114 117 124 128 130 132 134 136 137 138 141 143 145 148 157 159 164 168 171 173 177 178 183 
28 69 86 91 92 98 108 136 150 152 154 159 163 176 
54 1 62 73 83 84 86 87 88 89 91 98 99 103 106 108 115 117 119 124 127 130 136 138 139 143 144 147 149 151 158 166 169 173 178 179 182 183 
32 80 88 95 141 180 182 
40 65 68 72 75 77 91 92 107 111 114 117 122 124 125 136 140 142 151 153 156 159 166 168 169 173 175 176 182 
77 69 74 78 82 92 102 106 109 123 128 130 132 151 157 164 166 181 
97 65 88 90 105 109 115 117 121 139 152 153 174 178 
85 71 72 73 74 78 80 83 86 88 89 91 96 99 103 109 111 113 114 117 122 123 124 126 128 134 136 140 141 142 143 145 148 161 164 172 174 177 178 179 
70 66 78 81 85 86 90 94 101 102 108 109 110 112 114 116 117 125 128 130 138 140 146 151 153 154 157 158 161 163 164 165 166 167 172 176 180 182 
47 63 65 67 73 80 83 103 106 113 116 119 121 123 126 129 130 132 141 148 149 150 151 153 162 166 174 178 179 
71 78 87 91 93 94 95 96 99 101 104 106 109 113 115 118 125 130 132 134 138 140 144 147 148 149 163 167 169 170 177 183 
93 82 87 94 102 118 152 168 
75 108 149 
81 1 62 64 65 66 68 69 71 72 75 86 89 93 94 100 101 110 115 116 117 126 131 135 148 150 155 158 161 163 165 170 174 175 178 179 
57 155 157 160 179 180 181 
48 78 83 99 106 112 113 145 164 168 
54 71 77 88 89 91 96 100 108 120 125 133 135 146 154 160 162 181 
63 93 132 137 148 160 165 
57 62 63 71 86 88 92 108 114 115 116 117 123 126 133 136 137 138 139 141 143 146 147 149 150 155 158 162 163 164 168 169 172 173 174 179 181 
64 66 68 69 74 80 84 87 95 103 104 107 110 112 115 118 119 129 134 135 136 138 141 145 148 150 151 155 156 158 163 166 170 172 176 177 180 183 
59 68 75 76 82 89 90 92 94 102 106 113 118 124 127 134 135 140 141 149 152 155 158 162 168 174 177 180 182 
10 64 69 70 79 82 87 93 95 96 101 110 111 122 124 131 132 133 137 139 146 150 152 154 155 157 158 165 170 171 178 179 180 
60 62 63 64 66 75 80 84 86 87 91 92 93 95 96 100 102 108 110 123 127 130 137 139 141 145 146 158 160 161 170 181 182 183 
20 1 63 72 73 74 76 77 78 86 91 93 96 98 108 111 114 115 121 125 138 139 147 151 157 163 164 165 175 178 180 182 183 
64 69 90 134 137 139 144 
75 65 69 70 74 76 77 79 86 90 92 93 98 101 103 105 114 116 117 118 121 123 128 131 132 134 136 142 151 156 159 163 165 169 171 
15 71 86 91 107 124 134 136 137 151 167 177 
96 62 65 74 75 78 80 86 93 94 95 98 121 127 129 133 138 139 140 144 147 148 150 151 152 156 160 165 167 169 181 
37 62 73 83 100 110 111 118 125 129 140 147 156 158 166 170 171 174 180 183 
96 1 71 76 77 95 155 158 167 180 183 
84 64 82 94 95 98 129 134 141 142 146 156 160 162 167 177 180 
90 69 76 77 94 103 107 108 114 118 133 146 155 169 174 175 180 
46 79 80 91 92 100 101 103 104 107 109 111 113 117 126 129 133 134 135 143 148 150 151 163 173 174 181 182 
50 1 73 79 81 86 89 90 92 98 102 105 106 108 109 111 116 120 123 126 127 128 131 132 133 136 141 142 143 145 160 165 168 174 176 177 179 182 
19 64 72 90 105 130 160 180 
94 1 63 70 77 78 79 80 82 87 90 92 94 95 104 106 109 112 117 118 119 120 124 126 132 133 135 142 143 144 146 151 152 153 154 155 158 159 165 171 173 182 
94 62 63 73 74 76 79 81 84 88 90 93 94 97 101 102 104 105 108 113 114 121 122 123 125 130 137 149 152 154 159 161 165 173 175 177 178 179 180 182 183 
73 1 64 71 72 79 85 88 98 100 102 107 108 120 121 138 139 140 142 145 147 153 155 161 164 181 183 
65 69 72 76 77 84 92 94 97 98 99 102 104 108 110 114 115 117 118 120 121 125 131 133 135 145 146 153 157 159 166 169 172 179 181 
65 79 90 92 96 104 109 115 117 130 136 138 139 140 147 153 156 159 162 177 
34 63 68 70 73 74 75 77 84 86 87 98 107 119 127 128 130 135 137 143 146 147 157 161 163 167 169 170 172 175 176 179 
91 28 72 77 35 6 57 21 84 4 83 1 10 97 22 26 80 80 69 8 83 61 23 78 63 70 58 70 86 1 6 27 55 85 77 14 15 4 23 11 99 7 13 53 1 26 68 44 61 48 99 71 36 55 81 20 19 4 62 75 15 70 46 8 60 49 10 99 67 2 14 6 34 98 65 69 74 17 50 4 38 81 65 89 33 70 80 9 38 14 86 17 85 61 61 90 56 32 9 49 38 20 67 59 46 61 2 31 63 41 29 85 37 94 53 96 5 76 37 49 34 63 72 78 32 21 73 30 49 63 29 91 93 61 11 63 13 25 7 6 78 72 76 7 93 45 34 62 88 84 22 49 87 49 62 83 11 78 98 56 34 9 25 10 98 55 64 5 95 34 80 21 47 67 69 21 25 47 12 46 19 64 41 
