126 189
34 66 68 70 73 76 77 82 86 88 90 96 97 102 103 105 108 112 115 116 119 123 124 127 129 140 153 163 164 166 168 169 170 172 177 180 181 185 188 
90 66 82 86 90 91 97 101 105 106 110 111 114 122 123 124 129 140 144 145 149 153 156 157 159 167 168 169 180 188 
56 66 70 72 73 77 79 80 88 89 91 92 93 94 95 97 108 109 110 113 119 120 126 136 140 149 150 152 154 155 156 159 161 165 166 167 168 169 174 175 176 180 183 188 
99 69 70 111 112 139 147 155 159 165 170 
77 1 70 75 76 84 92 94 95 98 102 105 122 128 130 131 134 139 141 145 148 149 151 159 162 164 165 170 172 175 176 182 
59 64 65 70 72 73 76 77 80 85 89 90 91 93 100 101 102 106 111 117 118 121 122 124 130 132 133 135 137 151 152 168 171 178 182 183 184 
23 1 65 75 78 79 82 93 95 98 99 101 111 114 117 123 125 131 136 137 141 145 147 148 156 157 158 164 165 166 167 173 175 181 184 185 187 188 189 
5 82 84 90 92 93 94 120 132 136 139 143 144 152 155 159 168 172 188 
51 64 65 71 72 74 76 77 80 81 83 85 89 91 94 106 109 117 119 121 129 137 140 147 150 154 163 176 180 181 182 185 
26 66 83 85 87 88 91 95 100 102 109 110 113 124 126 138 141 142 143 155 160 161 162 165 180 181 183 184 
97 64 67 71 76 84 85 88 90 112 116 125 131 132 138 139 148 154 173 177 186 
21 65 67 75 98 129 133 141 150 164 171 184 
92 69 71 76 80 82 87 89 92 94 96 100 104 107 111 118 119 120 129 130 132 135 137 138 147 148 151 152 156 160 161 165 167 178 181 
21 64 68 77 93 94 98 100 102 104 110 111 121 122 129 132 147 149 159 161 163 170 176 189 
66 71 72 75 78 81 86 92 93 97 98 104 106 109 115 117 118 120 123 125 126 127 130 131 134 135 136 138 140 142 143 146 150 152 154 156 157 159 160 170 172 173 177 181 184 186 
92 65 68 72 74 76 79 80 81 83 85 88 91 99 102 112 114 116 121 122 123 126 127 130 132 135 137 138 144 145 152 158 163 167 174 185 
16 71 73 74 76 77 80 81 85 86 92 95 99 101 105 107 110 118 125 127 129 135 140 142 151 153 154 156 162 165 166 173 174 178 182 184 
11 65 68 72 76 85 88 92 97 107 119 127 128 139 142 143 160 163 165 168 187 
87 67 69 71 75 94 104 120 124 126 129 131 134 138 154 165 172 175 177 182 
85 90 95 110 121 141 146 151 152 159 162 167 171 172 176 
90 64 72 73 77 87 93 97 103 114 119 140 144 150 153 159 164 170 176 187 188 189 
35 67 69 70 72 76 78 82 85 89 91 93 100 104 108 112 117 121 125 126 127 132 133 137 145 156 160 161 162 165 170 173 174 178 179 180 183 185 186 187 189 
53 65 66 79 86 87 90 94 106 108 114 123 125 127 132 160 171 172 176 177 182 183 184 186 187 188 
53 66 70 75 84 85 97 98 101 103 104 105 106 109 116 118 120 125 129 130 131 132 144 152 154 157 158 159 162 165 167 168 169 173 175 185 187 188 189 
84 64 66 68 78 80 81 83 89 91 93 96 97 100 103 112 113 120 121 122 124 125 130 132 141 149 150 156 159 161 162 163 170 175 177 179 180 181 182 184 189 
94 65 67 68 70 73 75 76 77 82 86 87 93 117 129 137 138 148 158 161 163 167 169 175 178 183 185 
36 64 65 68 72 76 79 87 89 92 93 97 115 119 129 130 132 135 138 139 144 147 157 160 162 163 168 169 170 175 176 179 180 185 186 188 
71 70 71 74 77 81 82 85 91 94 96 102 104 106 107 110 117 123 125 130 131 132 139 142 143 145 146 149 151 152 157 162 163 165 166 173 175 180 186 
59 64 84 88 95 98 100 102 103 105 109 124 134 142 143 145 162 169 174 183 188 189 
80 65 72 74 76 79 82 88 89 95 97 102 109 116 120 122 124 125 126 131 145 147 151 153 154 157 160 162 165 171 177 178 180 184 187 
29 69 72 73 76 84 86 101 106 107 118 124 130 131 132 133 135 136 141 151 152 157 162 163 164 169 171 172 180 182 185 186 188 189 
33 78 80 81 83 84 88 92 103 107 108 109 113 130 131 133 137 140 153 156 161 162 164 165 170 174 175 180 181 185 
71 66 67 69 71 72 74 75 81 83 85 86 90 94 97 102 107 109 119 120 121 122 124 128 138 142 143 145 147 148 151 159 160 162 163 168 169 177 180 182 184 185 186 189 
78 65 69 71 81 90 94 95 99 107 108 111 112 113 115 121 122 127 129 132 136 145 156 159 175 177 180 181 187 188 
33 66 67 68 72 76 78 80 85 87 88 89 91 92 95 98 100 101 103 107 110 111 112 115 116 119 121 123 125 133 134 136 138 141 143 153 154 155 157 162 166 167 170 173 176 179 181 182 183 184 188 
68 80 90 101 110 125 127 128 139 155 158 161 
76 1 66 69 72 73 75 76 79 81 89 92 96 101 110 113 114 117 118 124 125 126 136 137 139 140 145 147 152 155 159 167 183 187 
55 81 85 86 91 94 116 117 119 130 148 149 150 164 
44 1 65 66 67 71 72 73 74 81 82 88 93 94 95 97 100 103 107 117 120 127 131 132 133 138 142 144 146 147 150 158 159 162 165 167 168 171 172 173 175 176 177 178 179 184 188 
66 69 70 73 75 79 86 87 97 99 102 103 105 107 113 118 122 128 134 138 141 148 155 157 158 161 162 164 169 175 186 189 
100 65 66 68 70 72 75 76 81 82 83 86 91 94 98 101 104 107 109 113 114 115 118 123 125 126 128 130 134 137 138 142 143 146 147 149 152 154 155 157 160 162 168 174 176 178 187 
16 1 64 79 81 84 92 101 102 104 106 110 112 113 115 116 122 127 128 129 130 133 137 141 145 146 149 150 151 155 156 159 161 166 168 171 172 173 177 186 189 
58 72 79 92 96 98 104 109 110 116 126 127 131 136 148 149 158 161 162 180 181 188 
46 71 75 79 80 81 82 86 88 89 93 94 95 96 97 98 103 107 116 117 119 120 126 131 132 138 139 141 143 146 148 154 159 161 162 163 170 171 173 176 181 182 183 187 189 
70 94 114 118 170 
28 67 73 74 75 76 77 81 84 85 88 89 90 93 94 96 98 99 102 103 108 111 113 115 125 127 128 129 131 136 141 142 149 151 153 157 158 159 163 166 170 172 173 174 175 182 184 186 189 
9 64 81 84 90 94 100 109 111 121 135 137 138 142 153 157 158 160 166 173 178 
56 1 66 69 76 78 80 85 88 90 91 94 95 97 102 103 104 105 109 113 114 116 117 118 119 120 129 131 132 138 143 146 152 158 159 161 162 166 172 176 179 181 186 187 
2 1 66 72 77 83 85 90 97 105 109 115 132 140 142 143 144 146 152 153 154 155 164 165 166 167 168 169 179 181 182 
25 90 111 137 174 180 185 
90 71 73 82 85 90 97 98 108 114 119 125 127 128 132 133 137 138 145 146 150 151 153 157 160 165 167 175 180 181 182 
13 65 66 68 69 75 78 81 90 91 92 99 100 116 119 121 131 134 137 141 150 151 154 161 170 172 179 185 
87 1 67 70 71 75 77 82 83 88 92 99 101 112 113 116 118 120 121 123 130 131 134 136 139 140 143 146 147 150 158 160 161 162 163 168 171 172 177 182 183 187 189 
63 156 
95 67 68 72 73 76 84 88 89 91 92 95 112 116 117 128 131 133 139 141 142 148 149 150 154 156 159 160 161 167 172 180 182 187 189 
54 64 65 66 67 76 79 81 82 83 84 85 87 90 91 96 98 99 100 101 102 114 115 120 121 122 123 132 135 137 138 140 143 145 146 151 154 157 158 160 165 169 173 175 178 183 185 186 
34 64 68 71 73 80 93 94 96 97 99 101 107 108 109 113 114 115 122 125 127 129 141 142 152 153 158 163 176 183 185 186 188 189 
73 65 71 72 77 79 83 93 95 97 98 101 106 108 110 113 114 117 120 121 125 126 127 128 129 134 136 138 142 143 145 148 151 152 157 159 171 177 181 182 187 188 
37 65 80 81 83 87 88 90 91 93 94 105 107 109 112 115 117 118 119 120 123 127 129 130 133 134 135 139 141 145 146 149 151 152 153 154 156 160 162 163 170 175 176 177 178 181 183 187 188 189 
27 64 81 87 88 93 98 104 108 112 114 121 124 126 128 133 134 135 138 143 146 150 152 154 155 161 167 170 173 176 177 179 180 182 183 
67 1 64 72 74 82 86 87 93 99 103 112 139 140 143 153 154 155 160 163 168 170 177 178 181 184 186 
85 64 66 69 70 71 73 75 76 77 78 80 81 83 92 93 94 98 100 103 107 108 112 113 114 122 126 128 130 131 132 133 135 140 144 145 147 149 153 154 155 156 157 158 160 162 167 169 177 181 182 186 
69 1 64 67 68 76 81 83 95 97 98 99 103 106 107 108 109 110 111 115 116 117 120 122 123 124 127 128 130 133 142 143 144 147 150 151 155 158 160 161 164 166 168 169 174 177 188 
52 64 65 76 88 94 97 103 108 111 114 115 121 122 126 130 131 133 134 135 140 141 143 152 154 156 162 167 187 188 
96 67 72 81 83 97 101 104 121 129 130 132 139 140 155 157 160 167 173 174 185 188 189 
28 79 88 89 93 94 96 98 101 109 111 112 114 138 141 145 147 152 162 166 177 182 185 186 
68 1 65 67 76 84 93 98 110 122 126 127 132 137 141 143 146 148 149 151 155 156 158 171 180 
76 1 66 70 76 80 86 91 112 113 128 133 134 139 140 143 146 152 154 160 169 170 175 176 177 186 
79 1 64 68 70 71 73 74 76 79 80 81 83 91 92 95 98 102 104 105 107 109 110 112 113 115 123 130 132 143 145 147 149 155 156 159 160 161 162 164 167 169 171 176 179 180 183 184 
6 65 80 85 93 98 102 105 111 120 127 138 140 142 144 155 175 
22 64 66 69 71 76 85 111 114 115 120 121 123 126 130 134 141 147 151 152 175 176 178 179 182 184 186 
34 66 69 71 74 76 77 79 87 90 92 93 95 96 97 99 102 103 106 109 119 120 126 127 133 137 138 141 146 148 154 156 159 162 165 166 169 173 180 182 183 184 185 186 188 
59 92 106 112 122 139 151 183 186 
96 1 67 75 76 77 78 80 81 87 96 98 100 106 107 109 110 112 116 119 131 132 134 138 152 153 165 167 169 170 174 176 178 185 188 
46 1 66 69 71 72 74 75 84 88 89 93 98 100 103 104 105 111 112 116 120 121 126 128 137 140 141 144 145 146 151 153 156 164 167 173 175 178 179 181 183 186 
10 92 114 116 138 142 149 159 160 167 181 185 
46 66 72 102 111 116 131 141 145 152 184 188 
69 67 72 73 85 86 91 92 95 100 102 104 113 118 122 123 129 147 155 159 165 166 169 171 180 181 185 189 
9 65 73 76 85 88 93 96 102 105 107 111 116 117 119 120 123 124 133 134 139 142 144 145 151 154 157 158 160 164 166 167 171 172 177 179 189 
32 108 
52 66 71 75 77 84 86 90 94 102 106 109 110 114 117 121 123 126 132 136 139 143 147 151 159 161 167 169 178 179 181 185 187 
56 67 76 81 82 83 86 91 93 98 102 103 106 108 112 114 117 121 122 126 130 135 141 142 143 144 146 149 151 152 153 156 157 158 159 161 162 163 171 172 175 179 181 184 185 186 188 
100 68 74 90 91 94 98 101 108 116 121 126 127 137 141 142 145 151 153 156 163 164 167 
41 184 
71 64 68 70 72 75 79 83 85 89 91 98 102 105 109 112 113 116 125 126 127 128 129 130 131 132 134 135 136 138 144 147 163 165 166 168 170 174 175 178 183 184 187 
56 138 146 171 
89 66 67 68 72 73 74 81 83 89 90 91 92 93 95 96 99 105 108 109 113 117 127 128 129 137 139 143 146 151 157 159 165 166 167 171 172 174 175 176 181 187 
94 69 71 74 75 78 81 82 83 94 100 109 111 113 117 118 121 128 130 132 133 134 140 143 145 147 151 156 162 164 169 172 174 183 184 
79 65 69 73 74 80 96 99 105 115 116 125 142 144 145 152 153 154 159 163 180 183 185 186 
69 1 64 65 67 71 72 73 74 78 84 85 87 89 92 94 95 96 111 112 113 115 116 117 124 125 128 130 141 143 144 145 155 157 159 161 162 163 164 165 166 169 170 171 181 182 185 187 
93 75 96 97 117 125 132 135 153 163 171 179 186 
44 66 67 68 69 72 74 77 78 83 84 85 87 93 98 100 102 108 109 114 118 119 125 127 128 131 138 141 144 145 151 153 154 158 160 162 163 164 171 179 180 181 183 184 188 
12 146 
51 149 
77 74 83 84 86 87 90 96 107 110 114 121 125 135 136 142 146 148 149 150 153 154 157 164 167 175 185 189 
21 74 75 107 118 119 124 127 145 151 155 157 160 176 177 181 182 
50 66 68 70 74 76 86 99 103 104 113 115 126 127 128 131 132 148 152 157 161 175 189 
35 1 64 65 66 78 99 104 108 121 127 129 140 154 157 158 161 164 179 183 184 
25 1 71 72 73 83 86 92 94 98 102 107 108 109 110 112 113 116 119 126 131 137 138 139 143 145 156 163 167 168 172 173 177 178 188 189 
4 68 71 73 74 78 83 85 89 93 94 115 118 121 129 137 138 142 147 150 152 161 162 167 170 172 174 181 183 189 
64 72 78 80 81 86 92 102 109 129 130 136 140 144 150 151 157 158 160 164 168 170 174 178 184 
4 66 67 69 75 77 81 84 86 87 93 95 99 100 102 103 105 106 111 112 113 114 119 120 125 132 133 144 145 150 155 158 167 168 171 175 180 185 
30 1 67 69 71 72 74 78 80 81 82 91 94 95 99 100 103 108 110 111 112 122 123 127 131 132 133 134 138 140 146 147 148 157 159 161 162 166 171 173 175 183 186 188 
100 98 99 100 105 106 113 115 116 118 119 127 139 142 145 149 155 159 160 164 166 167 169 171 174 184 
5 78 79 84 89 90 93 98 99 109 112 115 116 117 122 125 128 131 133 136 141 142 145 146 147 154 157 160 164 167 169 173 174 176 188 189 
49 1 64 68 73 74 78 80 81 82 87 95 96 97 100 104 107 113 114 117 121 122 128 129 132 135 136 143 147 148 149 152 155 156 160 161 165 170 171 172 173 177 178 187 
72 66 67 69 71 74 77 82 83 88 91 98 100 101 104 105 107 109 112 115 118 120 124 130 131 134 135 138 141 149 150 152 155 156 158 159 177 184 186 
70 125 
72 64 72 74 84 87 94 99 101 102 103 107 109 112 113 120 127 133 138 145 147 149 154 155 156 161 164 165 167 170 171 175 176 182 188 
66 64 66 69 72 74 86 92 99 100 101 105 106 107 111 112 117 120 124 133 138 140 141 143 147 149 157 159 162 166 171 174 181 183 185 
89 74 80 92 94 97 101 108 113 115 127 131 134 135 137 138 141 145 150 156 158 159 160 165 167 169 170 173 175 177 179 185 186 
91 65 66 71 72 75 97 98 103 105 111 115 119 124 127 136 141 148 150 152 162 163 180 183 
28 102 108 118 
36 75 77 81 84 85 90 97 99 101 102 110 119 120 125 132 133 134 148 149 151 152 154 155 157 163 178 182 
20 66 72 74 81 87 88 97 98 99 101 105 108 109 114 116 120 125 127 129 130 132 133 134 135 136 137 146 148 150 152 155 158 160 165 167 169 170 171 175 178 179 181 183 185 186 189 
73 124 140 
9 76 80 83 85 89 92 93 98 102 104 109 116 117 127 140 146 153 155 156 162 163 167 170 172 184 188 
57 64 81 86 91 102 103 107 112 113 114 117 119 124 128 131 132 134 137 138 139 152 153 154 155 157 162 164 166 167 169 171 173 176 178 179 180 186 
21 66 69 72 83 101 104 106 108 117 119 126 133 135 140 142 144 149 151 157 174 
53 67 74 80 82 83 88 89 95 97 104 107 109 110 113 116 119 126 128 131 133 135 136 137 138 141 142 143 144 154 167 169 170 172 181 189 
31 69 71 78 81 88 94 95 99 100 102 109 110 113 118 119 125 132 137 147 159 162 163 170 171 182 183 189 
21 79 86 89 102 108 122 134 139 140 145 146 150 170 171 181 
52 71 85 110 134 136 146 
99 67 76 80 110 126 127 129 131 136 146 147 152 154 156 159 160 165 170 183 188 189 
66 69 72 74 75 80 81 83 84 85 87 88 89 94 96 101 102 106 111 112 113 118 120 126 132 133 139 141 143 151 157 159 160 169 170 187 189 
39 86 87 95 139 140 142 155 166 
67 36 61 41 18 32 45 17 46 51 61 87 5 80 37 49 95 78 22 47 17 66 41 48 42 58 60 28 12 4 40 99 16 33 54 77 9 86 87 75 95 94 12 65 78 34 46 96 75 24 58 57 84 29 42 87 67 90 70 49 40 1 13 41 14 43 92 14 91 99 18 97 70 18 74 97 31 40 76 80 45 53 47 51 75 16 68 40 43 20 36 27 87 24 65 36 43 25 85 53 5 12 31 62 20 35 29 23 30 83 77 25 46 78 15 46 74 24 82 61 9 66 13 82 2 28 44 24 67 48 52 19 58 80 19 85 22 88 71 94 83 2 2 65 18 67 70 27 43 38 8 77 63 58 19 62 85 70 76 14 39 45 10 92 71 6 24 24 8 91 46 65 100 63 63 95 85 51 93 72 90 85 82 68 61 27 20 33 85 
