128 192
77 67 69 73 75 76 81 84 86 87 88 89 90 93 97 98 108 113 120 125 126 129 131 133 138 140 141 142 144 145 156 166 167 169 170 171 175 177 179 187 188 
13 1 69 71 75 76 80 98 102 105 118 121 126 130 132 142 143 144 145 146 147 153 157 158 159 162 164 176 180 181 182 184 186 190 
92 1 68 69 75 76 77 82 83 84 86 88 89 97 102 105 109 111 114 116 118 123 125 129 138 143 154 156 170 171 180 185 188 190 192 
39 69 77 79 83 95 97 103 120 142 154 156 160 165 168 170 171 173 176 179 184 185 
98 78 90 125 170 
85 68 74 75 82 85 95 99 102 103 111 115 119 120 123 127 130 132 137 138 146 147 153 161 165 168 170 171 175 177 180 189 191 
43 1 68 71 72 80 81 88 92 94 98 101 106 108 109 111 115 117 121 126 130 131 133 134 135 139 143 148 150 151 162 164 171 176 182 191 
41 76 78 79 88 89 92 93 95 101 104 108 109 110 113 114 116 124 129 130 133 137 139 142 143 145 147 148 153 171 175 176 179 183 185 192 
19 1 69 73 79 86 91 96 101 104 106 113 114 119 120 123 125 126 134 137 144 146 149 153 156 159 161 162 163 168 173 183 184 
24 72 75 83 89 91 93 96 97 101 105 108 116 120 123 127 134 138 139 141 149 150 159 161 163 169 171 176 178 181 
38 65 67 73 78 83 98 104 105 109 110 112 113 114 115 116 119 121 134 136 139 142 144 148 150 153 155 156 160 161 164 166 169 170 171 176 178 181 184 186 189 
1 70 78 80 83 84 90 91 92 96 98 104 106 111 113 115 122 123 125 136 137 142 144 148 149 150 160 161 163 167 169 172 173 174 
4 72 77 79 81 97 104 118 123 127 131 138 148 159 164 174 175 177 182 
35 1 67 68 69 70 71 75 76 77 85 86 89 96 97 104 105 107 110 112 114 116 119 127 128 129 131 133 138 142 144 145 146 151 156 157 158 160 162 164 166 168 172 177 180 181 182 184 190 191 
55 69 70 71 73 74 75 78 83 85 88 92 93 96 98 101 105 106 109 110 111 115 119 125 126 135 136 143 150 156 157 160 168 169 172 173 175 176 179 187 188 
72 66 72 73 80 82 87 90 95 97 101 102 107 113 114 118 119 123 126 128 141 142 146 150 151 154 155 156 174 180 184 188 
59 67 71 77 78 84 92 97 99 100 102 104 113 114 115 117 119 120 123 131 133 135 137 146 148 151 153 158 162 167 171 185 187 188 
30 66 72 75 78 82 83 87 92 95 96 102 104 108 110 112 116 117 118 119 120 121 123 126 127 133 135 137 138 139 147 152 153 154 156 159 163 165 166 168 169 170 173 177 178 179 181 183 186 187 188 190 
49 65 66 69 70 76 79 81 82 85 92 93 94 95 97 99 102 103 110 112 116 117 118 121 122 125 126 127 131 133 137 138 144 146 150 151 152 157 158 162 164 171 172 173 177 186 190 
21 66 67 74 75 76 79 80 83 89 90 94 97 109 118 120 121 122 124 126 127 128 132 133 136 137 138 146 153 161 162 164 165 170 178 182 184 185 188 191 
59 73 75 80 84 89 91 93 108 110 113 122 124 126 127 133 136 141 143 150 151 160 164 165 167 170 171 182 185 186 
25 65 70 72 75 82 83 91 99 101 110 111 120 121 127 137 140 143 152 153 154 170 175 179 186 191 
74 1 66 67 72 76 77 78 81 85 86 92 94 95 100 103 105 109 113 118 120 123 128 132 134 137 141 143 144 148 149 150 151 159 162 164 168 170 172 178 181 186 187 189 192 
16 76 80 84 99 103 104 108 117 151 184 
81 67 71 76 81 83 88 91 94 97 104 109 113 119 122 125 131 139 140 144 147 150 154 166 169 170 173 174 176 177 181 185 190 
7 65 70 71 79 80 86 87 109 110 112 116 119 120 122 126 129 130 135 143 147 154 170 178 180 183 184 187 191 
14 81 105 109 173 180 182 188 
11 68 92 100 109 128 134 146 192 
34 66 76 78 80 81 85 86 97 101 104 105 106 110 112 113 116 121 122 123 124 126 127 132 135 137 140 147 149 152 153 154 155 158 159 160 164 165 167 168 172 175 176 177 178 181 188 
86 1 65 66 70 71 72 74 77 81 86 87 92 93 96 97 102 103 105 108 110 113 114 118 121 123 126 128 136 139 144 153 157 163 167 168 173 179 181 182 187 188 189 191 192 
57 74 81 83 84 90 91 113 114 126 131 135 140 148 156 166 177 183 184 
71 1 65 67 77 78 79 80 81 91 93 94 101 102 103 106 108 110 112 114 115 121 124 127 139 143 144 151 152 155 159 161 163 164 170 173 174 177 179 180 183 186 189 
86 1 68 69 74 78 79 85 86 88 93 94 95 97 106 111 116 117 118 120 122 127 128 132 133 135 139 141 142 152 153 154 160 164 165 173 174 182 183 186 188 189 190 192 
14 71 78 79 81 90 93 95 100 104 105 112 117 119 133 140 147 148 158 165 167 170 175 182 184 186 191 
46 83 89 90 111 119 140 141 144 148 156 160 
36 1 112 117 151 152 
40 1 65 69 70 73 74 76 78 79 81 84 85 91 93 96 100 108 109 110 111 113 116 119 122 128 130 132 135 139 142 144 146 149 155 156 161 162 172 173 174 177 180 181 184 187 190 191 
20 1 65 66 68 70 75 77 79 80 88 89 90 91 92 102 110 111 114 119 121 125 126 128 131 138 142 144 149 155 156 158 159 162 169 170 171 175 176 180 181 182 183 186 188 
2 1 69 92 116 143 150 191 
11 66 72 85 95 98 106 108 109 112 118 119 120 126 132 139 144 145 149 150 158 166 188 
77 68 81 88 93 94 128 137 143 147 
6 77 84 86 91 92 94 98 108 116 118 123 124 125 129 130 131 134 138 148 153 154 163 165 167 173 176 180 186 189 191 192 
23 1 65 66 67 68 70 73 75 77 78 81 83 85 89 91 93 95 100 101 103 105 109 110 116 119 120 128 130 133 134 138 140 146 149 155 158 159 161 164 166 170 171 179 184 187 188 192 
30 67 69 70 72 78 81 92 94 98 104 110 116 120 129 131 143 146 150 165 191 
83 65 82 88 95 132 143 152 168 
24 1 65 81 83 84 85 86 87 88 89 92 94 97 99 100 105 110 111 113 118 120 121 122 125 127 129 130 132 142 144 147 151 160 167 169 175 180 181 183 184 
8 68 85 105 108 134 154 160 163 170 
71 1 65 66 67 70 72 74 78 84 97 99 102 117 146 151 152 161 164 166 170 175 177 179 182 189 
11 1 65 67 72 75 80 85 86 91 93 96 106 107 110 113 115 118 119 121 122 123 124 125 127 136 137 139 141 145 146 147 150 159 160 164 165 166 168 170 171 177 184 189 190 
33 1 66 68 72 75 76 78 80 81 94 102 103 105 112 114 117 118 119 123 124 131 136 139 140 143 145 147 149 150 157 158 159 173 176 178 185 187 188 190 191 
52 68 74 84 88 91 94 95 102 112 117 121 128 131 138 154 161 169 170 172 188 192 
40 67 68 72 75 78 79 81 82 87 94 97 101 102 106 108 110 114 118 127 133 134 139 142 143 148 157 159 163 168 175 183 185 186 189 190 192 
59 67 70 86 96 102 111 113 114 118 126 130 131 132 133 138 147 160 164 173 175 177 178 182 186 188 191 
88 70 76 121 171 
24 68 70 71 72 82 85 86 88 93 96 106 110 111 112 116 123 125 126 127 128 131 137 138 143 150 151 152 157 159 161 162 165 169 170 171 172 174 176 180 182 183 185 187 191 192 
83 68 71 80 85 87 89 90 93 105 106 107 111 114 116 118 121 124 128 132 134 148 150 153 154 158 160 164 167 173 179 183 185 186 191 
35 99 119 
27 69 73 74 75 76 79 82 83 84 86 89 96 97 98 99 101 109 111 112 117 119 123 124 125 128 131 137 138 140 142 143 144 145 146 147 148 152 156 157 158 159 160 163 164 166 169 175 186 190 192 
34 66 68 72 79 82 88 90 93 99 101 103 104 108 109 111 121 123 124 127 129 132 133 137 138 141 144 145 146 151 155 156 157 165 166 167 176 178 179 180 182 186 192 
72 67 70 71 72 74 75 78 82 85 88 89 98 99 100 105 107 108 109 120 127 128 130 138 144 147 163 166 167 190 192 
55 1 164 
67 1 66 69 70 71 77 79 83 84 85 89 97 102 103 104 105 108 109 111 115 127 136 146 150 154 155 156 161 162 170 174 175 179 180 181 183 185 186 189 192 
3 67 68 70 73 79 82 83 84 88 90 91 92 95 97 98 99 101 106 109 111 115 119 120 128 131 136 145 147 150 156 161 164 166 171 173 175 181 182 183 185 192 
13 66 68 69 71 75 77 78 79 81 82 83 94 99 100 104 108 111 112 118 121 123 124 125 128 135 136 137 140 144 145 147 153 154 157 159 160 162 163 165 168 170 172 173 175 180 181 
99 1 84 90 130 155 
54 68 109 149 166 177 
42 75 86 106 112 134 136 156 170 176 
66 65 66 67 69 71 72 76 82 83 84 86 87 96 101 107 110 113 115 122 123 125 135 138 147 148 150 157 158 159 163 164 166 175 176 179 185 191 
54 69 72 73 77 81 82 84 87 88 95 96 99 101 102 103 109 110 112 114 117 119 120 123 124 127 129 130 134 142 143 144 149 150 152 154 158 163 165 167 172 173 174 177 180 184 186 187 190 
27 1 66 67 68 69 72 73 76 81 87 88 91 95 99 100 102 103 104 110 114 117 119 121 122 123 126 127 130 131 135 142 144 146 151 159 169 174 176 183 185 186 190 191 
34 105 114 130 159 180 191 
5 82 83 104 109 115 128 137 140 147 155 180 183 
8 79 106 123 135 149 152 163 167 177 
54 68 71 72 78 80 83 86 95 96 100 103 104 107 112 117 118 120 130 131 135 136 137 141 150 152 154 155 157 160 161 162 169 171 173 184 188 189 
51 67 69 70 72 84 94 99 102 107 112 117 119 121 123 124 132 140 141 142 152 157 168 170 177 181 183 184 187 188 189 
17 72 73 78 80 82 86 88 89 90 91 95 96 98 100 101 102 105 107 111 118 120 125 126 127 132 133 138 139 141 142 149 153 155 162 167 170 171 175 183 188 191 192 
35 81 88 101 124 130 135 145 154 158 161 162 
53 66 71 85 88 89 98 124 128 130 133 145 151 157 158 164 168 172 179 191 
64 84 85 92 97 102 106 120 130 143 153 166 177 181 187 189 
49 65 67 69 70 77 79 82 85 87 88 91 93 94 99 100 101 104 109 110 112 114 119 123 124 126 128 131 132 136 139 142 148 149 150 151 152 159 160 162 164 166 177 181 183 185 186 
30 65 66 69 70 73 80 81 86 90 93 94 97 98 100 108 117 121 122 124 129 131 135 136 137 142 145 146 149 151 153 154 155 157 159 162 164 166 171 173 180 188 189 
36 69 71 76 80 83 87 91 93 96 98 99 100 104 112 120 121 128 129 130 131 132 133 137 138 139 141 142 146 147 153 155 158 160 161 167 170 173 174 179 183 184 186 187 
6 65 69 72 79 82 88 92 94 100 101 104 108 109 112 116 117 121 125 128 129 130 133 135 136 137 139 141 144 149 153 154 159 160 161 165 166 169 172 175 177 180 181 183 191 192 
72 1 66 69 98 100 152 154 165 174 183 190 
19 86 106 116 147 177 190 
16 67 71 73 86 87 92 93 94 99 101 102 104 108 111 116 122 125 128 132 137 141 143 144 145 146 151 152 155 156 157 160 167 168 169 171 173 179 180 181 185 187 188 189 
86 65 73 75 76 78 84 87 93 97 98 103 106 116 138 140 154 160 167 179 187 
70 72 76 81 82 86 91 92 95 96 103 106 108 110 114 116 123 134 151 156 168 169 171 173 177 183 
89 1 66 73 75 82 85 90 94 106 110 111 112 113 114 116 120 126 131 132 135 139 144 145 148 152 154 156 157 162 169 174 176 178 191 
21 80 84 91 98 106 118 120 121 127 138 139 141 153 163 164 167 174 178 180 182 184 191 
40 1 67 68 73 74 75 79 81 82 84 85 87 92 94 96 97 108 111 112 113 121 122 124 125 132 136 142 144 145 147 153 156 157 158 159 161 163 166 167 170 171 172 176 178 184 188 
69 68 69 71 72 73 75 82 83 86 87 88 98 104 107 109 110 113 116 117 124 125 132 137 138 139 140 141 145 149 150 155 156 157 161 166 167 171 174 175 176 183 184 189 190 192 
8 1 65 66 67 68 69 70 71 73 76 77 78 80 89 94 103 110 117 122 123 125 131 143 144 146 153 156 158 160 161 164 166 167 169 172 176 178 180 183 188 
20 70 71 73 76 77 79 81 83 94 101 102 104 108 117 120 127 135 150 153 154 155 168 169 170 173 176 178 179 181 183 184 188 189 191 
86 66 75 78 83 84 87 90 91 92 93 97 100 104 115 122 124 126 128 129 134 135 139 140 145 146 149 150 151 152 153 154 157 158 159 161 168 170 173 174 175 176 186 189 190 192 
37 67 74 76 78 80 81 84 85 86 88 89 95 98 101 102 106 109 126 140 145 157 163 181 185 187 
1 65 66 72 73 77 79 80 81 84 87 95 103 109 111 117 118 119 120 122 132 136 142 145 147 148 149 150 151 155 156 157 162 163 165 174 176 186 191 
69 65 66 68 71 72 73 77 78 79 82 87 88 91 96 97 103 118 121 125 126 128 129 131 133 137 141 145 147 149 150 153 154 156 160 164 168 170 171 173 174 178 181 183 184 186 187 188 191 192 
34 68 72 148 159 162 180 189 
9 1 65 67 70 72 73 75 76 77 79 80 81 86 87 89 91 93 99 103 109 112 113 115 116 122 124 125 127 128 129 131 132 133 139 141 149 150 152 153 154 164 167 168 169 174 175 176 179 181 186 190 191 192 
51 86 103 106 110 117 119 132 134 135 151 152 183 186 192 
64 83 89 97 104 120 127 142 158 189 
36 66 69 73 75 77 78 81 82 84 88 92 95 98 100 103 109 115 121 125 127 139 140 144 147 150 154 159 160 163 165 166 168 169 171 173 176 179 181 187 188 190 
70 65 77 102 104 120 126 145 154 163 164 
14 78 82 101 102 105 109 111 139 161 175 183 186 188 
91 82 84 94 103 138 140 142 153 170 
96 67 85 88 93 96 103 105 110 112 113 117 121 122 124 139 142 160 163 175 
9 115 132 133 134 137 144 159 183 192 
21 69 72 77 79 80 82 87 89 91 94 97 102 106 108 110 121 124 125 126 128 130 133 139 143 147 149 151 152 159 160 165 175 180 181 183 189 192 
13 83 
94 148 
89 68 70 74 76 77 78 80 81 82 87 88 89 95 96 97 102 103 105 107 109 110 114 115 117 119 123 127 128 130 133 136 138 140 142 143 148 151 152 153 154 159 169 172 179 180 181 184 185 188 190 
78 65 68 71 76 80 82 83 86 88 91 93 94 96 97 99 100 108 112 116 118 119 124 130 131 132 133 141 143 149 152 156 159 161 169 171 174 175 176 178 180 184 187 188 190 191 192 
58 70 80 93 180 191 
23 68 77 79 84 95 96 104 107 112 128 133 139 149 151 153 159 167 169 172 177 187 190 
42 1 68 70 71 74 75 76 77 79 81 82 83 85 87 90 92 93 97 99 102 103 110 111 113 120 122 130 136 138 139 140 145 146 147 149 150 151 157 161 162 165 166 172 182 183 184 
35 74 80 85 86 87 98 99 103 117 118 131 132 134 137 173 178 183 189 
25 72 73 74 75 77 80 83 89 92 93 94 95 97 98 101 105 108 111 113 116 117 119 120 127 131 137 142 143 146 147 148 152 154 155 157 158 167 174 183 184 185 
71 65 66 68 70 73 77 78 87 88 91 94 95 100 101 102 110 120 126 127 129 131 132 137 145 147 148 152 160 161 163 165 171 172 179 180 181 188 191 192 
8 1 65 67 79 80 86 92 93 95 97 100 102 106 109 124 126 143 153 156 160 169 170 171 173 175 188 189 
83 85 99 100 105 122 126 133 155 180 
20 70 71 73 75 78 80 81 83 84 87 91 92 98 99 106 107 109 110 112 114 118 120 122 124 127 128 134 139 145 147 148 151 155 157 159 165 167 168 169 171 175 177 178 183 185 187 
94 1 66 68 69 72 75 78 79 94 96 98 101 102 106 107 109 117 119 123 126 129 132 133 136 138 143 144 150 153 155 156 160 162 168 180 185 186 190 191 192 
23 1 82 119 133 154 
79 67 70 72 74 76 78 83 88 90 94 96 97 99 100 105 109 113 117 120 129 132 136 138 144 148 153 157 164 168 169 170 172 173 176 177 182 189 190 
53 65 66 73 78 79 83 84 88 89 91 96 99 101 102 103 105 107 110 113 121 122 125 128 130 136 140 141 142 144 145 150 154 155 159 162 163 164 170 171 173 177 178 182 186 
17 1 67 69 71 73 77 79 80 82 84 86 88 92 94 99 102 103 106 107 108 109 110 111 114 117 119 125 129 136 139 143 145 146 148 152 154 156 159 162 163 164 168 169 170 182 185 189 
68 66 68 69 70 74 75 76 78 81 82 84 87 89 90 93 99 107 108 109 114 115 116 126 127 128 130 131 133 136 138 139 142 145 150 152 154 156 157 163 166 167 168 172 177 178 182 184 185 186 187 191 
18 3 6 61 76 58 8 59 53 76 69 4 51 36 80 8 51 91 38 67 48 19 52 11 14 19 20 13 21 30 94 43 20 39 90 48 92 39 36 9 27 25 86 100 21 53 51 90 16 27 27 29 25 30 13 94 46 10 6 68 34 99 95 15 18 67 25 1 74 13 98 13 6 59 3 29 18 68 15 77 36 22 73 53 27 16 50 25 78 65 59 58 7 18 67 90 16 96 94 63 23 2 88 22 36 98 33 52 39 85 34 35 99 89 28 22 91 48 62 99 83 10 88 60 82 31 83 55 43 66 7 1 100 5 73 34 92 20 98 35 38 85 94 22 88 49 95 9 77 47 58 56 23 42 10 37 94 71 67 6 5 91 32 39 9 83 31 18 22 17 18 73 63 63 39 100 71 9 4 58 69 2 75 19 22 88 19 98 84 85 39 19 
