130 195
54 80 107 112 121 194 
35 69 82 83 87 91 97 100 103 109 112 113 117 119 122 125 128 130 139 140 142 145 148 154 155 157 159 160 174 182 195 
53 71 73 74 76 77 81 86 91 103 112 117 122 128 133 139 144 146 164 165 167 169 170 188 
61 1 67 69 71 79 82 86 98 107 109 113 114 116 117 120 121 124 125 126 127 129 130 131 142 143 144 147 148 150 155 159 167 168 171 175 178 183 189 190 191 194 
23 97 105 108 119 121 148 165 167 
84 67 74 99 100 110 125 136 137 143 156 175 177 182 
78 68 72 81 83 85 87 88 96 101 103 106 111 115 116 119 123 127 131 133 137 138 144 157 167 168 174 177 178 191 193 
69 71 82 84 89 96 98 101 102 107 113 126 135 137 139 148 156 158 161 173 175 176 177 178 181 182 188 191 192 
34 79 87 93 112 115 123 124 125 132 135 137 141 145 155 157 160 162 166 167 182 189 193 195 
17 67 73 75 78 82 86 95 99 100 101 110 125 135 140 144 145 147 152 156 157 161 163 164 184 193 
77 74 77 86 88 89 104 107 111 114 115 120 149 185 189 192 194 
45 67 69 72 73 76 91 103 107 109 119 123 136 144 156 158 161 163 166 168 170 175 178 187 189 
93 68 71 74 75 76 77 78 83 85 89 97 101 102 103 104 105 106 110 114 117 119 122 123 124 126 136 140 148 149 152 154 157 159 160 166 170 174 177 178 182 188 192 193 
56 82 89 93 95 96 105 110 111 128 137 141 143 151 154 157 159 160 168 174 183 186 191 
9 66 68 71 75 78 79 84 85 90 91 96 97 99 106 107 120 131 144 145 159 161 163 166 173 175 176 182 185 186 189 195 
36 70 72 79 81 98 103 104 116 137 139 140 142 148 156 169 173 178 181 190 
2 152 163 181 
67 70 72 74 75 83 86 87 88 89 90 91 92 93 96 101 104 107 112 114 117 119 120 125 127 129 133 134 135 137 145 146 148 149 150 156 159 160 161 172 175 176 178 182 183 186 187 189 193 194 195 
1 104 186 
98 66 79 86 90 91 93 95 115 116 117 120 121 122 123 125 128 133 136 137 140 143 148 158 159 160 164 169 179 185 186 188 190 192 
15 68 69 74 79 82 94 96 97 101 103 105 107 109 118 125 133 151 162 166 167 168 174 178 195 
30 66 69 70 71 72 73 78 79 80 83 89 90 96 97 98 103 105 106 112 113 122 125 126 128 134 136 139 142 143 144 148 149 156 157 160 167 168 169 170 173 175 179 180 183 186 189 190 193 194 
86 96 100 111 113 116 121 126 128 133 135 150 158 165 169 171 183 184 186 187 192 
23 68 70 76 77 79 82 83 85 91 92 93 98 101 104 105 112 115 118 119 121 122 125 129 132 134 135 140 142 143 144 146 152 155 156 158 160 162 163 164 169 179 180 181 193 195 
4 103 112 115 122 126 133 139 155 160 165 171 175 181 
26 66 67 68 71 79 81 84 85 86 87 91 92 94 95 97 98 103 104 109 111 116 121 122 126 127 129 131 132 133 136 138 139 140 150 152 154 170 171 172 176 178 180 189 190 191 194 
24 71 79 87 89 100 103 107 108 109 114 118 119 120 121 127 137 138 140 147 150 152 153 154 156 160 163 165 166 170 172 173 174 180 186 191 194 195 
16 68 71 72 73 85 109 128 158 172 176 186 188 
69 73 87 108 119 121 130 131 171 183 189 
7 76 147 150 160 176 180 
64 73 89 96 108 109 114 123 127 128 131 139 144 167 168 172 176 179 183 185 189 192 
90 1 68 72 75 76 77 83 87 91 93 95 100 101 102 103 104 108 117 119 124 136 137 138 147 152 160 164 165 166 167 175 176 178 186 190 
44 1 69 70 72 74 83 85 87 89 95 96 97 100 101 103 104 106 107 108 109 112 113 115 119 120 124 132 134 136 137 140 143 146 148 149 150 153 155 163 165 166 167 168 169 180 185 186 189 191 192 194 195 
30 1 75 81 90 93 96 102 106 112 115 116 117 118 122 126 127 128 131 132 133 135 139 140 142 147 153 158 161 166 167 172 174 176 193 
83 98 140 174 177 187 
8 66 68 69 70 74 76 79 88 91 96 101 103 115 118 127 141 144 166 167 171 174 177 180 181 185 188 189 190 193 
8 69 77 95 111 118 131 136 166 
29 70 74 76 77 78 83 85 86 88 91 96 98 108 109 110 116 131 132 137 138 141 142 145 147 156 158 159 162 163 167 170 175 176 179 180 182 184 187 192 195 
83 67 76 79 84 85 92 96 97 108 119 124 127 128 129 131 135 143 144 146 152 155 159 165 168 169 173 175 177 179 182 
34 90 100 107 110 118 144 149 152 160 184 185 191 
78 95 113 127 128 164 169 
82 67 68 70 71 72 85 95 98 101 102 107 109 111 120 121 122 124 125 128 131 134 135 138 145 147 149 150 151 152 157 160 163 164 168 174 178 183 188 190 194 195 
69 83 91 106 116 121 137 
45 67 69 72 75 83 85 87 97 101 102 103 110 114 118 121 122 128 140 141 148 149 151 153 158 174 183 184 187 188 189 193 194 
41 67 71 92 93 107 109 110 112 118 120 126 130 132 142 145 157 179 183 184 187 190 191 194 
4 81 97 104 111 123 126 133 142 178 185 
34 66 74 78 85 88 94 97 110 115 120 129 132 134 150 157 160 163 168 169 170 171 178 183 188 189 
79 1 67 68 70 72 76 77 78 85 88 91 92 95 98 99 100 101 107 111 113 120 122 127 133 136 138 145 151 152 154 155 160 162 172 174 175 177 180 183 184 186 187 190 193 
44 1 68 69 70 71 72 74 75 81 84 85 87 88 89 92 97 98 102 105 108 111 119 123 125 128 129 132 137 142 144 146 149 151 158 159 160 163 166 168 170 171 172 173 176 178 180 182 190 192 194 
33 69 75 76 78 81 86 91 94 95 98 112 115 122 126 128 130 131 133 134 137 138 143 145 153 168 172 173 181 182 183 185 187 189 195 
6 68 69 71 75 92 95 96 99 105 112 117 122 125 132 138 140 142 143 157 169 172 175 177 180 186 191 193 
44 66 76 83 85 87 91 94 104 112 120 127 135 159 169 170 173 182 
48 66 67 74 75 78 79 83 102 108 111 115 116 118 124 126 127 144 149 150 157 163 165 170 177 178 182 184 187 189 
21 80 100 111 122 135 163 170 172 175 189 191 
94 1 68 78 83 91 95 104 108 131 135 139 146 151 162 163 166 167 169 178 190 
28 73 79 90 95 102 105 108 122 125 128 137 141 142 144 145 146 147 151 152 158 159 165 167 191 192 193 
26 86 99 108 111 118 124 125 130 144 146 157 158 159 188 
38 74 90 97 102 116 118 119 121 125 128 133 137 138 142 149 150 154 170 176 182 184 188 
91 69 71 73 81 83 84 90 93 94 96 98 99 101 104 105 113 118 119 127 131 133 136 140 151 152 154 156 171 173 194 
94 1 74 75 85 94 103 114 133 136 145 148 158 163 170 187 
69 81 102 135 181 184 185 
49 67 76 81 87 89 97 99 103 114 129 130 132 143 148 152 154 158 162 170 176 187 193 
91 67 75 76 79 81 83 87 90 91 94 95 97 101 103 108 110 111 114 116 117 118 119 121 122 125 126 129 131 134 137 141 144 149 150 152 153 154 155 160 164 168 170 173 175 176 181 185 187 188 191 192 194 
12 69 70 74 77 82 89 91 93 97 99 100 102 104 113 120 121 122 126 130 132 153 158 166 168 171 180 189 
47 69 73 74 76 81 84 89 90 94 95 101 102 103 105 111 113 119 121 124 125 127 129 134 135 138 139 141 142 144 147 149 150 154 155 159 160 164 167 169 171 174 175 177 179 181 182 185 187 189 191 
9 1 67 72 88 92 96 97 99 100 103 105 108 119 122 134 136 139 140 150 157 162 163 170 173 175 178 182 191 192 193 
54 1 67 73 75 80 81 82 83 85 86 89 93 94 97 106 107 109 110 116 118 119 120 123 125 129 131 132 133 134 137 140 141 145 150 152 158 160 161 162 164 167 168 171 173 174 178 179 180 181 183 184 190 191 192 193 194 
70 86 88 98 104 111 114 117 120 128 138 139 140 141 146 147 148 152 156 160 161 164 169 170 180 190 191 
10 72 79 85 86 89 95 99 115 118 123 139 141 144 153 177 179 181 
41 68 80 83 96 103 105 106 107 113 114 131 134 137 139 143 145 150 155 162 163 167 174 187 191 
65 71 75 77 79 81 82 86 92 93 95 100 102 103 105 106 109 110 122 126 134 136 137 138 140 141 142 143 146 149 153 157 158 159 161 173 175 180 181 182 183 187 188 189 190 192 194 195 
11 1 68 70 72 73 76 77 80 81 83 87 89 93 98 100 102 103 104 109 111 112 115 118 119 122 124 126 137 140 142 143 145 146 148 150 152 155 156 161 168 173 178 179 181 182 185 189 193 195 
48 91 127 156 157 159 165 166 171 182 186 
81 66 77 79 80 81 90 91 93 103 104 112 113 115 125 128 129 132 133 141 142 143 145 146 147 149 154 158 159 163 168 169 172 174 177 178 185 190 192 
8 74 82 86 88 92 99 102 107 113 116 118 119 123 124 133 142 145 148 156 172 177 184 188 194 
44 1 76 77 89 91 92 93 99 108 112 115 116 119 122 125 126 128 129 130 133 138 139 144 157 158 176 183 187 188 191 
45 73 74 91 93 98 125 129 130 132 135 136 139 140 155 157 168 172 182 186 192 194 
50 76 85 116 140 141 150 167 189 
50 72 74 77 78 81 83 88 92 94 98 99 101 102 103 110 111 112 115 118 120 123 128 130 131 132 136 137 138 141 143 144 148 149 154 158 159 161 162 163 166 168 170 176 177 179 182 183 186 189 
67 75 102 
1 1 66 67 68 74 82 88 90 94 98 105 115 119 122 129 130 131 151 169 171 172 180 187 188 192 193 194 195 
27 135 166 
42 89 94 114 115 123 130 132 135 139 
17 79 83 86 87 89 92 96 101 104 105 106 109 110 112 115 116 120 129 130 131 134 135 137 142 144 148 149 153 155 157 162 167 169 172 173 174 177 178 180 184 188 189 191 193 195 
44 74 75 77 81 82 83 88 89 91 95 103 106 111 113 116 124 128 129 133 143 144 146 148 159 163 164 165 167 170 180 181 182 183 184 
6 75 76 77 86 89 117 145 149 152 159 163 193 
36 1 66 67 70 78 80 88 95 96 102 103 106 108 111 114 123 124 131 133 137 139 140 144 154 157 158 159 161 164 168 171 174 177 179 181 182 186 188 189 192 
87 67 74 77 78 82 92 107 108 113 125 130 131 133 138 160 162 168 170 171 174 182 186 191 
19 67 70 80 81 82 87 89 96 100 107 108 121 123 125 130 131 134 140 143 153 165 176 184 185 189 190 
9 69 73 75 79 84 85 87 88 94 97 98 99 100 104 110 113 118 119 120 122 128 132 137 140 150 158 161 162 163 165 166 167 172 173 174 175 176 178 181 182 184 185 189 194 195 
57 1 73 95 96 106 121 130 131 133 135 142 150 160 168 171 175 182 
82 71 77 85 87 106 131 138 143 153 156 168 171 176 180 185 186 
5 76 96 106 112 116 130 145 153 154 157 158 194 
94 68 69 77 80 85 86 96 107 108 109 115 126 130 131 132 133 137 138 140 147 156 157 162 163 169 176 181 186 187 193 195 
22 1 71 76 80 82 85 86 87 89 91 94 95 96 99 101 103 105 106 109 111 112 115 119 127 128 132 134 137 142 144 145 146 149 155 158 159 160 167 170 174 175 181 184 186 189 192 
73 1 68 72 75 84 85 87 91 99 100 103 107 112 116 118 119 122 124 128 132 138 140 141 150 152 154 156 158 161 163 167 169 172 174 177 182 186 
34 88 91 143 163 187 
83 72 73 92 106 109 110 117 120 125 128 132 148 164 165 172 186 188 192 
23 69 70 74 78 86 93 95 97 100 102 109 113 125 130 139 141 142 145 146 148 155 159 164 166 171 195 
85 1 69 71 74 75 80 82 83 84 86 89 90 92 93 96 98 99 102 111 115 116 117 121 123 129 130 136 141 142 146 150 152 154 156 160 163 164 169 173 174 177 178 179 185 187 190 194 195 
85 1 67 97 106 135 168 
77 70 76 79 83 85 90 94 98 104 105 107 122 123 125 126 127 136 137 138 139 144 148 162 164 170 177 178 180 181 182 184 187 
49 66 67 70 71 73 75 76 78 81 83 84 85 90 91 100 101 102 104 108 109 110 118 119 122 130 134 136 137 138 141 145 151 152 157 158 161 163 165 171 172 181 183 185 187 188 190 
47 67 69 70 86 88 100 101 104 108 109 111 113 114 125 126 128 130 133 139 141 142 144 145 151 154 159 167 170 173 177 178 180 181 186 187 190 191 
22 68 69 70 73 81 82 88 89 93 95 99 103 109 111 112 120 128 131 133 139 151 152 153 157 158 163 165 169 170 180 183 194 195 
18 67 73 83 87 97 98 102 114 118 122 124 125 126 132 138 141 142 145 151 153 157 158 173 177 181 183 185 188 
44 83 86 88 91 102 108 116 144 145 149 159 161 168 173 
78 69 73 75 81 84 88 93 96 99 105 106 107 110 113 115 118 122 124 125 129 134 135 136 140 141 142 143 145 150 153 159 160 164 166 168 169 175 179 183 185 187 
93 100 114 125 138 139 185 189 194 
59 67 82 83 87 111 121 125 126 133 137 144 149 150 156 167 175 176 180 183 189 193 
41 71 72 74 75 76 79 80 83 84 86 91 98 100 102 109 117 120 128 130 137 147 148 152 155 158 159 162 164 169 173 177 178 180 181 182 185 187 190 194 195 
62 78 86 140 166 170 189 195 
52 72 74 80 91 105 114 118 120 124 135 143 145 149 150 155 173 179 183 189 190 
27 74 76 87 90 97 104 106 110 113 121 122 124 129 134 139 142 152 154 159 162 165 178 180 184 188 194 
54 71 80 81 84 85 92 97 105 107 108 112 116 134 147 154 155 157 158 187 190 
46 67 70 72 74 75 77 80 81 84 89 93 98 100 101 105 107 109 110 111 115 119 121 123 124 125 128 129 130 132 134 137 139 142 144 148 149 152 154 155 156 158 161 162 165 167 174 175 182 184 189 193 194 
19 66 79 86 132 191 
83 75 78 85 107 126 131 132 146 149 153 158 164 179 
4 70 84 105 121 129 139 160 176 
29 92 99 122 146 160 164 185 
40 1 74 75 76 77 111 155 158 162 167 172 184 186 194 
45 66 76 82 87 106 114 122 127 135 157 166 
14 66 68 71 74 75 82 86 91 95 100 101 105 107 117 118 126 127 131 138 142 143 149 151 154 160 165 168 170 187 188 190 192 195 
69 66 68 69 71 74 75 77 81 88 91 92 93 94 101 102 103 104 108 109 110 111 114 116 117 118 121 122 128 135 137 139 148 152 156 161 163 165 166 168 171 173 174 177 180 181 186 188 189 193 195 
35 1 69 73 74 78 81 83 85 89 92 95 96 98 100 102 110 112 122 123 124 125 126 128 133 136 138 140 141 143 145 146 153 157 162 168 169 170 171 172 173 179 181 182 183 190 192 195 
2 69 70 74 76 78 79 83 84 89 90 92 95 101 102 108 126 130 139 159 160 161 165 166 167 174 175 176 178 180 182 189 191 194 195 
86 68 70 74 77 83 84 91 92 94 98 104 107 108 112 117 125 129 130 135 136 137 139 144 147 148 165 166 167 176 179 182 185 188 190 192 
71 78 98 100 123 125 131 146 163 186 
49 99 
54 78 92 133 166 184 188 193 195 
52 12 86 48 100 7 40 30 60 76 19 8 35 8 31 49 66 6 69 71 44 57 33 66 8 84 53 80 23 34 34 90 67 26 69 41 37 21 69 87 8 14 30 4 64 88 19 45 37 92 53 54 31 49 96 22 3 62 3 32 60 44 30 42 9 87 9 72 26 21 87 44 65 61 61 7 41 36 61 63 60 62 37 20 54 91 49 80 27 17 83 23 89 44 73 17 94 18 99 4 85 65 79 67 93 25 23 84 1 24 79 1 74 76 50 7 21 67 46 69 61 57 67 23 29 47 36 77 80 77 54 99 11 17 92 40 80 89 45 45 44 20 29 98 24 92 67 13 8 42 73 56 87 97 45 61 28 53 55 27 21 82 78 90 2 61 53 30 46 67 22 34 81 96 51 23 50 81 51 63 67 60 20 35 89 94 43 81 94 74 99 93 89 83 68 
