132 198
95 1 69 70 72 75 77 85 87 88 89 91 97 98 99 103 107 108 110 114 115 117 121 127 130 131 132 133 134 136 137 138 139 146 149 157 159 165 169 172 173 176 179 180 182 183 188 189 191 195 
54 68 70 72 73 74 75 79 80 81 85 86 89 99 101 111 112 115 116 119 121 122 124 126 128 129 132 134 136 139 140 141 145 146 148 151 152 157 159 163 166 169 171 173 174 175 177 178 182 191 198 
3 67 70 74 76 77 79 82 87 91 94 96 99 105 106 108 109 114 119 123 127 130 134 141 142 143 147 151 152 156 157 159 162 164 165 169 171 174 176 180 182 184 186 189 193 194 195 196 198 
1 71 94 122 123 138 
12 67 73 74 78 83 85 123 133 136 151 158 162 163 167 168 174 175 197 
33 70 74 75 78 80 81 84 87 90 92 94 96 98 99 101 103 106 109 120 122 131 132 134 135 136 137 139 144 146 151 153 154 158 160 162 165 166 167 170 179 181 182 189 196 197 
63 68 69 73 79 83 95 98 102 105 110 124 125 135 138 140 150 151 158 168 169 172 173 178 191 192 198 
23 71 74 75 76 77 80 81 93 98 102 105 108 110 113 115 117 120 121 122 123 124 131 135 139 142 146 149 150 154 156 157 158 160 163 165 169 180 181 182 184 185 186 188 192 193 196 
21 67 71 73 79 82 90 91 93 95 96 111 126 132 133 144 145 148 149 150 151 160 161 162 168 171 174 176 180 182 188 190 
6 74 81 95 96 97 100 115 118 120 123 142 147 153 154 164 165 167 172 174 177 178 181 182 191 192 194 197 
5 72 76 87 96 103 105 106 110 113 114 119 121 122 124 125 129 136 145 147 151 160 161 163 165 170 171 181 184 186 189 191 194 195 
66 68 69 71 74 104 112 122 131 156 173 187 195 197 
81 67 69 75 80 81 84 85 88 99 102 104 106 109 118 120 124 125 126 127 128 130 133 137 139 140 146 154 158 161 166 172 173 192 193 194 195 
49 67 68 69 74 80 83 85 89 93 111 116 126 128 130 135 137 138 139 140 143 144 148 149 153 160 165 166 168 169 170 172 173 174 185 195 197 198 
100 1 68 77 79 80 81 86 88 91 99 107 109 110 123 129 139 142 144 152 153 154 155 159 163 176 183 186 197 
12 70 76 90 91 107 124 127 148 175 178 179 183 187 193 
50 1 71 74 80 82 85 90 94 95 98 106 107 109 111 112 113 116 127 131 132 133 136 139 140 148 152 155 157 166 170 174 175 177 179 182 183 192 193 194 195 
56 69 77 78 84 91 106 108 109 116 117 127 136 137 138 142 143 152 156 168 170 180 183 184 190 194 
67 76 80 87 90 96 97 98 99 101 104 105 108 109 112 116 128 132 134 136 138 141 142 145 151 155 156 159 168 175 185 187 189 192 196 
4 69 76 81 94 95 97 100 106 109 110 116 123 125 136 141 144 150 151 153 156 159 160 171 172 180 181 190 192 196 198 
32 67 69 73 74 78 80 82 85 95 98 101 108 109 111 112 115 116 117 119 125 127 130 132 134 136 141 154 156 157 159 161 162 165 168 170 171 173 178 181 182 183 185 190 193 195 196 197 198 
73 1 67 68 72 74 77 79 81 83 86 87 88 91 92 93 94 98 99 102 108 113 117 118 119 124 136 140 142 143 145 147 149 153 154 155 160 163 164 165 166 169 172 173 175 176 178 179 184 186 190 195 197 198 
57 69 70 74 85 86 89 90 92 93 96 98 103 105 106 109 110 111 112 113 117 126 130 132 133 135 136 138 139 140 142 147 149 151 156 159 163 167 175 177 180 183 184 188 192 193 195 196 198 
61 71 78 94 96 99 104 117 121 123 129 132 134 137 139 145 146 153 157 158 164 168 171 183 188 195 
94 69 73 81 85 86 87 91 96 98 100 104 107 111 116 119 120 121 123 127 146 151 152 157 161 165 174 177 181 183 184 189 195 
78 68 69 71 72 73 77 78 79 80 88 91 95 96 97 98 110 114 117 125 127 128 133 136 139 141 142 143 144 150 152 157 163 170 172 176 179 183 185 193 194 196 197 
39 67 73 74 83 87 93 94 100 101 102 105 111 120 122 127 141 146 152 154 169 176 177 183 188 196 198 
88 69 70 73 75 79 80 90 91 97 101 102 104 111 112 114 119 120 122 126 127 129 130 131 132 135 139 143 149 153 156 157 165 166 169 170 171 173 175 176 180 182 183 185 186 190 191 192 193 
29 74 79 87 90 93 109 124 129 132 141 144 150 170 178 187 188 194 
4 68 71 73 74 78 86 89 90 91 93 94 96 101 104 105 106 108 109 111 116 117 119 121 125 127 129 134 139 141 142 143 145 146 148 151 159 160 162 166 169 173 174 178 179 181 189 190 192 195 196 
85 1 69 70 74 92 94 95 99 100 103 106 108 112 115 116 118 119 121 131 138 143 145 146 148 151 155 160 166 169 172 175 185 191 193 
70 1 69 75 84 85 89 96 98 99 100 103 107 121 125 129 135 138 140 144 146 147 148 150 157 158 172 176 182 197 
47 1 68 81 97 102 103 107 121 123 134 137 148 160 163 174 177 183 184 186 190 
92 112 177 
87 1 70 79 80 81 82 84 86 90 91 94 96 120 123 124 130 139 143 145 148 150 152 154 155 160 161 165 168 174 180 186 188 189 
24 1 75 79 100 101 104 109 114 116 117 118 124 128 131 135 136 141 143 145 150 152 160 166 169 170 176 177 181 191 193 
61 1 68 72 73 75 76 80 81 87 88 93 94 96 98 100 101 115 119 121 122 125 130 135 137 140 141 147 148 150 154 160 168 171 172 174 177 179 180 182 183 186 187 190 193 196 197 198 
77 1 67 70 72 74 77 80 82 87 91 98 99 100 101 102 105 106 107 110 116 117 120 126 128 135 136 137 140 141 145 147 148 150 152 158 163 165 172 174 175 176 179 191 192 194 198 
51 67 69 73 75 77 84 88 92 94 99 100 102 104 106 107 108 111 119 121 122 128 134 141 142 144 151 153 155 161 163 173 175 177 181 182 185 
1 73 76 78 82 84 92 124 150 152 156 162 168 176 197 
38 1 68 69 73 74 78 79 88 89 90 91 92 93 94 96 104 110 111 115 117 121 126 127 128 133 137 142 144 147 151 153 154 155 156 157 163 170 172 173 174 178 179 181 182 188 189 190 192 193 196 197 
69 67 72 75 77 82 85 87 91 92 96 97 98 102 103 104 105 111 112 122 124 129 130 132 136 138 140 141 143 144 156 163 171 176 193 
42 70 87 116 123 165 
41 80 90 99 103 108 114 143 145 147 155 165 175 180 196 
94 68 73 94 107 110 116 121 136 148 151 152 169 172 173 174 179 180 183 190 192 198 
1 67 71 72 73 77 78 81 83 84 85 87 90 94 97 100 102 107 109 111 118 121 122 124 126 127 128 129 130 132 134 136 140 143 150 151 152 155 156 159 163 168 171 172 179 181 185 187 189 194 198 
43 72 80 83 95 96 104 137 140 141 142 143 144 148 153 159 160 169 174 195 198 
80 71 81 83 87 97 110 115 118 120 132 136 149 157 169 178 182 186 196 198 
59 1 67 72 76 77 81 83 84 94 98 102 104 107 108 115 117 121 123 126 129 130 135 137 138 140 144 147 148 149 156 163 165 166 168 173 174 176 179 183 184 185 187 190 192 193 
75 1 67 73 77 78 81 83 87 88 89 90 92 94 97 104 105 106 110 111 116 118 122 126 129 130 135 142 143 151 154 155 156 157 162 167 168 169 171 173 177 183 186 191 193 196 
71 1 68 70 73 78 79 87 88 89 93 97 100 107 109 111 113 115 126 128 132 138 140 141 142 148 149 152 154 163 165 177 183 191 193 194 
60 68 71 72 75 87 91 96 101 117 118 120 121 124 131 135 138 148 153 160 167 174 176 196 
89 70 72 75 81 85 96 98 104 110 132 133 137 139 143 146 152 153 157 158 165 166 167 170 171 183 191 192 193 
36 1 76 79 82 83 92 94 96 104 105 107 115 116 121 125 126 138 157 163 168 174 177 184 189 197 
24 1 69 80 89 92 109 111 112 121 131 132 135 146 160 161 167 171 179 184 186 188 198 
70 101 112 114 174 190 
20 67 68 74 75 85 91 92 95 109 111 117 120 122 136 137 138 139 154 166 169 176 184 196 
29 67 69 70 72 76 78 79 80 82 83 84 85 90 94 95 98 104 105 109 115 116 119 121 122 127 129 130 132 137 138 139 149 153 159 162 163 166 172 173 175 177 178 182 186 188 191 192 
48 70 71 73 74 77 81 83 86 89 91 94 99 107 111 115 116 120 121 126 130 131 140 144 149 151 154 156 157 159 168 172 177 178 179 181 189 192 193 197 
3 69 75 76 84 86 90 91 95 106 108 112 116 119 120 124 130 136 141 143 145 149 151 152 154 156 160 162 164 166 168 172 174 176 188 189 190 192 
83 69 76 79 80 81 87 88 90 95 102 108 110 119 120 125 127 131 132 138 142 143 145 148 150 154 159 160 162 164 175 177 181 182 183 185 186 189 190 192 193 196 
77 68 71 78 81 85 86 87 88 89 90 95 97 100 103 104 105 109 110 111 113 117 119 122 124 133 137 138 142 144 149 153 154 155 158 162 164 165 169 172 173 174 176 182 184 192 193 195 196 197 
46 73 75 86 87 110 152 163 167 168 178 180 196 198 
81 84 127 128 150 188 
73 78 84 88 115 119 179 185 
68 67 71 79 86 92 95 97 110 112 122 131 132 139 142 149 152 160 162 164 166 169 171 172 173 175 182 184 185 186 188 192 197 
44 85 88 96 99 100 106 108 109 112 113 118 131 134 135 141 150 152 153 165 175 183 190 193 
22 70 75 79 83 85 88 90 93 96 97 98 104 107 111 113 114 122 123 125 127 135 137 138 141 144 147 154 160 165 166 170 171 175 180 190 191 194 196 
76 1 67 69 70 73 76 88 99 104 107 111 113 115 124 127 128 133 135 141 142 144 145 148 149 153 154 160 162 163 164 169 171 172 173 174 175 176 177 180 181 183 185 187 190 192 194 195 196 
85 99 187 
30 89 96 115 150 172 
90 1 70 73 75 82 87 101 104 105 113 115 116 117 118 119 121 123 124 130 131 133 134 135 140 144 145 147 150 152 153 158 165 166 170 174 175 181 183 184 189 190 197 198 
40 67 72 78 79 85 88 92 95 96 97 105 113 127 128 129 142 149 155 158 161 164 165 166 171 176 178 194 198 
39 68 69 87 89 90 91 96 97 102 110 112 115 123 124 125 126 127 128 129 132 134 135 142 144 147 152 156 158 166 171 174 175 176 181 183 184 187 188 
16 70 73 80 92 98 101 110 112 117 125 126 131 132 138 145 146 152 154 155 158 163 173 176 177 178 182 183 191 
11 74 75 78 80 81 82 83 86 87 90 92 93 96 100 107 109 110 111 113 121 124 127 131 134 137 144 149 150 154 159 164 166 170 171 178 184 188 193 194 195 
66 71 79 84 97 103 115 118 164 177 181 182 186 194 
49 130 136 156 186 187 
10 69 87 91 92 93 94 95 114 124 159 167 174 188 194 196 
34 70 71 73 80 81 84 88 91 97 103 104 111 122 123 124 125 126 127 129 132 133 138 143 146 147 148 151 152 155 157 158 159 160 161 163 169 170 171 173 175 179 180 183 185 186 189 191 194 196 197 198 
40 76 81 84 88 98 107 113 118 121 130 135 137 140 142 144 164 165 171 173 175 176 181 184 189 192 197 198 
95 69 73 82 85 86 93 94 99 100 104 105 107 109 110 116 120 123 126 128 129 130 141 146 151 152 154 156 157 160 166 168 169 170 171 174 177 181 184 187 188 189 192 193 195 
23 1 68 71 73 79 85 86 87 91 92 96 97 101 102 106 113 117 119 120 121 122 123 124 128 131 132 133 134 135 137 139 142 143 146 151 152 159 160 162 165 174 176 177 188 189 192 194 197 198 
58 70 71 77 78 82 83 87 88 89 92 93 94 97 98 104 109 115 117 121 123 124 127 130 132 134 138 139 141 143 144 145 146 147 148 155 156 158 163 165 167 171 173 176 179 185 186 189 190 191 198 
20 1 71 74 76 82 84 90 92 96 100 104 107 113 120 121 122 123 124 129 130 133 134 136 141 142 145 147 149 150 151 152 156 158 159 165 169 175 180 181 184 188 191 193 
77 1 67 83 87 90 91 93 95 96 98 104 114 116 120 121 123 124 125 133 134 136 138 145 146 155 160 163 164 174 177 181 182 184 185 189 190 197 
90 67 72 76 78 80 84 88 91 101 107 119 120 127 131 132 136 146 151 152 166 179 189 
20 68 70 73 77 81 86 90 92 94 95 98 102 103 104 106 110 113 120 122 132 140 144 146 149 152 153 156 171 175 181 190 191 192 198 
21 67 71 79 82 85 86 88 99 106 107 114 127 129 131 133 134 136 137 138 140 141 149 154 164 165 175 178 181 193 198 
50 67 78 79 84 85 89 90 91 94 97 99 100 103 107 112 114 115 116 118 120 121 123 128 132 133 135 142 144 148 154 157 164 166 168 169 172 176 177 179 180 181 185 186 190 192 194 195 196 197 
100 89 123 132 144 
53 68 70 72 74 76 79 83 85 86 88 89 92 97 99 102 103 104 112 118 119 121 124 126 131 137 138 140 141 143 146 147 150 152 157 159 160 163 165 169 172 176 177 178 180 184 186 188 189 192 194 197 
87 1 69 74 78 82 85 87 98 102 103 104 105 107 111 114 116 117 119 120 125 126 130 133 147 148 149 155 160 165 176 183 184 186 187 
46 72 73 75 76 77 78 80 81 87 90 93 95 99 104 108 109 110 111 113 115 116 117 119 120 125 128 134 137 138 139 142 143 154 155 159 162 165 166 169 173 176 184 185 186 188 193 196 197 
96 71 73 76 80 83 85 93 94 96 98 99 103 104 115 118 120 126 130 131 132 133 136 137 141 143 144 147 148 153 154 155 159 160 163 166 168 173 178 182 189 196 
42 1 72 73 76 79 82 85 90 95 99 105 110 111 113 115 116 118 124 129 130 133 135 144 147 148 151 162 163 167 170 173 174 177 178 179 180 181 184 185 189 191 195 196 
17 89 93 104 112 113 118 125 126 141 168 175 182 
29 1 67 69 75 81 92 95 107 109 110 114 115 116 118 129 139 142 149 160 164 165 176 178 179 180 186 188 193 195 196 198 
21 69 73 78 97 100 101 105 107 113 118 122 129 134 138 147 153 162 177 186 195 197 
24 72 73 75 80 81 84 88 89 93 98 107 113 115 117 123 128 131 141 155 160 166 169 171 173 178 181 184 186 193 
83 68 69 70 71 78 80 84 87 88 90 91 93 95 97 104 105 106 110 111 113 114 116 120 123 126 127 130 133 137 141 143 144 145 147 149 150 154 155 157 166 167 169 170 174 176 178 180 183 185 187 189 190 192 194 198 
92 67 72 74 75 80 81 84 87 88 91 98 100 102 105 109 112 114 116 120 125 130 131 132 133 134 136 143 146 148 150 152 155 161 169 170 174 178 180 183 184 185 186 187 188 189 198 
57 83 98 99 101 104 107 125 166 185 
37 1 67 74 75 78 90 91 95 100 101 105 110 123 127 132 141 148 158 169 171 178 180 185 187 188 
10 1 69 74 82 84 89 99 101 104 107 111 116 117 128 136 139 140 141 142 153 154 155 156 159 164 167 172 179 180 183 187 192 194 197 
49 68 70 78 82 84 90 98 100 101 102 103 104 105 109 114 119 127 129 140 141 147 148 152 155 160 164 166 171 176 177 188 189 194 196 
51 1 68 69 70 72 77 78 79 84 85 88 91 95 96 97 98 99 108 111 117 119 120 124 125 126 127 132 138 142 145 147 149 152 153 155 158 160 164 165 167 175 180 183 192 197 198 
21 1 67 68 69 70 74 82 85 87 93 95 96 98 99 102 105 107 117 123 127 128 137 138 142 152 162 163 167 168 173 182 184 188 193 194 195 197 
50 68 73 93 94 98 100 103 107 108 113 115 116 118 119 120 124 125 131 133 139 142 145 147 151 152 153 155 157 158 164 172 173 175 178 184 186 187 188 194 196 198 
49 78 88 89 94 96 97 107 112 122 123 130 134 138 144 145 148 150 151 152 160 164 172 182 187 190 197 
57 68 75 78 84 85 88 89 98 99 100 103 104 107 109 110 112 121 124 130 131 133 135 138 141 143 145 155 157 162 163 164 165 168 172 173 175 177 179 180 185 191 195 198 
35 70 75 79 81 87 92 95 97 112 113 122 130 133 134 136 139 160 167 170 173 176 177 178 183 185 187 188 189 193 
43 1 76 86 88 97 98 100 101 105 111 116 120 123 132 138 142 150 153 155 157 167 176 194 196 
63 1 70 80 85 87 99 101 103 105 114 118 121 125 126 134 135 139 141 149 156 158 163 165 166 171 173 177 178 179 187 197 
25 67 68 74 75 77 81 83 85 87 90 96 100 111 112 113 114 115 118 120 122 128 134 136 137 139 141 143 144 147 149 153 157 162 165 166 171 176 178 180 181 182 183 184 189 191 193 195 196 
35 70 74 75 78 79 81 82 88 89 91 94 95 98 106 107 111 112 113 114 118 120 123 126 132 141 143 147 148 153 154 158 160 162 165 166 169 170 175 176 180 182 183 186 192 198 
67 1 70 71 76 79 82 85 88 90 105 107 109 110 123 126 131 158 159 161 168 169 172 180 184 187 192 197 
79 67 69 72 73 75 80 81 90 92 97 99 102 103 104 109 113 118 122 124 125 126 130 136 139 141 144 149 152 153 156 159 161 162 165 167 168 170 184 186 187 188 194 
82 75 76 78 80 81 83 88 89 98 100 104 105 107 109 110 119 123 128 131 137 141 142 143 145 149 159 164 165 167 169 170 171 172 175 178 180 187 192 193 195 197 198 
67 143 174 
56 69 71 74 75 77 78 80 82 86 89 91 93 94 95 97 102 106 107 109 115 116 119 129 130 131 134 138 139 143 145 149 151 153 157 158 159 163 178 179 181 184 186 189 191 192 197 198 
10 67 69 76 84 87 93 96 101 102 106 129 132 139 140 153 160 171 180 183 184 191 198 
38 1 69 74 81 82 84 85 86 87 88 91 101 102 105 108 111 112 117 127 128 130 133 136 139 140 145 146 152 155 157 158 168 176 179 180 181 182 188 191 192 194 195 
48 68 78 79 80 86 87 90 93 95 101 105 106 111 112 113 117 123 125 127 129 130 138 146 147 148 159 164 165 167 170 173 174 175 178 179 181 183 185 193 198 
99 1 68 69 70 73 86 112 121 129 133 141 163 170 178 186 192 
82 72 76 82 90 103 105 117 126 135 137 143 153 154 158 164 169 176 179 189 
6 1 68 70 73 74 79 85 105 109 111 112 113 116 117 122 123 129 133 136 143 146 147 149 151 154 156 159 169 179 180 182 
65 75 89 91 93 94 96 98 104 119 120 129 154 162 168 187 195 
83 1 67 74 77 83 85 94 95 96 99 115 123 132 135 136 139 140 153 157 158 160 167 171 172 180 181 186 194 198 
38 68 70 72 78 81 84 107 108 109 113 117 119 122 123 127 135 139 143 147 152 156 157 159 168 172 185 191 193 197 
43 83 90 97 101 115 121 134 136 140 143 148 152 160 166 167 175 195 
54 71 72 77 78 93 96 107 108 116 117 125 127 128 130 140 142 143 146 150 154 156 157 158 160 162 171 173 174 186 188 189 190 191 192 
32 59 57 10 12 69 91 44 67 39 56 45 37 43 50 96 90 49 21 69 47 27 65 76 40 19 50 19 19 60 27 75 90 35 58 40 75 11 47 31 97 97 40 27 9 92 23 28 8 18 60 18 51 28 36 91 48 2 54 49 87 14 99 65 26 46 30 40 85 94 47 97 92 24 47 7 100 3 47 72 91 86 58 57 99 60 46 39 63 69 25 8 24 81 89 69 30 45 84 12 36 26 100 73 15 49 8 91 83 87 15 17 89 96 67 62 12 77 16 95 88 63 4 91 92 93 30 77 91 95 42 17 40 69 14 29 56 61 6 34 18 68 46 5 28 15 27 68 67 72 17 58 65 46 61 16 69 54 46 84 47 44 15 97 66 4 28 8 40 53 1 32 97 31 9 95 18 3 37 58 59 56 85 7 38 49 16 46 33 29 92 7 11 41 72 58 62 22 
