134 201
78 72 74 76 83 86 87 89 92 93 94 96 97 98 101 103 105 106 111 112 114 116 122 123 129 130 131 132 134 138 140 142 144 145 147 150 154 156 157 158 167 171 173 175 181 184 187 189 194 196 200 
1 71 73 77 78 80 82 86 89 97 98 99 101 104 111 113 115 116 120 124 125 126 130 131 132 133 135 138 142 143 151 152 153 154 155 159 163 164 166 169 170 175 177 179 180 189 190 191 192 194 198 199 200 201 
70 68 69 77 80 85 89 90 91 94 95 98 101 109 112 114 118 123 128 129 134 138 139 140 155 159 161 165 171 172 178 183 191 198 200 
100 75 84 86 93 102 106 108 116 121 122 125 141 142 146 157 159 169 171 172 173 174 175 177 179 183 192 197 198 201 
76 107 111 123 134 148 170 177 182 186 198 
64 68 73 84 89 90 92 99 102 106 112 119 124 129 133 136 139 149 150 156 168 169 170 174 191 198 201 
82 70 71 78 80 81 83 93 100 101 107 118 123 126 127 129 132 133 135 142 143 147 148 150 151 161 164 166 168 169 179 181 182 183 184 186 187 189 199 200 
31 75 77 83 84 85 87 89 91 93 94 96 98 101 103 106 107 109 110 111 112 115 117 120 124 131 135 136 138 139 142 145 152 157 159 167 168 171 172 174 175 177 179 183 187 190 195 
26 68 71 89 93 94 95 96 97 103 110 124 137 141 142 147 151 152 154 156 172 173 183 187 189 199 
24 69 71 77 82 83 85 90 109 115 117 121 143 149 153 158 162 172 175 178 194 196 
32 73 77 96 102 108 116 142 151 179 
68 69 70 71 72 79 81 82 87 89 91 96 98 100 103 105 113 126 128 133 140 146 147 158 163 164 165 166 168 170 175 176 185 187 192 195 
18 72 75 80 86 87 91 92 93 97 103 104 108 112 120 122 123 127 132 142 145 146 150 151 160 162 163 164 165 167 168 173 174 175 182 184 185 186 189 191 192 193 
4 72 73 79 81 87 97 102 118 122 124 133 136 137 145 148 150 151 152 157 161 162 163 169 177 179 187 190 194 196 200 
16 1 69 74 75 76 78 80 81 91 93 97 100 102 103 104 106 107 112 121 122 137 142 154 156 164 179 182 187 190 191 194 195 
95 73 90 103 116 135 155 158 159 191 
61 81 89 91 97 106 110 116 131 132 146 149 150 156 163 164 169 174 179 183 198 201 
12 84 97 120 140 142 149 160 175 198 
27 70 71 78 79 80 95 98 99 102 103 107 117 124 126 140 142 143 146 160 161 169 176 183 184 187 196 200 
56 73 74 91 97 103 109 118 124 133 137 139 143 146 149 150 168 170 176 177 187 196 198 
85 1 89 110 112 113 114 124 130 142 143 159 171 176 177 181 183 186 187 189 198 
6 68 72 75 76 85 89 90 92 93 94 106 114 119 122 124 128 131 135 140 142 147 148 154 163 170 171 179 181 187 188 191 195 197 198 199 200 
16 71 80 85 100 102 110 113 123 126 133 141 143 158 178 188 194 
14 69 72 76 78 81 82 83 85 88 90 93 106 107 110 112 113 115 117 123 125 128 133 135 136 138 141 145 146 148 151 153 157 158 159 160 161 165 166 167 168 170 171 173 177 178 181 186 188 193 197 198 
97 1 71 75 77 82 83 84 88 89 91 92 93 94 99 100 104 107 108 110 111 112 116 119 125 126 136 137 144 146 147 148 151 152 157 159 160 164 165 166 167 169 171 172 174 175 176 179 183 187 191 192 196 198 201 
85 97 104 138 142 143 146 157 183 188 
95 68 70 71 73 81 86 87 89 94 96 100 101 104 106 110 112 115 116 119 120 121 123 125 129 130 132 134 135 138 144 146 147 149 151 158 160 162 167 169 172 173 176 180 184 185 186 190 191 195 199 200 201 
68 69 72 74 75 77 79 81 83 87 88 89 92 93 97 99 102 103 106 112 113 119 122 123 124 126 127 132 133 135 138 143 144 148 151 153 159 164 168 171 173 174 180 181 182 184 189 192 197 198 
61 70 74 75 76 79 82 84 88 89 93 96 98 100 111 113 114 115 120 122 123 134 136 144 147 163 172 183 185 192 193 195 199 
8 71 73 75 76 77 80 83 87 91 92 97 98 104 108 109 111 114 117 118 119 124 125 127 128 133 134 141 144 145 146 147 150 154 157 163 166 167 168 169 170 172 174 179 182 184 187 188 190 195 198 199 201 
61 70 72 73 77 79 82 83 84 85 86 90 99 101 104 105 108 113 114 117 119 124 126 129 130 139 140 142 145 146 150 152 154 157 160 161 162 170 171 172 174 175 176 178 179 180 181 183 184 195 200 201 
99 90 101 103 104 114 116 117 128 129 134 137 138 140 147 159 173 176 181 200 
36 180 
75 98 112 114 122 125 133 134 137 141 159 187 
13 69 71 73 76 77 82 86 93 94 96 97 101 104 114 118 122 125 128 133 140 144 145 147 148 150 151 157 159 160 162 164 165 169 170 171 172 173 178 180 183 186 187 190 191 198 199 200 
35 68 70 71 74 80 81 84 87 98 100 108 114 117 119 121 129 133 137 143 144 147 159 161 167 168 172 173 180 181 186 187 190 194 195 201 
64 75 76 100 111 123 133 137 152 159 165 180 
2 77 78 81 83 90 92 97 101 111 116 127 132 146 157 161 165 166 168 171 172 173 181 182 189 
75 71 72 76 77 79 80 81 88 92 93 100 104 107 110 118 130 131 137 141 144 153 154 158 160 163 165 166 168 170 179 183 191 193 196 197 
100 80 82 88 89 91 94 97 98 102 109 115 117 123 124 135 136 137 145 147 155 166 169 170 172 185 191 192 194 196 200 201 
49 1 70 71 74 78 81 88 91 97 100 101 102 103 111 112 113 114 117 122 125 133 136 140 142 143 144 152 156 157 158 173 178 179 181 184 185 187 190 195 196 197 
95 68 73 75 77 82 88 93 105 109 114 117 120 122 123 132 133 134 138 142 143 144 151 153 155 157 159 160 162 165 167 177 178 179 180 186 188 189 190 191 192 197 
71 69 76 82 83 85 86 87 89 93 96 107 110 111 112 115 116 117 119 120 121 124 131 134 139 143 144 151 152 153 155 159 160 164 170 172 174 175 183 187 188 189 191 198 
94 73 78 81 83 86 91 102 103 105 108 110 114 115 116 118 120 125 129 134 145 146 147 155 156 157 158 159 164 169 171 174 178 179 180 182 185 193 
89 68 80 86 88 92 100 129 154 176 184 186 188 198 
90 82 93 96 102 104 107 116 117 120 123 126 131 136 138 144 148 152 154 160 168 174 175 183 184 189 190 191 195 
81 70 80 93 122 127 140 141 145 146 177 183 194 
90 1 71 76 89 95 108 132 135 150 159 168 174 177 178 181 183 191 201 
55 68 72 78 84 93 95 97 98 99 102 103 105 106 111 113 115 119 124 126 132 134 138 147 148 149 150 151 156 165 170 173 176 189 193 194 197 199 201 
67 69 71 75 77 82 86 95 97 103 105 106 115 118 122 126 127 133 139 146 149 154 155 163 171 176 178 183 184 187 191 196 197 
58 75 81 93 105 116 117 140 153 173 179 198 199 200 
86 69 74 81 89 97 100 113 122 125 127 129 135 137 138 151 155 157 163 165 168 171 174 177 178 181 184 186 188 190 191 197 198 
84 1 73 75 76 78 81 85 86 91 93 94 95 99 101 102 110 116 118 119 121 122 123 126 127 128 133 136 138 139 145 147 148 149 152 154 157 158 160 161 163 169 171 184 189 190 198 199 
87 68 70 73 94 97 118 123 156 180 187 
77 1 68 69 70 71 78 79 82 83 91 92 96 98 100 102 106 110 120 124 132 137 142 143 151 153 168 176 182 187 189 193 194 196 200 
36 73 75 76 80 84 87 88 92 94 100 101 106 109 115 119 129 131 135 140 142 148 151 156 159 161 163 164 170 172 176 185 192 198 199 200 
17 172 190 194 
10 1 68 69 72 76 79 81 86 89 101 103 104 106 110 114 116 119 120 121 122 126 127 128 131 134 137 140 141 143 151 152 157 162 163 165 168 171 173 177 180 183 186 193 198 199 201 
85 71 72 75 79 85 91 94 97 109 113 115 118 124 128 129 131 132 137 139 142 143 148 149 154 162 166 167 172 174 175 176 180 186 195 200 
68 71 73 76 80 82 85 89 91 93 94 101 102 103 104 108 111 113 115 118 120 123 126 128 131 140 143 151 159 161 166 171 173 179 183 186 187 193 196 198 199 201 
13 72 81 90 95 114 117 123 127 130 141 157 159 163 165 168 185 198 199 
40 71 75 79 93 95 98 105 108 109 110 119 122 123 129 133 136 137 140 141 144 146 161 167 179 192 193 198 
67 1 70 72 73 74 78 80 83 88 91 95 97 98 99 100 101 104 106 109 112 122 123 125 128 136 139 145 149 150 151 162 165 167 171 174 175 180 186 187 189 191 193 199 200 
59 70 72 75 81 82 86 88 94 97 98 100 106 107 108 111 112 113 116 119 122 123 124 128 129 141 143 147 153 158 159 163 164 169 173 174 177 181 184 185 188 189 190 191 193 196 200 201 
35 81 92 97 103 111 113 126 128 134 135 143 152 161 162 172 173 179 188 195 196 201 
34 185 
81 68 70 75 77 80 82 83 85 89 95 100 105 106 111 113 115 119 120 123 130 133 135 136 137 140 141 146 147 148 151 155 159 160 161 166 168 176 177 189 194 196 197 198 199 
63 71 72 81 82 83 85 86 89 96 101 105 106 108 110 112 113 114 115 118 119 121 126 128 129 131 132 137 139 140 141 144 148 152 154 155 158 159 162 164 167 174 176 177 179 185 186 188 189 194 196 200 
47 74 75 86 90 91 93 94 102 110 111 119 120 121 123 124 127 129 133 134 135 136 137 138 144 147 148 149 151 152 153 154 156 158 159 161 162 163 168 172 173 174 175 176 177 180 181 184 191 193 194 197 200 201 
34 69 71 72 73 85 95 101 102 109 113 115 117 122 123 130 132 149 155 161 162 163 166 171 174 175 180 183 185 189 190 195 
11 69 72 73 75 79 82 84 86 98 100 104 107 110 111 112 119 120 128 129 130 131 134 139 143 159 161 171 172 175 177 182 189 
25 71 82 85 95 96 111 119 129 130 134 142 143 160 162 166 168 174 178 179 180 181 184 189 192 199 200 
77 68 74 86 87 90 102 103 112 115 116 117 127 131 141 150 152 170 182 191 197 
40 1 68 69 74 75 86 93 99 102 105 106 110 117 119 121 123 124 127 130 131 134 136 146 150 151 158 159 163 164 165 168 169 173 177 179 180 185 188 190 198 
73 68 72 73 74 75 77 78 80 82 84 88 89 90 94 95 96 98 103 107 109 114 116 120 123 127 133 134 137 141 145 148 149 154 158 159 160 161 168 171 174 175 179 182 186 189 192 194 201 
80 70 74 77 85 91 92 95 96 98 103 107 110 118 124 127 130 139 141 144 145 148 151 157 165 169 177 183 186 189 192 
57 96 101 122 168 
36 70 71 72 76 79 82 84 86 88 89 91 100 101 103 104 108 112 121 160 163 167 169 170 177 181 187 188 193 195 198 199 
19 1 71 72 74 75 81 84 86 88 94 95 96 97 101 105 106 109 116 117 119 121 127 138 140 142 143 145 147 150 151 152 153 154 165 168 170 174 176 178 180 190 194 196 197 199 201 
34 69 70 77 83 87 91 97 98 99 100 101 102 103 104 105 106 112 121 122 128 129 130 133 134 135 140 141 146 151 154 161 163 165 171 173 178 179 182 184 190 193 195 198 200 
16 70 71 76 78 81 83 89 94 97 100 104 107 110 111 115 118 119 126 128 131 133 134 136 139 140 141 142 146 147 150 151 152 155 156 157 168 170 171 173 175 178 180 184 186 187 192 193 194 196 197 198 
79 1 78 81 83 86 88 89 90 94 95 97 98 100 102 104 105 106 108 114 115 119 126 127 128 129 132 133 134 136 140 141 151 154 163 166 169 170 172 182 185 188 200 
20 71 78 80 84 86 87 94 95 96 100 102 110 117 119 123 127 132 140 142 143 145 157 159 162 167 169 170 174 175 178 191 194 196 201 
55 69 76 88 90 104 105 106 108 114 115 118 123 124 126 129 130 133 134 137 141 145 146 148 156 157 158 165 167 168 179 180 186 195 198 
49 85 96 97 101 103 105 121 124 125 132 134 136 143 145 154 169 173 174 182 187 190 
10 72 76 77 86 91 92 93 95 98 101 108 113 116 120 121 122 128 132 135 137 143 145 154 155 157 161 162 168 176 179 184 186 192 197 201 
7 68 73 74 80 96 99 102 105 109 115 122 125 126 135 139 140 154 161 163 166 171 172 173 174 178 188 190 
7 1 75 76 77 78 79 89 90 92 93 97 104 106 115 119 124 125 126 127 130 133 139 146 151 152 158 170 173 179 182 188 189 190 195 
37 80 83 86 88 90 95 96 117 136 141 167 170 173 175 185 
86 1 68 70 73 76 78 80 96 97 98 101 105 106 111 113 119 137 139 145 151 155 166 171 178 182 190 193 200 
6 1 72 77 80 83 87 91 94 101 108 112 115 119 120 123 141 154 162 163 166 170 172 182 183 190 192 194 
68 72 73 74 75 78 81 83 89 90 92 96 99 128 131 134 145 147 148 168 184 186 192 195 201 
62 1 73 75 80 82 92 93 96 100 108 124 126 132 133 142 156 165 176 178 182 184 187 196 201 
29 1 69 72 73 79 82 84 85 87 88 92 101 104 108 110 114 116 118 121 122 123 124 145 150 152 161 164 170 173 177 183 184 186 187 193 194 
2 75 86 94 109 110 120 143 177 184 189 
44 72 80 81 82 83 86 87 93 94 98 101 102 103 105 106 108 113 118 120 121 123 124 126 128 132 134 139 142 150 154 162 164 167 169 170 171 175 177 178 182 184 189 190 197 201 
86 77 83 89 90 96 102 103 109 111 120 126 127 134 136 139 145 146 147 149 152 153 156 164 167 170 172 175 176 181 183 185 186 188 189 190 197 
26 99 123 131 146 178 
80 1 76 79 82 84 85 87 92 106 109 116 117 119 120 128 134 145 146 155 162 163 166 172 173 177 178 179 184 188 191 193 195 196 200 201 
26 69 74 75 85 90 93 95 96 97 98 106 107 109 112 113 114 118 123 126 132 133 134 135 136 138 139 141 142 144 147 156 159 161 164 165 167 168 172 176 177 178 180 181 185 188 189 194 196 199 200 
11 69 74 75 77 78 81 82 83 98 101 103 106 110 115 120 125 128 129 134 136 140 141 142 144 145 147 148 152 155 157 158 163 166 176 177 182 184 190 195 197 198 201 
16 69 70 75 77 79 80 83 85 90 93 95 96 97 98 101 103 105 113 116 123 125 126 127 130 132 137 138 140 142 145 148 149 151 159 163 165 167 173 175 180 184 185 193 196 
34 69 82 100 106 110 111 138 157 172 180 191 
38 77 78 86 94 100 111 119 157 193 
96 1 81 82 85 86 96 108 115 131 135 139 142 143 148 165 169 193 198 
94 1 68 72 75 76 77 81 85 86 88 93 95 96 99 102 103 104 107 108 109 111 112 114 116 117 119 122 129 132 136 138 139 141 143 151 154 164 165 166 167 170 171 172 176 181 183 184 186 193 194 195 197 
34 75 76 78 86 99 100 110 116 127 135 150 158 176 194 
18 73 74 85 90 97 98 100 101 104 106 107 114 120 123 131 132 145 152 154 157 158 161 164 166 168 175 178 183 185 186 188 195 
63 74 80 82 83 86 87 89 91 94 95 99 100 105 106 107 108 114 117 123 124 128 132 141 145 149 152 155 158 159 172 173 179 180 182 186 188 190 194 195 201 
69 78 81 97 111 116 
81 68 73 74 75 76 78 82 84 86 90 93 94 96 97 102 107 111 117 120 124 131 139 146 151 152 154 157 167 168 171 179 184 185 193 194 196 
42 69 72 77 78 82 84 86 89 96 107 109 113 118 119 121 129 139 143 147 148 151 153 154 156 157 158 160 166 171 172 174 175 178 183 184 192 194 197 200 201 
24 69 70 74 78 79 80 87 93 94 95 96 98 101 107 108 111 114 117 120 123 125 132 139 144 157 167 168 171 172 176 178 181 182 183 185 192 197 
96 98 100 105 116 117 118 121 127 151 155 171 179 181 
15 74 76 79 80 82 88 99 100 101 102 103 127 142 180 181 189 191 197 198 
39 1 82 101 109 117 124 125 129 131 138 140 144 149 159 160 166 174 177 186 201 
52 1 71 75 83 84 85 87 89 92 95 100 101 105 112 116 119 120 123 127 130 137 143 152 161 167 170 171 175 176 178 186 191 194 195 198 
22 68 72 73 78 82 83 86 91 93 94 98 99 100 102 108 118 119 123 126 127 130 135 138 142 146 149 152 156 163 174 176 182 183 187 191 196 199 200 201 
27 1 68 79 81 104 106 108 112 115 120 124 128 131 132 133 135 137 140 154 156 163 166 167 172 176 178 180 191 192 193 194 198 200 201 
6 70 75 76 80 84 86 94 95 103 105 106 110 111 112 113 116 119 125 128 131 132 133 135 138 139 145 149 150 152 158 159 161 162 163 165 167 168 169 177 178 186 187 188 192 196 200 
39 73 78 79 80 92 95 100 106 118 122 127 142 144 149 151 157 159 161 187 193 194 201 
67 68 70 76 82 85 93 94 96 98 101 106 117 119 122 124 127 134 135 136 138 139 140 142 147 150 151 153 157 160 161 166 178 179 186 191 195 197 199 200 201 
73 68 70 73 74 76 79 80 84 86 89 90 94 95 98 100 106 108 111 117 119 121 122 129 133 141 148 153 162 164 166 167 177 178 182 183 185 187 189 192 194 195 200 201 
46 69 73 75 79 81 86 92 93 97 103 107 112 114 117 120 127 130 134 140 143 158 162 168 171 172 173 181 182 184 185 186 189 192 194 199 
82 68 139 
77 79 83 95 124 125 132 133 156 172 192 193 
40 68 76 79 81 86 87 94 98 100 101 102 109 114 133 135 140 180 182 184 187 191 
38 78 83 86 93 97 101 108 114 119 124 130 135 148 150 169 196 
33 1 71 72 76 78 85 88 101 105 107 110 112 125 126 135 138 142 145 147 148 155 156 158 162 163 168 173 181 185 186 187 193 195 199 200 
30 75 80 82 83 86 94 95 96 100 101 106 110 114 116 121 122 124 126 131 132 135 136 141 144 145 146 148 150 151 153 156 157 158 161 162 163 167 169 170 173 176 177 181 185 191 196 198 
28 74 76 79 86 88 90 91 95 97 98 103 105 109 111 112 113 115 117 118 129 131 133 134 136 142 144 145 155 159 163 166 168 179 181 186 189 191 196 199 
41 71 73 77 78 84 87 90 95 100 104 115 116 118 121 136 137 139 141 142 143 149 151 152 155 159 163 164 166 171 172 173 174 175 176 178 179 181 182 184 185 192 194 199 200 201 
21 70 72 73 77 79 84 85 86 87 89 96 98 99 101 106 107 108 111 116 118 121 123 124 127 131 134 135 140 147 148 149 152 153 155 156 157 158 161 165 170 173 176 185 190 192 196 
95 70 73 76 77 80 84 85 86 87 89 93 94 96 100 103 104 108 112 116 120 121 127 130 132 133 135 136 137 141 143 144 146 147 148 149 152 155 157 160 166 171 172 175 177 180 181 182 183 184 187 189 190 191 192 194 196 199 201 
18 41 15 28 38 92 38 94 100 80 78 42 76 4 56 94 58 88 99 69 12 52 37 20 65 75 82 15 28 82 42 55 32 88 91 82 28 95 35 32 81 25 76 27 63 35 39 57 78 85 34 87 18 45 60 65 98 14 61 89 47 74 68 31 87 18 80 35 78 20 56 52 47 84 63 36 99 37 69 90 88 20 37 2 76 85 28 5 64 86 67 76 12 10 31 84 68 13 98 93 30 79 60 76 30 7 49 99 41 87 82 14 16 24 66 91 53 22 28 41 55 73 31 30 52 49 53 27 95 17 63 82 72 94 59 79 49 23 56 58 25 92 89 57 4 93 13 93 43 79 4 51 38 18 42 43 71 56 20 85 65 71 57 95 37 20 24 57 59 21 51 26 77 99 66 25 94 37 19 51 41 51 90 31 20 31 89 63 63 56 9 47 89 42 36 26 71 21 36 18 52 
