136 204
45 1 70 77 79 80 81 82 83 91 92 93 95 100 106 107 109 110 112 114 125 126 133 134 140 150 154 155 162 164 165 167 169 171 172 175 177 181 190 191 194 195 202 204 
97 73 77 82 83 84 88 90 91 92 95 101 102 104 107 108 111 115 117 121 123 124 130 135 136 137 143 145 146 148 149 157 158 159 160 161 162 164 166 167 173 176 179 180 183 185 187 188 190 192 194 196 199 200 
83 73 96 103 118 123 132 153 174 181 184 185 198 
41 1 69 74 75 79 80 82 83 86 87 88 89 92 94 95 96 104 109 111 112 114 115 116 117 122 125 130 134 135 138 143 145 146 150 155 158 160 162 163 166 170 174 175 180 183 197 200 201 204 
44 72 74 80 86 90 92 94 95 96 97 102 107 110 114 116 123 130 135 138 146 150 151 152 158 159 161 163 164 166 171 175 176 189 191 194 198 199 200 
89 77 78 80 91 105 116 117 119 152 161 166 170 172 178 186 
18 71 72 74 76 87 90 91 92 94 95 96 102 114 120 141 146 150 151 156 158 164 169 171 177 182 183 185 188 191 193 194 204 
1 75 96 110 117 131 134 136 137 140 143 149 150 154 155 159 161 174 179 191 199 202 203 
64 70 75 80 81 87 88 90 92 95 100 101 102 103 106 108 112 114 115 116 117 120 122 123 125 132 133 140 141 149 150 157 158 164 176 178 180 181 183 185 187 189 190 191 192 193 195 202 204 
40 74 81 88 94 98 102 112 118 121 130 132 133 137 140 141 154 162 168 169 171 173 175 182 191 194 195 196 200 204 
47 78 86 90 110 120 133 134 139 148 150 153 155 162 170 172 174 177 185 189 199 
28 71 73 90 96 97 99 103 104 118 119 130 135 141 154 160 162 171 203 
34 70 77 82 87 88 117 131 142 147 156 160 166 172 188 
4 76 81 84 86 111 118 123 127 129 135 143 145 148 149 151 162 163 174 177 183 192 196 199 201 204 
35 69 74 79 81 82 85 90 98 105 106 108 109 115 116 119 120 123 125 129 130 131 133 135 137 138 141 144 148 155 157 166 169 171 175 179 180 181 182 183 191 195 197 198 204 
59 1 73 77 78 81 82 85 86 88 93 94 95 101 107 108 109 110 114 117 118 119 120 122 124 126 134 135 139 142 143 144 146 151 157 158 160 162 166 168 169 173 174 178 182 183 184 185 186 187 188 189 191 195 203 
2 1 73 77 78 79 81 83 93 97 102 111 114 116 117 120 123 124 125 129 132 138 139 147 149 152 170 171 175 179 181 185 191 192 198 
84 144 163 198 
34 69 70 73 75 78 81 82 83 90 91 93 95 96 99 108 110 111 112 113 115 118 119 124 126 130 132 136 138 142 144 152 160 172 174 175 178 183 185 186 187 189 192 193 194 195 199 200 203 
45 69 71 72 74 75 86 91 93 94 95 99 102 103 104 105 106 117 118 119 121 124 128 129 133 135 137 138 142 145 151 152 153 154 156 158 165 170 172 174 175 177 184 185 186 187 190 191 192 197 198 202 203 204 
44 69 70 74 77 85 86 87 91 100 105 106 113 115 123 127 132 136 140 142 143 145 146 150 155 156 160 163 164 168 171 173 175 176 177 187 189 191 194 195 199 203 204 
44 73 74 77 86 87 88 90 92 93 95 97 105 109 112 115 116 117 120 122 125 126 131 132 133 134 135 136 137 139 141 146 147 150 151 153 157 159 160 167 169 170 172 174 178 179 181 183 184 190 192 196 198 199 201 203 204 
52 91 109 135 160 167 169 175 179 185 196 
91 70 74 78 84 95 96 99 102 103 114 119 127 132 133 141 142 144 153 154 156 159 162 164 170 173 176 177 179 181 189 191 192 194 195 198 201 203 204 
63 79 81 84 86 88 90 94 95 98 99 100 103 107 110 112 120 122 123 125 127 130 131 134 136 137 139 147 149 150 156 158 161 162 163 167 169 170 176 179 184 186 193 194 196 198 199 202 203 204 
67 72 78 83 91 113 116 119 139 142 148 151 152 154 178 193 
41 70 72 74 75 76 77 79 88 93 97 109 110 122 129 130 143 157 159 162 164 166 171 175 179 180 183 184 194 196 197 204 
57 69 70 74 77 94 95 101 103 106 123 124 139 141 142 143 150 158 160 169 171 175 176 182 184 186 192 196 201 
14 70 71 74 75 76 83 90 92 95 97 98 103 107 109 112 113 117 120 121 124 127 128 131 134 136 137 139 141 146 149 155 156 160 162 164 169 172 176 177 178 182 184 185 186 187 190 192 193 197 202 
13 72 79 80 81 84 92 93 94 97 99 111 112 115 117 119 121 122 125 128 131 135 138 140 144 147 151 152 154 155 156 158 167 169 170 176 178 181 182 183 189 191 193 195 196 200 202 203 204 
100 71 74 75 79 80 81 84 85 90 95 97 101 106 107 108 113 115 120 121 123 124 126 127 130 133 138 141 144 148 154 155 157 159 161 162 164 165 167 168 171 173 180 181 182 183 185 191 196 200 
42 75 76 80 81 88 91 93 105 110 111 113 116 125 130 131 137 143 144 145 147 149 153 156 162 164 170 171 177 183 192 
78 75 79 87 98 102 107 109 118 130 135 136 154 157 179 
87 122 134 135 154 172 195 
81 70 77 78 81 82 87 88 90 91 92 95 96 98 101 105 107 111 112 114 116 122 123 124 130 131 136 137 138 140 142 143 144 146 147 151 152 153 157 162 166 169 173 181 186 188 190 191 193 196 198 201 
82 69 72 85 94 98 101 111 112 113 114 119 123 131 133 137 142 154 163 166 175 184 185 190 191 192 197 203 204 
45 1 71 72 76 81 82 83 84 85 87 88 89 94 98 99 103 104 105 108 110 111 119 120 122 126 130 131 135 137 146 151 157 162 163 164 165 173 181 182 184 185 187 192 196 200 
78 80 111 126 142 163 170 183 
9 70 72 76 77 81 84 87 89 90 103 105 106 107 110 111 113 114 115 117 119 121 124 129 132 134 138 139 140 147 150 151 155 156 157 162 166 168 169 170 171 177 178 181 185 188 191 193 195 196 197 201 202 
43 73 76 77 85 87 89 91 95 99 101 103 104 105 106 110 111 113 114 115 117 119 124 126 128 129 134 135 136 137 139 140 142 147 150 151 152 156 158 174 179 182 183 185 192 193 195 197 199 202 203 204 
82 73 78 85 87 90 92 93 94 96 100 103 104 107 113 115 117 120 122 125 129 136 137 139 146 153 155 160 162 167 171 172 174 175 180 183 184 185 186 189 190 196 201 202 203 204 
15 70 71 75 77 79 80 92 93 95 98 99 102 103 105 118 125 127 132 133 142 149 153 162 169 173 175 177 186 192 202 
75 1 74 76 84 88 93 107 108 112 115 117 118 120 125 140 150 153 155 156 166 171 178 184 188 192 193 198 
60 71 74 76 77 78 81 85 89 91 95 97 101 102 105 108 113 116 120 123 125 127 128 129 131 134 136 138 143 146 147 149 157 158 159 164 166 168 169 180 187 188 189 195 197 200 202 203 
44 1 81 85 90 93 95 96 97 101 102 105 120 122 127 135 136 138 144 150 154 161 163 168 171 174 175 176 177 178 180 183 186 198 199 200 201 
75 75 89 95 99 103 108 119 120 126 134 145 150 151 157 165 170 171 178 180 181 190 192 195 197 198 202 
6 69 75 86 91 93 97 100 109 112 129 130 134 142 143 151 152 157 159 167 175 196 199 
50 70 74 78 80 81 86 92 106 115 116 119 120 122 123 124 127 129 131 132 134 135 137 138 145 147 152 155 159 160 161 169 170 172 177 179 180 181 186 188 194 197 199 203 
41 73 75 78 79 81 90 91 94 95 98 101 104 105 106 107 113 118 120 128 132 133 135 140 141 142 144 146 149 150 152 153 155 156 161 164 166 168 171 174 175 177 179 180 182 183 185 188 192 199 200 203 204 
40 74 76 78 109 127 133 158 163 171 174 176 178 184 185 201 
33 70 73 83 88 94 97 99 104 106 110 115 120 121 122 124 125 131 133 134 139 141 148 149 151 160 161 164 177 188 192 199 202 
17 1 73 76 82 85 88 94 100 102 105 106 107 113 117 120 121 128 130 131 143 146 148 168 175 176 179 190 195 
57 87 
78 70 75 79 80 86 87 91 95 106 119 129 132 133 140 142 144 148 150 156 166 173 178 181 182 186 189 192 201 
80 1 72 73 80 82 84 85 86 94 98 99 102 103 110 112 113 114 116 118 119 120 122 130 134 135 137 138 139 149 152 153 154 160 164 165 167 170 172 175 177 180 183 191 192 194 196 197 199 200 203 
56 69 70 83 87 89 90 92 94 97 98 102 103 114 116 122 123 125 129 137 139 144 148 150 151 153 165 170 172 185 195 
89 1 81 82 85 88 92 93 97 99 101 102 103 113 120 127 128 129 130 131 136 137 139 140 142 143 148 152 153 154 155 157 158 168 179 182 183 186 189 192 193 199 
50 70 75 76 83 85 87 94 107 111 112 115 118 119 120 121 125 126 127 129 134 137 145 152 153 156 159 161 165 166 174 183 192 195 201 203 
27 93 130 143 
66 185 188 
22 70 86 91 96 99 102 103 105 110 111 133 134 139 147 149 152 154 155 156 157 160 169 186 187 188 191 197 201 
68 70 71 76 81 83 84 87 88 90 91 93 97 99 101 107 109 110 112 119 120 126 131 136 138 140 141 146 147 152 153 155 156 159 161 162 165 168 171 173 178 179 180 192 194 197 198 200 201 204 
67 1 74 81 86 87 90 93 94 96 99 100 106 108 112 119 125 127 129 132 133 135 136 139 140 141 143 146 149 161 162 165 166 169 170 173 176 182 185 196 201 202 
75 70 71 73 74 75 76 77 84 85 86 87 88 89 96 98 106 110 114 118 122 127 128 131 132 134 136 138 143 155 156 171 176 185 186 189 190 192 193 202 203 
14 72 73 75 76 87 92 94 99 100 105 109 115 116 117 119 121 125 127 128 130 133 136 148 149 152 154 158 162 164 174 175 180 184 189 199 203 
13 86 87 89 96 100 104 124 129 144 146 150 153 158 175 180 197 201 202 
52 74 79 81 83 85 86 88 99 102 106 110 115 116 120 121 124 127 133 134 135 137 142 143 146 148 149 150 153 154 155 158 159 160 162 164 167 168 171 172 173 181 182 185 188 190 191 192 194 203 
19 69 83 84 88 92 94 99 102 107 118 119 122 130 133 141 149 152 155 156 157 165 173 182 183 187 188 189 192 194 195 197 199 202 204 
94 119 142 170 174 183 203 
77 74 75 85 86 89 90 104 116 125 128 132 134 138 156 162 172 174 178 193 198 199 201 
38 71 73 75 81 82 83 84 85 86 87 90 91 92 93 98 107 109 111 115 117 124 125 127 128 129 130 138 140 143 145 146 151 157 158 164 172 174 178 181 186 188 191 194 196 197 199 203 
72 71 72 75 78 81 85 88 93 95 97 104 109 110 118 119 124 128 130 132 133 134 140 151 154 155 157 165 166 169 170 172 174 175 180 188 191 197 198 200 202 
89 69 75 78 89 92 94 100 106 108 109 116 119 125 127 132 133 140 143 151 152 153 154 156 157 160 161 163 166 172 174 177 178 179 187 189 191 196 199 202 
19 79 92 96 114 120 123 125 135 140 146 150 157 158 159 172 173 176 179 180 191 193 194 202 
63 72 92 93 101 102 114 122 129 130 131 141 144 148 157 161 169 173 181 185 
28 75 81 93 106 132 152 171 200 
83 1 70 74 77 81 82 84 85 86 89 94 96 97 99 102 103 108 110 118 125 127 129 131 134 136 137 142 154 156 164 171 176 189 191 198 202 
26 1 74 76 77 80 82 84 87 88 89 96 97 100 102 105 109 113 115 121 125 127 128 130 133 135 143 146 153 156 158 165 169 175 177 178 183 184 188 189 190 191 196 197 202 
42 1 74 76 77 78 84 85 88 91 103 106 107 115 119 133 150 154 162 165 169 170 176 177 179 182 185 188 196 199 
55 69 70 82 83 86 99 100 105 111 112 124 130 133 144 145 164 167 174 177 180 181 182 186 188 193 
10 1 71 94 106 107 111 113 127 133 141 158 182 184 191 192 195 201 
12 73 77 84 95 100 102 107 108 110 117 130 135 144 145 167 171 173 178 194 199 
97 75 81 82 90 97 104 113 115 134 
65 69 102 104 105 107 113 125 128 154 160 163 167 194 196 203 
54 69 77 78 81 83 99 101 106 108 111 116 123 124 131 137 149 154 159 161 166 171 176 190 193 
38 91 100 133 193 
47 69 72 76 82 87 94 101 109 115 135 136 138 158 159 166 175 193 
86 82 85 90 97 114 131 148 149 158 159 199 
76 70 73 77 79 80 81 83 84 85 86 87 89 91 92 93 95 96 98 106 110 114 116 119 124 130 131 137 138 139 140 141 142 145 147 149 151 154 155 156 160 161 163 170 174 180 181 182 183 184 190 191 193 195 200 202 
98 1 71 73 74 76 84 85 91 93 95 98 101 104 108 111 113 115 116 118 119 120 121 122 123 128 133 135 136 141 144 146 149 154 155 156 160 163 165 172 173 175 177 178 180 182 186 187 190 193 194 196 197 203 204 
57 80 84 92 111 115 128 131 132 138 142 144 153 158 164 165 167 169 
9 73 75 80 81 88 93 101 102 103 104 111 114 116 123 127 131 136 137 148 153 162 169 170 182 184 192 193 197 
55 1 76 78 79 83 85 89 96 111 120 122 123 128 130 131 132 134 140 141 149 151 152 153 156 158 161 162 166 170 174 182 183 185 189 193 194 199 
67 69 73 75 82 90 92 103 104 105 106 107 109 112 118 119 120 122 125 128 129 132 135 137 138 139 140 143 144 145 146 149 151 152 153 154 156 157 159 160 161 162 163 164 170 173 176 179 180 189 193 198 201 
71 86 105 127 134 156 165 194 
44 74 83 87 92 96 99 106 111 124 153 157 168 172 178 180 187 194 
28 71 85 103 125 130 134 138 145 151 174 190 198 202 
72 81 96 98 105 110 111 133 152 153 169 181 190 202 
3 74 100 102 104 113 119 126 131 139 157 160 176 178 201 203 
43 69 81 83 84 89 91 92 99 105 107 110 121 122 124 126 127 130 131 135 137 138 141 142 152 167 170 171 181 182 186 187 194 196 197 200 202 
25 69 71 77 83 86 90 96 97 98 102 104 110 112 116 118 119 122 123 128 129 130 133 134 135 136 137 138 144 145 149 153 157 160 167 169 171 177 178 179 182 185 186 191 192 198 202 
93 1 86 94 99 105 117 138 139 141 143 161 162 163 164 169 175 176 179 181 182 190 194 196 
53 74 95 98 125 144 157 158 164 167 176 192 199 200 
51 69 70 75 78 85 87 88 91 93 94 96 99 101 103 104 108 110 113 114 115 116 118 119 120 123 127 145 147 148 152 165 166 169 170 172 174 175 179 181 182 188 189 190 192 194 197 198 200 201 202 
23 71 72 73 74 78 81 83 85 90 91 93 96 97 99 100 105 114 115 117 120 122 124 125 132 136 137 138 142 149 152 154 158 166 169 171 172 176 178 179 180 182 184 185 187 193 197 201 202 203 
76 69 71 79 80 84 85 88 107 110 119 127 128 137 140 144 147 150 160 162 169 177 178 179 182 183 187 192 195 204 
36 69 74 82 113 119 127 157 204 
90 1 69 76 81 90 94 100 102 104 105 106 113 116 117 119 121 124 127 128 129 131 133 136 146 159 161 164 167 170 175 177 181 185 187 189 193 196 197 198 200 202 203 
57 73 77 84 86 88 95 99 100 104 105 108 109 114 119 125 128 131 135 138 139 141 142 145 148 149 155 156 158 161 162 163 164 166 169 171 173 175 179 180 198 201 202 
1 77 101 102 109 110 113 137 143 149 161 169 183 185 190 193 198 199 204 
53 1 69 76 79 81 86 90 91 93 96 99 103 106 109 114 118 121 132 134 135 136 138 144 150 154 155 156 158 159 161 169 171 173 176 178 184 185 190 191 193 194 196 199 200 202 204 
24 70 86 111 113 136 152 160 162 166 171 
79 101 135 157 167 171 178 
91 106 113 117 149 154 169 175 
47 1 73 76 80 84 88 92 95 105 121 123 125 129 135 145 150 151 160 161 162 168 171 172 175 184 186 188 189 191 196 197 199 202 204 
71 71 73 77 84 91 94 100 112 121 128 136 143 144 147 157 167 169 172 174 175 185 186 191 195 199 
100 74 83 
1 77 93 114 119 121 131 133 144 145 157 179 183 192 193 
98 69 70 72 74 81 82 85 86 88 91 95 101 104 106 107 111 115 117 121 124 131 139 142 143 144 147 150 152 154 157 160 164 165 167 168 174 178 182 183 184 186 191 192 196 200 202 203 204 
39 164 189 
58 103 109 181 182 
100 196 
33 1 77 79 80 81 82 86 94 101 104 108 109 113 116 118 122 134 135 142 148 150 154 155 156 159 160 163 165 166 169 170 176 179 184 192 193 196 199 204 
43 78 133 136 142 147 148 150 153 167 170 190 192 
93 72 75 79 83 85 100 101 104 108 109 111 116 121 122 129 130 135 137 141 143 154 156 164 173 176 178 181 182 185 189 192 197 199 202 203 
20 79 101 113 124 125 160 180 201 
8 70 73 83 84 93 95 99 101 106 107 108 110 112 116 118 121 123 125 127 130 131 132 135 143 160 161 165 166 168 169 177 192 193 196 201 204 
79 1 84 99 103 114 133 137 163 166 194 202 
2 70 79 103 133 140 143 147 176 187 194 196 
76 80 96 101 104 107 111 113 117 118 119 121 129 130 131 132 134 140 141 142 144 145 147 148 153 159 160 162 164 173 174 185 187 188 195 200 202 
82 1 69 75 76 88 91 98 99 101 105 108 110 111 112 113 116 118 123 127 128 129 134 136 141 142 143 145 146 150 151 154 156 158 168 170 171 173 174 177 178 183 188 193 195 198 201 203 
7 1 69 73 74 81 85 86 88 89 91 93 109 110 112 117 126 127 128 129 132 135 142 146 149 153 154 156 160 162 163 165 166 171 175 179 180 183 197 198 200 
59 71 74 75 80 81 87 90 91 100 103 104 107 109 125 141 149 155 156 172 176 180 183 184 191 193 195 201 
90 76 81 84 87 89 100 102 107 111 115 118 119 121 127 128 138 144 153 156 165 171 176 179 184 185 186 187 189 194 197 
34 69 70 71 73 79 81 83 84 87 89 91 95 98 100 101 104 106 109 112 113 116 120 121 124 125 128 129 132 133 137 138 145 148 149 150 151 156 157 158 159 163 173 176 177 181 182 184 194 196 197 200 202 
28 1 69 71 72 77 81 87 90 92 96 99 103 104 113 114 115 118 127 128 129 133 137 138 146 147 151 152 154 155 159 171 173 175 177 187 188 191 192 194 201 202 204 
14 28 91 78 67 83 18 13 57 89 22 88 21 53 80 52 57 34 78 96 88 4 79 24 59 46 67 18 82 69 22 84 18 47 54 61 3 95 54 46 90 8 56 96 29 86 34 10 20 82 91 39 93 55 40 33 17 82 79 77 59 50 95 64 12 53 21 74 7 90 45 69 5 43 79 77 75 64 42 68 33 5 77 43 65 97 64 83 48 48 42 98 39 23 30 98 12 50 70 47 22 11 96 64 8 98 83 57 69 17 39 29 10 37 78 44 48 85 25 95 26 67 79 83 6 18 48 99 12 9 96 11 41 67 69 70 44 12 59 82 56 82 21 33 6 74 51 97 70 38 8 60 6 87 42 100 80 76 45 63 11 54 21 82 21 91 88 2 45 6 42 55 81 6 92 10 24 64 94 37 91 97 20 31 97 23 42 77 62 14 58 82 61 29 69 30 43 60 9 28 45 49 46 4 
