138 207
52 70 71 74 75 82 83 91 92 93 102 110 114 116 123 130 141 142 155 157 159 164 166 168 178 183 188 189 190 194 196 207 
19 72 76 80 81 82 85 87 89 91 93 95 98 99 100 102 103 105 107 110 111 114 115 117 125 126 131 133 136 137 142 145 148 156 158 159 169 171 174 175 183 185 187 188 198 201 203 204 205 207 
95 70 71 76 81 82 87 88 90 93 97 105 111 114 117 131 138 140 144 150 152 158 160 161 162 163 165 172 174 176 184 187 188 192 195 198 200 201 206 
16 71 76 81 95 99 100 105 109 113 123 124 125 141 142 158 168 182 191 194 195 199 200 201 206 
35 70 73 74 78 81 82 84 87 92 94 101 107 118 119 121 125 127 131 134 143 150 157 158 160 161 162 165 166 167 168 170 173 176 178 181 190 194 195 196 202 204 207 
75 1 73 74 76 82 86 88 90 92 95 96 98 99 101 102 104 108 111 112 114 117 121 125 126 129 132 133 138 140 143 144 145 147 150 151 156 158 161 162 166 173 174 175 179 181 182 190 192 198 201 202 205 
69 76 82 85 89 90 91 100 105 106 108 111 118 119 124 125 126 129 131 135 137 144 146 152 155 157 158 166 177 181 182 183 186 189 190 191 192 198 201 202 204 205 
66 189 
12 78 81 86 119 127 131 140 151 167 171 193 201 
89 117 161 187 
63 71 75 81 84 103 107 110 112 113 118 119 123 124 128 132 134 136 137 138 143 145 146 148 149 151 161 166 167 175 177 180 181 189 190 192 194 203 
89 77 91 96 99 102 105 109 111 115 120 125 127 131 133 138 142 143 148 153 155 158 160 163 167 169 170 179 183 186 193 195 199 202 204 206 
76 161 165 
56 74 77 80 87 88 101 105 110 111 112 113 114 117 118 124 129 130 131 132 134 136 137 141 142 144 145 148 149 151 152 153 155 156 159 161 166 167 170 172 177 181 187 189 195 196 202 205 
87 72 74 76 87 91 92 93 94 99 100 101 107 121 127 139 140 141 147 162 165 169 174 182 188 189 190 191 194 197 201 203 
52 71 75 76 80 81 83 84 86 92 98 106 107 110 112 116 119 121 125 126 128 133 144 154 155 157 171 180 189 194 201 202 203 206 
67 75 83 93 102 111 113 122 124 126 127 131 132 133 134 138 139 140 147 152 159 160 161 162 163 166 175 183 185 188 189 190 192 198 207 
81 1 70 71 72 73 74 75 78 83 84 85 86 89 94 96 98 100 103 104 109 112 118 120 122 123 140 142 143 144 145 147 149 153 154 158 161 162 165 170 173 177 179 183 186 187 192 197 198 203 204 
42 80 105 110 114 115 116 154 157 173 178 188 191 207 
72 74 91 110 116 117 122 124 127 130 132 137 141 146 160 163 179 182 186 195 
81 72 75 77 81 82 83 84 86 91 95 99 105 111 112 116 117 118 123 128 132 135 139 140 141 143 144 150 151 154 157 158 159 160 161 167 168 169 170 172 182 183 185 186 188 191 192 198 199 202 205 207 
48 70 71 77 85 87 88 97 106 111 117 121 127 132 134 135 138 142 144 146 158 160 164 171 175 177 181 183 188 190 193 195 196 201 202 206 207 
88 83 84 93 95 97 98 99 105 116 126 129 135 140 151 152 156 161 166 168 169 172 173 178 187 188 193 198 203 
23 73 77 79 84 90 106 110 118 119 120 123 125 126 131 135 140 155 159 162 165 172 175 176 195 196 199 202 207 
100 1 70 71 72 73 76 78 79 87 93 96 100 106 114 116 118 120 123 125 133 134 138 139 140 141 143 144 145 147 149 155 156 158 159 161 169 170 172 173 175 178 179 182 183 185 187 191 195 196 199 200 201 202 203 205 206 
30 71 73 91 93 96 101 105 106 111 117 121 124 125 133 134 135 138 140 146 148 151 157 160 162 163 164 183 187 189 193 202 206 
12 78 83 87 88 91 95 96 97 101 102 107 109 113 116 118 127 128 129 130 131 132 135 137 138 143 148 155 164 167 170 174 175 176 177 179 180 182 192 198 
89 77 93 112 128 130 141 156 171 184 189 200 
66 76 101 105 108 118 130 134 142 164 171 175 183 188 
42 70 75 80 89 101 102 103 104 113 115 116 131 132 138 141 146 149 162 178 185 195 202 206 
15 72 87 91 101 112 113 124 127 128 136 183 199 
70 89 93 97 105 106 127 140 148 155 162 166 183 
92 88 94 111 122 123 138 140 148 151 153 154 160 162 168 191 192 201 204 
51 72 83 95 100 101 159 165 187 196 201 
17 71 73 78 81 85 86 88 93 97 108 109 110 112 114 116 117 119 121 123 129 133 137 138 141 144 145 146 147 148 152 155 156 158 168 170 172 173 176 177 178 179 180 184 187 188 190 192 193 195 196 198 199 202 205 
92 105 110 113 149 201 
67 74 91 96 113 114 145 
75 70 72 80 92 93 102 124 125 130 139 155 181 184 190 
32 1 77 92 131 150 161 197 
50 105 110 113 128 136 145 152 154 160 166 167 170 179 180 197 201 203 
23 71 73 84 87 88 90 101 121 127 129 130 136 140 141 155 156 157 163 165 169 185 186 195 
63 72 73 74 78 84 100 110 112 115 121 125 132 141 148 153 154 157 158 159 161 167 176 184 190 200 206 207 
3 72 78 82 83 86 93 104 105 106 113 122 124 133 134 138 142 144 158 166 169 173 174 177 178 187 190 196 198 203 207 
38 73 77 80 87 93 94 99 101 102 104 106 117 118 120 121 128 129 130 132 133 135 136 140 141 151 154 155 156 160 161 162 165 166 171 176 178 180 194 196 197 200 201 203 205 
50 72 75 97 103 133 148 168 170 183 185 194 205 
38 71 78 79 81 83 90 99 102 104 105 106 108 111 114 118 119 125 126 129 132 134 137 141 146 147 149 167 170 175 179 189 191 193 194 197 202 205 207 
3 70 74 75 81 82 83 86 87 88 89 90 92 94 95 98 100 105 107 109 112 115 116 124 128 130 134 137 139 142 144 148 150 151 152 154 157 158 159 163 164 167 170 172 175 176 181 187 189 194 195 198 200 205 
60 73 74 76 81 82 83 84 85 88 92 97 99 102 104 108 112 116 120 121 122 125 128 129 130 131 132 140 141 145 146 156 158 160 161 164 166 168 169 173 175 177 181 183 185 189 192 197 198 200 206 
94 1 71 74 78 83 84 87 94 95 96 97 98 99 100 109 114 122 128 135 136 139 141 146 147 148 149 150 151 154 169 178 183 190 193 195 196 201 204 
4 72 73 79 83 87 102 103 105 107 109 114 123 124 132 143 146 157 158 159 160 163 175 176 180 181 194 196 198 201 205 206 
52 75 82 84 85 86 100 103 106 107 108 120 121 125 127 130 133 135 136 138 140 141 150 152 155 156 161 164 165 166 169 172 177 182 184 186 187 189 191 193 194 199 200 203 204 
73 70 75 77 79 83 92 93 94 96 99 100 103 112 131 132 133 144 147 149 151 152 155 158 159 163 167 169 171 173 180 182 191 206 207 
98 72 75 76 77 78 80 82 83 84 86 87 88 91 94 101 103 105 107 108 110 115 120 126 127 129 131 132 133 134 139 143 145 147 148 150 153 158 170 172 182 183 184 186 188 192 193 196 198 201 202 
79 75 97 107 112 122 133 139 141 148 160 165 170 174 179 180 193 202 
61 71 78 79 87 89 94 102 105 111 119 121 123 158 160 163 187 192 193 202 
70 71 76 85 89 90 102 103 118 119 121 129 141 148 163 175 177 196 
14 1 73 74 76 77 80 84 86 87 98 100 105 108 110 111 126 128 130 134 148 150 153 158 162 163 165 166 171 179 185 189 197 200 202 205 
83 74 78 82 88 92 95 101 104 108 109 111 114 121 123 125 126 130 136 138 141 144 147 182 183 192 198 200 203 207 
55 74 86 91 95 108 116 128 139 148 160 162 175 181 190 203 207 
86 83 91 94 121 124 130 135 146 159 
61 71 78 80 81 82 84 85 90 93 96 98 102 103 104 105 111 117 119 122 128 129 131 132 134 141 142 144 145 147 157 166 168 171 172 176 182 183 187 189 193 196 199 203 204 205 
88 74 76 80 81 82 83 85 88 94 97 98 100 102 109 110 117 119 121 126 127 129 130 132 133 137 139 141 146 148 152 153 154 155 161 166 168 170 171 173 175 176 179 180 184 185 186 187 191 194 196 199 203 207 
80 1 74 75 77 78 81 83 85 88 94 98 100 102 104 112 114 116 117 121 123 125 132 133 136 137 138 141 144 146 148 152 154 156 157 159 164 168 171 175 176 177 180 181 184 189 196 197 199 200 201 206 207 
15 70 72 74 75 82 83 90 91 93 95 104 105 109 111 113 114 117 120 121 124 125 130 131 133 134 135 136 137 140 142 144 145 147 150 152 154 155 156 157 160 163 165 168 173 176 177 179 182 186 188 193 194 195 196 198 203 206 207 
27 71 72 77 79 85 87 88 91 93 94 96 103 105 109 111 114 122 123 125 126 129 133 139 144 145 149 159 162 163 164 166 167 172 173 175 180 183 197 199 202 204 206 
76 72 73 74 85 86 89 92 93 99 103 104 106 108 111 119 121 122 125 126 129 131 138 140 144 146 147 148 150 151 153 155 156 157 158 159 160 161 163 164 167 168 171 172 175 176 186 189 191 192 193 199 202 206 
60 70 72 74 75 76 77 81 83 84 87 94 96 100 107 108 110 111 112 117 120 124 130 131 134 135 136 139 140 141 143 148 151 154 159 161 167 169 173 174 175 176 177 179 181 185 187 191 201 203 205 206 
43 70 80 81 84 89 92 95 97 99 100 101 102 103 109 114 117 119 120 122 125 126 128 131 133 134 137 140 148 153 156 162 164 172 177 178 186 188 190 193 194 198 199 200 201 203 204 205 
55 74 77 81 82 84 85 86 95 98 100 102 110 113 114 115 122 123 125 129 130 132 133 134 136 137 142 144 145 147 148 149 150 152 154 156 157 158 162 164 167 171 174 181 182 184 185 190 191 192 195 198 200 201 206 207 
11 103 139 153 186 207 
8 1 70 79 80 85 88 89 93 97 100 104 105 111 114 128 132 136 145 152 154 155 159 165 166 177 190 197 205 
63 138 193 
52 1 90 91 98 106 108 111 125 130 136 139 147 153 154 155 169 175 195 202 207 
61 1 76 79 81 85 86 88 89 90 93 98 100 102 105 108 110 111 114 116 118 123 124 127 132 135 136 138 144 146 149 150 159 160 163 164 168 171 174 177 179 180 181 183 184 189 192 193 195 198 199 200 203 205 207 
99 70 75 77 78 83 85 87 90 92 95 100 103 105 108 112 114 115 119 120 121 126 128 129 130 134 144 147 153 161 163 167 168 169 178 190 198 199 201 202 204 207 
95 71 96 109 111 117 120 123 131 132 138 139 143 145 148 151 159 163 164 168 171 173 174 175 198 
73 94 101 106 135 178 
25 81 112 113 114 123 127 132 135 138 155 162 178 187 194 201 
9 1 75 82 83 91 98 105 110 111 120 122 127 131 134 135 136 137 139 143 144 147 148 159 162 183 191 192 204 207 
71 78 79 80 82 102 107 109 118 119 123 124 129 139 149 159 160 174 181 186 191 195 207 
80 72 73 76 77 81 84 86 90 94 97 99 101 106 107 117 124 129 132 136 137 140 146 147 148 151 156 161 163 166 168 169 170 178 180 181 184 185 188 189 192 193 194 204 
65 1 70 73 75 76 77 80 82 84 87 92 93 96 97 98 101 105 112 113 117 118 123 130 131 133 134 141 143 145 146 150 151 155 157 163 164 165 172 173 174 184 190 198 200 207 
17 71 74 75 81 82 88 89 93 96 98 105 106 110 115 120 121 124 125 131 133 135 137 142 144 151 154 155 167 173 176 177 179 181 182 186 187 190 193 199 201 202 204 
72 1 71 73 76 77 82 89 99 100 105 109 110 111 121 128 136 139 144 149 155 161 167 168 172 184 189 193 194 196 
4 74 81 93 97 115 116 125 133 140 171 173 174 182 190 199 
95 70 75 76 81 87 90 100 105 108 112 116 121 123 124 125 128 129 138 140 142 144 146 147 154 156 167 171 172 176 181 186 188 195 197 200 202 203 205 206 207 
47 77 79 81 89 93 95 103 107 108 109 113 123 134 141 150 151 158 169 180 185 194 202 
15 70 71 76 77 80 81 88 89 90 94 96 99 101 102 104 108 109 117 120 121 123 126 127 129 132 134 135 136 139 140 144 148 149 152 154 155 157 158 159 166 167 168 171 175 177 178 183 184 185 187 192 197 198 199 201 
78 72 75 77 80 83 89 96 101 102 104 105 108 123 126 128 136 140 141 142 145 163 168 171 175 176 183 185 186 192 196 204 
38 99 161 173 185 192 
6 70 72 74 75 76 77 79 82 85 87 88 91 92 97 102 107 114 116 125 129 132 134 135 138 151 152 154 159 160 163 165 168 170 172 174 176 177 179 180 183 186 187 188 195 196 197 205 206 
54 73 133 173 
4 80 171 
38 154 187 
29 1 70 73 81 86 94 97 99 102 103 104 112 114 115 123 124 125 129 130 135 136 137 138 144 147 151 154 162 163 168 171 175 179 180 186 190 193 195 198 207 
91 72 75 79 91 95 99 103 114 119 126 127 132 134 135 136 140 151 153 163 168 171 172 178 179 180 186 188 190 192 196 197 198 200 201 204 
93 74 78 83 90 107 111 118 119 129 135 137 138 150 157 159 162 167 172 174 183 187 189 192 198 
51 100 143 184 186 199 207 
79 70 71 77 86 87 88 90 92 96 101 104 108 113 114 118 124 126 127 128 130 149 153 159 160 162 166 167 169 177 185 207 
16 73 91 93 94 97 102 103 117 118 125 127 139 145 156 160 161 169 177 184 185 186 190 199 204 205 207 
91 76 78 79 81 84 86 88 89 90 91 93 97 100 103 106 108 109 110 112 116 120 124 126 127 130 131 135 137 144 145 148 149 150 151 154 169 178 179 180 181 184 187 190 192 195 199 202 204 205 206 
80 1 71 74 75 77 79 80 82 88 89 91 104 105 106 112 119 120 121 124 126 131 135 137 139 141 142 147 149 150 152 155 158 159 169 170 171 172 174 178 182 185 188 189 191 192 196 197 199 200 202 203 205 207 
44 95 99 156 168 
96 70 73 77 78 80 83 89 90 91 92 96 97 99 102 107 112 113 119 123 126 127 133 138 139 140 142 146 147 148 149 152 155 162 164 174 175 177 178 179 185 188 203 204 206 
2 70 81 84 85 97 105 106 108 110 113 117 124 125 126 129 130 132 133 137 141 142 146 149 151 152 154 157 158 164 168 170 173 177 179 182 184 189 193 196 202 204 206 
85 74 76 80 96 100 103 104 121 128 132 148 154 160 172 
69 74 87 95 97 102 105 106 109 112 115 142 143 150 174 180 189 190 191 
58 1 72 86 101 105 109 111 118 129 135 136 144 157 159 161 166 177 178 182 185 192 198 207 
18 73 78 83 86 87 89 94 97 98 100 101 102 104 107 109 112 113 116 119 121 124 125 127 128 131 132 134 138 139 140 145 146 147 150 153 156 164 166 167 169 172 174 178 180 181 182 186 187 188 190 191 196 198 202 203 204 
71 1 73 75 80 81 83 84 89 92 99 102 104 106 114 118 121 128 132 136 137 139 140 141 143 148 152 153 160 165 168 169 171 173 174 176 178 180 190 194 198 201 205 
13 75 98 116 123 163 193 196 201 
95 1 71 74 78 80 83 85 92 94 95 99 102 103 105 106 107 113 115 120 125 126 129 130 132 139 143 144 146 149 150 154 156 157 160 165 167 171 184 186 188 191 197 199 202 203 206 
43 70 71 72 76 79 80 88 91 92 94 97 104 105 109 112 115 116 118 119 122 124 126 128 131 133 137 140 147 152 155 156 165 166 168 169 174 176 177 180 183 186 189 190 194 195 196 201 
89 71 75 76 86 90 91 108 109 113 114 120 121 129 132 133 139 147 150 151 152 157 160 164 167 168 169 176 178 180 184 189 194 197 198 199 200 201 204 
14 1 72 76 81 86 88 90 93 96 98 102 106 111 117 119 125 126 127 129 131 137 143 147 148 158 163 165 167 172 178 185 188 189 191 195 196 205 206 
21 71 76 77 79 80 81 83 84 87 100 104 108 118 119 122 123 124 130 132 136 139 144 150 151 153 156 158 162 170 171 172 173 178 180 181 185 186 187 189 193 198 200 202 206 207 
36 81 82 85 91 92 96 99 102 103 105 108 110 113 115 117 119 122 125 130 132 134 136 140 155 156 164 165 168 172 173 179 181 184 185 187 189 191 192 194 195 197 199 200 203 207 
24 1 71 74 78 79 83 89 93 94 102 104 107 108 112 113 116 117 118 125 133 135 136 144 149 154 157 158 170 172 173 175 177 186 189 191 198 200 201 204 206 
16 73 74 75 76 77 78 80 86 88 91 102 103 106 108 109 112 119 120 122 123 126 128 131 147 149 151 155 157 160 162 164 165 167 169 176 177 178 179 180 181 182 190 195 199 201 202 203 204 205 
91 120 130 138 140 159 172 198 
79 70 75 80 81 86 88 91 93 95 96 98 113 118 119 120 123 131 133 140 146 151 152 156 159 160 173 179 180 182 183 184 187 195 199 201 202 
84 1 70 74 75 79 81 86 93 94 99 101 104 105 107 108 112 114 116 117 120 121 123 124 131 134 136 139 142 143 148 149 150 152 154 156 157 161 162 167 169 173 180 185 189 195 197 198 199 200 201 203 205 
49 71 74 75 84 85 89 92 95 108 111 123 127 144 151 152 153 161 162 163 173 176 183 187 201 206 
22 1 71 72 75 76 79 82 85 86 89 91 95 96 99 101 102 103 104 106 107 108 115 118 122 130 133 136 137 138 141 145 148 152 155 156 157 160 165 167 168 175 178 181 182 184 187 192 193 196 197 201 203 204 207 
11 1 71 72 76 78 85 87 90 92 93 95 98 112 115 117 119 123 128 132 135 136 144 146 147 151 153 160 165 168 171 173 179 180 183 187 194 195 199 200 203 205 207 
66 83 110 122 124 152 154 165 183 190 
28 1 70 72 73 78 79 80 81 82 86 90 93 94 96 97 100 106 110 116 118 119 120 127 128 129 132 136 141 146 154 157 158 160 161 162 173 176 177 179 185 191 200 204 205 207 
97 71 74 91 125 140 151 159 170 176 
31 1 70 73 75 76 77 79 81 84 86 87 98 99 104 112 114 117 121 122 124 139 147 149 152 159 160 169 172 173 175 176 182 183 192 193 194 
31 1 77 80 81 83 84 87 89 92 94 95 101 104 105 109 110 111 112 114 115 117 118 119 120 124 127 131 132 135 139 140 141 143 144 152 155 159 160 161 163 164 165 166 167 174 175 184 185 187 191 192 196 200 201 203 205 206 
6 73 76 83 84 85 92 99 100 104 117 118 120 125 130 131 138 140 145 146 148 163 166 167 178 186 192 193 194 200 205 206 
69 1 72 75 79 86 88 90 92 99 100 101 102 104 106 109 110 115 119 122 124 130 131 132 133 135 136 137 139 142 144 149 156 164 166 167 169 170 171 173 175 177 179 182 186 187 188 190 191 193 196 200 204 
3 73 75 90 95 102 107 110 120 127 129 130 131 136 147 158 169 178 197 
50 81 92 93 95 97 106 110 113 119 123 124 125 126 129 130 141 145 148 153 167 173 177 179 183 193 201 202 204 206 207 
46 1 74 82 83 87 88 90 101 111 118 132 133 143 144 150 157 171 177 190 191 194 204 
21 76 77 86 90 91 98 100 102 105 118 122 128 129 133 139 153 164 166 169 173 175 183 184 200 
54 1 70 74 87 88 89 100 103 122 126 128 144 146 149 156 160 161 166 168 169 171 173 176 182 183 184 185 201 
11 126 146 
50 31 45 73 41 8 38 28 55 28 99 68 42 80 70 13 52 3 92 37 26 80 53 3 18 55 34 53 49 33 57 67 43 12 62 62 92 40 56 6 22 46 27 62 45 28 33 34 83 60 52 33 39 12 25 96 98 48 49 17 33 20 44 14 94 9 20 9 47 5 52 23 39 42 41 93 32 50 77 57 81 14 21 44 66 96 58 100 30 92 58 74 32 51 25 100 41 27 74 73 5 34 24 29 38 10 55 39 92 66 90 100 43 93 18 95 61 61 88 97 39 76 75 14 25 96 58 88 51 94 69 74 36 29 3 96 30 5 91 38 40 1 26 26 1 66 89 36 92 32 61 89 41 78 65 78 61 56 14 67 38 16 26 43 19 39 49 22 7 99 45 52 63 86 69 34 1 56 46 3 16 54 71 97 99 100 10 45 39 99 44 77 65 54 11 7 66 44 72 23 86 69 83 82 42 53 12 
