140 210
99 71 73 78 80 85 86 90 91 92 96 101 104 106 109 111 112 121 123 130 134 135 137 139 141 147 149 157 167 175 180 184 185 186 190 200 204 209 
55 75 80 96 103 110 114 133 146 147 154 156 161 163 168 176 177 182 186 189 194 196 200 209 
76 75 76 77 81 83 85 89 90 95 101 104 113 114 118 128 132 135 138 141 153 154 155 159 163 167 168 169 172 174 175 176 181 195 199 203 204 
21 73 80 84 86 87 88 91 93 97 98 99 100 103 107 108 111 113 115 122 123 125 128 129 140 142 145 147 148 152 155 160 162 165 166 171 178 180 182 185 188 198 201 202 207 
57 80 102 110 128 143 164 172 197 
42 115 186 
80 82 91 92 95 98 100 110 125 126 127 130 133 140 145 152 155 159 164 179 187 193 
92 77 89 98 106 117 130 131 137 152 155 167 193 199 204 
16 74 86 94 96 104 106 109 112 113 114 116 117 118 125 127 128 132 135 138 141 146 148 156 157 161 163 164 167 168 170 171 173 175 179 181 185 186 192 193 195 199 
43 72 73 79 83 87 89 97 103 105 114 115 116 117 120 129 135 136 151 156 163 164 172 182 185 191 194 195 210 
78 76 78 94 95 98 108 119 129 133 140 144 158 163 164 165 170 175 184 207 
59 77 78 81 84 85 86 87 88 94 95 97 99 100 109 117 118 119 121 123 139 145 146 147 151 153 162 163 165 172 173 175 185 188 189 190 195 196 200 202 204 207 209 210 
80 71 76 79 80 89 95 99 101 108 111 112 116 117 118 122 126 129 130 133 135 136 138 139 140 145 151 152 159 163 166 176 177 178 179 180 182 187 192 196 203 208 210 
5 74 98 99 112 113 114 116 117 121 124 127 131 135 140 141 147 151 152 156 159 162 166 167 171 176 177 181 182 183 185 189 195 199 204 206 210 
70 1 73 80 90 92 124 125 138 145 161 162 165 169 189 190 196 
47 71 77 81 84 89 91 94 97 106 108 109 113 114 117 120 123 128 129 130 132 133 135 144 151 155 158 161 164 165 166 167 168 175 179 180 186 192 195 197 198 199 201 204 205 207 210 
64 1 76 84 104 109 111 116 123 130 138 140 153 166 167 174 180 192 205 
62 1 71 92 94 98 105 109 110 116 126 131 156 157 160 163 169 174 181 188 197 199 200 203 
87 1 75 78 83 94 98 100 102 108 109 113 122 126 128 133 143 145 147 154 160 163 168 181 183 192 194 195 198 202 207 
22 72 73 83 87 101 104 114 115 129 130 131 132 134 138 145 152 155 157 159 166 169 170 183 186 195 205 207 
35 72 73 77 80 85 88 101 107 115 116 117 120 123 124 126 131 136 140 151 158 164 166 168 171 174 176 189 193 194 196 198 202 206 208 209 
75 88 96 100 115 146 153 162 181 182 184 
77 143 163 174 
89 71 76 78 82 83 87 91 93 98 99 103 109 111 114 115 116 123 128 130 131 134 136 140 141 145 150 152 155 159 160 162 166 170 173 179 180 183 186 188 194 197 198 200 201 205 206 209 
49 72 78 93 99 105 106 108 119 127 147 162 163 171 187 194 206 
39 97 174 
33 88 89 92 93 95 111 140 151 153 154 167 171 204 206 
15 73 107 136 151 172 199 
71 77 80 82 86 93 97 100 101 106 109 116 119 120 121 124 130 138 140 141 144 145 152 155 158 160 162 163 170 172 175 176 180 185 186 194 199 201 210 
58 84 94 129 156 174 176 178 193 
29 71 75 77 82 86 93 108 112 113 115 116 126 127 128 155 156 160 161 166 167 185 186 188 189 198 199 207 208 
68 74 75 81 84 85 89 91 92 93 95 97 100 105 107 109 111 112 116 118 124 127 128 129 132 133 140 141 144 148 149 150 152 153 156 160 165 167 170 171 172 174 175 177 178 179 181 188 189 192 195 197 198 199 200 208 
76 73 77 80 95 96 104 109 111 117 122 129 131 136 137 140 147 149 151 156 170 171 174 175 185 189 191 192 196 203 205 206 208 
80 1 71 72 74 77 78 80 83 84 85 88 90 91 93 94 100 104 105 106 109 112 114 115 118 120 127 137 138 139 142 144 147 148 151 155 157 166 167 168 169 171 177 178 185 190 200 201 206 207 
8 83 87 130 162 170 189 
47 71 72 75 76 88 94 97 104 105 107 110 118 127 136 141 157 161 164 168 180 187 203 207 209 210 
85 71 77 84 85 90 91 97 98 101 102 105 106 108 112 116 118 120 121 123 127 130 132 138 140 142 150 154 155 159 161 162 165 169 170 171 173 174 176 178 185 186 189 193 198 205 206 208 210 
71 1 89 98 100 119 129 131 134 140 142 147 150 152 157 161 171 174 175 180 183 185 188 189 192 193 208 
84 71 73 82 84 86 87 93 98 99 101 102 104 110 118 125 139 143 146 148 150 151 155 158 159 171 178 179 183 192 193 194 197 202 203 206 
39 88 89 90 102 103 113 123 125 145 153 159 161 164 168 174 177 182 
1 71 72 78 82 90 95 96 98 99 104 106 108 111 112 117 119 120 121 124 126 132 133 134 135 137 144 146 156 160 162 172 173 175 177 178 186 188 190 191 194 199 200 204 206 210 
35 81 86 96 101 103 125 130 132 133 136 156 160 166 172 177 178 195 197 
69 73 77 81 92 100 104 112 113 114 118 122 123 124 125 137 139 140 143 145 148 150 153 156 164 165 166 167 169 170 176 177 186 195 201 202 204 205 206 208 
17 77 87 90 93 98 101 103 118 133 151 152 155 158 159 171 181 186 187 189 192 202 208 
5 1 73 84 85 93 98 100 107 117 124 125 127 129 135 136 149 160 161 168 169 176 181 183 184 191 198 200 201 209 
21 73 79 88 91 93 96 103 104 108 110 112 116 131 140 142 156 164 165 178 184 195 199 206 208 210 
39 1 75 105 130 195 204 
37 79 82 83 86 87 88 91 92 93 98 99 103 104 105 109 110 112 113 114 115 116 123 124 132 140 141 143 151 154 156 158 161 172 182 185 186 187 188 191 195 198 201 205 210 
4 81 82 85 92 96 104 106 115 118 126 129 137 144 155 157 165 171 181 185 189 190 193 203 
37 76 80 82 87 89 96 98 106 114 115 117 121 122 125 129 130 131 132 137 140 143 144 150 151 155 156 157 158 160 161 164 166 171 173 177 186 192 194 195 196 197 198 200 201 206 209 210 
100 72 75 76 77 78 80 81 83 87 89 91 92 93 95 96 97 102 103 105 108 111 112 113 117 118 120 122 124 130 131 133 134 137 138 140 144 151 158 165 166 167 172 174 175 176 178 180 185 190 192 193 196 197 203 204 205 207 209 
74 80 82 87 88 89 91 99 104 106 109 110 112 114 119 121 127 131 136 141 145 148 149 150 152 155 156 157 158 160 165 166 172 173 178 182 188 189 190 191 200 206 
10 71 75 76 80 81 82 88 93 95 97 100 105 111 114 116 117 121 123 124 128 130 131 135 139 141 143 145 148 149 155 159 163 167 169 171 173 175 177 178 179 180 182 184 187 190 192 193 194 200 201 202 204 205 
43 1 72 90 91 95 98 99 100 114 124 128 136 140 142 144 149 152 156 187 189 192 201 204 
28 74 79 80 82 85 90 96 99 103 112 126 142 145 169 174 178 183 187 197 
96 72 76 81 87 89 94 99 100 101 103 104 105 115 122 131 135 141 142 145 150 151 154 155 156 157 164 165 166 168 169 176 178 180 182 188 189 197 203 205 209 210 
51 79 83 87 89 94 96 97 116 119 120 136 150 151 166 170 171 191 206 209 
61 74 94 96 97 101 102 104 105 107 109 114 128 131 133 138 144 150 152 154 158 160 167 177 178 179 181 182 188 190 192 195 196 200 203 204 210 
17 73 76 81 91 92 93 97 98 99 102 107 113 127 144 148 151 153 157 164 168 171 172 176 182 190 193 208 
31 71 74 76 78 79 82 85 87 89 90 93 96 99 101 104 110 112 113 114 119 123 124 128 131 134 138 139 141 144 145 146 147 149 154 157 159 161 164 165 168 171 173 178 183 190 193 196 201 205 206 207 
88 99 110 113 120 138 172 186 191 193 210 
3 125 
16 79 85 86 87 90 95 97 99 101 102 105 117 118 125 127 130 131 135 139 143 146 148 150 153 158 169 172 174 175 185 187 189 194 204 205 
60 76 80 88 90 96 103 104 105 119 127 141 145 147 151 153 162 168 169 174 178 187 193 194 196 200 204 206 
77 72 73 75 88 89 90 94 97 101 111 113 115 126 127 132 136 139 140 145 150 151 152 153 155 159 161 162 168 176 178 183 189 195 200 204 210 
87 75 79 80 84 85 89 91 92 94 102 105 108 114 116 118 119 120 125 126 134 135 142 144 146 149 154 155 156 157 160 161 162 167 170 176 181 183 185 187 189 190 191 193 197 199 201 202 203 205 206 210 
66 72 76 79 88 93 96 97 103 104 105 113 114 119 126 129 130 137 148 161 165 167 170 176 187 193 195 198 199 203 
5 82 90 101 107 110 111 113 115 124 130 134 139 155 157 181 182 189 203 204 
31 71 73 76 80 82 83 89 91 96 99 100 101 107 113 116 118 121 129 133 134 135 136 137 141 156 158 159 162 163 164 165 172 174 176 178 179 181 190 199 200 207 209 210 
40 71 75 78 79 80 83 88 90 92 93 94 98 104 106 110 112 114 115 116 117 119 121 122 124 125 130 142 145 149 151 152 161 163 169 170 172 173 174 176 180 182 192 198 200 206 208 209 210 
43 84 118 142 143 
13 74 79 84 88 89 91 94 95 97 108 109 110 112 116 117 122 124 128 134 137 138 140 147 148 152 153 155 161 162 167 176 177 178 181 183 185 192 193 194 199 201 204 210 
83 72 74 76 87 91 93 94 95 97 100 101 102 103 106 110 112 113 116 118 120 121 126 127 131 132 136 137 140 146 148 149 151 153 156 158 160 161 163 164 166 175 182 184 187 191 194 197 198 202 204 205 206 210 
27 73 74 76 80 81 88 117 119 126 128 139 140 145 146 152 156 159 160 165 180 184 193 198 205 208 210 
7 75 84 87 98 109 115 126 132 134 137 148 156 157 174 175 184 194 196 197 200 202 205 
64 1 72 79 80 82 90 91 92 93 94 97 103 105 106 109 115 118 120 122 125 127 134 136 137 138 141 143 146 147 148 150 151 154 155 166 167 171 175 176 178 179 181 183 184 187 195 200 209 210 
74 80 94 109 112 115 117 130 139 141 143 145 155 176 177 190 207 210 
94 73 80 97 98 109 111 114 115 118 121 124 127 131 133 136 142 146 148 149 153 155 156 169 173 181 183 184 187 190 207 
45 88 98 99 109 112 118 131 137 143 147 149 150 160 163 168 169 178 182 186 189 191 196 197 208 210 
41 71 76 80 86 95 99 103 104 107 123 124 125 135 137 140 142 143 147 149 153 156 157 159 163 166 175 178 184 185 186 187 198 200 201 
62 77 85 108 170 180 
37 73 77 84 88 89 90 91 94 105 109 114 117 124 137 147 158 160 162 165 174 178 179 180 183 188 199 201 
16 74 78 81 83 90 93 96 100 107 112 120 124 143 147 153 155 156 157 172 175 179 183 193 195 197 209 210 
69 71 74 75 81 84 85 87 99 100 106 111 116 118 124 127 130 135 137 143 144 147 154 158 159 169 172 176 178 179 192 199 201 207 210 
45 71 109 129 131 133 141 146 154 157 168 177 186 188 194 
12 71 72 73 80 83 85 93 94 95 102 103 105 106 112 113 114 115 118 119 120 123 136 137 138 142 145 146 148 155 157 158 159 161 165 170 178 186 187 189 191 197 202 204 208 
91 77 79 86 87 91 92 93 95 96 98 107 113 123 125 129 131 139 140 142 146 148 149 151 152 165 174 176 182 184 186 195 197 200 206 
15 71 73 76 77 78 79 84 86 91 100 104 106 107 111 116 118 120 122 124 126 128 131 132 134 135 139 140 141 152 153 157 160 161 163 167 172 175 177 178 180 181 189 195 196 197 199 200 201 203 204 210 
57 72 74 76 86 92 97 100 108 114 115 118 128 136 141 142 146 151 153 170 173 180 181 186 189 192 194 198 199 201 202 205 210 
73 72 79 84 89 95 97 104 112 119 126 128 129 136 138 140 150 158 165 166 176 177 184 188 189 193 194 195 203 204 206 207 
62 84 85 93 97 103 104 112 114 115 116 119 123 127 130 133 138 139 145 149 158 160 162 165 169 173 174 175 178 180 181 182 184 187 189 193 200 201 205 
8 72 73 74 75 76 81 82 86 87 88 89 90 93 96 101 104 108 112 114 122 123 125 126 127 128 131 135 138 141 142 144 145 146 147 150 151 155 156 162 168 169 170 171 174 175 176 177 185 187 188 192 194 196 204 205 207 210 
11 73 80 85 88 93 96 104 111 121 130 135 149 152 156 170 180 187 192 197 204 208 
46 72 77 85 89 90 93 95 97 99 120 121 124 126 127 149 157 160 164 172 175 185 187 190 193 194 199 206 210 
23 87 89 118 124 131 141 151 153 162 163 167 173 182 186 194 195 207 
64 90 92 102 104 118 123 134 152 163 169 175 195 207 
78 72 74 77 78 79 80 81 82 85 87 89 94 101 102 103 104 105 111 113 116 120 121 125 127 128 130 131 133 134 135 139 141 143 144 147 151 153 154 155 159 160 163 178 180 182 185 189 192 195 196 199 202 208 209 210 
64 86 90 92 94 95 101 106 111 115 122 123 124 126 128 132 135 139 140 143 165 175 177 178 179 182 186 193 202 207 
48 72 81 90 91 93 99 111 117 124 126 143 151 159 173 177 186 190 201 203 210 
86 76 78 81 82 86 89 99 100 106 114 118 119 121 140 141 153 158 162 165 166 169 170 177 179 189 194 199 206 208 209 
55 1 71 76 83 90 96 101 105 108 119 127 133 136 154 156 157 160 161 169 186 192 199 205 
50 71 75 86 87 88 92 98 100 101 106 114 119 120 129 131 132 135 137 141 142 147 151 152 156 160 161 162 167 180 182 183 185 188 191 196 199 205 207 210 
66 1 71 73 76 78 79 84 86 88 91 94 95 97 100 101 102 110 111 114 116 120 126 127 128 131 132 134 135 140 144 145 150 153 162 165 167 169 173 175 178 179 183 185 188 189 194 197 204 207 208 210 
84 75 77 87 88 89 91 92 95 96 99 101 103 105 112 114 117 119 122 130 135 137 139 140 141 145 147 149 151 154 156 158 161 163 168 169 170 171 172 173 177 180 181 183 184 189 190 193 198 
85 73 76 78 82 91 95 96 102 106 108 109 114 116 117 118 120 121 122 129 132 137 139 141 142 149 150 151 153 155 157 159 160 161 164 165 170 174 176 177 179 181 183 186 188 189 192 194 195 205 206 208 
96 72 76 91 99 103 130 138 139 167 
55 115 118 125 152 154 172 178 198 204 206 209 
20 73 83 86 89 96 107 111 117 118 121 123 132 138 150 151 154 162 163 168 176 185 188 192 196 200 202 207 210 
100 72 75 77 79 83 84 92 93 101 111 114 115 116 118 120 121 124 146 151 153 154 164 166 168 170 173 175 178 179 181 182 184 188 189 193 195 198 202 204 206 208 209 
85 78 86 94 101 107 113 118 125 132 135 143 154 155 174 178 184 187 188 190 193 209 
12 186 
50 73 74 85 86 91 92 93 94 104 105 109 111 114 116 119 124 125 127 128 130 131 136 137 138 144 147 150 153 155 158 161 166 167 168 171 182 186 188 189 193 194 201 202 205 210 
85 1 81 82 83 90 91 95 96 101 105 106 108 109 110 112 115 124 136 142 143 144 146 148 149 150 152 155 157 161 165 171 172 174 180 183 185 188 190 191 192 193 194 195 
47 72 74 80 87 102 110 135 167 179 182 200 207 
52 73 182 204 208 
97 1 72 74 78 84 88 92 93 100 102 104 105 108 110 112 118 126 127 128 135 137 138 141 145 147 152 153 154 158 162 164 166 167 168 169 170 173 174 184 185 187 188 189 200 202 203 207 208 209 210 
77 74 99 124 140 142 149 162 173 
10 1 81 82 84 86 89 90 91 94 96 99 100 102 112 114 118 122 133 139 141 143 145 146 151 152 157 161 166 171 173 179 180 183 192 194 197 199 201 208 210 
44 82 88 93 105 108 113 116 118 123 138 143 151 197 198 204 
8 72 73 90 119 128 131 144 147 172 173 177 
40 1 72 74 77 78 84 85 88 89 92 96 97 102 103 105 106 107 115 122 124 128 129 133 139 152 153 155 159 162 173 174 175 176 179 185 189 197 206 207 210 
79 76 77 82 85 90 95 104 105 109 112 113 114 123 125 129 132 133 142 143 146 149 153 158 160 162 173 175 177 182 184 196 198 200 201 204 208 210 
30 1 71 90 94 106 113 118 119 122 128 130 133 135 139 150 157 164 168 169 174 177 178 185 188 190 194 198 199 200 201 203 206 208 
60 73 74 83 87 89 103 105 111 112 117 128 129 130 134 136 137 139 146 148 149 150 151 155 181 183 186 203 208 209 
33 89 97 98 114 124 135 136 137 166 171 173 194 
52 96 99 100 115 133 143 157 192 197 
42 1 71 79 84 108 110 135 138 140 141 150 166 176 186 192 
88 1 73 77 107 110 124 128 135 141 154 163 167 184 199 207 210 
21 73 76 79 81 88 94 96 97 101 109 111 114 116 119 121 124 127 136 137 139 144 154 156 160 161 167 172 177 178 179 181 182 184 185 187 189 193 194 196 197 200 205 208 
87 71 74 78 79 90 100 108 110 112 113 115 117 120 125 126 130 140 145 146 156 157 160 165 180 184 187 191 193 196 200 201 204 205 206 
31 89 90 116 118 135 150 156 163 171 189 190 
2 85 114 133 153 191 201 202 203 
41 71 74 78 89 104 105 106 118 134 137 140 162 166 167 173 175 179 182 185 190 192 195 204 
82 76 77 84 85 92 97 103 104 107 110 114 120 121 126 127 130 141 146 153 157 160 164 165 172 175 177 183 192 193 195 201 204 
73 72 96 115 127 156 164 172 190 195 203 207 210 
23 81 104 119 124 137 149 154 177 191 
42 83 85 90 92 95 96 109 122 123 124 127 128 139 140 147 153 154 157 166 171 176 179 181 183 186 190 191 204 210 
86 93 94 113 116 118 132 136 150 153 161 163 167 171 173 179 184 195 198 207 
1 72 73 74 78 84 85 89 91 103 105 107 111 116 120 123 124 125 127 130 137 141 152 155 160 164 167 172 176 187 191 199 206 207 
32 71 79 80 99 100 104 105 112 119 120 130 134 142 150 157 165 178 181 184 200 204 210 
67 44 87 93 47 47 77 58 69 34 21 63 51 47 82 35 89 66 21 45 100 20 85 79 85 7 97 89 59 45 65 1 93 74 29 30 91 75 52 85 49 19 9 67 76 51 93 75 66 86 50 33 75 54 49 8 59 36 42 63 81 48 65 42 17 100 64 79 98 44 76 52 78 57 76 9 62 89 7 16 96 20 3 47 20 63 54 12 80 94 31 39 7 53 55 34 33 30 60 16 72 95 74 31 3 20 2 41 4 62 14 38 5 60 71 67 4 26 98 11 39 77 36 63 12 94 68 22 30 27 63 87 75 96 88 4 20 45 15 100 26 63 31 65 36 43 33 34 36 17 5 57 51 77 81 8 37 46 37 43 76 92 26 69 47 78 62 97 20 69 79 12 16 52 52 40 75 56 48 28 5 95 93 60 55 66 89 51 38 28 43 81 21 76 3 41 92 56 92 30 23 7 13 66 5 53 17 17 68 20 
