142 213
51 72 76 79 87 91 100 101 104 108 109 113 115 117 119 145 148 151 157 158 166 170 173 182 185 191 192 202 207 209 
59 1 83 95 99 108 113 116 140 141 143 144 147 148 167 183 185 186 194 196 205 206 
10 73 74 75 77 80 82 86 87 90 91 93 94 97 101 105 107 113 114 116 119 121 124 127 129 132 140 142 152 153 155 158 160 169 177 181 182 183 184 191 193 194 195 196 201 202 203 210 213 
100 74 76 80 97 109 113 115 119 123 125 127 130 133 134 135 136 138 139 140 142 154 155 164 166 168 171 173 177 179 180 183 187 188 189 200 203 204 205 209 211 
73 77 89 111 121 136 
57 85 88 91 93 96 107 110 123 126 127 130 135 139 140 142 144 146 153 155 161 162 170 174 195 199 201 205 208 209 
8 86 114 133 134 135 137 147 175 179 184 195 
31 72 74 76 82 86 91 96 103 108 111 115 125 132 147 149 151 156 159 161 163 164 166 170 173 175 176 182 193 196 201 203 206 
47 92 107 109 112 115 120 126 134 135 137 138 139 153 158 164 166 169 183 196 200 205 
36 78 79 80 83 86 87 90 91 97 99 113 114 119 120 125 126 127 128 136 143 144 145 149 150 152 162 171 172 174 176 179 182 185 189 193 197 203 207 210 213 
51 1 72 73 76 111 114 123 145 146 164 167 179 181 183 188 193 196 
37 72 73 75 76 77 81 83 84 89 91 94 98 99 100 101 107 127 138 140 141 152 153 154 157 158 159 160 164 168 169 170 175 177 179 181 187 191 192 194 197 198 199 200 201 203 207 210 212 
66 1 74 78 90 98 99 104 105 110 114 118 120 130 138 142 145 146 149 156 158 159 160 166 167 186 189 194 195 196 199 206 
96 158 164 191 
82 79 83 103 107 125 128 136 140 145 165 169 176 179 180 208 
22 1 72 73 78 85 86 87 89 100 104 106 111 115 123 124 134 137 140 141 143 145 146 151 152 157 166 167 168 171 176 179 181 184 185 186 189 190 192 193 196 197 198 201 206 
13 73 74 81 93 100 113 121 137 139 140 149 153 156 163 165 167 169 170 179 180 182 184 185 200 201 202 203 204 206 210 
88 1 74 82 84 85 89 93 96 97 102 112 115 116 118 119 121 122 124 125 127 133 135 136 138 142 147 149 150 151 153 154 156 158 161 162 165 174 179 183 186 187 188 190 191 205 208 211 213 
18 74 76 83 88 94 98 99 101 106 110 115 118 120 125 127 129 130 131 140 145 158 165 168 175 185 187 190 195 201 204 209 210 213 
89 83 88 93 102 107 119 124 128 133 140 146 147 152 154 161 164 169 172 178 182 183 184 185 186 188 191 195 197 
72 73 76 77 80 88 105 106 117 132 138 147 152 154 156 160 173 177 183 186 200 201 204 
29 1 82 86 87 93 98 114 131 157 174 190 194 202 203 204 208 
58 77 80 83 86 88 95 98 99 105 106 111 116 117 118 123 126 130 132 135 136 139 144 147 150 154 171 189 204 
12 79 100 107 114 123 146 152 169 184 
23 96 103 110 128 174 178 183 186 193 197 
43 72 73 89 98 100 101 132 136 153 156 173 183 
33 1 74 76 77 84 85 88 90 95 97 98 100 101 102 111 113 114 115 116 119 122 124 125 126 127 128 129 139 140 142 144 147 155 156 157 159 161 162 163 165 166 175 176 182 183 187 199 201 205 206 211 212 213 
16 109 137 139 158 171 179 184 193 209 
91 1 74 78 81 92 94 97 98 101 115 116 124 128 130 132 134 146 152 167 170 176 191 193 197 198 199 210 
35 1 73 74 80 81 84 85 86 91 95 97 103 104 105 108 115 116 117 122 124 125 133 136 137 139 142 143 148 151 157 160 162 167 169 175 177 179 182 184 185 186 188 190 191 201 204 211 212 
50 76 81 89 91 102 113 114 115 119 120 123 138 140 147 149 151 155 158 163 164 165 171 173 174 175 180 189 190 191 195 197 201 203 208 209 211 
32 93 149 179 185 193 
65 1 102 104 112 114 121 138 144 147 163 164 167 169 175 181 191 196 202 210 
32 1 75 76 80 81 84 89 93 99 116 121 122 125 127 128 131 132 133 134 136 138 139 145 146 147 148 149 150 153 155 159 161 163 164 166 170 178 179 180 181 186 188 189 192 195 196 197 198 199 200 202 203 204 205 210 212 
71 76 77 78 82 86 88 89 92 93 103 105 107 108 122 124 127 129 131 135 140 142 151 157 160 161 162 165 168 170 172 177 182 184 186 187 190 203 207 209 
34 86 101 107 118 120 123 126 132 139 147 148 176 188 192 195 198 200 207 208 
24 82 86 92 95 101 105 109 112 113 123 125 128 131 135 147 151 153 159 172 189 192 194 195 201 203 205 
16 72 74 79 83 95 102 104 107 114 116 117 119 121 123 131 137 138 141 142 151 155 162 164 165 166 177 178 181 183 186 192 193 194 197 199 203 207 
8 84 98 99 104 105 126 128 149 150 155 156 173 176 177 178 181 190 198 199 200 210 
88 75 85 86 96 98 136 145 158 163 166 189 196 210 
80 72 73 78 79 83 86 89 91 96 97 104 105 108 109 111 112 118 124 132 137 139 145 149 150 152 159 161 162 165 172 173 176 177 179 182 184 196 197 198 199 202 204 205 206 207 209 210 211 
26 1 99 123 133 139 
37 86 91 98 99 100 104 111 127 131 138 143 148 151 158 162 164 165 170 185 186 187 191 194 198 200 
70 107 
53 78 95 102 153 181 183 188 197 205 
32 73 76 79 83 90 92 97 102 111 113 118 120 125 129 135 140 142 145 149 151 154 156 163 177 178 181 182 184 188 198 208 213 
94 78 82 91 104 107 109 114 127 138 141 145 153 160 165 181 187 192 208 213 
17 72 76 77 80 82 84 86 87 91 92 93 97 99 101 103 109 110 118 122 124 128 129 130 133 136 139 140 141 142 145 147 150 155 156 162 165 168 169 171 174 176 178 186 188 195 197 200 202 203 206 212 
62 87 88 89 90 92 94 97 106 113 115 125 126 128 137 146 153 168 175 190 198 
21 1 72 73 75 81 82 87 92 93 94 100 106 107 110 112 115 120 125 138 140 141 145 146 147 159 167 169 173 175 183 189 192 198 203 204 205 206 
69 72 73 76 77 86 88 91 92 95 96 97 98 102 105 111 113 116 118 125 126 128 130 131 133 137 138 145 151 157 159 160 161 166 167 173 177 179 185 186 188 193 195 198 200 206 209 211 
65 74 80 83 84 91 99 101 102 103 104 106 107 112 114 116 118 119 122 123 128 144 146 148 149 152 157 161 169 170 172 175 181 184 186 189 191 192 202 205 
74 73 79 82 83 85 89 100 107 111 112 114 118 120 127 132 139 141 142 147 151 153 160 163 164 168 171 172 173 174 175 181 182 185 186 191 192 205 206 209 213 
93 1 74 75 77 80 82 87 89 92 93 95 97 100 103 105 113 116 118 125 126 130 137 138 139 140 145 148 149 151 154 157 158 161 165 166 169 171 175 177 181 184 188 193 196 202 203 205 208 210 
80 76 103 105 115 117 121 131 157 159 178 195 201 205 210 
14 83 91 134 144 153 162 185 188 206 
50 1 74 76 78 92 94 95 100 112 114 115 116 118 121 123 136 139 140 143 144 147 156 162 167 178 179 182 192 194 196 197 199 202 204 210 212 213 
96 75 86 90 92 94 95 105 109 110 112 117 119 120 128 132 137 147 150 156 158 164 168 169 171 177 178 184 188 194 197 211 
70 88 108 110 127 154 162 167 170 176 189 190 
33 1 72 77 83 86 88 95 99 104 112 114 115 116 119 132 135 138 139 143 152 158 165 166 169 171 173 174 175 176 189 197 198 200 204 205 209 211 213 
25 74 77 81 86 90 92 100 101 102 104 105 112 120 122 126 127 129 143 145 151 156 161 168 170 172 173 174 178 179 180 181 190 201 208 209 210 212 213 
87 76 78 83 86 88 103 105 108 111 112 116 117 123 125 129 130 131 132 133 137 141 143 145 148 152 155 165 170 173 177 179 181 191 194 195 197 202 206 208 210 
14 79 84 87 90 91 94 98 104 106 108 109 114 124 128 136 137 146 147 159 161 164 172 173 174 175 177 178 179 180 181 183 184 185 192 194 200 202 205 
56 72 75 81 86 88 89 90 91 93 94 98 100 106 123 128 136 138 140 142 143 145 147 152 157 158 166 170 171 181 183 184 186 187 190 192 194 198 202 213 
61 72 82 87 102 115 121 160 161 186 189 192 196 201 
6 1 73 75 77 78 80 82 87 88 95 97 99 102 111 114 115 116 119 120 124 125 132 133 135 143 148 153 154 157 158 159 162 165 172 173 177 179 180 182 183 184 185 188 190 193 195 199 200 203 205 206 207 208 209 210 211 
93 176 
98 73 78 80 81 83 91 92 97 98 115 119 122 123 124 126 128 129 133 144 152 154 157 177 182 184 189 191 195 198 207 211 
65 72 73 89 90 98 100 103 109 115 119 124 145 151 158 159 169 188 190 193 194 197 204 205 
97 97 106 108 124 152 159 161 200 
45 76 93 104 118 127 133 143 160 166 168 171 183 186 198 201 212 213 
13 96 97 98 100 106 107 120 124 132 139 144 145 158 171 183 191 195 197 200 204 
4 77 82 83 89 103 112 114 116 121 130 135 136 137 138 140 144 150 155 157 163 164 167 171 172 175 186 188 190 191 195 196 200 211 
7 1 74 75 79 80 81 85 88 96 100 102 106 109 111 115 118 120 123 126 136 141 149 152 159 160 167 185 186 190 192 194 198 213 
6 72 76 79 80 81 87 90 93 94 103 109 116 119 126 127 133 139 140 145 151 152 153 159 163 164 168 172 182 185 186 188 189 193 197 204 207 208 211 212 213 
85 72 94 111 177 185 189 
27 1 74 82 96 102 103 106 107 112 117 118 135 136 142 151 167 168 172 175 180 182 185 191 196 199 205 208 210 
64 73 82 83 96 117 149 152 156 180 186 187 198 202 
5 72 73 78 81 83 85 89 91 98 99 101 102 103 105 106 109 110 111 112 113 117 119 124 126 127 129 131 135 138 141 146 153 155 158 161 166 168 174 176 179 180 181 183 186 187 188 189 193 194 195 198 201 202 210 213 
49 72 80 88 100 101 122 136 144 146 150 155 175 189 192 197 
25 1 82 84 91 102 105 116 117 121 122 130 137 148 158 166 171 180 190 199 209 
67 73 75 76 78 83 86 92 115 117 120 121 122 124 125 126 128 130 132 138 145 152 159 164 170 174 177 182 186 188 194 195 198 211 213 
79 1 75 76 84 87 88 89 91 94 95 98 100 105 111 116 121 129 130 139 142 146 154 158 165 167 174 181 182 205 209 
60 104 209 
58 1 76 83 85 86 87 90 97 106 131 148 153 158 159 163 164 166 171 176 181 190 192 195 198 207 211 
96 1 87 122 175 182 193 
82 1 83 88 91 97 105 108 121 123 124 150 179 184 198 199 200 203 205 
94 72 74 75 76 81 83 86 96 104 108 114 118 127 132 134 135 138 141 142 143 147 148 152 153 156 159 160 168 171 173 178 184 191 193 195 197 200 201 202 203 205 207 209 210 211 213 
57 83 84 112 130 159 207 
91 90 96 123 126 129 130 133 137 140 143 146 154 158 161 162 163 168 188 192 193 194 201 205 206 207 210 
98 1 74 78 80 83 90 91 92 94 97 101 104 105 109 113 116 118 122 124 125 127 129 132 134 135 138 141 142 143 145 146 153 156 164 166 168 170 171 177 182 184 187 190 196 198 199 202 205 206 209 210 
31 1 74 79 80 81 93 94 95 111 124 136 142 160 182 183 195 200 204 205 213 
55 77 78 79 93 94 99 108 109 110 114 118 119 130 145 147 149 151 153 162 163 165 168 170 175 183 186 189 190 197 203 205 210 213 
20 75 81 105 110 120 126 130 137 146 147 159 161 171 175 195 198 
25 72 76 79 80 82 85 104 106 107 119 124 133 136 140 142 145 146 148 149 151 170 175 188 191 193 194 204 205 210 
20 72 73 77 81 83 89 91 97 98 104 109 110 112 116 118 120 124 135 139 142 144 151 154 158 159 166 167 168 179 180 181 189 190 191 195 196 200 211 
7 77 83 90 91 94 103 106 108 130 131 142 152 153 157 168 171 172 178 181 183 184 187 198 204 205 211 
35 73 76 78 84 87 88 97 103 108 119 120 121 127 133 136 140 142 143 147 149 151 153 156 158 163 166 171 178 182 187 194 195 203 204 207 210 
63 1 73 81 82 84 85 90 91 94 95 97 99 100 104 115 117 123 125 126 128 131 133 135 142 147 148 152 154 155 161 163 166 171 176 177 179 183 187 190 194 201 203 205 207 211 
34 72 73 77 81 83 86 91 93 97 98 99 100 102 103 105 107 109 110 111 113 115 120 123 126 127 132 136 138 139 140 141 144 148 149 150 156 162 164 165 166 170 171 175 179 181 183 185 188 193 202 
13 86 89 97 117 157 159 167 185 213 
74 76 78 80 81 82 84 87 88 91 92 94 95 97 103 104 105 106 112 113 114 115 118 120 121 123 130 134 135 136 137 142 144 148 152 157 158 161 166 174 176 177 183 185 188 190 193 197 198 199 200 201 202 208 213 
63 75 76 79 80 86 88 89 106 133 140 144 150 151 157 169 170 180 183 184 189 200 204 210 
14 83 85 90 92 93 95 104 106 109 113 116 119 121 122 126 128 136 148 149 151 156 159 161 171 172 173 174 176 180 184 186 187 188 191 192 203 205 210 
5 73 74 81 82 83 87 89 91 109 110 112 114 115 116 118 123 125 126 127 130 131 135 137 138 141 143 154 156 163 164 166 167 171 172 176 185 187 193 194 196 197 199 201 202 208 210 
68 1 73 74 77 78 82 84 85 89 96 100 103 107 115 116 118 124 127 129 137 138 139 142 144 147 151 160 162 164 165 170 176 188 195 197 198 199 201 204 205 
90 1 76 80 85 104 107 110 114 119 130 142 148 
17 76 83 86 93 109 116 117 122 125 127 131 136 138 140 141 169 179 181 192 195 209 211 
9 74 79 95 159 165 179 197 210 
17 73 74 78 85 89 92 98 100 102 105 106 116 117 119 120 123 124 134 136 137 142 146 151 160 166 168 173 174 179 182 185 187 197 205 207 210 
18 91 96 107 111 119 122 123 128 133 135 139 141 148 157 164 174 189 190 192 202 203 204 211 
17 76 77 80 92 101 107 111 112 113 115 123 126 138 144 146 147 151 153 157 160 162 163 170 171 184 190 191 202 205 206 
84 72 73 77 88 98 137 178 182 194 197 
10 72 74 75 83 87 89 92 94 110 113 118 120 121 123 124 127 137 139 143 147 150 157 164 169 174 180 182 183 185 186 191 205 208 209 213 
29 72 74 75 78 80 82 83 85 89 93 96 97 98 101 104 105 109 115 118 119 129 130 131 135 138 142 143 150 153 154 157 159 160 161 162 164 166 169 170 171 173 174 175 176 178 180 181 185 198 202 206 208 211 
52 72 78 79 84 91 93 95 96 99 102 107 108 109 110 114 119 124 129 130 141 142 144 145 156 161 162 172 173 174 176 177 178 179 186 187 191 192 195 207 
13 1 75 79 80 81 85 87 88 90 98 99 104 105 108 109 112 114 116 119 122 131 134 136 137 139 143 147 149 150 152 156 158 162 163 166 167 174 175 176 177 181 189 192 200 201 203 204 207 209 212 
19 72 101 102 141 155 195 203 205 206 
93 72 75 79 82 91 94 98 99 100 101 103 104 113 115 121 123 128 131 136 137 139 143 147 148 152 154 156 158 164 166 168 171 174 177 180 187 191 194 199 207 209 211 212 
22 75 79 94 99 100 109 124 147 156 159 167 173 174 183 196 198 199 208 209 211 
99 76 77 80 81 83 91 101 110 162 171 174 176 201 
83 73 74 94 98 99 100 102 109 114 122 125 134 142 146 149 150 152 157 161 167 196 198 206 207 
54 73 82 87 91 92 95 100 114 122 125 133 137 148 160 167 174 180 190 199 202 205 
39 82 83 96 104 115 124 139 143 150 159 164 166 174 175 182 183 189 196 210 211 
54 74 75 78 82 85 88 90 95 101 109 110 112 113 114 120 128 136 137 138 141 142 143 145 148 156 157 161 162 167 170 173 175 179 188 189 198 204 212 
97 84 86 87 101 102 104 107 119 122 129 133 135 142 144 151 152 155 163 167 171 188 189 
20 1 74 75 81 82 94 109 119 120 127 129 133 135 149 150 155 162 167 169 177 178 184 200 201 208 213 
3 1 72 75 79 87 88 98 99 104 108 113 123 128 132 135 140 141 143 145 147 148 158 164 165 166 180 196 199 204 208 211 212 
95 83 87 99 146 148 153 157 170 178 189 196 202 
37 1 84 87 90 92 93 99 103 108 120 125 127 131 143 145 147 148 153 177 183 185 186 198 201 203 206 208 212 
4 72 73 83 85 89 90 96 98 101 106 111 114 128 130 133 134 136 137 138 148 152 154 155 160 162 165 169 171 172 174 177 178 179 183 189 193 197 199 200 201 204 205 209 
100 74 77 79 81 82 84 86 89 90 91 94 106 108 109 111 112 113 114 115 119 126 127 128 129 138 140 143 144 150 152 156 159 163 166 167 169 171 173 179 182 184 189 191 192 193 199 200 203 206 209 210 213 
27 205 
5 77 115 120 125 128 142 145 153 165 187 207 212 
49 72 77 78 85 86 88 89 99 100 103 104 109 121 126 130 136 141 148 151 154 161 162 164 165 166 171 172 173 175 178 184 190 192 200 202 204 210 211 
19 1 74 82 91 93 96 102 103 104 110 112 115 117 118 120 125 126 128 133 134 136 142 144 145 147 155 160 164 165 170 172 174 175 176 178 179 180 182 187 189 191 196 198 200 203 204 205 206 207 209 211 212 
42 73 86 87 91 102 128 140 153 157 160 180 194 201 204 210 
44 75 79 82 86 96 109 111 118 121 125 134 146 151 152 156 159 169 172 187 189 191 194 195 196 202 204 212 
92 72 73 81 83 86 90 100 105 109 116 121 132 139 142 144 147 149 165 177 183 191 195 196 198 199 208 
80 72 74 75 78 80 83 89 91 99 100 101 103 105 107 109 113 114 119 120 121 123 124 127 129 134 135 138 139 142 143 145 148 149 151 153 157 159 160 163 166 168 169 170 176 177 178 179 182 189 190 198 199 203 
38 81 90 106 109 110 113 123 125 132 133 147 150 155 161 170 171 172 186 189 195 197 199 
82 75 80 82 83 86 87 89 90 91 93 94 95 97 109 114 125 127 129 130 131 133 134 136 143 145 149 150 154 157 161 162 163 169 170 172 174 179 184 186 187 188 190 194 198 200 202 203 204 206 211 212 
92 1 42 99 60 80 53 31 100 5 47 42 14 28 49 25 4 34 63 85 11 33 4 99 36 13 69 35 51 57 77 75 12 90 99 70 16 5 65 83 77 97 86 76 36 65 25 94 54 53 3 1 27 44 19 53 52 3 65 48 71 19 53 15 59 25 64 56 96 20 47 34 57 59 36 67 64 18 75 50 9 74 97 50 35 39 96 75 52 55 69 25 12 45 22 4 12 62 57 18 13 96 55 71 2 84 49 33 4 87 98 11 51 82 57 93 31 8 38 86 23 92 19 58 81 55 76 21 26 45 5 81 9 90 14 34 43 79 72 74 50 24 67 25 96 12 80 25 45 35 47 12 48 46 80 35 32 10 24 36 77 6 39 39 69 20 75 79 10 74 61 99 60 30 92 45 57 93 22 64 81 37 63 74 35 71 96 6 81 7 1 61 93 47 22 81 52 49 3 47 68 70 94 65 30 33 99 8 70 71 31 55 13 
