144 216
81 74 83 88 101 103 104 106 110 112 113 115 117 120 124 126 127 129 134 138 157 173 174 175 177 183 184 188 190 194 200 204 205 210 
37 93 110 132 138 178 201 208 212 
33 1 75 79 80 84 86 92 97 103 112 115 116 121 124 125 127 132 138 142 143 144 157 158 159 164 165 168 169 170 171 176 177 186 187 188 195 196 198 201 205 212 215 
87 73 75 78 82 85 88 89 93 95 103 109 110 114 118 120 121 123 124 125 128 132 136 138 139 140 142 149 153 156 158 161 162 167 171 174 177 183 188 191 193 196 199 201 206 208 210 212 
60 74 96 101 102 123 181 191 
28 78 79 83 85 86 97 98 99 100 101 103 110 111 115 117 119 121 126 130 134 135 136 137 139 140 142 146 149 151 156 158 159 161 164 170 171 174 180 183 184 191 192 194 197 198 199 202 206 211 
11 79 86 87 88 89 95 96 105 108 113 117 124 127 129 130 131 137 143 144 146 148 149 150 153 156 158 160 163 173 174 175 177 178 182 183 186 190 191 196 200 201 202 204 205 210 211 213 214 
64 82 90 131 197 198 
41 79 85 89 93 94 99 101 102 103 108 110 113 117 119 121 128 129 139 144 146 148 158 159 160 161 168 169 170 172 178 179 189 194 196 203 207 209 
80 75 76 78 79 85 87 89 92 93 98 100 104 105 108 110 113 114 115 116 117 118 119 120 122 123 127 128 130 134 143 148 154 156 157 159 161 163 164 165 166 167 170 176 179 185 188 189 192 196 200 202 205 207 210 212 216 
19 1 119 123 133 137 162 178 179 216 
100 73 80 84 87 89 90 91 94 103 104 105 107 110 112 113 120 122 124 136 137 144 148 149 156 158 164 171 175 178 180 182 187 188 191 193 199 200 202 204 206 211 215 216 
16 76 78 79 81 91 93 105 113 120 125 126 131 132 134 140 143 147 151 154 158 160 161 164 169 170 178 181 182 194 196 198 202 207 212 214 216 
71 84 85 86 87 88 89 90 91 92 99 105 108 110 112 117 119 121 128 133 139 149 153 156 158 159 160 164 165 170 172 173 174 175 178 180 190 196 197 199 204 209 216 
80 76 100 102 122 138 139 152 169 194 198 205 207 215 
47 101 104 127 135 136 138 149 171 193 196 214 
70 75 83 89 90 93 95 104 110 112 119 136 137 140 142 144 145 150 153 157 162 164 165 167 170 180 184 191 198 199 200 202 213 215 
77 1 74 76 77 80 81 85 88 91 95 100 101 110 115 116 119 123 127 130 131 132 134 135 141 146 147 148 149 151 152 154 155 157 159 162 175 179 184 191 193 198 201 203 206 207 208 209 211 212 214 
50 76 77 80 81 83 85 91 93 95 105 109 112 114 115 116 129 132 136 137 138 146 148 157 162 163 165 169 178 180 187 190 198 203 208 210 213 
60 1 75 82 84 88 92 106 110 113 124 126 152 159 162 164 178 179 183 185 190 192 193 194 199 207 213 216 
89 73 76 80 83 89 90 94 96 105 108 113 121 124 125 128 129 135 137 138 140 142 147 150 154 156 159 165 168 173 177 179 183 184 185 187 188 190 196 201 203 209 210 212 213 215 
82 83 85 124 139 160 169 179 
54 73 78 79 84 86 87 88 92 95 96 97 101 102 103 108 109 110 112 114 118 120 121 128 132 134 138 140 141 144 147 150 152 154 155 158 160 170 172 177 178 179 180 185 188 189 191 193 194 200 204 205 206 207 215 216 
78 1 76 89 90 103 104 106 123 133 136 137 142 144 157 163 166 172 177 178 179 184 191 
99 81 83 86 89 93 97 101 104 129 142 151 153 161 163 169 182 193 194 197 202 207 213 
86 77 79 82 85 98 99 100 104 105 113 114 123 125 126 129 131 133 140 142 152 155 156 159 163 165 174 176 177 178 180 184 185 186 194 198 199 205 206 208 210 
85 81 93 97 107 113 120 122 125 129 134 136 138 148 152 191 198 202 211 212 215 
83 73 78 81 88 95 96 97 101 106 112 114 118 122 128 135 137 141 142 144 155 157 159 161 164 165 167 168 174 176 178 186 187 189 191 197 198 204 213 
89 1 82 94 104 107 109 130 136 148 156 157 158 168 173 177 190 213 
73 75 77 81 87 90 98 101 106 147 151 155 164 168 170 179 181 186 189 210 
24 81 85 87 93 96 97 98 101 102 103 104 106 108 120 121 122 126 127 129 130 139 140 141 142 144 148 150 153 160 163 169 174 176 196 202 204 209 211 214 
28 1 74 87 90 107 112 116 132 140 
71 1 74 83 84 85 93 94 95 96 97 100 101 111 112 118 129 130 133 138 156 160 166 170 172 174 176 182 187 188 189 193 202 208 211 212 214 215 
52 82 85 88 89 90 97 105 120 127 135 139 142 147 152 156 160 164 171 173 179 191 192 194 197 200 214 
27 1 74 76 77 79 84 86 87 88 90 91 94 96 98 103 104 110 115 117 120 122 126 132 133 138 140 169 170 171 174 181 191 192 194 196 197 203 205 209 
26 76 100 103 119 121 163 169 180 
36 75 79 92 104 110 122 134 142 143 160 167 183 188 190 203 207 
43 83 113 124 130 139 140 145 155 160 183 188 
88 80 91 92 103 104 105 113 114 115 118 145 149 153 154 156 157 160 178 193 202 209 213 216 
2 75 86 92 99 101 102 103 104 105 108 110 111 112 113 114 120 122 124 127 128 135 136 140 143 144 148 152 154 157 159 163 165 166 167 170 171 172 173 177 178 179 180 188 189 197 198 199 201 209 210 211 212 213 
70 74 82 89 108 113 120 131 163 181 183 186 188 199 206 
79 73 77 81 83 105 108 132 139 147 150 151 153 156 157 160 172 180 188 189 190 191 197 205 
50 81 82 84 86 100 101 102 103 108 111 112 114 118 119 120 126 129 138 139 140 157 167 171 180 181 185 186 190 191 196 197 200 201 202 205 212 213 214 
38 74 77 80 84 92 93 94 100 101 102 103 106 109 120 127 128 131 134 138 139 144 145 146 151 154 158 161 162 163 164 166 167 170 173 175 177 179 180 181 184 190 193 194 198 200 205 206 207 208 209 213 214 216 
53 75 77 79 83 84 85 87 88 89 93 94 100 102 103 106 107 111 113 115 124 126 128 131 133 137 138 140 141 143 146 147 150 152 153 155 156 157 158 160 170 171 174 180 181 183 188 189 191 194 196 198 200 202 204 206 209 213 216 
73 1 74 76 77 85 91 92 95 99 104 107 109 111 116 127 128 129 140 141 147 148 149 151 152 160 161 164 166 171 172 174 180 184 185 188 189 191 192 199 200 201 204 205 208 210 211 212 214 216 
15 1 73 74 78 79 80 81 83 84 86 90 91 95 99 105 110 121 122 128 131 135 137 139 142 148 154 160 165 169 170 174 183 184 185 186 188 191 192 199 202 214 
70 1 73 74 77 83 85 86 89 90 91 92 95 97 98 103 106 112 115 117 119 120 123 126 127 131 134 135 137 139 140 143 144 149 153 155 156 157 162 163 166 167 170 171 175 178 182 190 191 192 193 198 205 208 214 215 
33 77 78 82 83 84 87 99 103 105 107 108 110 111 114 116 117 119 123 128 129 131 132 133 135 137 138 144 146 147 149 156 160 164 167 169 174 175 177 180 184 189 190 192 193 200 203 205 206 208 215 
7 165 185 
34 78 90 155 171 172 180 
75 1 75 82 86 87 89 95 101 103 104 126 134 140 145 146 150 162 167 168 172 173 177 183 185 191 193 197 198 200 204 212 
10 74 80 84 95 96 106 132 140 149 150 153 157 179 181 184 196 209 
35 1 73 74 75 76 77 81 85 88 89 90 91 92 99 103 105 107 110 112 116 119 121 124 128 136 137 141 144 145 149 152 153 156 158 162 163 170 171 172 174 178 189 190 197 198 199 200 209 210 211 212 214 216 
53 73 78 79 82 83 84 87 88 89 92 94 95 96 100 101 116 119 130 132 137 140 144 146 147 148 149 151 156 163 164 168 170 173 175 177 179 180 181 183 185 188 194 195 197 198 200 208 212 216 
2 1 79 93 95 97 100 102 104 105 112 114 120 121 126 129 132 137 138 139 142 144 145 146 147 148 150 152 154 156 157 161 162 166 168 169 172 180 182 184 187 188 190 193 195 196 210 212 215 
23 73 82 87 88 90 94 97 100 103 107 114 115 121 124 126 129 130 132 133 143 151 152 156 157 159 162 166 167 169 171 175 176 177 180 182 184 185 192 195 198 200 202 203 204 212 215 216 
87 1 74 81 84 85 86 95 99 102 112 115 123 132 133 135 139 142 144 147 150 154 157 158 159 161 162 163 169 172 173 175 179 182 185 186 192 196 199 200 212 
72 83 85 91 92 100 103 111 115 123 127 132 141 160 164 166 167 173 174 176 187 193 196 199 201 205 
88 1 73 75 76 79 80 81 82 84 85 86 87 89 92 93 95 101 106 107 111 113 114 119 124 129 131 134 135 136 140 143 144 148 150 152 153 160 162 167 171 172 177 178 180 181 185 186 190 193 198 199 200 202 207 208 209 213 
20 74 80 82 84 87 94 97 103 106 107 108 109 112 118 121 127 129 130 136 139 140 145 146 147 148 151 160 164 166 169 171 173 174 181 183 186 188 191 194 195 201 205 206 207 208 209 211 
33 1 80 86 89 90 91 92 102 106 107 109 111 112 117 119 122 128 129 133 135 139 147 156 159 160 163 165 166 167 169 170 173 174 175 180 183 184 185 187 189 208 211 212 213 216 
76 97 203 
27 1 79 80 81 96 100 101 104 111 122 131 133 134 137 146 148 153 169 185 187 191 196 201 208 215 
4 76 91 93 106 119 121 151 156 195 197 
27 75 99 100 122 144 162 187 198 213 
3 1 75 77 82 85 88 91 93 96 98 101 108 109 117 118 119 128 133 137 138 140 141 143 144 146 147 149 150 151 152 155 156 157 159 162 163 166 169 174 178 180 182 188 196 197 199 200 202 203 204 211 213 
39 79 80 91 92 95 96 102 104 108 109 111 112 116 119 120 125 132 137 141 148 153 164 169 173 181 183 184 187 188 190 192 193 194 196 207 208 209 211 
96 1 84 85 89 91 96 98 99 102 106 111 118 120 121 123 125 135 137 138 140 142 144 148 151 152 155 157 161 169 170 173 176 180 181 185 186 187 190 201 205 209 214 
63 109 139 151 162 
89 73 75 76 78 80 82 83 85 86 94 95 102 103 104 106 115 127 131 132 135 137 144 149 150 151 160 164 165 166 167 171 173 175 178 185 187 190 195 197 204 207 209 216 
45 79 80 81 84 87 93 98 117 119 132 138 139 141 145 149 156 160 172 175 177 181 182 186 191 193 205 206 210 212 
46 73 81 97 162 205 
61 78 89 92 95 99 110 112 115 128 130 133 146 155 170 172 173 177 183 188 200 201 216 
8 1 74 78 81 93 95 101 106 115 119 135 136 144 151 152 171 194 196 198 202 207 215 
67 74 79 82 86 88 89 101 113 115 131 138 152 200 207 208 
90 73 75 77 78 82 83 84 91 92 93 96 102 104 105 110 112 117 123 124 140 143 144 145 146 156 157 159 162 163 169 170 171 174 181 186 188 189 191 199 200 201 207 209 211 212 215 
27 74 98 104 106 121 123 135 137 139 172 185 186 191 203 206 209 
93 73 74 80 87 88 89 92 97 103 104 107 109 114 116 124 127 129 132 135 136 141 142 143 144 145 147 149 152 155 157 158 164 165 168 170 173 174 176 178 183 186 190 191 193 199 206 207 208 215 216 
31 136 210 
14 73 75 76 85 92 100 103 119 123 124 127 138 139 142 145 147 155 156 158 165 168 171 196 213 215 
7 78 80 81 83 84 88 89 91 99 106 107 108 112 113 115 119 122 125 126 133 135 136 137 138 144 145 148 149 150 154 161 163 175 176 179 186 189 190 196 201 208 213 214 
31 79 82 88 89 96 106 107 109 118 125 134 150 157 160 164 166 177 182 194 199 200 201 202 204 208 213 216 
47 75 78 79 81 86 93 95 97 100 102 107 109 115 117 119 126 131 132 141 143 149 154 159 165 167 171 175 177 178 181 184 185 194 196 200 202 205 215 216 
94 76 77 80 82 86 87 88 91 92 93 95 96 97 100 103 116 123 127 129 132 133 134 135 139 144 150 154 156 157 167 168 169 173 174 178 180 181 186 188 191 192 193 194 198 207 209 211 214 
79 86 92 97 102 163 176 199 
22 1 74 79 83 84 89 90 92 94 97 100 101 103 104 106 107 109 111 115 117 119 124 126 129 136 137 138 141 143 148 150 156 157 160 163 165 166 171 175 176 177 183 184 185 188 191 196 199 200 207 208 
25 76 80 81 82 86 90 91 93 98 119 124 125 127 128 140 144 147 149 150 152 164 167 169 178 191 201 202 211 
93 92 95 99 104 112 117 127 132 138 155 170 173 183 185 186 195 203 209 210 
69 1 73 76 77 79 82 84 86 94 95 96 98 102 104 105 110 116 119 120 121 123 125 127 128 130 132 136 141 143 144 145 146 148 150 151 154 158 164 170 171 177 178 179 184 189 191 193 200 202 204 207 208 209 212 216 
21 1 73 78 90 95 100 101 118 124 137 149 166 169 170 173 175 179 186 187 198 200 203 208 214 216 
1 1 73 74 75 80 81 82 85 94 96 99 100 101 107 110 114 117 121 134 135 138 140 141 142 149 163 167 170 172 177 178 182 184 191 196 198 209 212 214 215 
31 76 77 79 83 84 86 90 93 96 98 105 112 116 118 120 121 122 130 153 154 158 161 169 178 191 192 197 204 208 216 
29 1 73 74 76 79 81 82 89 92 93 95 97 105 106 116 117 118 120 128 133 134 135 136 137 141 145 147 152 153 161 164 168 170 173 174 183 187 188 190 196 198 201 205 208 209 211 212 213 214 216 
40 1 73 97 98 100 107 111 112 116 120 126 140 142 149 151 158 160 161 165 166 167 169 170 172 173 180 181 187 193 198 199 202 210 214 215 
8 84 88 92 95 97 102 103 107 113 117 120 121 125 132 134 136 137 145 148 151 152 156 158 161 168 178 180 182 184 187 188 196 198 205 207 208 210 212 213 215 216 
31 75 77 80 89 91 92 137 139 154 177 179 184 187 189 198 204 206 209 213 216 
94 1 76 80 86 105 107 112 116 120 124 127 129 133 136 138 139 143 145 146 147 151 157 158 161 164 165 167 168 170 171 173 174 175 177 179 181 183 185 187 189 198 205 206 208 210 216 
1 73 75 76 79 81 82 83 85 98 99 100 106 109 111 113 122 130 149 150 154 157 159 162 167 168 173 180 181 183 193 199 208 213 
46 76 160 185 211 
50 169 189 
14 80 82 97 98 107 117 138 142 147 158 159 170 185 189 191 195 201 205 206 216 
60 79 103 116 117 118 123 133 134 138 158 167 168 176 182 188 189 195 196 198 206 208 
58 1 73 75 78 86 87 88 91 92 94 97 101 103 105 112 114 118 120 121 123 125 130 136 138 144 148 154 161 163 164 167 168 171 172 175 177 178 182 185 186 189 190 196 198 200 203 206 212 214 
30 76 85 87 89 92 96 99 101 102 107 112 113 115 117 118 125 128 129 131 133 136 139 143 145 147 148 150 151 153 155 157 159 161 166 167 170 175 176 179 182 183 185 191 193 198 203 204 205 206 209 212 
56 77 102 114 117 139 149 159 161 166 177 215 
28 1 78 87 91 92 104 106 109 111 118 119 143 151 157 164 166 170 175 185 188 194 195 197 200 201 202 205 210 213 214 
60 80 83 97 106 108 112 113 118 120 136 142 144 154 155 166 170 178 180 186 187 192 199 201 207 209 212 216 
18 81 89 92 93 99 115 125 150 156 163 164 175 181 185 199 203 211 
38 106 
14 81 82 85 86 89 90 91 92 93 94 97 103 105 109 112 115 117 119 123 125 126 129 131 142 144 146 151 152 153 155 157 159 160 166 168 170 173 176 179 180 181 188 189 196 197 199 200 201 203 206 208 
19 1 74 75 76 78 79 82 85 89 91 97 99 100 108 112 113 115 117 123 126 127 132 133 135 136 142 144 146 147 150 153 154 165 166 171 174 178 182 186 188 192 195 198 202 203 204 210 211 215 
11 73 77 78 79 80 81 82 83 84 87 88 90 95 100 101 104 107 108 110 111 112 114 129 131 133 134 135 136 137 143 145 148 153 154 155 156 159 160 163 164 168 170 171 172 181 182 185 186 193 194 195 200 202 207 209 210 211 212 
97 82 83 84 87 88 89 94 99 106 108 111 115 117 121 122 125 126 127 129 139 151 152 155 157 159 162 163 164 166 168 173 175 182 185 186 193 195 200 201 202 203 208 209 214 215 
38 76 78 79 80 87 90 91 95 99 100 102 106 110 119 122 124 125 134 136 137 140 141 142 143 144 145 150 151 153 158 162 164 166 169 170 171 172 176 179 180 181 183 186 187 189 196 200 201 203 205 206 210 211 212 214 
59 1 80 81 92 93 97 102 105 106 110 123 125 126 129 142 145 146 180 182 193 205 206 211 
47 74 75 76 80 81 84 94 96 110 116 118 130 131 132 133 134 137 151 154 157 159 160 163 166 167 171 172 174 178 180 182 183 185 187 197 199 201 203 205 207 215 
42 1 73 76 77 79 80 86 87 88 89 91 93 94 101 103 104 106 108 109 110 118 120 121 122 124 126 127 129 131 132 136 138 139 141 146 149 153 155 161 162 165 167 168 170 174 175 179 180 185 190 191 192 193 194 197 199 202 205 207 
2 81 90 92 98 107 119 121 135 155 169 182 206 208 
40 76 80 85 89 91 92 96 99 100 101 103 105 107 108 109 110 112 113 114 120 122 127 130 132 134 138 139 147 149 153 157 158 163 164 165 166 167 169 171 172 174 176 180 182 183 187 188 189 191 193 194 195 198 200 203 207 213 
86 74 76 84 86 107 108 114 116 125 133 135 137 145 146 170 172 196 199 208 209 
99 73 76 79 94 96 99 102 103 105 118 121 127 131 132 134 139 140 142 143 145 147 152 154 163 165 166 169 170 173 174 175 178 191 194 195 196 202 209 211 216 
62 73 74 76 79 82 85 89 91 92 99 101 103 104 111 113 115 116 118 124 126 127 129 134 137 145 151 152 153 164 165 170 172 174 180 183 190 198 208 
55 1 77 83 85 86 87 90 92 93 96 104 107 110 111 115 116 117 119 120 121 123 126 127 132 141 143 144 146 148 149 153 157 170 171 175 178 179 183 185 187 189 191 194 195 196 200 201 204 205 209 210 211 212 
95 89 90 94 131 146 158 167 173 207 209 
19 73 76 77 79 81 85 92 95 106 111 115 116 123 126 129 137 142 143 144 158 160 162 164 165 167 174 179 180 182 188 194 207 208 216 
53 81 83 85 87 90 94 100 108 116 119 124 128 130 136 143 148 152 153 157 166 168 177 184 188 189 190 194 198 213 
75 75 76 78 84 89 90 92 95 100 102 103 104 107 108 117 118 123 124 125 128 129 132 135 138 146 147 152 155 156 157 163 164 166 167 170 178 185 188 191 197 199 201 202 203 204 207 211 215 216 
18 73 74 89 92 99 100 103 107 108 111 120 126 133 143 145 149 150 151 156 157 165 181 188 193 194 199 200 216 
41 78 87 94 96 100 109 118 120 127 134 139 148 162 167 168 170 173 174 182 185 188 189 203 207 212 213 
15 74 84 88 89 91 93 99 100 105 107 113 115 118 121 122 125 128 129 132 138 139 143 145 148 149 156 159 160 163 164 166 167 171 173 179 184 187 191 192 195 196 198 200 206 207 
96 1 74 78 82 83 88 90 95 96 99 100 102 104 109 110 112 113 128 129 130 131 135 141 144 150 151 153 155 159 163 164 167 176 179 181 183 186 192 194 199 200 202 204 205 210 212 213 215 216 
100 78 81 116 121 138 144 156 187 193 
62 1 83 90 91 92 93 94 95 96 97 110 113 114 117 120 124 127 128 131 134 136 137 139 149 150 152 159 165 167 174 175 176 177 186 189 193 194 195 197 198 206 207 208 209 
42 73 77 79 80 83 89 98 107 112 118 119 120 126 128 129 133 137 138 140 142 145 148 149 152 153 155 156 158 160 162 168 176 179 181 184 185 186 187 189 192 199 203 205 207 214 216 
98 75 79 80 83 85 87 92 95 96 97 98 99 102 105 106 110 119 121 125 128 131 135 140 153 164 167 170 180 182 194 203 204 205 208 209 214 
3 75 77 79 81 82 83 87 89 100 101 102 103 108 110 111 113 114 116 117 119 121 123 125 127 129 130 131 136 138 139 151 154 156 160 162 163 164 171 177 179 182 188 190 192 193 199 200 204 206 213 215 
96 73 75 76 77 79 83 87 89 91 92 93 94 103 104 110 111 117 124 126 130 132 136 139 140 141 144 145 149 154 156 161 167 170 171 180 182 183 184 190 191 192 194 196 200 201 205 207 209 
55 83 122 131 142 148 149 159 182 183 214 
82 75 86 102 103 114 131 135 148 151 170 174 183 189 202 210 214 
23 75 77 82 83 85 86 88 91 95 98 101 102 103 115 119 123 125 131 133 137 139 144 145 156 158 160 161 162 163 164 165 167 173 174 175 177 178 184 189 191 192 193 195 197 199 200 204 205 207 212 
5 77 79 84 87 96 97 110 118 122 123 124 126 127 130 144 145 146 147 150 151 159 161 162 163 164 168 169 171 172 173 174 179 184 188 190 198 210 
14 74 76 79 82 83 87 88 91 93 94 96 98 99 119 123 128 134 137 138 139 140 142 145 146 152 154 156 162 165 169 170 173 174 177 179 186 189 192 194 205 208 210 212 
88 82 110 117 122 170 
66 65 54 5 18 8 12 3 28 47 85 66 91 46 96 87 99 72 70 85 49 65 35 15 87 82 21 81 67 26 65 95 32 88 100 75 39 2 32 73 88 5 37 63 77 20 97 90 66 7 89 2 55 65 7 14 15 39 5 2 71 28 24 91 65 26 91 71 98 11 21 42 93 48 92 38 38 27 97 55 5 83 1 71 21 86 65 85 2 4 90 45 6 68 7 57 29 99 41 18 72 69 53 40 33 92 41 13 67 10 92 90 56 55 89 5 12 19 27 28 97 99 13 84 55 80 39 98 59 7 54 64 35 13 8 56 29 84 60 95 95 61 11 99 68 34 64 50 20 100 94 79 36 55 4 63 12 6 41 77 53 9 53 49 23 69 81 95 46 68 3 37 26 60 81 65 4 91 55 40 7 73 3 24 34 16 73 69 22 99 42 7 4 28 11 84 68 98 84 36 48 96 71 25 57 54 5 34 90 52 61 95 8 98 18 61 
