146 219
92 78 80 124 125 128 129 131 133 157 158 160 167 186 192 201 219 
80 79 80 82 88 89 90 91 97 99 103 106 107 108 110 113 115 117 121 124 130 132 134 136 137 142 144 146 151 156 158 159 164 169 171 172 176 178 182 184 188 193 196 199 201 203 204 212 213 215 218 219 
50 74 77 82 83 88 90 99 100 102 103 105 111 114 118 122 126 129 131 135 138 139 140 143 149 150 152 154 158 162 166 168 170 171 172 174 178 180 183 184 185 186 187 194 196 199 201 209 211 212 213 216 219 
63 76 80 91 93 94 95 98 101 108 109 110 112 113 116 121 126 127 128 133 137 141 145 149 154 158 160 162 165 168 169 172 174 181 183 186 188 189 193 196 197 200 202 205 207 208 209 211 215 217 219 
14 74 76 78 90 91 94 96 109 133 135 137 139 142 143 155 159 160 186 192 194 195 196 199 209 210 217 218 
78 77 78 81 83 88 89 101 108 111 112 114 115 118 120 124 127 131 132 133 134 144 149 152 154 160 162 163 164 169 170 176 177 184 189 191 197 202 207 210 211 215 218 
15 1 74 77 78 86 87 88 92 93 94 97 99 101 102 103 107 111 115 116 118 122 123 125 126 130 131 132 133 137 142 143 149 154 156 162 163 165 167 169 172 173 176 178 180 184 194 196 197 211 212 214 215 219 
22 1 76 79 80 84 87 89 94 95 98 104 105 107 108 109 110 111 113 114 117 118 121 128 130 132 134 137 138 139 141 142 143 151 153 154 157 158 161 163 164 166 170 173 174 184 186 188 190 195 197 203 210 211 213 215 
86 1 77 79 86 94 104 112 115 117 121 124 134 135 139 145 146 151 152 171 173 174 176 188 191 197 211 218 
1 76 89 92 94 96 102 109 114 120 121 123 125 128 130 147 151 152 155 157 162 164 165 166 171 174 188 191 196 206 207 210 219 
85 74 76 78 80 81 87 88 89 93 99 100 101 104 107 112 113 119 120 121 126 131 136 142 145 146 149 150 151 153 154 159 162 163 164 168 175 177 183 184 185 187 190 194 195 200 201 202 206 210 213 215 217 
11 1 74 75 76 77 80 81 83 84 85 86 88 94 95 96 97 98 100 101 106 114 115 120 121 123 130 133 135 136 137 138 142 143 145 146 147 151 153 160 162 163 167 169 171 174 176 178 181 190 192 198 199 201 204 210 211 215 
41 151 178 
7 74 79 80 81 82 84 88 89 92 96 101 106 109 111 114 116 120 123 124 127 128 129 132 139 142 144 145 148 150 155 156 160 162 167 168 169 171 174 178 188 189 190 196 197 208 211 212 213 215 
22 74 133 145 149 161 189 190 193 
31 87 107 111 118 158 162 166 170 187 199 208 212 
73 74 76 80 82 85 86 87 90 94 95 96 102 103 104 106 108 112 114 121 124 129 134 139 140 145 146 147 149 151 153 154 155 158 160 161 170 171 173 178 184 185 189 191 193 200 205 208 209 213 216 217 
64 74 75 80 81 85 87 89 92 95 97 98 99 102 103 106 112 114 118 119 120 121 122 126 129 135 136 138 141 144 146 147 148 150 157 158 159 166 170 175 186 190 197 201 210 219 
86 74 78 79 86 90 91 94 95 98 102 103 104 109 117 120 123 126 129 130 131 132 137 138 148 152 163 164 165 169 170 171 172 175 177 179 180 182 183 185 186 188 189 191 193 195 196 198 200 203 206 207 213 214 219 
65 192 
40 77 81 87 103 117 119 120 122 134 139 141 164 166 167 171 184 195 210 213 
6 74 76 79 80 82 95 97 98 106 115 125 134 140 141 142 145 146 147 149 156 159 177 181 183 191 192 195 196 197 202 203 206 209 213 218 
90 77 82 83 84 88 90 94 95 97 99 100 103 111 120 127 134 137 140 141 143 144 146 148 149 160 165 166 167 168 176 178 179 183 186 189 190 191 194 196 199 203 211 212 213 219 
13 1 74 81 85 87 90 92 100 104 106 110 112 118 125 131 132 135 137 138 139 142 148 155 161 162 163 168 174 175 178 179 181 183 184 186 189 192 195 199 200 204 205 210 213 215 216 218 219 
17 78 79 80 86 87 91 92 97 98 101 105 107 109 113 117 121 122 123 127 128 130 132 133 141 148 151 154 155 157 159 162 163 168 170 176 178 181 185 190 193 195 200 203 204 217 
73 74 77 78 85 87 89 90 93 98 99 102 106 112 113 114 127 128 129 131 132 133 135 136 141 147 150 158 161 175 177 181 183 186 187 188 194 195 199 201 202 203 205 206 213 218 219 
38 76 78 80 94 101 105 106 110 112 116 120 121 124 126 133 140 141 148 152 155 157 161 170 174 185 188 189 191 193 199 200 203 213 217 218 219 
66 1 79 83 85 89 90 92 94 97 100 102 103 106 108 109 115 116 120 124 125 126 131 133 138 139 140 143 145 147 152 157 160 162 163 166 167 169 178 180 183 187 188 190 192 193 194 195 197 199 201 202 210 216 218 
32 74 77 82 83 86 87 89 95 96 97 98 99 107 109 113 119 122 123 125 128 130 134 137 138 142 147 149 151 158 161 170 172 173 175 176 179 180 185 186 188 190 192 196 198 205 206 207 210 214 217 218 
20 75 89 100 101 103 111 118 205 
85 1 79 82 83 85 86 87 89 92 95 99 100 110 111 120 129 131 133 137 140 142 145 146 148 149 150 154 155 156 158 159 165 171 176 177 180 185 187 193 194 196 200 206 210 213 215 218 
18 79 86 88 90 103 124 132 152 160 162 164 168 176 194 202 211 219 
46 1 75 82 88 107 108 111 114 118 121 128 132 143 145 156 163 164 165 166 167 171 175 179 181 195 196 202 204 214 215 218 
62 74 81 85 86 88 92 94 98 99 101 104 106 114 116 121 125 126 127 129 130 133 136 137 138 144 148 153 155 158 159 161 163 170 173 184 185 187 188 193 194 195 196 197 209 212 216 217 
99 77 84 88 98 101 107 112 118 127 132 137 139 165 167 173 182 199 206 219 
42 1 76 93 94 105 107 114 125 128 139 146 153 155 161 164 174 175 178 188 195 207 212 215 
82 128 147 159 161 175 196 208 
17 1 74 75 84 87 92 93 94 96 97 98 101 107 108 118 120 122 123 125 129 130 131 136 137 144 147 157 158 161 165 170 172 173 174 178 181 183 184 186 188 190 193 198 205 209 211 212 215 217 219 
57 81 86 109 129 151 152 160 169 187 191 197 199 
1 1 74 79 80 82 87 89 90 96 98 100 101 104 105 107 113 114 115 117 121 123 126 127 136 138 140 143 146 147 150 155 156 160 165 170 172 173 176 180 181 185 189 191 194 195 198 203 211 214 219 
89 74 76 80 83 86 89 96 97 106 107 109 110 112 113 114 121 122 124 126 133 134 136 141 145 148 152 155 161 163 164 167 168 177 178 180 183 186 190 192 193 195 196 197 200 208 209 210 211 213 214 
77 88 115 127 150 205 
69 75 76 77 78 79 83 90 91 92 96 100 103 109 110 111 112 117 124 125 131 134 135 143 148 149 151 156 158 160 162 163 164 168 171 172 175 176 177 178 179 183 184 185 186 189 194 195 199 201 205 210 213 219 
52 1 74 75 77 79 82 83 89 91 95 98 101 109 120 121 122 125 130 133 136 137 138 140 141 142 145 146 150 151 156 160 161 166 167 174 181 185 187 195 198 199 201 204 205 207 215 
12 74 77 79 80 82 85 87 89 91 92 98 100 103 106 114 115 116 117 122 123 129 135 136 137 139 141 143 146 149 151 153 161 168 169 170 172 175 176 177 182 183 184 195 198 199 200 204 208 209 210 212 217 
80 75 105 206 
29 1 76 77 78 79 83 87 89 95 98 100 105 112 114 115 119 126 127 132 135 136 142 149 150 157 158 160 163 170 173 189 190 191 193 195 196 197 198 204 207 208 216 217 
8 1 76 79 83 86 91 93 98 105 116 117 122 124 125 127 135 142 147 150 160 165 167 172 176 183 184 190 194 195 200 203 204 205 206 207 208 213 217 
58 76 87 108 112 113 118 138 139 141 143 144 154 159 168 176 177 179 181 185 188 191 195 196 197 200 205 218 
42 1 75 77 78 81 84 85 87 90 94 95 96 97 99 100 101 105 107 109 114 115 117 118 124 125 127 132 141 143 147 150 154 155 156 161 164 165 168 170 173 175 176 179 183 188 190 191 192 195 199 202 211 212 215 217 218 219 
10 75 77 78 80 81 83 92 107 109 111 117 118 121 123 127 130 132 134 140 153 154 156 158 160 164 182 187 194 196 197 199 201 206 210 215 216 219 
91 1 74 77 82 90 97 100 105 106 109 111 114 116 121 128 131 135 138 141 152 155 160 161 163 171 178 181 182 184 186 193 198 207 214 215 
1 82 84 87 90 91 93 95 99 103 107 114 117 122 128 130 137 138 139 143 146 152 153 159 170 174 192 195 204 205 210 213 215 218 
44 75 78 85 97 104 107 110 112 122 132 152 153 169 185 189 190 194 201 211 219 
29 74 76 86 90 111 114 125 150 151 153 154 155 162 166 167 172 174 179 181 182 195 201 209 218 
99 1 74 84 85 88 89 94 95 102 105 106 111 113 114 118 126 127 132 138 141 142 145 150 153 154 155 162 164 167 168 169 170 171 175 177 180 188 189 193 195 196 198 199 202 205 214 218 219 
45 1 80 83 84 97 98 102 106 114 117 119 121 125 128 139 148 149 173 188 197 206 215 
10 77 86 88 99 103 104 114 116 127 140 144 145 147 158 164 169 171 172 185 196 208 209 215 
37 97 98 110 116 117 124 133 139 157 168 169 175 180 184 188 191 195 208 209 219 
28 91 98 103 105 119 129 150 158 186 189 199 207 
42 77 82 92 101 105 129 212 
75 1 76 77 81 83 85 89 90 92 94 95 98 101 104 105 111 115 116 118 128 130 135 137 139 151 152 154 156 159 167 174 175 179 180 189 193 195 198 201 202 204 209 211 215 218 
53 94 103 150 175 193 196 
15 75 79 88 91 121 127 129 133 162 163 164 172 177 180 192 193 195 
55 78 80 81 82 88 89 91 97 100 105 107 123 129 131 133 157 163 165 169 182 188 191 199 205 213 
41 75 76 82 83 85 86 88 91 92 94 97 103 106 109 110 119 122 123 125 129 131 135 136 140 147 148 149 154 159 161 162 163 166 167 168 169 173 174 176 177 180 183 187 200 205 208 212 215 
65 108 134 136 159 161 192 215 
58 101 
99 79 88 110 115 125 193 208 
98 74 84 87 92 93 102 105 106 118 137 142 146 155 158 162 165 170 178 191 192 197 205 210 
18 76 79 85 87 91 92 93 94 95 96 97 99 101 103 107 110 111 112 115 117 118 119 127 132 135 136 139 141 142 143 145 148 150 152 160 166 170 171 174 175 176 180 181 182 184 187 189 192 196 199 202 206 216 219 
21 1 76 77 79 83 86 96 100 113 114 117 120 123 126 128 130 138 140 141 142 143 144 145 146 147 154 159 163 166 174 190 194 195 197 199 201 203 210 213 
90 76 78 79 80 82 86 89 90 92 95 98 100 116 119 120 131 132 133 139 140 141 147 148 149 152 154 159 160 162 168 169 176 177 184 189 197 199 205 209 214 215 216 218 219 
88 74 75 78 86 91 102 103 108 109 115 117 118 121 122 123 133 135 141 148 149 152 162 171 180 187 191 192 194 196 199 200 205 211 215 217 
39 90 92 98 105 117 121 129 139 145 149 160 170 174 182 196 214 
8 78 81 86 87 89 94 103 104 106 112 113 118 119 123 124 126 131 133 135 137 143 144 149 163 164 165 166 170 175 179 180 181 183 184 185 188 189 190 191 193 197 204 207 211 212 
12 74 77 78 79 81 86 88 90 91 92 93 97 100 106 109 114 118 120 122 123 125 126 128 129 134 138 139 143 144 151 152 153 154 160 161 162 165 166 167 168 169 170 171 172 173 175 177 186 188 190 193 196 199 200 202 205 207 209 217 
11 78 81 83 87 91 94 96 98 99 103 104 106 107 109 111 114 115 121 124 126 135 139 140 145 148 156 158 164 166 167 168 175 182 184 189 191 192 195 207 209 210 214 217 
2 82 83 90 101 103 135 139 140 142 153 160 161 164 174 181 182 189 191 192 193 199 202 204 205 207 209 214 216 
23 74 79 83 90 91 92 93 96 103 105 106 108 114 117 118 120 122 124 132 134 137 143 146 151 154 159 161 169 179 181 182 191 195 199 202 203 207 208 209 210 213 214 215 
81 76 77 80 83 84 86 92 133 140 153 160 161 162 167 174 176 180 186 187 188 191 195 196 197 206 208 209 214 219 
58 1 82 83 84 87 98 100 101 102 104 105 110 111 118 130 134 135 137 139 142 150 152 162 172 182 184 192 199 209 212 216 
23 78 97 144 153 181 191 213 
89 1 74 83 84 91 93 102 103 104 105 110 113 115 123 126 128 129 131 142 143 150 152 153 164 165 175 176 177 187 192 194 197 200 203 204 205 208 209 211 214 219 
56 74 77 79 80 82 85 86 87 90 96 101 104 105 106 109 110 111 113 120 121 122 124 125 127 131 132 138 142 143 148 149 150 154 161 162 166 168 171 174 177 185 188 190 191 193 199 200 201 206 209 210 212 213 217 218 
87 75 76 79 81 82 84 88 92 94 101 105 106 107 110 112 113 115 116 117 119 120 121 125 131 145 147 150 154 157 159 164 170 173 175 179 181 187 193 195 199 200 202 205 206 211 212 216 
89 75 77 82 84 85 96 98 101 102 106 113 114 116 117 118 119 120 123 129 132 133 137 138 139 142 145 146 147 151 153 158 160 163 164 168 170 171 173 178 186 187 189 190 194 201 202 203 209 213 
89 74 88 94 96 102 103 105 107 112 115 121 123 128 129 130 134 138 144 145 168 175 191 194 195 202 204 213 217 218 
9 1 76 78 79 82 87 88 89 98 108 114 118 128 133 137 138 152 157 160 164 168 170 172 173 174 176 181 184 191 196 197 200 202 204 219 
42 74 76 79 84 86 87 88 91 95 96 98 103 104 105 108 109 112 113 115 118 119 125 126 127 128 130 138 142 149 150 152 155 163 171 172 174 178 179 181 189 194 195 196 197 199 200 206 208 210 211 212 214 215 
65 74 77 91 92 99 100 105 111 125 127 143 155 162 165 174 182 193 207 209 215 216 
46 109 110 113 114 133 135 160 162 190 194 
80 74 77 78 81 83 84 89 90 92 94 98 99 101 102 103 104 105 107 118 119 122 123 125 127 129 130 131 133 137 139 142 147 148 151 152 162 168 169 172 174 177 178 180 181 184 187 191 193 194 195 197 198 200 201 206 207 209 212 214 217 219 
60 74 75 79 93 114 118 129 140 141 142 150 156 157 164 168 169 173 181 182 189 191 192 200 206 207 213 
59 75 80 112 114 118 120 121 137 140 142 144 148 155 160 162 174 193 208 211 216 217 219 
44 1 76 78 83 85 90 91 92 93 95 97 98 101 105 106 108 113 116 119 122 123 124 126 127 128 129 130 134 135 136 141 146 148 150 154 164 168 170 172 176 179 180 181 187 189 190 193 198 199 200 201 202 203 204 205 207 210 211 212 214 218 
40 75 76 79 91 92 94 95 97 100 107 108 109 111 119 120 121 122 129 133 145 153 155 157 173 174 180 183 196 198 199 203 208 216 
40 91 100 104 107 110 112 113 126 162 183 188 195 200 217 
6 1 76 87 89 90 91 94 95 96 97 102 103 105 106 107 110 117 118 124 125 126 131 133 134 136 140 142 143 146 151 153 156 158 161 162 165 166 169 172 174 176 180 181 182 185 186 193 197 200 204 205 209 210 215 216 
6 80 81 83 87 88 89 90 94 101 103 104 107 108 115 117 118 119 120 121 122 123 124 125 128 129 133 134 137 139 144 149 153 156 157 158 166 168 169 171 173 174 175 177 178 179 181 183 190 193 194 200 204 207 210 211 212 213 214 
29 77 81 82 85 97 98 100 102 105 117 126 130 131 134 137 141 142 144 151 152 153 154 160 166 167 174 175 176 180 181 188 190 191 194 199 202 203 206 217 218 
94 76 77 78 79 80 82 83 86 88 92 95 97 100 107 114 115 116 119 123 127 128 129 131 132 139 140 142 145 149 153 154 158 162 165 172 173 174 177 179 180 188 189 192 196 197 201 205 206 207 213 214 217 
30 108 113 115 127 135 157 165 174 178 183 190 217 
76 1 76 81 82 83 88 90 98 106 109 110 112 113 116 118 119 120 123 125 129 133 134 135 138 140 145 150 153 154 155 156 158 159 160 163 164 167 172 178 180 181 185 188 191 192 193 194 196 199 200 212 215 216 217 
74 107 126 133 137 145 148 156 164 168 171 172 174 182 184 187 193 199 201 217 218 219 
42 75 93 98 100 102 104 105 116 128 129 146 157 160 161 173 191 192 194 207 209 211 
90 75 76 79 94 96 99 109 112 114 124 127 139 145 149 152 156 157 161 162 163 167 172 178 181 186 187 188 190 191 192 196 198 199 201 208 
19 77 78 80 83 86 87 89 91 96 104 106 108 110 112 114 116 118 120 121 132 134 142 143 145 153 165 177 179 189 194 195 196 198 206 213 219 
15 1 79 80 83 89 90 96 97 99 102 105 106 107 109 110 111 120 121 125 126 129 130 133 134 136 141 143 151 152 153 162 169 174 176 180 183 184 191 193 196 199 206 215 217 218 
36 74 78 80 82 84 86 88 89 91 92 93 95 98 100 101 105 109 111 114 115 117 119 120 122 123 126 129 131 134 136 137 138 140 147 152 153 157 158 159 160 162 163 164 169 172 175 177 179 180 181 188 190 192 198 199 201 206 212 219 
24 100 122 123 142 144 184 207 213 
26 103 104 107 167 186 
72 1 77 79 84 86 88 89 93 96 97 99 103 117 121 123 131 136 138 139 142 156 162 165 174 175 181 183 186 190 191 192 195 204 218 
60 217 
53 1 74 77 81 88 90 92 94 99 104 105 108 109 112 116 117 123 124 130 134 139 141 143 144 145 147 149 151 154 161 164 169 176 181 184 187 189 194 195 196 197 201 203 205 
81 74 75 76 79 80 89 92 93 95 96 100 115 119 121 125 126 128 137 138 141 144 146 150 155 159 163 168 169 172 174 175 176 178 185 187 191 192 194 196 199 202 204 206 210 214 219 
37 75 86 89 101 102 103 118 125 142 145 155 166 181 182 190 191 201 202 
95 94 138 143 153 162 
28 78 81 85 88 93 96 103 104 106 110 115 119 123 127 128 130 131 133 136 144 146 148 149 150 153 157 160 168 169 172 174 179 180 182 183 184 190 191 200 203 207 209 212 213 215 217 219 
44 75 82 88 113 124 129 142 146 188 190 203 205 
49 76 78 79 84 86 87 89 90 94 99 100 101 108 109 113 123 124 125 128 130 131 132 134 136 138 139 143 145 148 154 159 161 163 164 173 174 182 185 186 187 191 198 200 202 203 205 208 210 214 215 217 218 219 
47 77 85 87 89 92 100 102 103 104 105 106 111 114 116 117 118 124 125 128 132 134 135 136 137 139 146 147 149 150 152 153 156 157 158 161 162 168 170 173 176 182 183 184 186 187 191 195 196 197 198 199 200 204 208 209 211 216 
45 74 76 78 81 83 84 86 87 88 93 96 101 104 108 110 112 114 115 116 117 119 120 126 127 129 130 131 133 136 137 138 139 142 150 152 154 155 156 158 160 166 167 169 174 175 179 180 181 182 183 184 187 189 191 195 198 199 201 209 
27 76 81 84 89 95 100 102 103 104 106 107 121 125 132 133 143 144 145 149 153 156 160 162 164 169 173 187 192 195 199 203 208 216 218 
18 85 96 98 106 109 110 115 118 120 121 122 125 128 129 140 145 146 157 163 167 174 177 186 188 190 194 196 199 207 209 210 219 
83 101 
69 79 82 83 84 87 88 98 102 108 126 127 133 146 153 161 183 192 199 204 205 
89 75 77 80 84 86 91 98 101 104 108 113 114 116 122 130 137 139 140 143 148 149 150 151 161 162 164 173 174 175 179 185 189 190 197 207 211 212 
87 1 76 77 78 82 83 84 92 97 99 103 105 117 127 130 134 136 141 145 148 149 150 151 160 162 167 171 173 174 175 176 178 180 181 183 184 188 189 199 205 206 212 214 
95 1 75 78 82 83 92 94 97 98 99 101 103 104 106 108 112 116 117 118 121 122 125 127 129 138 139 140 146 147 149 153 159 163 168 170 175 181 185 188 190 193 197 201 204 214 218 
67 74 85 96 97 99 105 108 112 117 130 132 134 135 136 139 152 156 158 159 162 163 168 169 177 190 194 198 201 204 211 212 213 217 218 
70 80 88 98 105 113 121 134 140 143 146 154 161 164 172 174 181 193 
42 78 81 82 87 88 95 114 117 123 127 128 130 133 135 141 143 158 161 164 173 174 191 198 202 203 208 209 
14 77 79 81 90 93 95 124 125 126 136 137 144 154 158 162 166 170 173 174 175 180 182 190 192 199 202 212 
55 86 104 115 160 173 
9 80 97 112 133 148 192 
5 75 79 81 83 93 94 96 97 99 102 104 108 109 111 112 113 114 120 121 122 124 125 130 131 136 148 155 157 158 161 167 171 176 178 181 184 185 190 195 201 205 208 212 214 215 219 
92 77 82 91 97 98 100 117 122 123 134 146 150 152 167 169 189 191 195 203 204 205 206 212 215 
34 74 75 81 104 108 114 124 127 150 153 159 160 193 195 209 215 
88 1 74 78 79 82 83 84 85 86 88 89 90 91 97 98 101 103 108 111 114 115 119 122 126 127 129 130 137 138 139 150 154 162 163 165 166 168 177 184 185 186 188 189 193 194 198 201 207 208 210 211 218 
13 1 77 83 84 92 95 98 102 109 114 116 121 122 126 134 141 149 155 158 160 161 162 165 167 176 177 179 180 183 186 188 193 194 195 196 201 202 211 212 217 
33 1 75 76 77 78 79 82 84 87 91 93 96 102 103 106 111 114 118 120 122 126 133 134 140 143 144 145 146 147 148 149 151 157 158 160 161 163 164 167 170 180 183 184 185 188 189 195 196 203 206 207 209 213 219 
63 1 74 75 78 81 82 84 89 92 94 97 98 99 106 110 112 113 116 118 121 124 126 127 129 130 131 133 139 142 144 148 150 151 153 156 157 166 167 169 173 175 179 180 181 188 192 197 201 209 216 218 
19 1 76 79 83 93 98 99 102 103 109 110 112 113 116 118 119 126 127 129 130 140 144 145 146 149 156 157 164 166 167 170 176 177 183 184 186 187 188 190 193 194 195 200 203 204 206 210 215 
46 1 74 75 79 87 88 94 98 99 104 105 106 107 110 115 116 117 118 125 130 131 134 137 139 140 143 149 150 152 154 155 157 161 162 167 171 173 174 176 180 181 185 190 193 195 196 199 201 203 204 206 212 214 216 217 
48 74 76 79 87 96 97 99 111 117 133 134 146 147 149 153 160 163 165 170 172 176 180 187 193 194 202 207 208 209 
43 8 18 77 9 4 49 44 19 11 76 21 94 85 86 74 74 7 91 6 6 22 27 79 36 70 29 90 63 87 61 48 82 50 40 92 49 71 27 10 43 74 38 83 84 28 92 49 99 71 60 37 86 66 11 78 48 25 6 59 30 47 43 55 61 55 60 66 35 22 23 24 14 27 25 97 5 10 54 75 71 54 74 52 88 7 54 96 2 32 83 68 65 59 47 6 23 83 37 88 53 93 83 60 26 7 16 99 72 54 27 74 18 97 21 56 51 72 46 90 98 44 96 1 37 12 33 38 39 8 41 55 14 33 56 95 75 88 40 71 21 47 50 86 32 87 42 80 1 94 72 24 77 75 3 13 52 30 73 83 54 10 91 10 15 50 83 3 21 16 37 17 42 9 25 35 13 18 12 10 38 42 8 35 25 84 83 92 65 82 47 83 83 12 55 67 40 76 100 77 70 64 13 19 95 59 90 57 17 69 63 10 8 58 29 30 72 33 66 
