150 225
47 82 85 91 98 107 109 114 126 133 135 141 145 153 155 158 160 167 172 173 178 183 185 186 191 198 201 206 215 216 217 218 223 
60 80 81 84 87 88 89 94 98 99 100 101 104 105 108 110 118 121 132 135 139 142 146 150 153 154 157 159 163 165 168 169 173 178 181 195 199 205 209 212 218 221 222 224 
12 80 83 100 103 104 112 113 119 120 126 127 136 140 143 148 163 168 191 194 197 205 206 207 208 213 214 218 
46 81 83 89 112 118 135 148 162 176 177 202 215 
53 79 93 109 123 135 168 198 205 225 
24 83 84 87 90 97 105 106 107 113 130 138 144 146 150 164 170 174 176 177 178 181 198 199 217 220 221 222 223 
76 77 79 80 85 87 88 90 91 92 97 99 102 105 106 107 113 114 115 118 122 126 127 129 130 140 142 145 147 150 154 155 159 160 163 166 167 173 174 180 182 183 184 186 188 189 195 196 197 199 202 206 212 214 215 216 217 218 220 222 225 
73 113 120 132 134 140 144 154 168 176 182 200 212 215 
95 101 128 132 137 147 160 163 169 192 201 
23 1 76 83 85 91 93 95 105 106 113 114 116 121 124 126 127 128 129 134 140 141 143 146 148 159 163 165 168 174 176 180 183 185 188 190 193 199 200 211 214 219 222 224 
80 90 92 93 98 99 105 109 116 117 131 132 133 134 138 152 157 161 174 175 176 177 180 182 186 187 190 191 193 202 205 207 208 213 214 217 221 
60 86 90 91 92 94 101 102 105 106 109 110 111 112 123 130 134 135 143 149 151 152 154 157 158 167 168 170 176 180 183 184 187 190 191 193 203 204 225 
89 79 86 89 90 92 98 106 117 123 129 145 149 167 178 181 185 187 188 189 197 203 206 217 
75 76 80 90 93 114 139 140 147 151 152 154 155 157 158 166 172 176 196 198 203 204 
30 1 81 84 92 93 94 96 106 110 112 115 120 124 125 129 132 138 139 143 145 152 154 156 159 168 175 179 183 189 192 193 197 199 201 203 205 210 213 215 
76 77 82 87 90 92 122 124 125 126 128 130 133 140 148 149 160 174 182 188 190 203 211 214 216 219 224 
46 76 84 89 90 93 96 98 99 102 104 105 106 116 120 125 126 127 129 130 133 140 155 161 163 164 169 171 172 175 190 193 195 198 200 201 210 211 213 216 220 
91 76 79 80 83 85 87 88 89 91 92 97 108 110 113 115 116 117 124 127 130 134 136 137 139 141 144 149 150 151 157 158 160 161 162 164 165 173 174 182 183 186 192 201 204 213 215 217 221 
14 107 154 171 184 203 
71 77 78 90 93 99 101 102 104 105 106 114 119 122 124 126 127 133 134 137 142 147 149 150 151 154 155 156 160 161 163 164 165 169 171 172 173 174 176 178 182 188 190 196 198 200 216 217 218 
50 126 
76 77 83 
9 77 90 104 106 112 116 126 127 130 142 143 144 148 151 154 157 169 170 178 201 205 215 221 
54 1 78 79 82 83 88 92 93 96 109 114 115 116 118 123 124 137 138 141 142 144 149 151 153 158 162 165 168 170 175 177 183 188 189 191 193 194 198 200 205 206 214 215 216 217 219 220 221 223 224 
11 1 79 83 100 112 124 129 141 150 154 157 170 188 189 196 197 211 
62 79 92 94 129 134 136 140 141 142 145 150 157 168 169 172 181 183 195 204 205 222 225 
35 1 77 79 80 83 85 90 97 99 106 107 113 114 120 126 127 133 134 141 144 145 146 147 148 150 153 175 176 183 185 189 199 201 204 206 207 208 213 214 216 
2 76 78 83 86 88 91 97 98 99 104 105 109 115 120 127 129 132 141 145 147 162 163 164 182 183 194 212 217 220 221 225 
41 80 83 92 98 103 109 113 117 119 130 134 135 137 140 147 149 154 159 163 166 168 174 179 188 189 192 193 195 201 202 204 207 213 216 218 221 
42 76 80 88 89 90 91 93 97 100 103 105 106 112 114 115 116 132 133 136 140 142 143 148 151 154 156 160 165 173 175 176 179 180 181 183 185 188 189 192 193 199 202 205 206 208 211 213 214 219 225 
10 82 89 90 96 111 122 132 139 143 176 181 189 190 196 206 210 212 217 
74 81 86 97 99 100 120 137 155 171 188 189 
82 78 82 88 91 93 100 102 104 106 109 110 111 115 123 125 129 130 131 132 137 139 145 149 151 153 156 158 163 176 180 181 182 183 184 188 191 198 212 217 218 
6 1 78 79 84 86 89 95 96 110 111 112 113 116 125 127 128 129 132 134 135 141 143 147 149 150 153 160 164 175 176 178 180 182 183 184 187 191 192 199 205 206 207 210 214 216 219 220 223 225 
1 77 81 82 83 84 92 93 107 108 113 116 117 119 121 123 125 128 130 132 136 146 147 153 155 156 158 160 161 162 163 164 167 172 179 181 182 184 185 186 190 191 192 195 198 199 202 203 204 206 208 209 210 224 
2 76 81 84 92 99 101 103 108 109 113 120 121 123 128 131 132 133 134 135 137 138 144 148 149 151 152 154 157 158 160 161 164 168 170 171 172 174 175 179 180 183 184 186 190 192 193 194 195 196 197 202 204 209 210 211 212 213 222 225 
42 1 76 78 79 80 86 89 91 94 95 98 99 102 104 105 106 111 112 113 116 121 124 130 131 133 134 136 138 143 148 151 152 154 155 158 162 165 169 170 176 180 189 196 198 199 206 210 213 215 220 221 222 225 
3 88 90 110 128 131 137 146 148 149 150 166 178 179 180 196 197 198 206 212 218 221 
98 76 83 85 99 100 105 112 116 117 120 127 134 135 139 145 147 162 164 171 172 175 182 183 186 194 195 200 204 207 208 210 212 215 221 
5 81 86 87 96 97 113 118 131 132 135 136 141 142 149 151 157 160 163 164 171 177 183 203 212 215 218 221 222 
91 78 79 80 81 83 84 85 86 89 92 94 97 99 103 107 113 116 125 138 139 141 146 155 157 172 173 186 194 195 196 199 201 204 209 210 216 217 218 219 221 222 225 
28 105 163 165 167 173 191 198 206 
91 76 78 82 86 92 93 94 96 98 100 102 104 105 106 111 112 117 120 121 125 126 130 131 134 139 141 142 143 146 150 151 152 159 160 163 166 167 172 173 174 184 187 188 196 200 206 208 210 215 216 218 219 220 222 224 
81 76 77 81 86 87 88 96 99 102 104 105 109 111 112 120 121 122 131 135 136 138 155 158 168 173 175 177 178 195 197 203 208 210 218 221 224 
92 76 80 81 87 89 92 101 102 103 106 107 108 110 111 115 120 125 126 127 134 137 138 140 143 149 151 152 155 156 161 163 164 165 167 169 170 175 178 181 182 186 193 196 197 202 209 213 215 217 219 221 223 224 
81 1 78 80 83 87 88 90 93 102 103 105 106 107 108 110 114 115 117 123 125 130 131 132 144 146 150 152 153 156 161 166 168 172 176 177 179 180 181 189 191 192 194 198 200 206 207 210 214 215 219 221 222 
46 81 90 97 110 119 120 127 132 133 142 147 154 162 173 178 180 186 188 190 194 216 
34 80 83 85 92 98 102 104 107 112 113 114 117 118 120 126 131 135 143 148 150 158 165 166 167 169 173 174 177 178 179 180 185 186 192 207 214 223 224 
65 1 76 80 87 92 97 98 99 102 106 107 109 110 113 116 119 125 134 135 136 137 141 143 149 150 151 156 157 158 159 163 164 165 166 168 169 171 172 173 175 178 180 186 190 198 199 202 205 206 211 214 217 220 
4 76 83 86 88 91 93 107 109 111 113 114 116 117 119 121 123 127 132 137 138 139 146 148 149 153 154 155 156 158 159 160 167 170 171 172 175 176 177 178 181 197 200 202 206 209 211 214 215 217 224 225 
9 76 77 78 79 88 90 91 93 96 100 101 102 103 104 105 107 110 115 120 122 123 128 134 136 142 143 146 153 159 162 163 164 170 173 191 193 194 195 199 200 203 205 210 211 214 217 218 219 220 222 224 
38 1 76 79 83 85 91 94 97 98 99 101 102 107 108 109 110 114 117 118 120 125 126 129 130 131 135 139 144 146 147 152 154 158 159 163 164 166 170 171 183 186 187 188 190 192 194 195 196 197 205 206 210 212 213 214 219 
11 102 
31 79 81 83 100 110 116 119 122 124 125 137 145 147 151 153 154 161 177 183 193 194 198 199 204 205 209 210 223 225 
99 131 143 157 225 
100 76 77 81 84 89 90 94 98 103 104 109 116 118 125 126 136 138 140 143 144 145 159 160 165 166 167 175 185 190 194 195 198 203 211 224 225 
46 81 86 88 91 94 105 110 111 117 119 120 126 128 131 133 140 141 142 152 153 155 164 165 167 168 174 175 177 178 180 188 192 194 196 199 203 208 209 210 211 212 214 216 217 218 219 225 
83 1 76 77 79 84 85 86 87 93 96 100 101 109 116 118 122 125 126 128 129 132 138 139 141 142 143 145 147 151 152 153 156 160 162 163 164 166 174 179 183 185 186 187 188 192 195 197 198 199 206 207 213 216 221 222 
89 77 80 81 84 85 86 96 99 105 109 110 112 115 116 120 125 127 130 132 141 143 145 147 149 151 155 157 161 163 167 168 171 172 175 176 177 178 184 185 186 190 193 196 204 205 208 211 213 214 221 
26 76 80 82 86 87 88 89 91 94 96 97 99 102 110 116 120 126 127 132 134 135 139 141 142 143 144 148 151 152 153 154 156 160 166 168 172 174 178 180 183 185 186 192 199 201 205 206 213 214 217 218 221 
93 89 132 144 153 184 189 190 191 
97 84 86 89 95 96 97 99 101 105 107 110 111 112 115 116 118 122 123 129 132 137 138 139 141 143 150 151 162 163 168 171 173 176 183 184 185 187 188 196 197 199 201 204 
74 76 77 78 79 81 82 83 86 88 93 94 96 101 106 107 112 113 118 122 124 127 134 135 136 138 139 143 144 146 148 155 156 161 163 166 169 173 175 176 180 182 183 184 188 189 192 196 202 207 210 213 215 216 217 223 224 
62 76 77 84 92 100 102 120 121 126 129 139 153 154 160 173 193 198 219 224 
26 1 77 79 81 86 87 89 90 92 97 100 102 103 105 106 109 110 118 119 122 131 132 137 141 145 146 148 149 150 152 154 162 163 165 172 174 179 182 184 189 191 194 195 201 202 204 211 212 213 220 222 224 225 
95 76 89 90 101 102 106 108 121 144 147 151 153 154 156 159 161 163 165 171 172 177 180 181 190 191 195 203 208 209 
80 78 80 88 95 97 99 107 108 112 115 116 117 120 125 131 133 139 143 151 152 156 158 159 161 171 172 173 175 179 188 195 200 205 208 211 213 220 
29 1 86 88 92 93 94 96 100 104 108 109 111 113 120 125 128 129 130 131 134 135 140 146 147 148 150 152 153 155 158 167 171 176 182 184 190 193 194 195 197 200 201 213 214 219 
60 77 79 80 81 83 84 86 88 89 92 94 96 97 98 99 103 105 106 111 124 127 132 133 135 138 144 151 159 160 163 164 165 166 172 173 176 179 180 185 189 190 194 196 200 202 210 215 220 221 224 225 
13 76 80 82 84 86 93 96 97 106 108 116 127 131 132 133 134 135 136 140 153 158 159 164 167 169 174 178 184 189 200 208 211 213 215 218 220 225 
41 78 82 98 101 105 106 110 119 121 122 123 126 127 129 132 137 142 145 154 166 167 172 173 176 178 182 185 189 190 192 195 196 197 199 214 217 218 225 
77 88 97 99 106 111 119 121 143 146 195 203 209 
98 77 78 80 81 87 93 94 96 105 108 109 122 126 137 141 142 151 159 164 165 179 186 191 193 197 199 202 205 209 212 218 221 
24 78 79 81 85 86 87 96 100 104 110 118 122 133 141 150 151 167 170 181 182 184 187 188 194 197 203 208 210 212 
85 77 80 83 85 86 88 89 90 93 94 99 101 104 106 121 122 129 133 134 139 140 142 145 147 150 151 164 166 171 179 185 186 187 189 191 192 193 200 204 212 217 218 224 
33 1 83 86 87 92 94 96 97 100 101 104 113 119 120 122 124 125 128 131 136 138 143 144 145 146 149 151 152 153 155 156 157 159 163 165 169 174 176 177 178 181 194 195 196 198 200 201 202 203 206 207 210 212 218 219 224 
47 1 78 81 87 88 90 91 97 103 104 110 119 121 123 131 136 140 143 147 150 155 161 164 166 168 169 170 175 183 184 191 192 194 196 198 199 200 204 209 219 221 224 225 
6 1 76 84 85 91 93 96 97 101 103 113 122 126 127 130 131 132 133 134 135 137 138 140 141 142 149 153 161 162 164 172 176 177 180 185 187 194 195 198 200 201 209 211 212 219 224 225 
100 1 77 79 80 84 87 92 94 97 101 104 109 113 116 117 118 119 124 130 132 141 142 143 147 152 153 156 158 165 167 168 169 172 175 178 179 181 183 191 192 197 199 202 204 205 209 213 215 220 224 
56 87 104 105 131 135 147 157 165 166 167 181 190 205 212 224 
60 79 119 143 215 
47 1 80 85 104 107 118 120 128 154 162 163 165 170 171 172 177 181 182 184 188 192 201 214 215 219 221 222 224 225 
27 77 79 80 81 84 89 91 97 98 101 103 104 112 117 118 119 122 124 128 131 132 133 138 140 142 143 146 148 149 150 151 152 154 156 159 161 165 166 170 174 177 178 181 182 193 197 200 201 205 206 207 210 213 214 215 217 222 225 
90 78 80 81 84 89 93 95 104 108 109 111 112 114 120 125 129 135 141 146 147 151 156 157 163 164 166 167 178 179 181 182 183 191 192 196 197 208 213 214 218 223 
21 1 76 82 87 90 96 104 112 116 117 119 125 128 134 135 136 137 140 151 153 155 161 164 167 171 174 175 176 177 183 186 191 192 198 201 203 211 214 225 
12 79 82 84 85 94 96 103 104 106 112 113 115 126 129 132 147 153 157 159 160 163 175 180 190 192 193 195 197 201 202 204 206 218 219 220 
78 91 105 107 145 147 163 167 175 
71 1 78 79 83 85 87 88 91 93 95 99 100 103 106 107 112 113 117 118 121 122 123 124 125 126 130 131 136 137 138 142 153 155 159 160 161 163 164 167 168 173 179 181 182 184 186 190 198 200 201 206 209 210 221 223 224 225 
61 103 118 130 156 163 187 209 215 
78 79 80 85 97 106 108 121 122 127 132 135 139 140 144 152 154 155 156 157 162 170 172 189 190 191 193 194 195 196 197 200 202 204 207 208 213 219 222 223 
48 1 76 82 84 92 95 96 99 105 106 107 110 112 113 125 127 129 132 133 135 138 145 148 156 162 164 165 166 170 173 174 175 179 182 186 187 190 191 199 203 204 209 219 221 
57 77 81 83 86 88 89 94 97 98 99 101 102 108 109 111 126 127 138 140 141 142 144 146 148 150 157 158 162 168 171 173 176 184 185 186 189 192 201 203 205 209 211 217 218 222 224 
94 1 94 106 119 120 129 130 134 140 146 173 174 178 185 204 218 
80 76 77 78 80 81 85 91 94 99 100 103 104 108 109 110 112 115 117 122 125 127 130 134 138 147 150 155 163 164 165 169 175 179 187 188 189 200 205 207 209 210 220 
24 78 91 101 102 104 107 110 119 122 125 126 128 133 136 142 145 146 151 156 158 170 174 183 186 196 199 202 207 210 214 216 217 218 219 222 
30 1 81 84 85 90 102 105 108 109 110 117 120 122 123 126 127 130 132 135 140 141 144 147 149 151 152 154 156 159 163 164 165 168 182 187 191 192 196 197 201 202 203 206 210 213 214 215 222 
46 77 85 88 91 94 96 98 107 111 114 119 131 132 133 138 143 145 150 161 170 182 184 189 190 204 211 223 
87 76 78 80 83 84 88 90 93 95 96 99 101 102 113 118 120 121 123 127 139 141 143 144 145 150 152 153 157 158 159 166 167 168 169 170 173 175 177 178 179 181 184 192 195 198 200 202 208 210 211 212 215 216 217 218 221 224 
73 82 97 114 122 129 136 142 149 156 186 194 197 208 214 
54 76 78 81 82 85 86 88 90 92 93 99 100 103 106 109 112 113 117 118 120 121 122 124 125 127 129 132 133 135 141 142 143 146 147 154 155 156 162 165 166 170 171 172 177 183 185 192 193 200 201 202 205 206 210 214 215 217 224 225 
64 76 88 93 95 96 97 98 101 111 117 131 133 138 141 142 143 146 148 150 160 166 167 176 178 187 193 200 201 202 204 205 208 210 213 214 217 219 
27 77 87 88 90 92 97 101 102 103 105 108 110 113 118 120 124 125 129 140 142 145 149 153 159 160 164 167 173 177 178 189 192 194 204 208 214 221 222 224 225 
9 1 76 80 82 84 86 92 99 101 103 107 108 118 119 126 127 129 130 132 133 134 135 136 141 142 143 151 152 154 157 159 160 161 163 164 170 171 172 181 182 183 188 189 190 191 200 202 208 211 214 217 224 
32 76 77 82 88 93 95 101 111 114 117 119 120 136 140 144 145 146 149 151 153 154 156 158 162 165 169 171 173 174 175 178 180 181 182 187 189 194 197 199 203 204 211 212 217 
49 85 89 128 
42 93 99 101 102 103 107 111 113 126 131 138 141 146 147 149 153 161 165 176 180 191 194 197 198 200 205 209 
84 95 118 129 191 220 
35 81 82 89 91 101 123 134 135 138 140 141 143 148 154 158 161 180 183 185 188 193 202 211 
41 1 84 88 120 122 146 168 174 194 206 217 218 222 
77 104 190 
11 81 83 85 95 107 112 114 117 119 121 125 130 139 152 164 166 171 174 180 183 207 
41 85 87 90 92 96 98 101 112 113 127 129 136 155 161 163 164 170 172 183 201 215 219 222 
1 82 83 85 88 100 102 110 111 120 121 122 127 129 131 140 144 147 148 149 150 151 162 166 167 169 170 172 199 202 205 211 213 217 224 
34 82 85 87 88 93 95 104 107 108 109 111 115 116 122 125 127 129 138 151 155 156 159 161 163 165 169 172 173 174 179 180 183 185 189 194 196 199 201 205 212 216 
68 87 88 104 110 128 129 138 144 149 151 153 193 208 219 223 
98 1 76 77 84 88 91 105 111 115 123 126 127 133 134 137 139 140 141 146 163 165 166 170 183 190 193 197 200 207 208 211 216 219 221 
16 1 79 80 89 94 95 96 97 100 104 106 112 114 116 117 118 123 126 127 135 137 139 142 147 148 149 153 158 159 163 164 165 167 171 173 180 186 188 189 192 195 196 199 203 208 209 213 217 224 225 
91 76 77 79 83 85 89 93 94 95 98 101 106 108 113 118 121 123 124 126 129 136 143 149 154 168 179 180 185 186 187 193 202 206 210 216 218 219 220 222 
76 76 79 82 83 87 88 90 94 97 98 100 101 102 105 106 107 110 112 114 120 126 133 141 143 148 150 151 152 153 154 160 161 163 164 175 181 185 186 187 188 196 198 202 205 207 209 211 217 219 220 221 223 
31 1 76 77 83 85 86 88 89 93 94 97 99 100 102 103 106 107 112 117 118 119 120 122 130 131 134 140 142 143 147 151 157 158 164 166 167 170 175 176 179 180 182 184 187 188 189 190 195 197 198 199 201 209 218 221 222 224 
6 87 89 93 105 107 120 134 146 148 151 152 158 162 165 168 172 176 184 186 187 190 193 196 204 213 215 
54 76 78 80 85 86 87 88 89 90 91 92 94 96 100 101 110 111 114 116 117 118 119 124 125 128 129 133 137 138 148 150 153 157 158 160 161 165 167 168 173 174 177 180 186 188 205 210 211 213 221 222 225 
65 82 90 97 111 113 118 170 177 184 187 190 195 211 214 217 221 
68 99 113 118 124 133 153 177 199 208 211 216 
22 97 127 145 182 
87 81 82 83 92 93 94 102 103 105 106 114 115 120 123 127 130 131 132 141 143 145 146 156 169 171 179 181 183 188 189 194 195 199 204 206 207 210 212 215 223 224 225 
64 78 80 83 84 86 90 94 96 98 105 106 110 117 119 123 128 135 136 141 143 144 148 150 152 153 154 155 156 158 159 161 162 168 171 174 175 176 181 185 190 197 199 202 204 214 216 223 225 
54 100 107 108 111 131 135 147 148 149 178 186 194 203 
79 81 83 85 86 87 88 92 93 95 103 108 109 111 112 113 114 119 122 123 125 131 134 136 138 139 147 151 154 157 162 165 166 172 180 181 183 184 187 189 190 195 196 198 200 201 202 203 204 208 209 212 214 216 220 222 224 
77 110 125 128 157 158 184 197 223 
13 1 80 83 91 94 98 120 125 130 143 144 147 149 154 155 159 160 161 172 184 187 211 220 223 
73 1 79 85 89 92 95 98 100 104 108 113 115 118 124 125 130 132 133 134 135 140 144 146 153 157 165 172 181 183 185 191 192 195 196 198 199 202 204 205 208 217 221 
58 1 77 81 84 88 97 100 103 107 109 110 112 115 117 122 124 125 128 129 132 137 139 141 149 151 152 157 158 163 168 169 171 172 175 178 179 182 185 186 187 198 203 214 217 220 221 
66 151 
64 83 91 96 135 148 158 167 176 185 194 196 199 
43 140 179 
37 1 80 81 83 87 89 90 96 98 99 102 104 106 109 119 120 121 128 130 133 138 149 164 170 176 193 196 201 203 212 214 216 217 220 
19 138 183 206 
87 1 76 77 79 83 90 92 93 94 95 96 97 98 99 100 101 103 106 108 112 113 114 120 122 126 127 128 131 134 135 136 137 139 141 142 144 145 152 153 154 155 158 161 162 163 164 168 170 180 181 184 185 189 193 201 203 209 210 211 212 214 215 224 
7 1 76 78 80 82 83 86 87 88 90 92 96 102 105 106 115 116 118 122 130 132 133 137 138 140 143 144 151 154 156 158 162 164 166 170 173 176 179 180 182 184 185 186 189 192 194 196 197 203 212 219 220 
41 82 90 95 96 99 100 104 105 106 107 108 111 114 115 117 118 121 130 133 134 139 140 143 145 146 154 155 158 165 166 167 175 180 185 189 191 192 196 197 200 208 209 211 212 214 220 221 225 
84 77 99 167 210 212 
6 1 77 87 90 94 99 100 101 102 104 106 107 109 113 124 125 126 127 129 131 133 138 139 141 143 148 149 151 154 156 157 158 160 164 171 176 181 183 184 186 187 188 189 190 193 203 204 208 213 215 219 222 224 225 
50 84 104 121 131 136 140 
86 1 79 80 103 105 109 112 119 122 124 151 158 160 170 174 192 213 221 224 225 
88 77 78 82 97 98 100 111 119 122 134 136 137 139 145 147 152 157 168 170 172 173 180 186 203 205 208 209 213 220 223 
75 78 82 85 89 93 96 100 108 115 119 131 139 158 160 161 164 166 168 172 177 183 184 191 197 199 203 206 209 212 214 219 220 223 
44 126 136 
29 80 84 89 100 103 105 132 137 145 152 156 166 171 179 180 181 187 190 210 211 219 221 
16 76 85 118 127 133 151 178 219 222 
21 47 10 77 60 91 31 26 13 43 36 43 51 100 97 79 10 90 63 75 79 82 89 84 63 7 90 70 48 32 51 92 10 75 78 58 43 91 19 44 2 89 5 70 97 98 85 20 53 6 73 88 53 7 86 5 87 46 53 95 75 13 82 88 74 43 40 84 11 99 20 61 94 11 58 56 62 76 55 38 17 14 96 82 13 51 46 51 100 84 87 69 10 73 99 53 76 65 65 76 45 14 98 70 21 55 48 78 92 41 79 17 27 73 52 94 74 33 47 30 66 28 11 49 99 9 48 55 18 50 65 28 40 84 64 89 25 74 42 7 26 72 53 55 6 70 7 76 32 4 33 81 92 85 93 79 83 89 71 100 35 94 56 75 12 47 15 70 15 24 65 44 26 42 30 93 49 41 97 9 38 85 56 1 71 89 58 8 99 12 21 20 56 85 88 65 9 20 18 46 59 39 17 43 19 68 27 32 97 61 50 73 47 7 85 85 82 43 92 43 23 41 6 96 10 
