152 228
74 77 93 112 115 125 134 148 149 155 185 196 209 213 223 
41 80 86 92 93 95 96 102 104 105 107 112 121 123 125 127 131 133 136 137 139 142 147 149 150 158 160 161 164 166 167 170 171 174 177 179 180 183 184 186 188 189 193 197 202 204 206 209 210 223 228 
3 80 82 95 98 113 122 129 132 135 137 142 158 161 179 182 186 196 213 216 220 223 225 228 
82 79 86 93 101 103 110 115 119 123 127 130 147 148 150 151 152 153 166 173 178 180 182 183 185 186 189 196 199 200 202 204 206 207 213 215 217 219 220 221 223 227 
28 83 88 129 150 200 208 
48 78 80 81 84 85 91 95 101 104 105 106 110 117 118 123 125 136 148 149 167 172 175 177 180 184 190 192 196 206 216 220 222 
24 89 106 122 196 205 215 
87 79 80 82 83 85 86 87 88 89 90 92 94 96 97 99 100 103 104 105 113 118 119 126 127 129 131 132 133 135 137 142 144 156 158 159 160 163 169 170 172 173 174 175 176 178 181 182 184 185 199 200 201 206 207 209 213 217 218 219 223 
23 1 86 92 98 103 110 118 124 127 131 137 139 141 148 157 166 167 170 171 175 177 178 182 187 190 194 202 207 209 216 220 223 226 
1 77 78 79 90 91 92 94 96 99 102 103 107 110 111 112 114 120 123 126 135 137 143 145 146 153 155 160 161 162 164 170 173 175 181 182 198 202 203 204 209 218 221 222 223 225 
72 81 88 89 145 167 171 201 
44 187 200 
35 77 79 82 83 87 98 103 109 115 117 129 132 152 153 155 166 171 172 177 181 183 200 202 204 205 206 207 218 221 223 
27 1 77 80 81 84 85 88 95 100 101 102 105 111 113 114 117 118 119 122 123 124 125 126 128 130 131 135 140 144 147 152 154 156 158 163 164 172 173 174 176 179 180 181 185 187 199 202 210 215 216 218 219 221 222 223 225 226 227 
90 85 101 104 122 125 127 128 129 131 145 149 154 161 163 167 174 177 186 188 194 195 199 200 202 204 207 212 213 220 222 
11 80 81 82 83 87 88 90 93 94 99 100 107 109 110 112 129 130 131 132 134 138 147 148 151 159 163 164 171 174 175 176 181 187 191 200 203 207 208 215 216 218 225 
28 79 80 82 84 87 90 93 96 98 99 100 101 102 103 111 113 114 123 125 128 131 134 135 143 145 152 153 155 156 159 160 165 167 170 172 178 179 193 197 198 202 207 213 226 
94 80 83 85 86 90 92 98 100 102 104 107 109 110 114 122 125 126 128 133 136 137 141 142 150 151 164 170 174 176 181 183 185 187 188 191 193 197 198 202 208 213 216 220 226 
63 95 100 107 112 114 140 158 161 174 178 184 191 202 208 213 222 223 227 
81 1 82 83 86 90 97 100 102 104 108 109 116 125 127 128 130 134 135 140 145 147 149 152 162 164 165 166 167 170 172 173 175 184 185 187 190 193 197 199 211 217 224 227 
56 77 79 80 83 84 87 89 90 92 97 108 124 127 131 139 140 171 172 179 182 183 188 200 215 221 
40 121 129 146 171 187 225 
68 77 78 84 89 90 92 96 98 99 103 104 107 108 109 111 113 115 116 117 120 126 127 129 131 133 134 136 137 139 141 142 144 146 147 150 152 153 159 166 168 169 171 173 176 178 183 186 187 188 189 191 193 194 195 196 198 206 209 211 217 219 221 222 223 224 225 
58 81 90 93 136 150 207 
66 1 79 80 81 82 85 90 92 93 94 95 97 98 100 102 107 108 109 112 113 117 119 129 130 133 134 137 140 146 148 151 152 154 162 163 164 166 167 172 175 187 190 196 197 200 203 207 218 220 222 223 224 228 
39 78 80 82 90 92 95 96 97 98 104 113 115 116 119 122 123 125 126 131 135 137 138 139 140 142 143 148 151 154 157 168 169 174 177 184 185 186 189 194 195 197 199 200 202 205 206 207 212 220 224 226 
1 79 83 85 88 95 108 109 118 121 122 123 125 127 137 138 143 154 157 159 164 165 168 169 173 181 186 189 191 194 197 198 199 202 207 208 214 215 216 221 224 
96 78 79 83 85 89 92 95 96 103 104 106 108 111 115 118 123 124 134 136 137 144 145 148 160 162 165 166 168 169 172 173 174 175 179 180 184 185 186 188 189 190 194 199 200 201 203 204 208 209 212 216 218 219 221 222 223 224 
96 90 91 95 102 103 104 106 107 121 126 128 131 132 137 138 140 141 142 144 146 148 154 160 165 169 178 182 183 187 191 193 194 195 198 200 205 207 210 212 216 217 221 
31 81 82 89 91 93 95 102 107 113 115 116 117 120 121 123 131 132 133 137 145 146 158 159 160 161 162 164 168 170 171 175 176 178 185 187 189 190 191 196 197 200 201 202 204 205 206 209 210 211 213 214 215 217 222 223 226 227 
4 1 77 78 80 81 84 89 91 97 99 100 101 105 107 112 114 115 125 126 128 132 133 136 138 141 144 145 147 149 151 152 153 157 162 165 167 170 173 176 177 183 184 185 186 189 190 195 197 199 201 210 211 212 215 219 221 226 227 
75 81 96 129 135 138 141 147 178 199 211 217 
10 78 80 86 90 91 103 105 107 108 109 110 112 114 119 123 126 130 133 141 142 144 145 146 147 162 178 185 191 204 216 217 223 228 
12 79 80 83 84 89 90 91 95 98 101 103 105 106 109 114 115 118 124 126 127 129 130 133 134 136 140 142 143 145 148 150 151 152 153 156 163 167 168 169 171 172 177 178 181 189 191 192 193 196 198 200 201 204 205 206 208 211 212 215 217 218 220 224 
52 78 79 80 83 88 93 104 105 107 108 109 111 114 115 118 119 120 123 126 131 133 135 136 144 147 148 149 151 155 161 168 170 171 176 182 184 185 194 198 211 213 221 225 226 
87 79 81 82 84 86 88 90 92 93 101 108 109 110 111 116 118 120 122 123 128 129 130 132 135 142 143 145 149 151 153 158 159 160 163 169 172 185 186 188 191 192 194 196 199 201 205 206 208 214 219 223 225 226 227 
47 77 91 104 111 115 117 121 122 123 125 126 130 131 133 136 159 160 162 170 173 177 178 185 186 189 199 202 211 217 221 224 225 
44 1 78 79 81 83 84 85 91 96 97 102 103 106 110 114 117 119 126 129 137 138 141 143 147 149 153 159 160 164 165 168 170 171 176 181 189 192 195 202 208 212 214 219 225 227 
19 80 81 83 85 86 88 91 94 100 102 103 104 108 109 110 114 115 118 120 122 129 136 137 139 143 145 147 158 164 166 172 173 177 180 181 184 186 188 189 197 198 202 203 215 219 227 228 
5 97 136 172 217 
41 77 87 101 103 107 110 115 121 130 136 146 147 152 157 158 162 166 168 178 179 181 182 196 197 198 206 207 209 216 217 225 
89 84 108 109 112 116 117 133 137 139 147 150 151 155 158 160 166 167 178 179 183 193 194 201 207 220 221 
34 1 80 95 121 125 132 136 143 150 151 159 161 168 174 188 193 202 208 219 
72 78 80 82 83 95 96 98 102 113 130 131 142 151 164 169 185 203 206 209 220 224 
2 1 77 80 81 82 84 86 87 90 97 99 108 109 111 113 115 119 124 130 131 132 134 138 149 156 164 165 166 167 169 170 173 174 175 176 179 183 184 185 186 189 192 196 198 201 202 205 206 209 213 218 221 
96 78 98 103 106 109 110 113 119 127 132 138 141 142 150 154 158 172 175 190 193 201 221 227 228 
56 1 78 79 80 89 91 94 97 98 99 100 101 110 113 115 120 125 127 129 130 132 137 140 142 145 146 151 152 153 155 158 163 165 170 177 178 183 190 192 194 196 199 201 202 203 208 213 216 218 223 
11 1 80 82 90 93 106 108 119 134 146 148 152 185 202 210 214 222 223 227 
60 77 84 87 89 96 97 101 105 109 110 111 112 114 119 122 123 124 126 128 130 132 133 134 139 142 145 146 147 150 151 155 156 163 167 168 170 180 181 188 189 191 197 198 200 204 208 211 212 214 215 216 218 219 222 223 227 228 
81 1 80 82 84 88 90 91 92 98 99 104 108 110 111 113 115 117 119 120 121 122 124 126 133 142 147 149 152 155 157 160 162 163 166 167 168 169 170 171 172 187 190 197 201 203 209 210 215 216 217 227 
90 103 120 129 163 176 223 
2 1 78 85 87 88 91 96 97 101 103 104 106 108 112 119 125 128 133 138 140 141 144 145 151 154 158 161 162 165 167 168 171 173 174 177 181 184 189 191 193 195 196 198 208 209 217 218 221 223 226 228 
55 81 83 86 88 91 94 95 99 100 101 105 108 109 110 115 124 127 129 136 138 142 145 147 149 151 152 154 157 158 161 163 171 177 178 179 181 182 184 185 187 189 190 191 194 195 196 201 205 207 208 209 210 213 214 220 222 226 227 
3 77 78 79 82 88 92 93 95 97 112 113 115 117 123 127 130 140 155 157 159 164 166 169 174 175 176 180 184 185 187 188 193 201 209 210 213 215 217 219 222 224 225 
10 79 94 108 115 117 122 135 137 142 144 147 153 168 177 178 184 190 191 199 200 206 212 
35 84 113 146 148 174 211 215 
72 168 
28 1 79 81 82 84 85 88 90 91 96 103 104 110 111 112 119 125 126 127 130 131 135 139 150 152 157 158 167 171 172 176 177 180 183 186 195 198 204 209 214 218 219 221 222 226 228 
98 79 102 115 128 141 142 143 145 159 161 166 171 173 181 188 197 199 206 210 219 
64 78 81 83 86 89 90 95 97 100 102 108 110 112 116 117 119 120 124 125 128 129 132 136 137 139 142 146 148 150 151 153 157 163 166 167 168 175 177 178 181 184 187 191 192 194 195 198 199 201 207 211 214 215 217 218 220 222 
96 80 83 85 99 144 145 147 186 
6 77 88 93 96 97 98 104 109 116 120 122 123 124 127 128 137 142 145 149 151 167 168 169 171 172 173 174 177 178 179 180 181 183 184 187 190 191 203 204 206 207 209 211 220 222 225 226 
37 78 81 98 99 102 107 110 121 140 175 177 179 195 199 204 214 218 220 
14 95 110 115 119 131 135 139 149 154 161 189 200 208 211 215 216 218 219 228 
62 80 84 95 96 98 102 108 120 121 123 127 130 135 139 148 151 152 153 156 160 164 169 170 176 179 182 186 187 194 217 221 224 225 227 
25 84 88 95 106 108 114 115 118 119 121 128 129 131 134 136 141 146 149 153 156 165 169 172 175 177 181 182 184 191 196 197 198 201 205 208 209 214 215 216 217 218 227 228 
88 82 89 95 102 111 112 135 137 156 162 173 179 204 217 223 225 
48 79 91 103 105 107 122 186 197 202 
75 77 84 98 102 124 132 146 151 155 159 171 183 190 192 209 
13 81 82 88 90 92 98 104 105 112 115 118 122 125 126 137 146 147 148 150 153 155 156 169 177 178 188 190 192 194 202 203 204 206 216 
77 78 79 100 104 108 111 112 119 126 146 148 156 163 169 179 200 
4 77 78 79 83 84 91 101 104 108 113 118 120 121 122 126 127 128 131 137 140 143 144 155 156 160 162 163 176 181 183 184 185 187 189 193 210 211 216 217 219 225 226 
8 83 84 88 89 92 102 132 139 146 147 148 150 156 162 166 172 178 184 185 192 195 197 198 200 204 207 210 213 215 220 222 227 
50 77 83 85 88 90 92 94 104 105 106 107 110 116 119 123 129 131 132 135 136 145 150 152 160 162 165 167 169 171 172 174 176 179 184 189 192 193 198 199 206 217 219 220 223 226 
46 1 79 87 107 114 119 126 132 135 145 160 167 172 176 185 187 197 204 206 213 215 227 
26 77 85 91 107 108 109 113 118 119 120 126 127 129 131 140 144 148 151 153 158 159 160 163 166 167 172 177 179 181 182 184 185 188 192 193 195 197 201 215 216 221 226 
46 77 78 84 89 90 91 98 99 101 105 107 111 116 121 122 123 125 126 127 128 133 134 138 139 142 156 167 175 189 190 191 193 195 196 198 200 204 208 210 213 223 225 228 
95 78 85 86 91 93 101 102 107 112 119 131 132 134 135 136 142 144 147 148 149 155 157 160 165 167 168 171 177 183 186 188 191 195 197 204 205 207 209 210 211 215 216 219 223 
6 88 94 101 109 117 119 120 127 130 133 147 157 165 168 171 174 178 184 186 192 197 198 202 205 212 215 221 223 226 
30 1 78 80 81 97 126 157 169 188 
2 77 88 128 139 157 187 
23 82 102 105 106 130 147 164 170 186 192 201 213 220 224 227 
95 1 79 84 85 104 105 107 108 117 148 153 158 160 161 173 174 178 182 199 201 219 225 
28 82 84 87 88 89 93 97 100 105 107 109 117 119 120 128 131 149 157 161 165 166 168 170 171 177 183 184 186 188 193 196 201 204 214 216 223 225 
40 83 91 93 104 109 116 118 125 131 132 137 140 144 148 151 154 157 163 168 173 182 183 197 219 224 225 
52 82 91 92 100 101 102 109 111 112 116 119 125 126 128 130 131 135 136 138 141 143 145 148 149 150 153 154 156 159 160 162 163 166 167 169 172 174 177 178 179 186 197 198 199 203 204 207 208 214 215 218 220 225 228 
35 81 85 90 99 103 104 105 108 111 116 117 146 151 154 158 159 165 172 176 206 208 209 213 228 
86 81 84 88 94 95 96 97 98 100 102 110 155 157 171 172 173 181 182 184 191 192 193 195 196 198 206 210 216 227 
45 77 78 80 85 87 90 93 102 108 117 122 128 131 134 135 136 141 144 145 147 158 162 164 166 167 171 172 173 178 181 182 189 195 200 204 213 216 220 222 
53 77 80 85 86 87 90 95 99 105 109 110 111 114 116 120 126 129 135 141 146 149 150 153 164 178 192 193 202 203 207 215 218 224 226 228 
37 87 93 103 129 150 152 190 196 
25 79 83 103 130 132 161 162 178 181 185 194 208 222 223 226 
89 1 77 78 79 86 90 91 94 95 97 98 100 101 103 108 109 115 116 117 118 120 122 125 129 132 134 137 139 143 144 146 149 150 151 156 159 161 162 170 174 177 182 184 185 186 187 188 189 193 195 199 200 203 210 214 218 220 222 225 
79 78 79 80 81 82 84 94 95 96 99 100 103 104 105 109 110 113 114 115 117 119 121 127 135 137 140 141 143 145 146 149 151 153 157 158 159 161 163 170 171 173 174 177 180 181 186 187 188 194 198 199 202 206 209 211 221 225 226 
94 1 81 82 89 91 94 99 101 102 108 112 115 120 128 130 132 134 135 136 139 140 144 150 151 156 158 162 165 167 174 177 181 182 189 191 193 194 195 197 199 200 203 204 205 206 217 221 224 228 
5 78 82 83 87 88 89 92 94 95 103 104 110 111 114 131 135 144 145 149 151 153 156 157 158 171 190 191 201 207 208 210 212 213 214 217 221 224 228 
67 1 80 83 84 85 86 89 91 93 94 100 102 107 109 113 118 119 120 122 123 136 139 142 143 149 156 157 159 162 170 172 176 182 189 190 191 194 196 200 206 215 219 220 222 223 227 
10 1 77 79 87 90 95 97 99 101 102 106 107 109 110 112 122 123 126 132 134 140 142 143 150 153 156 157 159 162 164 165 168 172 174 175 177 179 183 185 188 190 191 193 198 204 205 206 211 214 217 220 221 223 225 226 227 
83 1 77 78 80 83 88 89 91 92 93 94 97 110 111 113 116 117 118 120 122 123 124 125 126 136 137 139 140 141 142 143 144 150 153 157 158 159 163 167 171 172 174 179 181 184 185 186 192 193 195 196 201 205 206 208 215 216 217 223 227 
45 92 98 103 106 107 115 118 126 127 131 139 148 151 152 157 173 178 180 181 182 185 189 190 192 193 194 195 206 209 213 215 
64 77 85 95 113 116 135 176 209 
42 91 100 104 111 143 185 
93 79 81 88 96 97 99 101 103 111 117 119 124 126 129 133 135 136 138 142 145 146 148 149 152 154 155 157 163 167 170 171 176 182 186 190 192 195 196 202 206 207 218 219 221 222 224 226 228 
6 87 89 111 120 123 127 143 195 228 
53 83 85 86 89 91 92 106 112 115 122 123 131 132 136 147 159 163 171 175 188 199 200 202 210 215 217 227 
18 81 84 88 89 99 102 104 108 111 115 116 118 120 123 125 126 127 128 135 141 146 148 149 152 153 157 162 163 164 165 166 168 171 177 178 180 182 191 194 196 198 211 213 217 218 219 220 221 223 224 228 
17 79 83 84 85 90 91 92 101 104 105 106 110 111 113 115 117 121 122 123 124 128 129 136 138 141 142 146 147 153 154 155 157 164 165 167 168 171 173 174 180 186 188 189 195 196 197 199 200 201 202 203 205 206 209 214 216 219 220 221 226 228 
31 78 79 80 81 95 97 100 101 102 103 105 116 118 120 122 126 133 149 152 153 156 157 163 173 177 178 193 195 196 204 207 208 211 212 214 218 225 228 
49 1 78 83 87 88 89 93 111 119 120 124 129 130 132 133 136 140 141 145 146 148 149 150 152 155 160 161 163 164 165 167 176 184 186 191 195 197 199 200 206 212 219 
14 77 78 83 88 94 96 102 104 108 112 124 125 127 128 132 133 138 139 142 151 152 156 157 158 162 168 172 175 189 192 193 196 198 199 202 204 205 206 208 209 211 216 223 225 227 
4 85 89 93 94 96 97 101 110 115 116 122 126 128 129 130 131 133 135 137 143 146 148 151 152 156 161 162 165 170 172 173 174 175 176 177 178 180 184 185 189 190 196 200 202 205 206 208 210 211 212 222 223 224 226 
3 87 89 94 100 105 108 115 120 130 131 132 136 137 139 145 151 155 157 159 168 169 184 187 189 193 198 205 209 215 224 
36 82 106 155 157 170 204 213 218 225 
94 85 
18 109 111 116 133 154 157 162 188 190 193 195 197 202 
40 78 84 86 91 92 94 105 110 115 128 131 133 136 138 153 162 163 174 179 182 184 193 200 204 208 209 210 211 215 217 223 227 
49 79 80 87 92 96 98 102 104 110 112 116 119 120 125 131 134 135 139 145 146 147 150 162 163 165 168 174 181 185 189 194 199 200 203 209 210 212 214 215 218 
96 84 87 88 96 99 101 103 104 109 111 116 118 121 124 132 135 137 138 149 159 163 164 167 169 170 174 175 179 185 190 192 193 196 199 200 202 204 206 207 212 217 218 219 221 228 
84 1 77 78 80 84 86 88 91 106 108 114 115 116 117 118 121 129 130 139 142 148 152 153 154 159 161 163 164 165 170 172 174 178 180 183 190 192 193 197 200 203 204 205 206 209 213 214 215 216 222 224 227 
97 94 110 144 147 159 168 171 176 183 202 226 
26 79 96 101 123 126 170 173 181 199 214 215 218 228 
100 77 81 83 85 86 94 97 99 101 109 111 112 114 118 121 123 124 125 132 133 134 135 138 143 144 148 150 155 156 157 161 163 165 166 168 171 172 174 175 179 181 187 190 194 197 205 207 208 210 215 216 217 221 224 226 
14 79 88 115 135 150 165 169 181 187 188 219 221 
50 80 172 177 180 190 192 
50 118 120 125 148 181 185 186 198 202 208 211 220 
63 79 83 89 95 97 98 104 114 123 127 136 138 139 142 144 151 158 166 169 191 192 205 206 209 211 216 222 225 
38 1 78 81 82 88 89 90 92 93 98 99 104 109 111 112 114 116 117 120 123 127 132 141 142 146 148 151 152 155 158 167 169 170 171 172 174 179 180 182 187 197 200 202 206 213 216 217 222 228 
29 77 80 82 88 96 106 113 115 116 119 125 126 127 130 133 135 144 145 152 154 155 160 161 162 166 172 173 175 178 187 190 192 193 194 200 205 209 211 212 219 225 226 228 
65 77 78 82 91 92 94 95 96 102 105 106 121 123 138 146 150 154 157 158 160 164 168 171 173 175 176 177 181 184 186 187 202 203 206 214 219 220 
39 1 83 84 89 93 96 99 104 108 110 111 113 114 120 121 122 125 129 132 135 138 143 146 148 149 151 152 153 154 156 157 161 162 163 166 168 173 176 177 182 183 184 185 186 190 193 195 202 208 217 219 222 225 227 
30 1 77 81 92 99 100 101 107 113 114 122 126 134 135 136 140 149 155 163 164 171 174 176 182 184 192 201 206 213 215 217 221 227 
9 81 82 88 90 94 103 107 108 115 118 121 122 124 125 126 140 144 146 158 159 163 166 167 169 178 185 187 191 198 199 201 207 218 222 223 227 
86 1 78 85 97 106 126 129 135 136 148 152 158 160 162 191 222 
92 86 93 94 97 101 103 104 110 113 114 116 125 127 131 142 145 150 151 157 163 164 165 167 170 174 180 189 195 207 208 209 211 219 221 225 226 227 
64 116 121 142 147 154 158 190 200 205 
84 77 81 85 92 95 96 99 104 114 124 127 128 130 136 137 139 147 155 158 160 165 169 170 172 177 182 184 186 188 191 193 198 199 204 206 207 214 217 221 223 224 225 226 227 
59 77 78 79 80 85 87 88 90 91 93 95 103 104 106 110 113 118 122 124 125 126 127 129 130 131 136 139 142 143 145 148 150 151 159 162 169 171 172 174 176 181 186 190 191 193 195 196 207 209 212 217 220 221 222 224 225 
70 85 87 91 101 113 183 190 204 215 224 228 
11 117 134 162 165 167 180 183 191 208 210 
42 85 107 121 143 219 
9 88 99 106 111 112 126 139 141 147 149 151 161 162 167 172 177 204 212 219 228 
70 1 89 92 97 102 103 116 130 149 150 157 163 182 194 198 203 221 225 
21 100 101 106 115 135 136 146 161 167 183 189 
82 86 87 88 90 95 100 114 115 116 123 133 135 150 155 158 169 170 172 179 180 186 188 191 193 199 203 216 221 
87 77 79 80 86 88 95 97 102 104 108 109 114 116 120 125 126 128 131 137 138 139 142 144 161 169 170 172 174 178 179 184 185 190 191 192 200 202 203 204 206 213 218 219 222 225 226 228 
48 88 122 171 211 
29 77 81 89 91 98 99 107 112 117 129 138 142 150 162 200 208 213 
49 84 86 90 94 99 106 107 108 111 135 138 139 142 146 153 161 170 185 186 191 192 193 206 208 209 219 221 
100 77 89 92 93 94 95 96 97 99 100 106 107 112 115 117 118 122 126 127 130 133 135 136 137 140 142 147 149 151 152 156 160 161 164 165 169 171 172 174 177 180 184 185 189 191 192 196 200 203 204 208 210 213 219 220 222 223 224 226 
34 77 80 81 87 89 91 98 99 108 111 114 120 123 125 137 148 150 153 155 157 164 169 170 182 186 191 193 196 199 210 211 218 219 221 
11 78 79 80 81 86 87 88 95 104 106 107 108 112 123 126 130 132 133 134 139 140 143 157 158 164 166 167 170 175 177 179 185 186 188 192 193 194 196 198 200 201 204 207 208 212 224 225 227 
89 83 88 96 108 127 135 146 175 179 196 204 217 221 223 
52 95 27 13 70 78 83 26 59 89 82 12 42 73 60 22 58 26 55 24 74 74 58 83 100 30 75 4 41 66 45 77 94 6 24 48 19 19 66 97 11 18 81 73 30 66 47 49 3 20 70 54 26 2 6 50 96 17 67 64 92 2 78 8 43 89 7 81 27 38 16 47 72 13 26 23 18 71 16 6 60 3 46 96 13 20 34 67 72 66 33 70 90 40 38 41 66 85 6 57 69 97 37 95 30 15 44 39 38 21 66 69 41 28 91 56 69 97 58 47 54 64 35 50 7 70 97 76 64 100 65 65 29 84 11 12 27 38 25 7 35 2 87 98 92 86 52 76 64 34 10 50 67 40 68 12 96 98 39 17 63 81 88 31 18 67 76 99 48 71 72 80 21 84 41 35 73 51 1 48 65 6 31 73 16 98 1 50 31 52 4 99 69 68 84 84 70 54 45 96 96 41 69 96 60 31 29 38 98 9 54 94 91 45 68 23 82 18 66 36 10 76 7 24 60 38 97 65 
