154 231
56 81 103 114 116 138 139 144 152 176 211 222 229 
46 96 130 145 152 160 164 182 212 
26 83 85 87 99 151 176 190 197 200 203 204 205 216 222 
92 78 84 86 87 89 91 94 96 98 100 101 106 112 114 116 117 119 121 122 125 128 129 138 140 142 143 145 149 152 156 159 160 165 174 175 176 178 181 183 185 196 197 198 200 201 202 210 219 220 222 226 227 
40 85 86 88 94 100 102 103 107 111 112 113 122 124 125 136 142 146 147 148 150 157 159 161 168 170 173 176 179 189 190 193 199 210 216 218 221 226 230 
55 85 104 105 118 129 131 139 143 148 153 184 187 213 222 
67 81 83 87 90 92 99 108 109 110 111 113 116 119 122 124 126 134 141 144 150 159 165 172 176 183 186 187 193 196 201 206 215 221 224 225 226 228 229 
44 1 79 81 83 87 88 95 101 108 110 111 117 118 120 123 124 130 131 136 139 144 147 153 158 161 166 188 190 191 192 198 201 205 206 208 210 211 216 219 221 223 224 225 226 230 
34 1 80 82 83 88 94 95 100 104 106 107 112 113 114 117 120 121 125 128 131 132 137 138 149 151 158 175 177 181 187 188 189 195 196 199 200 202 205 209 216 218 220 222 231 
71 78 92 96 97 99 111 114 117 119 121 128 129 131 132 138 139 140 145 148 151 156 162 163 165 167 173 179 180 184 186 192 193 195 197 198 200 203 204 205 206 207 209 213 214 215 216 221 222 224 231 
51 1 83 89 92 95 97 103 104 106 107 111 116 117 127 135 139 140 141 142 143 144 145 148 153 155 157 158 161 162 165 167 170 179 181 183 185 191 200 202 204 207 208 211 221 222 229 
46 1 80 81 87 89 90 93 97 100 106 108 112 113 119 121 123 126 128 130 133 135 138 139 140 141 145 146 154 155 156 158 159 167 168 171 183 185 187 191 196 199 203 205 206 212 213 214 215 224 225 226 230 
82 85 87 91 92 96 103 107 113 118 121 127 133 140 142 147 157 158 159 163 172 175 176 178 182 201 204 231 
4 83 86 87 91 94 98 105 109 111 112 113 115 124 126 129 130 141 142 144 145 146 151 154 156 161 172 175 179 189 191 193 194 202 203 215 219 
81 82 96 100 102 103 106 108 116 118 120 124 129 130 131 134 135 138 145 147 150 151 152 156 161 162 166 168 175 176 177 178 189 190 192 193 194 195 198 200 202 205 210 212 218 219 221 223 224 225 
4 83 88 89 94 100 103 107 109 112 115 116 122 123 125 126 127 131 132 135 136 140 141 143 148 157 158 163 165 171 172 175 176 182 184 185 188 191 205 208 210 212 213 216 218 225 226 230 231 
32 85 88 93 96 98 102 105 110 112 126 133 136 141 142 145 150 156 157 159 166 167 171 175 178 179 185 187 193 205 218 224 
72 93 99 105 110 119 124 133 138 150 153 166 167 172 175 177 178 182 189 196 198 199 200 202 206 212 213 221 229 
10 1 82 86 96 98 105 112 114 116 120 121 123 125 134 135 136 141 142 143 146 147 153 171 172 173 178 184 192 195 202 206 209 210 213 216 223 224 
45 79 81 82 89 92 93 96 98 100 101 103 105 107 112 115 118 119 123 125 128 132 135 142 151 160 166 167 171 173 177 179 184 185 189 190 191 195 196 197 200 203 204 208 212 214 217 222 223 224 225 228 231 
67 1 78 79 80 82 83 91 93 95 99 102 104 108 109 114 121 122 128 130 131 134 138 139 141 146 147 149 150 154 155 158 166 168 172 174 175 179 180 184 185 189 190 196 197 198 199 201 202 203 204 205 209 211 213 217 218 220 221 222 224 228 
20 78 81 87 88 91 92 101 102 104 106 107 110 113 118 124 125 128 129 130 131 133 134 135 136 137 138 143 148 149 154 156 158 160 163 164 165 167 172 176 180 181 183 185 190 191 192 197 199 200 202 203 204 205 210 218 220 226 230 
40 1 80 81 82 85 91 95 98 99 102 105 106 107 108 113 114 117 121 124 127 128 132 133 138 139 141 143 145 147 154 158 164 165 167 168 169 175 183 186 188 195 202 203 209 210 211 212 217 218 224 225 226 227 230 
8 1 80 81 87 88 90 93 99 101 102 105 109 113 114 115 116 117 118 120 121 123 124 125 126 129 130 131 132 133 134 136 139 141 143 147 149 150 153 154 155 156 157 158 161 165 171 172 173 176 184 185 195 196 198 202 204 210 212 213 215 220 221 227 230 231 
46 79 91 97 107 116 118 126 127 129 132 140 141 143 148 154 162 172 175 177 181 189 190 191 200 209 218 
89 86 97 100 104 106 108 112 116 117 118 122 123 126 127 130 131 133 135 137 139 143 147 157 161 168 169 170 171 172 176 180 181 182 185 186 193 198 203 204 208 214 217 222 224 227 
91 101 103 174 177 192 212 220 
48 86 91 96 98 102 104 106 111 113 118 120 121 129 130 134 136 138 140 142 143 146 147 151 153 158 159 160 161 164 166 167 168 169 175 177 187 189 191 195 197 200 209 210 220 
61 78 89 93 96 98 116 121 126 134 136 146 147 156 162 171 172 180 182 185 189 195 200 201 223 229 230 231 
8 79 91 92 94 96 99 100 103 106 107 110 111 112 114 116 117 123 125 130 132 140 141 143 144 153 155 157 158 160 162 163 168 169 172 179 189 190 192 193 205 206 214 216 217 218 219 223 228 229 
6 82 84 89 93 101 102 106 111 122 130 141 145 161 172 176 179 185 189 208 211 216 218 
39 90 103 117 120 124 125 133 141 143 144 154 156 157 159 163 165 169 170 175 178 179 182 192 194 196 199 201 215 220 225 226 228 
45 119 
57 79 83 93 95 102 103 104 109 118 121 123 127 132 133 142 143 146 167 176 177 183 191 192 195 215 217 219 224 228 230 
2 94 116 124 136 146 172 173 190 193 201 210 212 216 225 
71 1 81 88 89 94 98 100 103 113 118 119 123 124 125 126 130 134 138 140 141 145 146 154 156 160 168 173 174 177 181 184 185 186 194 195 199 202 221 222 223 230 231 
93 110 112 131 132 137 138 140 152 160 161 167 168 172 177 181 190 200 203 208 225 228 
10 93 94 95 97 103 106 107 108 110 111 112 113 115 118 120 122 126 132 134 135 137 142 144 150 151 156 158 159 160 163 164 166 167 171 174 176 178 180 182 184 188 195 196 197 198 201 204 208 213 214 217 218 221 224 227 
69 1 83 86 93 95 97 99 106 107 108 113 115 120 128 135 136 137 138 140 141 142 143 146 148 151 153 155 157 160 161 162 163 168 169 170 171 172 174 175 178 182 185 188 190 194 195 197 200 201 204 209 211 212 214 217 219 222 227 230 
73 1 81 87 94 97 99 100 101 105 122 128 134 137 139 148 155 157 161 166 168 169 182 183 189 198 203 209 211 215 220 
42 85 87 100 102 103 105 108 114 115 116 121 122 128 134 135 143 159 170 173 174 175 179 180 184 185 195 199 201 211 218 219 224 228 
62 1 79 82 83 88 91 96 97 99 105 106 113 115 117 118 120 123 125 126 127 128 129 132 134 138 139 140 141 145 148 149 153 155 158 165 168 170 171 174 176 179 180 183 189 190 197 199 200 201 203 207 208 209 210 213 217 218 223 225 230 
83 1 80 82 84 87 89 95 100 102 105 108 110 116 117 121 123 124 126 127 140 142 143 156 157 158 165 169 172 173 187 192 197 206 209 210 211 224 226 228 231 
28 86 87 88 90 91 93 94 95 98 103 104 108 111 115 116 121 122 124 127 128 129 130 132 135 140 142 145 154 155 157 158 160 161 164 167 175 176 178 181 182 185 189 190 194 196 198 199 200 201 202 204 205 207 208 212 214 215 217 220 225 
28 78 84 104 105 106 134 138 141 153 155 156 162 167 170 174 198 209 212 213 218 222 223 227 229 
85 1 79 81 83 89 93 98 104 105 113 115 123 124 129 130 131 132 138 141 153 154 157 159 163 167 175 180 184 189 190 192 195 201 204 209 211 219 223 225 
13 80 84 85 91 92 94 95 96 97 98 100 102 118 122 133 138 145 146 147 148 149 156 158 159 164 165 174 178 179 185 188 200 202 203 212 217 224 225 226 227 
45 1 80 84 85 96 98 99 106 107 109 111 123 130 132 134 135 136 141 145 147 149 151 157 158 168 169 177 183 190 194 195 199 203 209 211 215 216 219 
86 80 81 95 96 97 99 106 112 113 117 118 119 120 123 124 138 140 154 155 157 160 169 174 178 181 186 194 197 199 202 208 213 215 216 217 218 219 223 227 
5 83 84 91 98 114 118 126 130 133 137 159 161 162 166 173 186 193 195 196 200 203 207 224 226 
33 84 96 107 115 117 128 138 151 153 164 177 179 182 189 191 201 224 
45 78 80 81 83 84 86 88 94 96 98 99 101 102 105 111 113 115 118 122 124 126 129 130 132 135 144 147 151 154 159 163 164 169 172 178 180 182 184 188 195 197 200 211 214 218 221 222 224 225 228 
33 79 100 106 126 137 138 144 162 175 211 231 
45 81 86 93 95 98 102 104 106 107 114 115 116 134 138 142 153 159 168 171 172 177 179 187 200 203 205 211 213 224 228 231 
89 79 82 86 87 90 92 95 96 97 102 103 108 109 113 115 116 122 123 124 125 127 136 138 142 144 152 153 154 157 158 163 164 165 166 171 175 178 181 184 188 191 192 194 195 199 204 209 210 211 212 213 214 216 218 220 221 222 223 225 230 
90 1 81 82 87 88 89 91 94 95 96 97 100 101 102 108 110 113 114 115 116 117 119 122 124 131 135 137 145 146 155 157 159 160 161 165 166 167 170 175 181 182 183 188 189 193 194 196 198 200 203 204 205 207 208 211 215 216 219 221 222 224 225 228 230 
13 78 80 82 85 94 97 98 100 101 105 109 110 115 116 119 127 128 130 131 136 137 138 140 142 145 147 148 152 159 162 163 165 167 168 170 174 181 195 197 199 200 208 209 211 212 216 220 224 226 227 230 
34 78 79 82 83 91 92 93 94 97 102 104 105 107 111 112 113 116 129 130 138 139 142 144 150 160 161 165 169 170 178 190 212 214 224 231 
48 82 95 97 108 114 136 138 140 153 155 177 192 196 224 227 
59 79 84 86 88 89 92 94 98 104 108 109 112 115 121 122 128 129 139 140 141 143 144 145 149 155 163 166 171 172 180 182 187 188 193 194 195 196 199 201 202 203 204 207 209 222 229 
86 78 89 90 94 98 102 103 107 109 110 114 117 118 126 129 137 138 143 146 147 151 155 157 164 172 181 202 211 228 
5 1 79 82 86 87 88 92 100 104 105 107 108 113 120 121 125 136 138 139 143 144 151 152 154 155 159 160 161 162 164 166 168 170 171 173 178 181 182 185 189 194 196 197 198 199 201 205 207 209 210 214 221 224 227 228 
10 78 79 80 83 89 95 96 97 98 100 103 106 113 114 115 127 135 136 137 140 141 143 145 150 154 159 164 166 170 175 178 180 181 182 183 187 189 190 191 192 195 196 199 203 204 207 209 212 216 218 219 228 
94 80 82 86 89 92 99 111 113 115 121 138 143 146 158 164 165 166 179 197 202 207 218 222 225 
56 1 78 82 84 85 94 95 97 98 99 101 103 107 111 114 118 120 123 124 129 132 134 136 137 138 139 144 146 147 150 152 155 156 160 161 163 164 166 167 169 170 177 180 183 184 186 191 195 196 197 202 205 206 208 209 211 212 217 219 220 222 229 
95 1 78 79 80 81 86 90 91 92 94 97 98 99 102 110 114 115 122 124 129 132 133 135 144 145 149 151 154 157 159 160 162 164 167 168 169 178 182 189 193 194 197 205 207 210 211 213 214 222 223 224 227 229 230 
26 80 87 90 92 101 118 119 120 121 122 123 125 129 130 133 138 139 140 142 146 147 148 149 151 153 157 163 165 166 168 169 176 177 181 182 183 192 193 194 196 197 199 200 202 206 209 212 215 222 223 225 227 229 
30 79 88 99 100 109 118 125 132 139 152 158 159 168 190 192 196 198 201 207 209 215 218 220 223 224 226 
88 79 82 84 88 89 95 97 98 99 100 103 104 107 110 114 121 123 124 125 128 129 132 134 136 141 143 144 147 151 153 155 157 160 165 171 172 176 178 188 189 192 195 198 199 201 202 203 204 205 207 209 218 219 223 224 227 230 
76 79 82 84 87 90 91 92 96 97 99 104 108 112 113 114 122 123 128 134 137 140 144 145 146 148 155 157 159 161 163 164 165 178 183 184 188 190 193 200 205 209 210 213 215 217 219 221 223 226 227 228 
37 1 78 80 83 85 87 89 90 91 100 102 107 108 111 112 113 117 118 119 120 121 124 125 128 129 131 134 135 136 147 151 152 159 165 166 172 173 176 178 181 186 190 191 192 195 196 197 203 204 206 208 210 213 219 222 223 230 231 
39 84 87 106 107 120 200 218 228 
64 88 90 94 100 101 102 103 107 121 124 127 133 135 136 137 138 142 143 145 147 150 155 156 165 177 185 197 199 217 220 227 
54 89 96 97 101 109 121 123 127 129 131 134 136 139 152 160 167 171 177 181 186 191 194 200 214 216 221 227 229 230 
86 87 91 95 96 98 103 110 112 113 115 118 120 121 123 128 130 134 139 140 143 149 150 153 156 159 166 169 172 174 176 181 182 186 188 191 198 207 210 211 214 
37 85 91 100 102 106 107 113 116 125 128 129 130 133 137 142 149 154 161 172 175 178 181 182 196 200 202 205 208 209 213 215 219 220 222 226 228 
64 78 86 88 89 97 99 103 111 116 122 139 144 148 149 151 158 163 164 166 168 169 173 174 194 196 199 211 212 219 222 
40 1 78 82 83 91 100 105 109 110 112 114 118 126 131 137 139 142 148 149 155 159 160 161 163 165 168 170 174 175 179 181 184 188 192 197 203 207 210 212 216 218 221 222 225 227 
35 90 95 109 118 139 150 169 192 194 196 200 225 231 
74 81 83 84 86 88 89 92 94 99 101 102 104 107 110 111 112 115 116 118 119 121 124 125 128 129 132 133 136 137 138 143 151 153 154 156 157 164 165 169 170 172 175 180 184 186 187 190 191 192 193 202 208 209 212 217 218 219 220 221 224 228 231 
68 82 89 91 94 95 96 104 106 116 118 122 123 127 134 138 139 142 146 147 148 155 156 159 161 162 165 170 175 178 179 185 192 194 196 197 207 214 217 221 223 225 230 
56 93 117 124 134 145 146 156 158 163 166 167 171 176 185 188 203 211 222 
24 1 81 82 86 88 90 93 100 101 114 116 118 119 121 123 129 138 143 144 145 150 158 159 163 169 170 171 172 173 174 175 184 186 188 189 190 191 192 193 200 202 207 210 211 212 216 217 219 223 
14 86 99 120 122 123 129 130 136 143 145 147 150 158 167 182 183 190 192 198 200 202 210 225 227 229 230 
35 81 83 84 92 93 94 99 104 105 108 111 120 122 123 133 134 139 140 145 148 154 155 161 162 165 166 172 173 200 202 204 211 214 217 220 231 
62 1 84 86 93 110 113 114 115 116 120 124 130 147 150 155 158 161 177 180 182 185 186 188 204 214 215 222 223 
29 78 86 89 90 92 103 105 106 114 115 116 118 120 121 123 124 127 129 130 132 133 135 136 138 142 143 144 145 146 149 151 153 159 161 162 167 169 173 175 177 178 179 181 182 183 187 189 191 194 195 197 202 203 210 213 216 219 226 227 228 231 
94 79 84 91 95 97 98 99 101 103 104 108 114 115 119 121 122 123 126 130 132 135 136 138 140 143 149 157 161 167 168 172 174 178 182 184 186 187 189 191 193 198 199 201 202 204 206 217 218 222 224 226 228 
6 1 78 82 92 93 99 104 109 113 115 116 135 142 149 156 162 171 172 173 178 181 184 190 209 213 220 224 228 231 
58 1 83 87 97 98 102 104 109 114 125 127 131 135 138 140 141 158 159 161 164 167 169 173 175 186 188 191 192 195 198 199 200 204 208 211 212 215 218 223 226 228 230 
58 84 85 86 87 92 94 102 112 129 136 137 142 143 150 151 168 169 171 174 176 182 194 201 205 223 
40 84 85 86 87 89 90 95 99 101 102 104 106 107 110 111 115 121 122 124 135 140 143 145 148 150 156 161 166 167 175 176 177 179 183 184 185 189 192 193 195 196 197 200 201 218 219 221 225 231 
24 79 84 89 93 94 95 99 104 108 111 113 115 116 118 119 125 129 132 141 144 150 151 152 156 157 160 170 174 177 181 185 186 187 188 189 190 191 193 195 196 201 208 209 210 214 216 218 219 221 223 224 227 228 230 
64 1 82 83 84 86 87 88 89 105 108 111 117 122 132 165 173 195 197 212 216 231 
77 80 85 91 97 98 103 104 108 113 125 129 132 134 138 139 143 155 156 157 158 163 166 178 185 199 202 209 214 215 223 224 231 
87 1 79 80 82 83 87 90 95 101 109 112 113 114 116 121 122 124 127 128 140 141 142 143 144 147 150 152 157 161 166 168 170 174 178 179 189 192 193 195 202 211 213 214 216 219 220 224 228 229 230 
59 78 79 83 85 89 93 97 100 105 109 114 115 117 121 125 128 129 133 138 139 145 148 154 155 156 157 166 171 174 177 182 184 188 192 197 204 205 207 208 209 212 214 226 227 231 
76 85 96 102 108 112 114 120 124 129 156 160 184 187 196 201 204 209 220 
17 80 87 89 91 92 93 98 99 102 103 106 110 111 113 114 129 132 133 134 137 140 143 144 152 153 157 163 164 170 174 176 183 186 188 191 194 196 202 205 207 209 213 218 221 225 228 231 
21 1 78 84 89 90 93 95 98 99 100 106 108 109 111 113 115 122 125 126 128 130 131 133 134 140 143 144 146 147 149 153 162 164 165 167 170 171 174 175 176 177 178 188 196 198 199 200 202 205 209 210 212 214 216 223 227 231 
98 82 90 100 101 104 107 109 111 112 115 121 122 126 127 131 136 139 142 143 146 148 149 150 152 153 156 157 158 163 164 169 171 176 178 179 180 183 186 191 200 207 209 211 213 214 222 228 
89 78 80 84 90 92 111 124 150 152 168 170 177 182 187 193 199 205 219 228 
11 78 80 84 85 86 89 90 91 96 97 101 102 105 110 112 119 120 123 124 127 128 130 132 139 148 152 153 155 157 161 162 164 168 169 172 173 174 175 177 179 180 184 185 187 193 194 196 197 201 207 209 211 213 214 217 219 221 222 223 225 229 
44 78 87 98 100 101 102 105 111 113 115 116 117 119 120 121 126 134 148 150 155 156 163 165 172 177 179 180 183 189 191 194 204 206 207 210 213 217 220 222 226 227 230 231 
27 1 85 86 91 92 93 95 98 104 106 107 111 122 125 127 131 133 134 137 141 144 145 151 156 161 162 167 173 181 189 195 197 205 206 207 208 212 215 217 225 
61 78 80 81 83 89 94 96 97 99 103 105 108 115 117 118 119 120 122 124 125 126 128 129 130 132 133 137 138 139 141 145 148 149 153 154 160 162 165 168 170 174 175 180 183 184 190 192 193 194 198 199 201 202 204 208 217 219 221 222 225 
11 83 
66 82 84 86 93 94 99 109 112 115 120 128 132 138 139 143 145 146 152 156 163 171 172 174 185 189 192 194 201 203 204 206 207 208 213 216 220 222 225 
44 78 79 93 100 109 122 123 128 129 133 144 157 161 165 166 168 173 177 179 182 183 185 186 190 191 192 194 196 202 205 223 226 229 
86 83 84 98 99 120 123 162 207 209 212 215 
64 80 88 91 95 100 101 103 104 105 107 108 114 118 120 124 125 129 136 146 148 152 157 161 167 170 175 178 179 181 184 191 194 196 200 204 205 208 210 217 221 224 227 228 229 
29 81 151 207 
25 84 86 93 105 117 148 150 154 155 179 184 203 215 218 231 
99 79 81 88 91 92 97 98 99 103 119 122 134 143 145 157 158 175 178 180 197 199 203 216 220 224 
21 1 78 83 84 87 88 95 96 101 107 108 109 110 112 113 114 126 137 140 141 145 148 150 152 159 160 163 175 177 182 192 195 197 207 212 214 216 226 228 229 231 
76 78 82 83 87 92 93 94 97 99 100 101 103 104 107 113 115 117 120 123 125 128 129 133 136 137 138 139 141 142 144 148 150 151 154 156 159 162 163 165 166 167 168 172 173 175 176 177 179 182 183 184 188 190 192 194 197 204 206 211 213 215 218 219 228 
55 82 84 87 90 97 98 99 101 103 109 111 113 122 126 130 131 134 141 166 176 184 185 190 193 197 206 215 218 221 230 
71 1 82 86 89 95 97 102 105 107 111 122 123 125 127 132 141 167 171 172 173 174 177 180 186 187 188 192 194 214 215 221 224 225 
81 85 105 106 115 135 178 179 193 196 227 229 
25 89 92 94 95 97 102 108 111 116 123 124 125 127 129 137 138 142 145 148 151 152 155 156 159 162 166 167 168 169 176 177 178 182 183 184 186 190 196 202 203 204 205 208 209 214 215 218 219 220 221 224 226 228 229 230 
45 78 90 91 92 97 104 105 116 120 127 134 135 141 151 157 161 163 187 188 192 203 209 215 221 224 
62 1 82 84 87 88 93 96 97 98 99 103 105 107 108 109 113 116 119 120 121 123 125 127 133 138 139 140 141 142 143 144 151 155 157 158 159 161 162 166 170 172 176 177 178 180 185 189 190 191 200 203 209 214 215 220 223 224 226 227 228 231 
90 78 87 88 91 93 98 101 103 107 108 115 116 117 118 120 121 126 131 133 135 139 140 141 145 151 157 158 159 160 161 162 163 179 181 185 186 187 189 192 194 200 203 209 212 213 216 217 218 220 221 230 
51 1 78 82 86 88 90 94 97 101 102 105 111 113 114 117 120 121 122 124 125 128 132 139 144 145 151 159 161 166 170 171 174 181 186 190 192 195 197 199 200 201 206 210 215 218 220 223 225 226 231 
45 86 90 91 97 100 102 108 115 121 128 132 137 138 145 156 158 159 167 170 176 180 186 187 188 189 192 195 197 201 205 210 214 221 223 226 228 231 
70 78 82 83 84 88 90 91 96 106 108 110 113 120 125 139 140 141 142 143 147 149 158 159 160 161 162 164 182 183 184 187 188 189 197 214 218 222 225 229 
20 80 81 94 97 98 105 107 110 117 119 120 124 128 133 135 137 143 154 156 162 175 176 179 183 186 187 191 201 202 203 204 208 218 220 230 
13 1 79 89 93 96 101 103 106 121 123 145 164 165 168 171 177 188 191 193 195 211 215 222 
36 78 81 84 87 89 90 91 92 94 96 97 102 103 104 106 108 112 114 115 117 122 125 134 140 142 146 149 151 158 164 167 169 171 172 177 179 181 182 183 189 192 201 204 207 208 209 214 216 224 225 228 
8 79 92 97 101 108 111 113 120 122 123 126 128 131 132 139 142 148 149 163 166 167 169 173 174 181 182 183 188 198 203 205 208 220 222 229 230 
13 1 79 80 81 82 84 87 89 90 92 99 102 103 107 110 112 114 117 120 123 130 133 136 148 150 152 160 162 166 168 171 173 188 194 196 197 199 202 205 210 212 215 224 225 230 231 
86 82 88 89 96 97 98 99 101 105 109 116 119 125 133 141 144 146 148 150 157 162 175 184 189 199 205 206 210 212 213 216 218 227 
84 1 78 79 80 81 82 83 84 86 90 106 109 111 114 121 122 123 124 127 128 139 140 141 150 151 154 158 159 163 164 167 174 178 180 184 186 188 190 191 192 196 198 201 204 206 207 212 213 214 215 216 218 224 226 227 229 230 
29 81 82 89 93 100 101 105 106 109 112 116 118 122 132 136 138 158 164 167 168 169 171 172 175 181 197 206 218 222 226 
70 1 79 92 93 94 98 114 116 120 121 122 123 127 129 135 138 152 156 162 163 164 165 166 167 170 180 182 183 196 201 215 217 220 224 231 
19 79 90 104 107 118 126 132 141 170 184 187 189 190 191 208 213 221 231 
7 78 87 90 98 100 107 113 117 123 124 129 130 132 140 144 147 171 175 185 186 189 204 207 213 224 
4 78 82 84 87 89 94 97 102 111 115 116 117 126 127 128 130 132 139 147 148 150 153 157 161 167 169 187 190 195 196 203 220 224 226 
96 97 182 189 218 
43 79 80 85 88 89 95 96 97 98 99 106 107 110 114 115 117 122 124 125 136 137 140 143 146 148 149 150 154 156 157 158 159 161 162 164 169 175 176 178 182 184 186 187 192 196 197 201 202 203 204 205 206 209 211 216 217 223 229 230 
38 83 86 88 89 92 96 98 106 107 110 113 114 118 119 124 126 127 129 137 142 147 149 150 156 157 164 166 168 169 172 173 174 178 179 190 191 194 196 197 199 200 205 206 207 214 215 219 227 230 
74 78 81 82 85 89 91 97 102 104 105 106 110 113 114 117 119 125 126 127 130 133 134 135 142 147 152 155 158 160 161 163 170 171 176 180 182 187 189 192 197 198 200 202 204 205 206 208 210 213 216 217 220 224 228 229 
30 78 86 88 89 91 99 101 103 106 111 112 113 114 119 120 123 130 133 134 136 137 142 147 150 152 153 157 158 159 160 163 164 167 176 179 180 186 187 193 194 197 198 207 208 209 210 212 213 218 221 224 225 229 231 
23 80 91 95 96 99 105 106 112 118 119 125 130 136 140 141 143 145 146 151 153 154 160 169 190 192 196 197 204 209 212 219 224 
5 1 79 82 84 91 92 94 96 97 100 101 104 112 116 122 123 124 126 130 132 135 136 139 141 144 146 147 148 157 158 163 164 165 167 168 170 171 172 173 174 176 180 182 186 187 191 194 197 202 203 206 208 209 216 219 220 222 224 227 229 230 
31 1 85 86 87 89 95 96 99 103 107 109 110 116 120 122 125 131 139 141 146 148 149 153 154 164 166 168 169 171 177 178 179 180 181 182 184 190 191 193 209 212 217 218 219 220 222 225 229 
79 81 101 102 105 110 117 118 129 131 138 146 152 157 159 161 163 164 167 170 174 178 181 185 194 196 203 208 211 215 217 224 
1 92 97 102 105 114 132 144 155 157 166 172 174 187 197 198 199 203 206 213 218 220 224 226 231 
60 94 106 117 122 127 128 129 134 135 145 151 152 158 161 166 180 183 191 195 207 214 218 221 226 
83 78 81 86 87 92 110 111 112 117 124 129 133 134 135 136 139 142 153 159 161 165 166 170 175 176 179 180 187 191 198 202 203 204 206 208 210 211 214 215 216 223 229 
70 1 85 88 89 93 95 103 106 119 120 123 124 131 133 135 142 149 150 152 159 162 171 172 173 175 181 183 188 189 191 194 195 196 197 203 212 215 218 219 221 227 229 230 
9 79 80 85 86 90 92 93 96 98 101 108 111 118 125 131 136 139 142 144 146 148 150 151 154 156 159 161 162 166 167 171 173 174 175 177 178 181 186 188 189 190 193 195 198 200 201 203 207 209 211 221 225 229 
79 78 87 106 112 125 130 141 144 192 214 228 
51 79 81 89 94 97 101 102 104 105 106 110 114 119 121 123 126 129 138 144 148 154 155 157 160 161 164 165 171 181 185 191 193 195 197 200 201 205 207 208 212 220 221 222 226 
19 79 53 84 52 82 56 44 30 90 55 78 59 44 31 78 9 32 16 45 91 33 75 36 51 39 23 13 96 20 46 28 45 85 1 80 49 97 65 94 58 39 61 86 73 91 28 11 6 93 12 14 26 84 24 67 79 87 5 72 28 71 30 54 37 35 73 23 42 100 60 69 89 81 44 90 65 49 82 44 87 87 39 25 38 41 90 78 92 14 32 51 33 13 14 55 54 25 22 36 77 31 63 56 63 46 37 52 2 4 16 92 96 43 43 24 12 54 39 50 9 97 41 2 79 3 82 32 43 5 39 52 69 64 98 76 93 1 51 38 90 45 29 83 6 96 21 55 11 80 77 15 3 34 79 52 64 97 53 98 68 63 96 87 80 4 71 89 90 51 6 77 47 89 45 64 24 23 47 12 20 62 57 46 71 22 29 13 86 73 69 45 66 91 75 34 82 21 48 81 35 58 64 37 72 49 96 63 46 7 63 15 30 35 69 28 75 45 100 49 26 14 20 67 9 15 5 85 88 11 83 
