156 234
90 1 81 84 91 92 96 99 101 108 119 120 125 133 135 136 137 141 144 145 146 149 153 155 156 157 162 163 167 168 169 170 173 174 175 180 183 184 190 195 196 198 199 203 205 209 212 214 215 216 217 220 225 229 230 233 
39 91 93 96 102 103 104 114 115 116 117 123 124 125 127 129 132 135 136 138 141 142 144 152 153 159 173 174 180 187 188 189 190 194 196 207 211 212 216 219 222 223 227 231 232 
37 80 82 84 87 88 89 90 95 99 101 107 112 113 114 115 121 125 127 129 131 133 134 137 138 139 141 142 146 150 152 153 157 160 162 168 174 176 178 183 185 195 207 212 216 217 218 220 227 229 230 232 
68 1 80 82 83 84 86 93 101 104 106 115 116 120 121 123 127 130 131 132 135 137 139 140 151 155 164 166 167 170 171 173 178 181 190 191 192 193 194 198 199 202 204 205 209 210 212 217 219 220 221 225 230 231 232 234 
63 1 80 81 82 83 89 91 93 96 98 99 101 102 105 108 109 113 114 115 116 119 120 124 125 133 136 141 144 145 159 164 170 171 173 174 176 178 185 188 191 194 197 199 205 209 216 226 230 231 234 
41 79 80 81 82 85 87 95 97 99 101 102 104 106 110 123 124 126 127 140 143 144 146 149 151 152 153 154 157 158 161 170 172 174 180 183 188 189 194 195 197 199 200 204 205 206 210 212 213 215 217 218 222 226 228 231 233 
82 80 86 90 115 135 145 150 152 163 167 170 183 185 188 206 221 
50 1 80 89 93 98 104 106 107 109 110 119 122 127 128 133 137 148 159 160 163 165 175 180 182 188 190 197 206 208 214 216 222 225 226 227 234 
84 80 81 92 109 114 115 117 119 120 126 129 138 140 153 158 162 166 168 169 173 175 176 178 191 201 203 206 210 219 220 229 231 232 
74 86 90 98 110 117 129 166 176 218 220 229 234 
4 1 80 97 98 99 100 102 104 111 117 118 132 133 134 139 140 143 146 149 168 179 184 191 195 204 207 208 214 215 220 225 229 230 
45 81 93 94 97 103 110 136 149 150 154 163 164 167 168 175 180 186 190 197 198 200 201 202 204 213 217 218 220 
96 83 94 109 110 112 119 129 139 151 164 167 176 182 184 198 200 213 216 220 223 224 227 
7 86 166 181 204 
82 81 82 83 84 96 102 105 116 118 119 120 125 126 127 134 135 136 141 147 148 149 155 156 157 159 160 162 168 175 178 181 184 185 187 188 190 191 201 203 205 207 210 212 214 215 217 218 219 221 222 224 225 233 234 
96 80 82 84 85 86 88 94 98 102 104 106 109 112 113 116 119 120 122 123 130 131 133 137 138 142 146 152 159 167 168 171 174 182 188 194 198 209 210 211 222 226 227 231 234 
77 1 79 80 88 92 97 98 100 101 103 104 105 106 107 109 110 112 117 118 122 123 126 130 131 135 137 142 154 155 156 164 165 166 168 173 175 179 184 185 187 188 189 193 195 197 199 201 206 207 209 218 224 225 226 227 228 229 232 234 
27 94 95 105 110 126 136 139 147 161 162 188 190 202 203 212 217 219 225 230 
34 79 80 82 87 88 89 96 104 105 109 111 113 114 115 118 125 132 134 138 139 146 152 153 155 159 161 166 167 168 172 176 181 184 185 193 197 198 201 202 205 207 209 213 215 223 230 231 232 
14 80 81 84 89 96 102 137 154 160 163 181 191 199 208 220 221 227 231 
34 90 100 112 113 114 116 124 128 129 132 138 140 147 164 168 173 180 190 198 201 202 209 214 215 221 
11 1 80 81 82 84 85 98 101 102 103 104 109 116 117 119 121 125 127 132 135 136 139 140 141 142 143 146 148 151 152 154 155 156 157 166 169 177 178 180 184 185 189 190 193 194 195 199 200 201 203 207 210 215 216 217 218 221 222 224 231 233 
25 80 84 85 88 89 91 92 95 98 102 103 105 107 111 117 120 123 125 128 129 130 136 139 150 154 158 159 160 161 162 163 164 168 174 177 180 184 186 187 189 191 192 194 196 206 209 210 213 216 221 223 225 232 233 
87 80 82 89 95 96 98 102 108 109 114 116 124 125 128 130 131 132 134 137 142 143 144 146 147 153 165 170 172 176 177 180 183 186 187 188 191 192 196 197 203 206 208 209 210 211 212 214 215 216 217 218 220 224 227 228 229 234 
10 80 81 90 91 93 97 99 102 103 104 105 120 121 122 123 128 131 132 133 136 137 140 141 148 149 157 159 163 169 170 172 176 177 180 181 182 183 187 189 190 194 195 201 202 203 205 207 208 209 216 217 224 225 227 231 234 
91 85 96 120 135 138 159 183 197 198 201 207 211 216 219 231 
83 79 80 82 84 86 96 97 99 102 108 111 112 113 117 118 121 126 131 132 133 134 142 143 144 145 148 153 159 164 165 166 170 172 173 175 179 182 185 187 188 189 190 194 196 200 203 206 208 216 221 226 229 233 234 
23 79 83 84 92 97 98 100 101 103 104 106 107 108 113 118 121 128 136 146 149 155 163 171 174 176 181 182 183 184 186 188 189 191 199 201 207 210 211 217 219 220 221 224 228 229 232 233 
61 84 86 89 91 94 96 105 118 121 130 134 139 147 162 172 173 186 191 192 203 225 234 
4 80 81 82 87 94 96 103 112 113 117 119 120 121 124 131 132 137 138 146 157 159 165 169 181 182 184 192 194 196 200 215 216 220 221 222 223 228 229 231 
71 1 84 93 94 96 98 103 107 117 118 121 122 128 135 143 145 147 166 172 174 182 184 185 188 192 193 204 208 211 221 225 228 233 
89 85 88 89 90 93 94 95 96 97 98 99 101 106 107 109 112 117 118 123 124 127 129 131 134 136 138 146 152 153 156 157 164 165 167 169 173 175 177 178 180 185 189 190 194 196 197 206 208 211 214 216 217 219 221 228 230 233 234 
14 92 93 95 135 171 176 177 207 222 
52 92 95 97 98 101 109 122 127 129 132 138 145 149 175 179 180 181 182 188 189 192 198 207 220 
23 80 82 85 86 87 88 89 90 93 96 97 98 104 106 109 117 118 121 122 123 124 131 132 133 135 140 142 143 146 148 153 157 167 168 170 173 175 176 180 181 187 189 192 193 195 196 197 198 202 208 210 213 215 217 220 222 223 227 229 230 232 
11 1 80 81 84 92 97 98 100 103 112 116 117 120 127 140 142 146 150 158 161 180 193 196 197 203 206 207 209 215 221 223 231 
99 1 79 80 81 84 85 86 91 94 96 97 103 105 106 108 112 113 117 123 124 127 128 129 130 132 135 138 139 140 147 148 154 156 157 161 162 165 166 169 170 174 175 179 180 186 190 191 193 194 196 202 204 208 210 212 216 218 220 221 223 225 230 231 233 
47 1 79 81 82 87 88 90 91 100 103 104 116 118 124 125 127 129 130 139 141 146 147 153 154 155 156 157 159 164 165 168 170 173 179 180 183 184 186 188 190 194 197 199 207 209 212 215 218 220 225 233 234 
38 1 105 108 128 143 146 152 155 163 175 205 214 229 233 
93 80 95 103 120 130 134 136 140 142 154 173 178 191 196 202 204 214 217 219 220 233 
39 79 91 94 126 129 164 191 
66 80 81 83 86 95 97 122 123 125 127 129 136 138 139 142 147 148 150 157 160 172 180 184 188 195 196 204 207 211 215 220 221 227 229 
76 81 82 86 87 88 92 99 102 104 108 109 110 112 119 120 125 126 127 128 133 134 137 139 140 141 142 143 145 148 150 157 163 164 167 169 172 178 181 182 183 184 185 187 189 191 196 210 211 213 221 226 227 228 
72 82 86 89 93 103 108 113 115 121 123 127 128 151 154 157 165 175 176 187 190 191 192 193 200 205 212 216 220 221 224 230 234 
99 81 82 83 86 92 96 97 104 106 110 113 116 117 118 121 123 125 129 131 132 134 135 141 142 144 145 149 150 151 153 155 156 158 159 160 168 171 177 178 182 192 194 195 198 199 200 201 205 207 209 210 213 215 217 219 222 225 226 228 229 
81 80 84 85 87 88 89 91 94 95 97 101 102 104 105 107 111 112 116 120 121 126 130 142 149 150 154 155 156 157 163 166 167 171 175 179 180 183 185 187 188 190 191 194 195 198 199 203 204 205 207 208 212 213 216 218 221 222 230 231 
84 82 89 94 97 98 99 100 106 109 110 115 117 122 124 131 133 134 142 146 149 152 155 159 160 161 166 169 173 176 184 196 199 207 211 215 218 223 224 225 229 231 234 
51 196 200 
30 81 82 87 89 91 94 95 96 107 119 122 136 138 140 144 147 148 149 150 153 155 160 165 167 176 181 182 189 190 192 200 201 203 204 207 208 233 
58 1 79 84 85 86 87 88 90 91 93 96 98 102 103 107 111 112 118 122 124 128 129 130 131 134 136 141 143 145 146 150 155 156 158 160 161 162 165 168 169 171 174 183 184 187 191 194 195 197 198 199 205 207 208 210 211 214 215 220 221 223 229 230 233 
36 99 111 115 125 129 148 158 161 163 176 180 181 188 193 207 212 229 
31 1 109 125 132 133 141 148 178 192 201 202 224 226 
94 79 81 84 85 92 95 96 98 104 108 114 119 121 124 139 142 145 155 156 157 160 165 173 190 192 196 207 213 220 221 222 233 
62 82 83 84 85 91 93 98 99 100 101 102 103 107 109 111 112 123 124 126 131 132 134 136 137 138 149 151 152 158 159 161 164 173 174 175 178 181 182 185 191 192 199 205 209 212 215 217 218 219 220 223 229 230 233 
52 104 108 112 120 132 163 176 214 
39 96 98 100 133 165 172 183 202 219 228 
65 95 100 103 126 129 136 155 160 163 171 178 189 193 198 199 201 218 231 
53 79 81 82 83 87 92 94 95 96 97 98 101 105 106 108 110 112 113 116 118 121 122 127 129 135 139 140 141 149 152 156 157 161 162 168 169 184 185 186 187 197 207 211 212 213 215 219 220 222 224 226 227 228 229 230 233 234 
36 1 84 85 90 97 98 99 102 107 110 112 114 115 121 122 123 125 127 134 136 139 145 148 150 151 153 156 157 158 159 160 161 162 164 165 168 169 171 173 174 179 180 189 191 193 195 197 198 199 201 202 203 205 206 211 213 214 215 216 222 225 228 
18 80 89 94 99 106 107 122 129 131 133 135 136 144 148 150 155 158 159 168 173 183 184 185 186 188 189 190 195 201 213 214 220 221 226 230 231 
62 79 83 94 101 105 109 111 121 125 128 130 131 133 135 137 139 142 146 156 163 165 169 176 177 179 180 182 183 184 186 197 199 200 201 206 209 210 211 212 214 218 219 223 228 232 
78 82 98 107 115 122 126 131 146 153 161 164 165 168 178 181 182 185 187 188 190 192 194 197 203 205 207 210 217 220 226 
50 79 84 85 87 88 89 91 94 98 100 102 103 104 109 110 113 114 115 118 120 123 124 125 128 134 135 138 140 141 142 149 151 153 154 155 157 158 160 163 171 176 177 180 184 185 186 187 189 200 201 204 205 207 208 209 211 213 214 216 219 222 223 224 227 232 234 
52 83 84 86 88 90 91 93 98 100 101 103 107 108 110 111 121 126 133 135 144 149 159 161 162 167 168 170 174 175 176 177 178 179 181 182 183 191 192 193 196 199 200 201 204 207 208 209 213 217 220 223 226 231 233 
77 83 103 106 116 117 128 163 164 167 196 208 214 218 
19 1 80 84 85 90 93 97 99 101 102 103 104 105 106 108 114 115 123 129 130 133 134 135 137 139 140 144 145 147 149 151 152 153 156 157 158 161 162 163 167 172 175 177 178 184 185 190 192 202 204 207 216 218 219 225 226 230 232 234 
37 80 82 85 87 90 92 94 95 97 100 102 106 107 111 113 114 115 116 117 118 119 124 126 128 131 132 133 136 138 141 147 149 151 160 162 163 166 170 177 178 181 186 188 190 198 203 204 206 212 215 218 224 226 232 
85 106 110 137 139 161 162 164 200 231 
20 80 83 92 94 95 97 99 104 110 111 113 115 120 123 124 127 128 129 134 135 136 139 147 148 154 156 159 160 162 163 166 168 170 172 173 175 181 183 185 186 187 189 194 196 199 200 204 205 210 212 215 218 219 221 223 225 226 231 
13 99 107 114 115 119 129 155 161 178 187 208 219 
88 87 98 120 123 124 127 129 133 137 150 151 156 170 182 196 200 201 213 228 234 
40 1 85 96 97 101 104 108 109 117 118 122 124 128 130 139 141 142 150 157 160 163 164 168 178 181 195 201 209 212 216 224 227 
61 83 88 90 98 101 102 111 112 121 122 124 126 131 140 147 155 160 161 165 168 170 171 174 176 177 181 183 184 185 192 193 194 196 212 216 217 226 227 231 
10 1 83 85 89 93 94 101 107 108 114 115 118 121 122 125 131 134 135 138 143 146 149 160 164 165 168 171 173 176 178 181 183 184 187 190 195 199 200 202 206 208 209 220 222 226 227 231 234 
62 99 133 137 154 172 176 203 205 208 210 211 227 228 230 231 
41 82 83 85 93 98 102 105 112 122 131 135 137 143 144 145 146 147 151 155 162 164 171 206 208 219 222 223 227 234 
66 80 81 82 88 95 96 97 101 107 111 114 115 119 124 125 126 127 129 131 133 138 140 141 149 154 160 163 165 169 170 175 176 177 180 182 185 187 194 196 197 206 208 210 224 230 233 
11 1 82 87 88 89 94 95 98 101 107 108 110 114 116 118 124 131 136 140 142 143 146 150 156 173 175 178 185 187 190 192 200 201 204 206 210 218 219 222 225 229 231 233 234 
96 1 86 87 92 95 108 114 119 121 124 127 130 134 138 145 149 158 161 169 171 178 182 183 189 200 222 224 229 231 
28 1 86 88 93 94 98 100 104 105 109 110 112 114 116 121 122 123 126 127 129 132 133 134 135 144 148 154 156 161 164 167 169 170 172 175 177 178 180 181 183 184 189 192 194 196 207 211 212 213 214 216 217 218 219 223 
34 1 80 81 94 97 99 101 104 107 108 109 112 114 115 116 121 122 124 126 127 133 135 136 138 141 142 150 151 153 154 157 158 159 165 166 171 174 181 185 188 190 193 194 198 199 204 205 207 211 212 213 215 216 218 220 222 225 232 
98 87 88 96 97 100 103 104 112 114 117 118 124 127 129 135 147 148 150 151 155 156 157 158 160 163 171 186 189 203 206 224 228 
61 107 127 146 186 
17 84 91 98 106 107 108 124 128 133 137 140 142 147 150 153 173 190 194 197 204 207 212 224 227 234 
73 84 85 88 89 90 91 100 108 112 115 118 121 122 124 131 132 147 155 157 159 163 165 171 174 175 180 186 190 199 202 208 210 212 217 224 231 234 
44 80 85 92 102 104 105 106 116 119 130 133 142 143 149 162 163 168 172 176 179 184 186 193 196 204 212 216 221 224 225 
82 1 79 80 81 85 86 87 88 90 91 97 99 102 103 108 112 114 116 119 121 122 125 126 127 136 140 141 144 150 161 162 165 169 170 173 175 176 177 180 182 184 186 192 193 202 203 205 207 208 212 213 215 216 218 225 226 232 
6 83 84 95 97 105 115 129 135 143 147 149 154 158 165 166 167 179 180 182 183 187 189 190 195 212 234 
69 1 89 94 100 105 109 112 114 115 117 119 127 131 135 138 148 162 177 179 193 194 208 213 226 228 230 
86 103 173 184 221 
60 88 100 103 113 120 121 126 130 131 132 142 148 150 152 153 155 160 168 172 183 187 195 201 202 207 208 216 217 219 220 226 229 232 233 234 
33 82 90 104 105 111 115 117 121 122 123 126 129 132 138 141 145 152 161 162 165 168 170 175 177 179 185 198 202 206 207 213 222 226 227 228 231 232 
25 79 102 103 114 116 117 118 119 125 126 128 132 134 137 138 141 146 157 161 162 167 168 169 170 172 173 177 179 185 187 192 196 200 203 208 209 215 218 219 220 221 222 227 229 230 233 
95 81 83 85 86 91 92 93 98 104 107 109 114 117 122 125 126 137 142 156 159 163 164 168 170 171 175 181 188 194 198 205 206 207 212 220 223 225 226 230 231 
10 83 90 101 122 126 127 131 134 136 142 197 213 216 220 222 223 
96 1 82 83 84 87 88 90 96 98 101 103 104 106 109 113 117 121 125 130 145 148 151 155 161 162 166 167 170 173 178 182 187 189 190 191 192 194 208 212 213 214 218 219 220 222 225 
31 1 85 86 91 93 94 96 98 103 106 107 111 117 118 119 122 125 127 128 129 130 134 136 144 146 153 157 158 161 162 165 177 178 181 182 190 200 202 204 206 209 210 211 212 216 220 222 223 225 229 230 231 232 
59 84 88 89 94 95 97 101 105 106 112 113 119 120 126 128 140 145 149 151 157 162 163 164 172 173 174 175 179 187 189 190 195 196 197 199 203 210 212 214 215 217 218 220 226 234 
75 82 83 84 90 96 98 102 104 107 114 115 119 120 121 123 124 128 133 134 135 146 148 153 155 157 158 161 164 167 171 172 173 178 179 180 181 182 183 185 186 195 200 205 209 214 217 222 225 232 233 234 
99 80 83 85 88 91 98 102 103 105 109 121 123 124 133 140 143 148 152 153 160 161 163 166 167 171 174 175 176 181 182 187 189 190 193 194 195 196 202 206 209 210 213 214 215 216 221 223 224 226 227 230 232 
55 83 84 88 106 107 111 114 115 117 119 122 129 131 137 139 140 144 148 155 157 164 166 168 178 189 190 205 209 219 220 221 224 226 229 
58 1 83 85 86 95 96 106 109 112 114 116 117 124 145 149 154 158 166 169 171 173 176 181 186 191 193 195 203 207 208 215 220 224 226 229 233 
29 82 85 88 90 98 100 106 107 108 113 117 120 128 137 143 145 150 155 157 166 168 169 179 184 186 197 202 211 215 219 221 224 225 
37 82 89 92 96 98 99 102 105 106 108 113 122 125 130 131 140 141 142 145 146 149 154 158 173 177 178 184 188 190 191 193 197 198 200 204 206 211 223 226 229 
66 79 80 81 96 103 115 118 139 141 160 163 173 175 176 191 205 223 228 230 232 234 
82 79 83 94 110 113 125 126 132 137 144 153 155 156 175 195 198 201 204 205 209 210 213 215 217 225 230 231 234 
26 83 94 95 97 108 110 115 118 122 134 142 151 152 156 158 160 170 175 188 191 200 201 207 208 209 212 219 
61 80 86 92 93 95 97 102 114 117 118 119 121 122 125 131 139 141 144 147 153 154 156 158 160 164 165 167 168 171 181 182 185 186 194 199 206 209 211 214 216 218 223 226 228 232 233 
96 81 83 96 99 102 103 107 108 110 116 125 129 137 140 144 145 154 155 157 159 165 166 169 173 174 175 185 198 199 200 206 209 212 213 218 224 231 233 
39 79 90 91 92 93 97 99 105 112 124 128 129 131 132 133 135 137 140 141 145 158 160 161 172 174 179 183 185 186 187 189 190 193 196 199 201 202 205 206 207 208 209 211 212 217 221 222 226 230 231 
83 188 198 
87 85 95 97 100 112 121 123 128 139 143 153 160 167 176 187 204 221 
74 82 84 85 86 89 90 91 94 96 97 100 101 102 104 105 107 108 110 115 120 121 125 126 127 129 131 133 134 137 142 151 154 157 158 159 162 165 167 169 171 173 178 184 185 188 189 193 199 203 204 206 207 210 213 216 218 222 223 224 225 230 233 
37 90 94 97 111 112 113 116 119 122 127 131 134 135 138 150 151 159 160 168 183 184 200 201 208 216 218 223 229 
35 107 113 118 126 146 148 154 159 175 176 184 191 213 214 221 224 227 
28 84 87 101 112 114 120 124 125 128 132 146 148 158 160 163 164 167 180 182 183 188 191 193 194 198 201 213 214 220 223 224 231 233 
70 86 92 99 105 115 116 125 138 162 163 175 178 183 185 189 204 
99 80 81 83 87 91 96 103 104 107 108 109 112 114 118 123 124 125 126 145 152 154 157 158 160 168 170 172 180 181 184 185 187 189 196 198 200 205 208 209 211 215 218 223 228 230 231 
36 85 86 91 92 93 95 99 104 108 109 110 113 117 118 120 125 126 127 130 133 134 138 140 142 144 145 146 149 150 151 152 156 157 159 160 165 167 169 170 171 178 182 187 189 195 201 204 207 215 216 218 223 224 228 231 
69 1 79 80 85 86 89 94 97 103 104 105 106 109 112 113 116 119 121 127 129 130 132 133 134 135 142 144 147 153 161 163 164 166 170 173 181 183 185 188 190 196 198 200 201 202 205 206 209 213 215 218 224 225 226 228 234 
14 88 89 97 98 106 109 119 129 153 159 161 163 168 190 196 212 
52 92 102 104 109 118 119 127 134 138 143 147 175 178 182 188 201 203 210 217 227 228 
10 86 87 88 90 93 108 110 116 118 124 126 129 133 134 136 154 155 156 158 164 165 166 167 168 181 196 199 204 205 210 219 222 223 224 228 230 233 234 
100 84 87 96 99 105 112 116 129 135 142 146 160 165 177 190 192 194 195 199 209 215 217 220 224 
98 83 85 86 87 89 106 117 121 125 127 135 139 151 153 155 160 161 169 173 174 178 206 211 214 230 234 
68 81 83 86 87 93 96 104 109 112 115 117 124 127 129 130 135 136 140 157 161 163 164 165 172 175 179 180 190 194 202 204 210 215 216 221 222 
81 79 81 82 83 84 89 90 96 103 105 107 113 116 119 123 142 152 153 157 160 172 179 180 185 187 188 189 195 197 207 209 211 214 219 220 230 233 
68 83 84 93 99 100 137 142 168 172 180 197 205 221 224 232 
1 84 89 105 108 111 125 127 129 137 141 152 164 178 180 225 226 
48 82 85 88 89 97 107 108 112 114 115 118 136 139 148 150 155 162 165 166 167 169 170 175 178 179 182 196 200 201 202 203 208 210 211 220 221 225 
77 82 84 95 105 114 122 128 132 133 134 136 137 139 140 142 143 145 147 152 153 161 162 163 165 169 171 173 174 176 183 188 195 198 211 217 222 225 228 230 232 
99 91 108 130 131 145 152 183 184 199 202 205 213 221 228 234 
72 83 85 105 120 124 125 131 132 137 138 143 149 174 177 179 181 185 188 202 209 216 217 226 
74 98 110 141 157 161 164 188 190 196 209 218 232 
21 99 108 109 121 126 129 161 179 183 190 193 204 
93 80 81 82 83 85 87 88 94 97 101 102 104 107 109 111 112 113 115 125 127 133 135 136 137 138 140 146 150 151 152 155 158 159 160 161 162 164 166 167 170 175 177 180 182 189 190 194 200 204 205 208 213 215 218 222 228 233 234 
45 85 90 91 97 98 99 103 105 109 112 113 119 132 139 144 148 150 158 160 162 164 167 171 180 183 188 192 194 210 218 219 221 225 
29 85 87 92 96 97 100 109 112 113 114 117 118 122 123 126 128 136 137 138 142 144 147 153 154 158 161 163 173 175 181 183 186 187 190 191 196 197 199 202 204 207 209 210 214 219 220 223 228 229 233 
8 79 82 85 87 88 89 90 91 92 94 97 98 103 104 107 109 115 118 122 125 127 136 139 148 150 153 155 161 162 164 166 168 173 176 178 180 183 184 185 188 194 198 202 206 210 211 213 215 216 219 221 225 227 228 230 231 232 
23 85 99 162 221 
29 79 81 82 91 94 98 102 103 109 111 113 115 121 122 126 131 133 136 139 141 145 146 148 159 161 165 169 171 174 175 184 187 196 208 214 215 216 218 219 222 226 231 
55 82 83 93 98 101 106 113 115 120 122 140 143 145 154 162 164 178 180 186 190 195 203 207 209 217 222 223 225 227 233 
64 87 90 96 100 105 113 121 125 134 137 143 147 164 165 170 171 172 182 184 185 186 187 190 191 193 195 198 200 203 217 224 225 227 230 233 
42 89 93 94 114 117 124 128 134 166 232 
8 80 91 92 98 104 105 111 116 119 121 123 126 129 132 148 151 153 154 166 170 193 197 199 202 206 207 211 216 218 219 
46 85 97 104 105 111 113 116 125 126 127 130 137 143 167 168 170 172 173 185 186 187 211 213 217 219 223 224 
39 1 81 88 94 106 108 117 120 127 128 140 148 152 162 165 166 174 196 200 205 207 224 225 227 229 
65 80 81 84 91 97 104 117 120 121 124 129 130 131 133 135 136 137 142 146 147 148 149 150 152 154 155 156 159 160 163 165 166 169 171 172 176 181 184 188 189 191 194 198 201 210 211 212 216 219 220 222 225 229 230 234 
48 79 81 84 85 95 96 97 102 111 112 116 119 122 127 128 135 138 144 147 151 154 159 160 166 181 185 190 192 200 204 205 214 215 216 217 220 224 225 226 
77 85 87 88 89 90 92 94 100 104 105 107 110 113 115 116 129 131 133 135 136 137 138 144 145 152 153 155 160 161 163 164 166 167 168 171 175 177 181 184 187 192 197 198 199 202 203 204 205 208 209 211 214 215 218 219 221 222 231 234 
17 84 86 93 97 98 103 104 105 108 109 111 114 116 117 120 121 122 125 128 129 132 133 138 143 146 150 152 154 156 157 162 165 168 169 174 179 181 184 187 189 192 196 197 201 204 207 209 210 211 212 213 216 218 220 224 226 231 234 
32 1 88 89 93 95 96 97 98 102 111 113 114 120 123 127 128 132 133 134 135 138 140 141 147 149 151 152 158 168 170 172 174 177 179 188 191 194 196 201 205 209 211 212 216 217 222 223 224 227 228 231 233 
99 1 81 86 96 104 111 113 114 116 118 122 123 131 142 152 153 157 176 184 187 189 193 197 198 201 207 213 214 218 220 221 222 223 224 
89 95 100 108 112 113 116 123 126 129 131 140 143 145 150 153 158 167 179 184 187 189 195 199 208 213 229 233 
72 1 83 86 94 101 102 107 115 119 121 122 127 128 132 133 134 135 136 138 141 145 146 150 160 162 175 180 185 190 196 200 201 222 234 
89 83 92 95 99 123 124 132 133 134 142 146 154 159 162 163 170 172 174 200 207 215 221 225 229 232 233 234 
52 26 5 41 11 95 55 72 32 25 64 98 70 75 70 59 73 31 92 62 18 70 94 12 58 58 19 90 50 81 68 90 46 48 63 70 99 66 88 91 79 100 57 7 32 66 37 64 40 52 34 77 3 38 81 94 30 58 97 4 49 32 64 49 59 57 91 76 70 40 43 98 95 51 59 94 37 21 42 74 9 39 30 8 72 59 26 44 24 87 71 72 66 71 64 23 20 39 68 60 73 34 6 40 28 8 95 54 6 63 86 39 88 10 52 73 61 88 28 89 58 98 11 67 23 68 54 18 98 9 51 22 84 99 19 31 19 77 91 48 94 74 47 74 71 11 79 13 19 78 74 51 73 13 54 37 42 46 16 44 30 34 11 35 7 73 72 84 50 70 61 74 36 61 72 15 25 14 56 24 42 87 79 41 53 79 39 9 67 49 57 13 44 36 37 64 16 56 85 99 23 81 53 22 45 28 35 80 46 77 70 83 34 52 44 97 5 55 95 65 13 52 97 51 88 1 43 87 51 70 38 82 84 31 
