158 237
43 81 100 104 107 123 126 164 174 188 215 
74 1 82 85 86 88 89 98 106 113 116 117 118 120 124 127 128 130 131 134 137 138 144 152 157 169 177 181 186 190 193 196 202 204 209 213 215 216 225 233 234 235 237 
59 87 90 98 102 103 104 108 110 115 120 121 122 125 163 177 178 180 217 232 
11 87 96 108 118 133 138 140 147 149 161 167 177 188 203 214 220 
90 86 88 89 93 94 95 96 97 98 99 100 107 111 112 113 120 123 129 131 136 137 138 140 148 151 153 159 166 169 171 174 177 179 182 184 185 186 188 190 191 193 199 200 205 206 207 208 209 211 213 215 219 222 224 226 229 233 234 
30 1 87 89 97 100 107 108 114 115 118 128 136 137 144 145 150 151 152 156 157 159 161 163 164 168 170 175 181 188 192 199 200 202 209 217 219 223 233 237 
17 120 135 136 151 171 230 231 
51 103 105 127 129 137 138 155 168 175 176 179 183 189 201 222 227 234 
99 120 121 151 152 157 
77 132 150 160 182 187 191 193 205 215 224 229 
39 81 99 110 112 135 169 184 186 194 230 
87 80 86 87 88 89 97 102 104 105 119 126 132 134 139 142 147 148 160 162 163 166 168 170 178 183 195 199 209 221 225 231 236 237 
7 82 87 93 94 95 101 108 109 114 124 127 134 139 140 142 153 156 157 159 160 172 176 177 180 182 185 186 187 188 192 195 199 200 202 204 207 212 217 218 225 227 229 230 
69 83 87 95 100 122 129 136 149 173 205 217 231 234 237 
5 1 81 82 87 91 92 94 95 96 99 100 102 107 108 113 115 117 130 138 140 141 143 144 145 148 150 152 153 158 160 161 163 166 167 169 171 174 176 179 180 181 183 184 185 186 190 192 195 196 197 199 200 201 206 209 210 214 220 223 227 229 230 236 
59 80 82 87 88 94 96 102 114 115 117 118 121 125 128 131 138 149 153 156 157 161 162 163 174 177 178 182 183 190 191 192 197 211 219 221 227 228 232 237 
6 80 81 85 87 88 89 91 94 98 102 108 109 114 117 124 125 130 132 135 144 145 148 151 157 159 162 163 165 168 176 184 187 190 192 195 204 206 210 215 218 227 228 232 233 236 
48 80 83 86 89 92 93 96 97 113 114 119 120 121 125 126 127 129 130 133 135 140 141 143 148 155 156 161 163 164 168 178 179 180 181 182 183 184 188 192 194 195 197 199 200 201 203 204 213 214 216 218 220 222 223 224 226 227 228 229 237 
98 87 98 102 115 116 119 127 131 137 138 150 163 169 176 179 181 205 216 224 232 235 237 
29 81 84 86 92 93 95 96 97 100 102 104 110 114 122 133 140 143 145 147 149 150 152 157 163 165 171 172 173 177 179 182 186 190 192 197 201 202 211 212 216 218 219 220 223 225 234 235 
49 1 80 81 82 84 85 88 89 92 94 95 99 103 105 106 108 110 117 124 125 127 131 134 135 137 138 141 142 144 146 148 152 153 159 163 164 165 168 170 173 176 180 184 191 194 196 198 199 201 203 204 205 206 211 214 216 219 223 225 230 231 234 236 
51 1 80 81 84 86 90 96 99 107 111 116 121 126 127 128 131 140 146 148 149 153 154 157 162 163 165 173 175 176 180 185 186 191 197 198 202 203 207 212 213 215 217 219 222 226 228 234 235 
88 80 84 91 99 101 108 110 113 117 123 125 126 127 129 130 131 132 133 137 140 143 144 145 147 148 152 162 165 166 169 171 175 176 183 185 186 189 192 193 197 200 201 215 220 221 223 226 227 231 
90 90 102 106 109 112 120 125 128 129 130 140 144 148 152 153 156 158 166 168 169 177 178 182 193 194 198 204 205 206 207 208 209 210 215 217 218 219 232 233 235 
55 90 92 94 103 110 113 115 118 119 122 124 134 139 143 147 158 164 165 178 194 202 203 221 
56 81 95 96 102 103 113 115 117 131 143 160 162 164 172 186 210 212 221 222 226 229 230 232 235 237 
44 97 98 100 103 115 124 125 131 147 152 154 163 165 168 172 176 181 183 188 190 192 206 215 219 231 
51 1 98 102 104 108 136 150 161 167 173 190 203 206 210 211 212 230 
50 80 91 94 100 106 108 109 117 129 131 137 143 152 155 159 168 169 173 179 191 199 200 230 
56 89 94 111 154 156 181 212 215 
56 82 94 98 103 106 114 125 130 132 134 136 147 154 160 170 179 221 223 
47 105 
80 117 123 206 
3 91 96 101 105 106 142 143 155 168 172 177 187 197 205 219 225 226 229 
97 85 90 91 106 114 149 156 159 161 170 177 182 213 
60 1 84 87 90 91 94 97 100 104 111 112 114 115 117 118 119 122 124 127 128 130 133 137 138 139 140 141 142 143 145 148 152 153 161 163 169 172 174 177 178 182 187 189 190 191 194 197 198 204 208 212 213 215 218 219 220 227 228 229 230 232 233 235 237 
59 81 87 110 115 119 125 142 204 236 
97 83 84 86 88 90 92 93 94 96 97 102 104 105 108 111 112 115 118 125 129 132 134 141 142 147 148 151 154 155 164 167 168 170 175 181 192 196 201 213 225 227 230 233 236 
71 82 89 96 106 107 118 119 121 123 124 126 127 128 146 148 150 151 154 156 157 163 175 176 195 201 202 212 214 229 232 
16 81 82 83 89 90 96 99 100 108 114 115 118 121 125 130 132 133 135 139 144 147 150 152 153 155 160 162 163 167 168 173 174 175 177 178 179 181 185 192 196 198 203 205 206 215 216 223 224 228 229 230 235 
78 82 84 87 91 92 95 122 123 125 135 138 141 144 151 152 155 159 160 167 168 170 171 172 173 174 175 179 186 190 195 203 205 206 218 230 
39 80 82 85 87 94 95 96 108 121 129 145 146 154 159 160 162 165 166 167 172 188 203 206 207 218 228 230 232 233 236 
74 1 80 82 85 88 90 92 93 94 96 99 100 101 102 107 109 114 115 117 122 126 130 132 140 143 145 152 154 155 156 157 159 167 175 179 180 188 189 191 192 194 203 205 206 208 215 216 218 221 223 225 228 230 236 237 
23 80 81 85 88 90 92 97 102 103 110 112 114 117 122 124 126 130 132 139 142 145 146 147 150 157 158 160 161 162 165 167 172 173 176 177 178 179 180 181 186 187 189 192 198 201 204 205 209 211 214 215 218 219 220 227 228 231 232 236 237 
2 1 80 82 95 106 110 111 113 117 119 125 128 132 137 140 141 147 149 150 151 153 157 160 165 171 172 182 191 194 203 205 207 211 220 225 232 237 
20 86 92 94 95 97 98 100 101 102 104 107 113 115 116 120 123 125 127 136 143 148 149 153 157 159 160 161 163 164 166 169 177 179 180 189 194 195 196 197 198 203 204 211 212 213 214 218 226 233 235 
93 80 88 89 90 93 95 96 101 107 110 112 116 118 120 124 129 133 140 141 143 144 145 148 149 150 154 155 159 172 175 176 178 179 191 194 199 206 212 218 224 233 236 
61 81 84 85 86 87 90 92 93 98 100 105 115 116 119 123 130 133 134 146 147 148 150 154 155 157 158 161 166 167 170 180 181 186 191 192 195 196 197 199 205 217 219 227 230 
4 1 82 83 86 87 95 97 104 110 111 112 117 120 121 128 132 139 151 152 155 156 159 166 167 168 170 172 173 176 179 184 185 188 189 190 195 196 197 201 206 208 210 211 212 219 223 224 226 232 234 236 
19 84 106 111 116 120 131 141 142 152 156 174 189 191 196 205 207 212 220 224 228 231 232 
94 1 97 105 106 111 151 164 178 180 230 
40 1 80 82 85 90 92 95 97 99 101 103 104 105 110 117 119 124 125 127 132 135 137 139 142 145 149 151 157 159 162 166 167 169 171 172 174 176 177 178 188 193 199 200 204 207 210 212 216 224 227 228 229 230 233 234 
44 1 89 90 91 94 95 96 107 116 117 125 126 137 154 160 169 170 173 174 176 178 179 180 182 183 185 186 206 209 214 215 217 219 224 227 230 237 
69 80 84 87 88 89 93 94 100 107 108 111 114 115 117 118 126 129 130 131 133 137 139 141 143 144 146 147 158 159 161 165 167 173 174 175 183 187 189 190 192 194 195 196 203 206 207 210 214 220 225 226 228 230 237 
89 84 85 87 88 89 97 100 106 107 108 110 115 117 127 130 138 139 142 143 146 147 157 160 163 164 166 167 169 170 173 177 180 182 184 187 190 192 193 195 196 201 203 206 211 214 218 224 227 228 231 233 236 
49 82 88 92 96 101 113 114 122 132 133 134 137 138 143 145 159 180 181 188 191 212 221 237 
70 86 89 90 99 100 107 109 118 134 136 153 155 164 167 181 182 183 184 185 187 190 197 199 200 206 208 210 214 218 219 223 226 227 229 230 231 
65 82 86 93 108 114 124 132 135 136 144 155 156 180 193 208 210 219 
41 81 83 85 89 90 96 98 102 111 113 121 122 124 126 139 144 145 150 151 156 158 159 177 179 180 181 183 188 190 191 199 206 214 216 221 222 225 235 237 
81 1 82 83 87 93 94 96 97 98 101 104 110 112 117 119 120 122 127 129 130 132 134 135 137 138 140 141 143 147 148 149 150 157 160 161 166 168 169 176 178 179 183 186 187 190 192 193 195 199 200 204 205 206 220 224 225 230 232 233 236 
66 81 83 89 93 95 100 105 106 110 119 121 126 130 134 136 139 142 146 150 151 152 154 169 182 184 190 194 198 202 203 204 213 218 220 230 233 237 
95 80 89 92 93 94 105 106 109 121 128 147 155 158 163 181 197 204 212 215 228 231 
60 113 134 160 183 191 229 
27 97 98 103 112 118 127 143 149 162 166 175 181 185 195 196 197 222 225 232 
85 1 90 92 93 97 98 103 106 111 113 114 116 117 118 121 125 126 129 134 137 146 155 156 159 166 170 174 178 179 183 184 186 189 191 193 196 198 203 204 205 207 211 215 218 219 223 226 227 235 
37 80 84 87 92 93 94 98 100 107 111 116 119 122 123 125 126 129 153 159 167 173 176 184 185 189 195 196 209 210 225 
97 85 97 100 102 107 109 110 114 117 125 126 132 157 177 187 199 200 205 209 213 
22 80 82 86 87 88 101 102 103 104 107 113 115 116 122 125 130 131 135 144 149 153 154 155 156 157 161 163 164 165 173 175 186 193 197 198 209 212 213 214 223 224 231 233 235 237 
23 81 83 89 93 100 103 110 113 115 117 119 124 126 127 135 137 140 150 152 153 165 170 171 172 175 177 182 187 191 192 193 194 195 207 210 212 215 216 217 218 222 237 
37 82 85 86 87 89 90 93 95 97 98 100 101 103 106 111 113 115 117 118 123 125 127 128 130 131 132 147 150 155 156 160 162 163 164 168 174 175 178 182 184 190 197 201 203 205 206 208 210 211 212 213 226 232 233 235 236 
83 1 92 100 102 106 119 125 126 129 138 159 164 167 170 179 192 195 196 204 205 218 219 226 227 
63 82 83 90 99 100 110 116 120 122 124 128 137 139 143 152 153 154 168 175 180 181 187 192 198 199 201 204 205 211 212 213 214 221 226 227 228 231 235 
31 91 99 102 105 112 116 119 122 124 128 134 136 140 143 148 151 152 158 159 169 174 176 177 181 186 194 198 199 202 211 212 218 219 220 222 223 226 229 230 237 
11 81 103 113 124 126 136 140 144 155 161 166 178 188 195 201 203 207 209 211 213 220 227 
28 91 100 103 116 124 134 140 143 157 163 167 168 170 176 177 182 228 231 
5 94 95 106 108 116 118 122 123 135 138 145 155 164 172 183 184 185 190 195 199 204 209 220 222 227 229 230 
63 163 189 224 
75 82 85 88 99 102 107 111 123 127 135 144 156 157 158 168 169 173 176 181 192 207 208 214 219 221 
93 92 100 103 116 124 132 142 166 182 187 189 194 214 218 221 
100 166 191 
60 1 80 81 83 85 87 89 95 97 100 103 106 112 119 121 122 136 141 142 144 145 148 151 155 159 161 162 163 165 166 168 169 171 173 175 180 181 185 187 189 202 203 206 209 217 218 221 222 223 224 225 226 231 235 236 
52 1 80 83 90 95 96 97 100 103 106 107 110 114 115 120 123 126 128 130 132 134 137 141 146 147 148 154 159 162 165 168 176 177 181 182 187 199 212 215 217 218 220 221 225 227 229 231 
32 82 87 88 92 93 96 111 113 121 126 133 136 137 139 141 142 145 147 151 152 153 154 157 169 174 175 177 180 191 192 194 200 203 220 225 226 231 232 
29 82 93 96 99 113 117 118 120 123 132 141 142 144 151 156 162 164 171 172 176 177 178 179 183 184 185 186 188 189 195 196 200 202 214 215 220 221 222 226 237 
5 82 103 116 137 140 143 161 163 190 191 196 199 213 216 219 228 
97 80 81 83 87 89 91 92 95 104 105 107 112 114 122 123 125 131 135 137 141 149 150 157 160 167 173 179 182 187 190 193 194 196 197 198 207 209 212 214 215 216 218 219 221 222 223 225 230 232 235 236 
17 1 84 98 109 113 129 139 147 154 171 224 
49 183 219 
19 96 99 111 119 129 139 153 166 171 175 176 178 180 183 190 192 193 195 197 199 214 216 219 236 
22 80 83 87 95 107 108 119 121 133 134 141 156 162 165 168 170 186 191 193 198 200 201 203 204 207 212 215 218 223 225 233 
72 82 85 96 98 99 100 101 110 126 134 143 145 147 152 153 155 156 167 169 173 187 189 190 195 196 199 206 207 212 223 231 236 
78 81 82 87 88 93 96 99 104 107 108 109 116 118 124 125 127 131 133 134 135 136 137 140 142 146 153 159 164 165 166 167 170 172 176 178 179 181 183 184 185 186 191 194 195 196 200 202 203 206 207 208 209 214 215 217 218 220 227 229 230 235 237 
45 80 83 85 101 103 116 120 126 127 132 133 145 147 148 157 163 172 173 176 197 198 205 214 215 218 225 227 230 235 
18 83 84 85 94 95 99 113 124 135 136 141 143 152 154 158 161 162 163 164 168 170 173 177 180 183 194 208 211 213 214 224 232 236 
92 91 98 115 121 131 141 152 167 172 173 184 196 200 202 212 232 236 
64 94 95 101 140 147 157 160 169 177 196 213 227 233 234 
57 1 83 98 117 119 127 149 157 168 169 174 181 190 193 196 199 214 220 226 235 
82 85 86 101 109 113 132 143 149 182 183 213 214 217 
46 82 85 86 88 93 95 97 99 101 102 109 110 111 113 123 124 129 132 137 140 141 143 145 146 148 149 153 156 164 165 169 170 172 177 178 183 184 185 190 193 194 197 204 205 206 208 209 213 215 216 220 222 223 225 228 229 230 232 233 234 236 
90 80 84 86 91 95 97 104 116 122 128 137 140 142 144 145 151 153 155 169 182 189 194 196 207 210 221 225 228 235 237 
43 83 86 87 94 95 97 100 104 106 108 112 113 114 120 126 128 134 140 144 147 162 165 166 167 175 176 181 188 191 199 201 207 209 217 228 232 
41 83 97 101 102 152 161 223 
97 82 84 90 92 93 95 96 98 99 105 108 109 111 112 118 120 125 126 130 133 136 137 138 140 145 146 148 153 155 162 165 166 170 173 176 177 178 180 181 183 188 190 191 192 193 194 197 205 206 208 209 212 213 215 218 221 223 224 225 227 228 230 235 
7 81 84 95 98 99 112 118 120 125 141 156 158 160 166 172 176 178 179 180 183 195 213 220 224 
42 80 83 87 91 97 101 103 106 107 116 117 119 122 129 132 133 139 143 145 147 149 160 163 171 190 192 196 197 199 207 208 209 216 218 219 229 233 234 235 
85 103 122 143 155 156 212 223 234 
68 82 83 90 91 93 95 96 98 99 101 102 103 104 106 110 111 112 114 115 118 119 121 123 126 127 128 130 132 139 140 145 146 150 152 156 160 163 165 166 174 175 176 177 183 191 193 196 198 199 204 211 212 215 216 217 220 226 227 231 233 
43 80 81 83 85 87 89 92 95 96 108 111 116 123 125 127 131 138 140 141 143 144 149 150 153 154 157 158 159 162 163 164 165 168 170 171 175 177 178 180 181 183 187 191 196 202 208 209 210 219 221 222 223 236 
11 81 88 89 90 91 93 96 97 99 100 101 104 114 118 124 126 130 131 134 137 139 141 143 148 150 151 158 159 160 164 165 168 171 175 180 185 188 190 193 194 195 201 205 207 210 213 215 220 223 225 226 228 229 233 236 237 
83 80 85 90 95 98 102 104 107 121 138 142 148 150 154 179 181 182 195 212 213 218 221 224 228 
97 80 94 101 114 119 122 143 158 162 166 172 205 207 214 218 219 231 235 237 
33 80 81 86 89 90 93 99 105 116 120 123 128 130 131 135 137 138 141 143 147 149 151 158 159 161 163 166 181 182 184 191 192 193 197 204 205 218 227 
23 84 86 98 102 104 108 115 117 119 120 124 127 131 133 137 138 144 146 148 156 168 183 189 192 193 194 198 208 215 217 222 228 229 233 
76 1 80 82 83 84 85 87 92 99 100 106 115 116 118 125 128 132 151 154 158 159 161 177 181 184 192 201 206 209 210 213 216 223 226 227 231 236 
75 1 80 82 84 90 91 93 95 96 98 99 104 106 108 111 112 114 115 120 121 122 128 131 136 137 147 153 156 157 158 159 161 162 164 165 167 169 174 178 179 180 181 183 185 187 190 193 200 202 203 214 216 219 224 225 230 233 234 237 
36 83 85 92 93 94 106 111 116 122 127 129 137 145 154 157 163 165 166 167 170 179 189 195 201 204 214 216 224 231 
26 82 84 91 95 102 103 104 106 107 111 115 117 119 122 125 129 131 132 144 145 146 152 159 165 174 181 183 189 192 193 195 197 200 210 211 213 214 216 217 218 220 223 224 227 232 233 234 237 
9 83 87 88 95 103 104 107 111 118 121 128 131 133 135 138 145 153 154 162 167 178 181 182 183 200 202 209 212 229 
94 83 85 86 87 88 89 91 93 96 97 99 100 101 102 103 112 114 115 124 127 130 138 142 143 147 148 150 152 157 158 160 161 162 163 166 174 176 177 179 180 185 189 193 197 198 200 201 202 203 204 207 209 211 212 215 216 217 221 225 226 227 228 231 234 236 237 
35 85 86 88 89 91 92 108 109 111 116 117 119 123 124 126 128 129 130 132 136 138 140 143 145 146 149 151 154 155 156 159 169 170 171 175 177 180 184 185 187 191 192 193 195 196 198 201 205 206 211 213 216 217 218 223 228 232 234 235 236 237 
38 81 82 85 86 87 90 97 101 104 108 111 117 119 122 124 130 133 135 139 145 151 154 155 157 162 164 169 170 176 179 184 185 187 188 189 190 193 196 197 199 202 210 211 212 214 216 219 220 226 231 232 235 237 
44 80 88 90 100 102 106 107 118 121 124 127 131 135 136 137 139 142 150 152 156 158 159 176 177 190 194 196 205 206 212 216 217 226 229 
84 82 84 86 89 93 101 103 110 116 121 125 126 129 139 142 147 151 164 166 167 168 171 172 174 175 176 177 181 186 198 204 206 211 212 213 223 224 229 233 234 
76 85 92 102 106 113 141 156 157 160 169 185 187 194 197 216 228 
44 92 96 97 98 106 107 108 110 113 118 120 121 124 125 128 129 132 133 134 136 137 139 143 144 145 150 151 152 153 160 165 171 185 192 195 201 202 205 208 212 216 219 232 233 234 
69 107 132 159 167 178 191 198 200 212 223 
11 1 83 84 86 91 95 97 99 100 103 109 112 122 130 143 145 149 150 151 158 161 167 168 170 173 176 178 182 185 187 188 194 196 199 200 202 203 205 207 209 210 220 224 226 234 236 
77 87 88 95 98 105 129 130 133 141 145 147 151 152 154 159 161 167 180 182 183 184 195 199 201 203 217 218 220 223 225 227 231 232 233 234 
95 83 90 92 96 99 105 106 108 110 111 118 120 123 126 132 133 140 143 144 146 153 154 155 158 160 162 164 166 169 171 172 175 176 177 180 183 184 186 188 189 190 195 202 204 206 207 209 213 214 215 219 221 222 229 234 
15 95 113 144 148 172 176 180 199 
19 82 87 93 96 100 107 113 114 117 120 121 122 128 131 133 134 135 137 142 145 146 156 158 167 169 170 171 173 179 181 182 186 187 189 193 197 201 202 206 210 212 213 216 223 224 225 230 232 233 234 235 
40 81 94 99 102 106 107 108 110 112 114 117 118 120 123 124 131 133 135 136 137 139 141 142 144 145 146 151 153 155 156 161 165 171 173 175 177 178 179 180 182 186 189 191 192 193 198 199 201 204 207 208 212 217 219 221 226 228 229 230 232 234 235 236 
71 1 80 82 87 89 91 94 100 103 121 132 134 135 145 147 158 165 167 171 172 176 179 180 181 190 191 192 197 203 210 212 213 215 216 217 221 222 229 230 232 234 236 237 
61 1 82 84 85 87 95 98 100 107 109 111 119 123 125 130 134 136 137 145 147 150 161 163 165 166 168 194 203 207 209 224 226 227 231 236 
85 82 85 88 91 96 97 99 100 104 105 106 112 113 121 126 127 128 131 132 138 143 144 145 146 147 148 150 152 154 156 158 162 163 164 165 167 173 175 179 180 186 192 196 198 199 200 202 204 205 207 214 216 221 227 228 229 231 232 235 
36 83 85 87 91 97 98 102 108 110 111 116 122 124 127 129 132 137 138 139 147 150 158 160 173 181 185 188 189 193 194 196 201 207 208 215 218 222 227 230 232 235 237 
50 88 91 97 100 123 125 138 141 142 145 148 150 152 154 158 172 175 181 185 193 197 201 209 215 220 230 231 
87 80 83 86 93 95 103 107 113 115 119 124 144 145 150 152 163 167 169 171 176 179 183 190 194 209 222 227 231 233 237 
53 84 86 89 90 91 92 93 96 99 100 101 109 113 115 117 120 122 123 124 127 131 134 135 137 143 147 152 156 160 161 164 166 172 173 174 177 180 183 184 187 190 196 197 198 202 203 208 210 213 215 218 222 224 226 232 236 
63 94 95 113 120 133 178 191 206 228 
14 80 82 86 88 89 95 103 107 108 110 111 113 115 117 120 127 128 132 133 134 135 136 139 144 146 148 150 153 156 161 162 165 167 168 173 177 179 180 189 194 196 198 201 203 204 205 207 208 213 216 217 228 230 234 235 237 
91 1 80 85 93 101 104 106 114 118 119 122 128 131 136 137 143 144 147 149 150 156 158 164 167 168 174 175 176 180 181 186 189 192 195 203 204 208 215 216 219 223 227 229 232 236 
83 99 161 185 
77 1 84 85 87 88 91 96 100 101 108 110 112 117 118 119 122 123 125 127 130 131 139 144 145 147 149 150 151 153 156 157 162 164 173 176 178 182 187 188 190 197 199 203 204 210 214 215 217 218 220 227 229 232 235 237 
43 1 83 84 87 90 94 95 96 97 100 102 106 107 108 110 119 120 125 127 133 134 135 143 146 148 149 150 152 153 159 163 164 169 170 182 188 190 196 198 200 203 207 214 218 219 220 221 222 228 234 235 237 
3 84 85 100 112 113 117 130 143 147 149 166 167 168 174 177 181 183 193 194 197 207 217 220 235 
40 1 80 85 90 91 97 119 124 125 131 133 145 157 158 165 175 180 185 186 196 204 205 212 220 
16 83 85 86 87 106 114 119 125 127 128 132 133 139 140 141 142 146 150 153 154 159 160 161 162 163 169 174 177 180 186 188 189 191 195 196 206 207 214 223 233 
6 80 89 93 95 96 99 134 136 138 155 168 170 187 189 199 212 220 226 
99 80 82 83 95 105 109 113 130 132 133 134 135 141 152 154 171 173 176 179 180 183 186 188 204 208 209 210 215 225 228 231 236 
78 1 81 85 87 88 89 90 91 92 94 97 102 104 105 113 115 124 127 128 129 130 136 137 138 142 143 150 155 156 158 160 163 166 169 170 172 179 181 183 186 188 192 193 194 195 199 200 202 205 207 210 217 219 223 225 226 230 
87 85 87 105 113 114 116 119 121 130 134 135 146 149 155 158 159 161 173 178 179 184 189 195 199 205 207 210 218 219 224 234 237 
90 80 82 106 110 118 138 140 150 153 156 171 191 192 199 207 208 213 215 221 
76 117 210 217 218 
11 82 85 88 90 95 99 100 101 103 105 108 112 115 118 119 121 125 130 134 136 137 140 141 144 145 150 151 158 161 170 172 176 178 179 181 182 185 186 189 190 191 192 195 200 203 206 208 211 212 214 216 218 224 225 234 
18 84 87 88 92 93 103 106 108 109 116 118 120 123 124 128 132 134 138 139 142 143 144 152 154 160 161 163 165 167 169 170 171 178 181 186 187 194 197 204 206 210 215 218 220 227 230 231 232 233 235 
1 1 80 82 84 85 89 93 95 104 107 109 112 125 135 136 138 141 143 144 150 152 156 161 164 170 171 173 175 177 179 189 197 198 200 201 203 209 210 217 220 225 226 227 228 230 235 237 
33 1 81 83 87 90 95 97 99 100 101 102 103 104 106 109 110 113 114 116 119 121 127 130 135 137 140 149 153 154 160 162 166 168 170 175 177 179 180 181 182 184 185 188 194 195 198 199 200 202 208 210 215 219 220 221 228 231 232 233 234 235 
48 99 58 40 27 79 33 20 49 12 68 51 74 34 3 100 87 43 48 71 35 54 29 74 1 32 87 28 60 75 16 74 78 5 90 32 73 100 61 76 88 4 84 65 65 65 24 18 62 73 37 69 42 43 82 15 79 14 58 21 37 3 17 88 65 90 55 71 25 8 93 74 87 67 56 33 18 40 22 98 10 28 25 65 28 26 80 45 45 3 18 28 63 2 64 83 24 43 96 94 23 17 45 2 9 55 21 93 78 66 40 16 38 31 68 25 81 26 92 22 3 55 94 96 7 84 39 36 63 74 70 85 41 81 54 100 27 46 14 94 39 74 91 38 90 20 11 29 70 39 94 89 31 35 1 52 94 18 30 61 47 21 92 1 68 24 53 22 50 65 35 18 92 17 83 15 92 89 91 84 42 68 95 47 4 80 51 88 57 20 52 25 41 88 85 51 79 19 38 43 78 52 26 91 16 39 18 31 16 17 36 15 51 33 71 31 42 23 78 51 72 84 39 35 2 77 23 91 95 15 43 71 88 7 59 37 38 
