160 240
91 82 84 88 89 90 92 95 96 99 100 104 105 106 108 112 114 118 119 127 129 130 133 135 136 137 138 139 140 156 163 164 166 174 175 178 180 181 182 186 193 200 202 203 211 213 214 217 218 221 222 223 225 227 231 233 235 237 239 
2 86 87 88 90 96 98 107 108 111 112 116 117 118 121 122 125 129 130 131 136 141 147 148 151 153 160 165 167 170 173 175 181 182 187 195 196 198 201 202 204 209 210 212 215 221 223 225 226 227 229 238 239 240 
93 1 84 85 86 90 93 94 97 99 102 104 108 113 115 125 126 127 131 132 137 138 151 159 163 168 169 171 172 173 174 185 186 188 189 190 192 198 199 201 203 207 210 211 216 220 224 227 230 237 
65 103 104 105 106 115 118 131 134 158 167 170 191 195 216 236 240 
7 86 89 90 92 96 98 103 105 114 115 116 118 120 127 130 135 142 146 148 151 155 158 163 168 172 173 174 188 192 194 200 201 208 209 213 216 218 221 225 231 232 238 239 
22 82 83 86 90 92 96 98 101 111 112 114 123 124 132 135 139 140 143 144 145 147 148 149 150 151 153 155 158 161 163 164 165 167 168 169 171 172 173 184 186 188 189 192 193 197 198 204 205 209 212 214 216 221 228 231 234 235 
21 82 83 84 89 90 91 99 105 111 119 120 121 125 127 129 133 136 140 144 145 146 150 156 161 165 166 169 172 173 174 178 180 186 189 190 192 203 204 208 209 214 216 226 232 234 
46 81 85 86 88 93 96 105 110 122 124 126 139 156 159 165 167 170 173 189 193 197 206 207 208 215 216 221 224 227 232 240 
3 82 92 99 102 107 108 113 115 118 120 123 124 127 128 130 132 133 136 141 146 147 151 153 156 164 170 171 172 174 177 178 179 182 185 188 192 195 196 197 198 206 208 210 215 217 219 227 232 233 234 238 
43 82 100 119 138 156 163 165 189 191 195 196 212 218 230 231 
92 85 89 91 96 98 100 101 106 107 109 114 121 123 134 142 143 146 147 158 161 165 169 178 181 184 185 209 219 220 232 238 239 
66 82 95 103 122 150 159 165 169 175 177 182 191 194 199 202 203 209 211 218 222 226 234 
31 81 87 92 93 97 98 100 101 104 108 120 122 124 125 134 141 149 155 160 161 162 164 166 167 172 173 175 177 178 180 183 185 188 191 192 193 196 197 199 200 203 206 207 210 215 216 217 223 224 230 239 
37 86 87 91 102 105 107 112 113 118 120 125 128 131 134 135 141 156 157 158 159 162 166 175 180 185 192 216 218 225 228 237 
38 1 81 82 84 85 86 88 92 94 97 98 107 108 110 115 121 125 127 129 130 132 134 138 141 146 148 149 150 153 163 164 168 169 170 173 186 188 189 191 194 197 200 202 204 208 211 219 226 229 236 239 
75 1 90 113 123 170 171 187 200 207 213 228 236 
52 82 85 89 92 100 105 107 109 114 117 118 120 123 125 131 133 138 140 146 147 148 149 150 152 156 163 164 165 168 169 171 177 180 184 186 192 195 197 199 203 205 206 207 208 210 230 233 234 238 239 
51 85 91 97 102 135 143 152 164 175 179 199 200 205 208 223 237 
44 91 92 97 104 110 113 127 128 137 143 147 161 168 169 184 188 191 217 218 220 222 230 231 237 240 
73 174 
74 81 82 83 84 85 89 91 92 93 94 96 97 102 108 109 110 115 117 121 124 125 127 129 131 133 134 137 139 143 145 146 152 159 164 167 168 169 170 176 177 178 179 180 186 187 190 192 194 195 198 207 208 210 211 212 214 218 228 229 235 236 240 
96 123 147 157 185 190 206 209 210 217 
22 83 88 89 94 101 102 104 105 107 113 117 122 123 125 128 129 133 135 137 138 141 147 151 153 156 160 161 164 168 170 171 176 177 181 182 185 191 192 197 207 209 213 214 217 219 222 223 226 227 229 233 237 238 239 
88 94 111 131 176 
24 1 82 93 114 119 122 124 150 162 164 178 183 190 215 231 232 
84 93 98 99 100 103 107 108 109 110 113 118 126 127 130 135 136 143 145 147 148 149 150 151 162 166 167 168 169 170 180 184 190 193 194 197 200 218 226 228 234 240 
23 186 
4 1 87 88 93 97 98 102 110 113 116 117 119 120 121 122 124 125 143 146 149 150 155 156 160 163 167 171 176 181 184 186 188 192 194 198 200 206 208 213 217 218 219 221 222 225 226 229 238 239 
63 90 92 98 110 111 119 120 121 130 135 136 149 151 154 157 159 170 175 181 182 186 189 196 219 221 236 
79 84 112 119 126 133 135 150 151 179 183 191 192 
10 81 94 104 108 110 120 125 128 130 132 133 134 135 144 145 157 165 166 167 168 173 175 176 180 182 184 187 191 197 202 203 207 208 213 216 221 226 234 235 
71 83 86 89 90 91 94 95 99 105 106 107 108 109 110 111 115 119 125 127 131 133 137 139 143 144 147 149 151 152 153 155 157 162 163 168 169 170 172 176 179 180 182 190 194 197 203 205 206 209 210 213 214 219 226 230 231 237 
3 90 91 96 99 100 102 111 116 124 125 132 137 141 155 158 161 162 169 172 176 181 187 192 195 200 201 206 211 219 231 234 239 
62 87 95 99 100 104 109 121 127 133 142 143 147 150 153 157 164 175 178 180 185 187 188 190 194 197 200 202 203 205 212 213 214 219 221 223 230 232 234 239 
7 184 236 
89 87 90 101 116 119 120 123 126 135 157 187 195 206 214 216 225 
99 83 87 92 93 97 106 110 114 126 133 134 147 148 154 155 165 167 172 173 177 179 203 208 213 217 232 236 238 239 
4 82 83 84 85 86 88 102 103 107 108 109 111 112 115 117 118 119 121 127 129 135 136 138 139 142 147 152 156 157 158 161 162 167 173 176 183 188 189 196 198 201 213 214 215 229 231 232 234 235 237 238 
34 81 82 94 113 126 131 136 137 147 152 155 160 161 162 165 166 173 180 181 193 195 196 213 216 222 224 228 231 233 240 
49 84 85 90 91 92 95 98 99 101 107 108 119 135 139 141 146 150 152 154 158 159 162 170 174 176 179 193 194 198 201 205 207 211 214 215 222 227 229 233 234 238 240 
73 84 90 94 96 102 105 110 121 127 130 136 137 140 145 148 149 150 154 168 172 173 180 188 199 200 203 204 209 219 224 227 228 229 
81 85 99 100 103 106 109 110 112 113 129 135 142 144 159 164 167 168 172 174 182 183 187 191 196 197 211 215 217 227 228 230 232 234 236 238 
19 81 83 85 91 97 101 105 107 108 111 113 116 118 128 129 132 133 136 137 138 139 142 144 145 146 147 148 149 152 154 156 160 161 163 168 171 172 185 186 188 189 190 192 196 199 201 203 204 209 217 225 226 227 232 234 236 240 
50 85 95 108 110 114 122 136 145 146 147 149 165 167 177 182 188 190 199 203 206 214 215 223 225 228 234 235 239 
98 141 151 166 209 215 
80 85 107 110 121 130 133 140 157 199 
19 89 103 107 131 133 157 158 161 183 194 199 226 229 240 
95 85 86 87 88 90 91 98 106 109 111 112 114 118 119 121 122 123 124 125 126 132 138 143 148 149 150 152 156 160 161 162 164 166 169 172 173 174 176 179 185 187 188 189 191 192 199 200 201 202 204 205 207 208 209 210 226 229 231 233 235 
25 81 88 92 93 102 107 108 115 118 124 149 151 165 168 174 176 183 184 192 218 235 236 238 240 
55 85 137 220 230 
12 82 83 86 87 90 91 93 95 100 102 103 104 106 107 108 109 112 115 121 132 134 135 136 137 139 140 141 144 146 150 151 163 168 171 175 184 188 189 190 191 192 194 197 201 203 204 208 213 219 224 225 227 228 232 233 235 238 239 
81 86 87 90 97 99 100 103 116 119 122 124 125 129 130 131 136 138 139 142 144 146 147 149 150 151 153 154 155 158 159 161 164 165 167 171 175 177 179 180 181 182 184 188 192 194 196 197 200 201 202 205 207 209 216 218 222 223 228 229 232 233 234 236 239 240 
7 82 84 94 95 101 104 111 121 125 126 128 129 135 138 148 151 152 164 180 182 186 187 201 203 213 215 217 222 224 234 236 240 
52 93 94 98 157 164 179 185 187 188 196 220 226 228 231 238 
82 81 85 87 90 91 92 93 94 98 102 104 105 108 112 114 121 127 131 133 139 140 142 143 146 150 151 152 159 164 167 169 177 185 190 191 192 193 195 197 200 201 203 209 214 219 221 224 229 232 239 240 
88 81 82 86 89 91 93 94 100 105 115 116 119 121 124 127 133 135 139 140 148 156 157 158 166 170 175 176 183 188 192 196 205 208 210 213 215 217 220 222 223 229 238 
50 93 115 126 134 149 172 190 193 200 219 232 
31 1 85 87 92 100 101 106 113 115 120 140 141 142 148 154 155 162 166 170 177 178 181 182 183 184 193 198 215 216 220 222 227 230 231 234 237 
91 84 88 90 101 116 118 120 128 131 139 146 150 166 167 173 184 191 205 206 215 218 233 237 
90 83 84 85 89 97 99 100 120 122 129 132 134 135 139 142 152 163 165 171 175 176 178 183 186 188 193 194 197 198 199 200 204 205 206 212 213 214 222 240 
37 81 82 84 88 90 93 104 106 110 118 123 126 130 131 137 140 147 149 151 153 154 155 159 161 163 164 166 170 175 184 189 192 195 199 207 209 210 211 215 220 224 225 226 228 230 237 238 239 
45 85 88 95 104 112 113 115 117 120 121 123 134 137 139 140 143 154 156 162 163 165 167 168 169 170 171 175 180 183 184 188 193 199 200 202 205 206 211 214 216 220 224 225 227 228 231 236 
5 1 89 90 95 96 100 103 119 121 122 126 127 128 130 135 144 157 160 163 165 170 172 173 176 177 182 183 186 190 201 204 209 210 215 222 224 229 234 237 
6 1 82 83 84 87 88 89 92 95 96 97 101 102 103 109 113 114 118 119 120 121 122 131 134 136 138 145 147 149 152 153 159 160 161 167 168 170 171 175 183 188 190 196 197 199 203 207 209 214 216 223 228 231 232 235 236 237 238 239 240 
53 82 83 84 86 89 96 99 101 104 105 106 108 109 110 111 113 115 116 117 119 130 133 134 143 144 145 151 154 157 163 167 171 176 180 182 185 186 187 191 195 196 197 207 208 215 216 218 223 225 231 232 233 236 239 
2 85 104 132 137 149 150 171 190 196 200 209 210 212 
95 110 127 
10 89 95 96 103 106 119 123 131 139 153 175 179 181 186 187 191 200 203 207 212 216 221 222 228 237 
81 82 83 97 104 107 108 110 116 117 118 123 125 126 131 132 133 136 140 145 150 153 155 158 165 167 169 177 183 186 187 192 193 198 199 200 211 213 218 219 223 224 225 233 240 
14 1 81 90 91 94 98 106 115 117 118 121 122 124 126 128 129 132 135 140 142 144 146 147 153 157 163 164 165 167 169 171 176 177 185 190 193 204 206 207 208 214 215 216 220 226 228 230 231 232 233 234 237 238 240 
99 83 84 87 88 92 93 94 96 98 104 106 108 119 122 126 127 129 134 138 139 142 149 150 151 153 161 162 173 174 177 183 184 186 189 192 195 199 200 201 202 204 206 209 215 217 218 219 220 230 231 236 239 
56 1 82 86 87 89 93 98 105 106 109 110 118 120 121 132 136 139 140 141 151 159 166 171 174 179 182 196 201 205 210 218 
64 84 87 88 89 90 91 98 99 112 116 121 122 125 131 132 134 136 143 147 148 153 155 157 162 165 166 185 188 189 195 200 201 204 206 207 225 229 231 232 234 240 
51 123 132 141 147 159 161 172 190 231 
1 85 90 91 103 110 124 128 150 155 157 158 160 176 186 189 190 198 200 203 206 235 238 
99 121 
79 81 83 84 85 88 94 95 100 102 103 109 117 121 122 128 135 139 142 147 149 154 155 159 161 162 165 166 168 171 172 174 176 184 195 197 201 202 204 207 209 210 211 213 214 216 226 230 232 233 239 
75 81 87 88 90 91 93 98 99 100 102 105 106 108 109 113 117 121 122 123 124 126 127 129 130 136 138 142 143 145 148 150 153 157 158 163 164 166 170 174 177 183 188 189 190 191 193 199 200 201 203 206 207 208 211 214 218 219 222 225 226 227 228 229 230 231 233 239 
74 83 98 107 108 122 123 125 127 131 145 153 158 165 171 179 195 198 199 204 211 212 214 
26 87 101 105 164 192 200 204 208 221 233 
24 87 100 111 116 125 128 143 144 150 160 163 165 175 179 186 196 198 201 203 204 205 213 215 224 
88 83 87 101 135 149 150 160 161 173 195 199 201 212 219 225 229 235 238 
45 121 159 202 216 
73 85 95 99 101 103 104 110 122 130 131 145 146 147 149 151 152 154 176 180 181 186 191 193 202 203 206 208 214 217 220 223 224 226 229 233 234 236 
86 83 85 88 89 90 94 95 97 98 103 105 106 107 108 109 113 117 118 120 124 126 127 133 147 151 152 154 161 165 166 168 176 179 180 181 190 193 194 197 198 200 201 204 208 213 214 219 222 223 226 227 228 232 233 237 
7 89 91 96 98 99 100 101 102 107 113 114 116 119 120 125 126 128 129 132 133 134 137 144 148 154 157 158 164 167 168 173 177 183 186 188 198 199 200 201 202 204 205 206 208 209 214 218 220 223 229 231 239 240 
62 84 88 89 90 91 93 94 99 103 107 108 109 110 113 114 116 117 118 120 122 126 129 132 142 143 145 148 154 157 161 163 167 171 172 175 177 179 182 185 188 191 193 195 196 197 199 202 204 205 207 208 209 212 213 214 221 222 224 225 235 
50 82 104 106 124 136 142 146 148 162 165 170 171 186 196 203 206 210 220 226 235 237 238 
33 1 83 84 85 88 91 95 97 98 103 107 108 109 110 115 116 119 120 125 126 127 130 132 133 134 136 139 144 145 146 147 148 149 154 157 160 164 166 170 171 174 175 176 177 179 180 181 182 183 188 192 193 194 195 197 200 206 209 210 211 216 223 228 230 233 238 239 
95 85 95 98 100 103 107 108 114 118 120 121 123 125 130 131 132 134 135 141 142 144 146 147 152 157 161 162 170 174 178 183 184 185 189 192 211 213 214 216 223 233 239 
90 1 81 88 116 123 128 136 138 149 168 172 175 181 182 186 188 191 196 207 221 229 233 
62 109 123 144 159 160 165 170 184 232 238 
8 84 86 87 89 91 93 94 95 97 101 104 113 116 122 127 134 139 141 150 157 159 164 165 166 169 170 171 173 175 187 198 200 202 212 221 222 226 228 232 239 
93 83 88 91 93 95 104 106 107 109 113 114 115 117 121 122 125 127 135 136 141 142 143 147 156 159 160 162 167 168 171 174 184 187 189 190 192 199 200 201 206 209 214 219 220 222 227 228 229 230 233 234 239 240 
30 118 124 132 138 141 147 148 154 156 164 166 170 172 207 210 217 223 227 233 237 
88 82 85 86 87 90 91 93 96 97 99 103 104 109 112 113 119 125 128 130 133 134 137 139 140 141 142 144 149 152 153 157 158 160 175 177 184 186 191 193 203 207 212 214 221 225 230 236 240 
89 1 84 85 87 88 89 91 97 101 102 104 107 109 110 113 114 116 118 120 122 131 133 136 143 147 148 150 151 153 161 164 177 180 181 183 184 187 194 195 201 207 210 211 216 219 220 221 223 225 226 229 232 233 236 
88 205 
99 81 93 97 110 115 117 118 119 121 122 123 126 127 128 132 134 138 139 145 148 150 152 155 169 172 173 174 176 182 185 188 193 194 195 201 202 204 213 214 217 219 222 226 230 234 237 240 
58 120 127 218 229 232 235 
27 1 81 85 88 116 122 176 198 205 
17 1 83 84 88 92 93 95 96 98 100 101 107 115 116 117 118 119 121 122 126 128 130 132 135 138 142 145 146 153 154 157 163 170 171 173 174 175 177 191 192 193 194 201 203 205 212 215 216 218 221 226 229 230 231 232 233 234 239 
17 81 89 94 95 104 105 106 109 111 114 123 127 131 132 136 146 147 149 151 156 157 159 161 165 168 169 170 177 179 181 183 187 188 199 200 201 202 204 208 216 218 219 220 223 225 226 234 235 239 
15 87 88 89 91 101 114 116 122 123 127 130 135 145 148 159 164 165 175 215 220 226 237 
1 84 86 88 93 100 102 104 106 108 109 115 117 122 128 131 132 136 146 153 162 166 180 193 201 209 210 
78 1 83 87 91 92 94 98 100 102 103 105 109 111 117 118 119 121 122 126 128 135 140 141 153 154 155 156 158 166 167 174 177 180 194 199 211 214 216 228 229 231 232 234 236 
15 111 129 138 140 152 175 187 197 219 234 238 
76 1 94 96 105 108 109 113 120 121 125 130 135 136 139 140 143 144 146 147 150 157 160 166 167 168 171 172 176 180 182 186 189 191 193 194 196 199 202 211 213 214 216 219 223 231 238 239 
17 1 81 86 89 91 98 100 101 104 105 108 113 114 117 118 119 121 126 127 128 129 130 133 134 135 137 138 139 142 143 146 148 151 152 154 156 157 158 162 163 164 165 167 172 176 177 183 185 186 188 191 195 198 202 207 209 212 213 215 216 221 223 225 227 
40 137 149 154 157 166 171 198 205 235 238 
81 1 84 86 91 103 111 112 113 116 120 125 129 146 148 155 160 161 169 171 178 179 180 186 190 192 195 198 203 205 211 213 224 235 
19 1 81 93 102 103 104 110 123 126 134 137 141 142 151 159 171 174 176 180 182 193 198 200 222 229 
48 81 82 87 88 89 90 91 97 103 107 108 109 116 120 128 130 132 136 139 141 143 144 145 146 147 148 149 152 153 154 159 161 162 165 167 169 173 174 175 177 179 180 185 190 192 200 205 214 215 219 220 221 222 227 228 231 232 236 237 239 
22 81 85 106 117 132 149 155 163 165 187 188 194 202 232 238 240 
82 82 83 89 94 96 105 109 117 125 127 130 133 135 136 137 148 151 155 159 161 169 172 179 185 188 189 193 195 197 198 202 205 207 211 213 214 216 218 222 224 231 232 239 240 
63 85 86 87 90 92 97 103 110 114 130 132 141 142 148 164 173 178 181 188 202 210 211 214 233 
25 82 85 88 92 97 98 102 103 114 122 125 129 132 134 136 143 146 147 149 155 167 169 175 180 187 188 190 193 197 200 201 206 207 208 210 212 213 215 220 222 226 229 230 233 240 
69 1 83 88 90 97 98 103 110 111 113 115 117 118 123 124 133 135 137 142 144 145 146 147 153 155 160 163 166 171 172 176 178 179 183 184 193 197 198 200 202 205 207 208 210 214 215 216 218 219 220 225 227 230 237 238 
57 81 85 86 90 92 97 103 105 108 110 118 120 128 132 136 137 138 144 145 159 162 167 171 183 186 190 220 221 224 228 229 234 237 239 
67 1 91 92 93 100 101 115 117 122 124 127 129 139 151 155 162 163 170 178 179 182 184 185 189 195 197 198 200 202 207 213 223 224 228 230 232 233 234 238 
34 104 109 111 119 120 124 125 127 129 137 142 146 147 153 166 168 173 179 186 187 197 201 206 208 223 225 229 
16 83 88 89 92 95 98 100 107 108 109 110 113 114 123 126 128 133 137 139 142 146 147 149 153 154 156 161 162 163 168 173 183 186 187 193 197 200 201 203 204 207 211 212 219 220 221 223 224 225 227 229 232 237 240 
75 81 84 85 86 90 91 92 95 98 104 109 110 115 116 125 128 129 130 135 136 143 145 150 151 152 153 155 159 163 164 167 170 173 174 176 177 179 180 182 187 189 190 191 192 203 207 211 213 214 216 222 223 224 228 229 233 234 238 239 
10 88 123 126 152 165 184 203 236 
62 82 83 87 91 93 97 99 101 107 108 109 111 115 118 123 125 127 129 132 133 143 144 145 148 149 155 165 188 189 194 195 196 206 210 211 215 218 220 225 232 235 236 238 
86 81 86 90 92 93 95 96 98 99 101 102 103 113 117 121 122 123 125 126 127 128 130 131 135 138 139 140 143 149 155 161 164 174 177 178 181 182 184 185 189 191 199 200 202 211 212 213 214 217 218 224 230 235 236 
26 86 88 90 93 95 98 104 108 109 110 116 118 119 129 130 135 137 138 139 146 150 157 158 166 168 173 179 184 186 190 192 193 194 217 223 227 229 232 235 236 
38 83 91 95 97 100 101 103 107 109 110 111 112 116 130 131 132 133 135 137 138 142 144 147 150 151 154 157 162 163 164 165 166 167 168 169 174 177 181 182 185 187 192 201 203 207 209 210 211 212 213 221 228 230 232 234 235 236 237 
63 81 84 85 112 114 116 118 123 133 141 148 152 162 164 169 170 175 181 182 189 198 202 204 222 231 232 233 
90 89 107 111 113 114 128 145 147 148 155 163 174 175 182 217 220 235 237 240 
64 89 96 107 113 117 121 132 133 155 176 185 188 189 193 195 209 224 235 
50 84 91 92 93 102 109 112 113 118 120 122 123 127 140 150 151 166 169 173 178 204 207 209 215 220 229 235 240 
27 1 83 86 88 89 91 92 93 94 96 102 103 104 109 110 117 119 120 127 128 132 133 134 141 144 145 147 148 149 150 151 152 153 156 160 163 167 171 173 184 188 190 191 197 198 201 204 207 209 218 222 223 229 230 232 237 
24 90 97 98 103 104 110 115 118 136 137 141 142 144 156 159 162 164 166 169 170 171 178 181 187 188 191 195 196 199 203 205 207 217 219 221 224 225 231 237 
47 89 128 157 195 231 233 
13 1 89 90 94 102 105 106 107 108 113 115 120 121 125 134 137 139 151 154 159 170 173 181 183 188 194 202 203 209 215 218 220 221 226 232 
77 1 81 88 92 94 96 97 102 109 112 116 117 121 122 123 125 126 130 134 137 138 139 141 142 143 146 150 156 161 162 168 171 172 173 174 175 176 177 180 181 185 197 198 199 200 201 205 208 210 211 213 218 221 222 230 234 235 236 238 
16 86 94 97 105 106 111 115 121 123 134 142 157 180 181 210 
55 81 84 86 88 90 92 94 95 97 103 104 105 107 112 113 114 115 120 122 132 134 135 137 138 140 143 146 147 151 154 157 163 164 169 170 171 174 175 183 186 191 194 195 196 197 198 199 202 207 209 211 221 227 232 
3 81 84 89 90 95 97 99 100 101 103 104 107 113 115 117 119 124 125 129 130 132 135 140 141 144 145 153 158 173 177 181 182 192 193 194 200 201 202 206 209 212 215 217 224 226 229 231 232 236 
92 81 85 86 96 100 101 103 108 112 114 115 116 125 127 128 133 134 135 137 138 139 140 141 142 143 144 150 153 154 156 157 161 162 163 166 167 169 170 176 180 181 186 188 190 195 197 204 206 211 212 214 215 218 228 229 230 231 232 233 236 238 
15 81 83 85 90 92 93 95 96 99 102 107 108 112 113 114 118 126 128 129 131 135 136 138 139 163 167 172 173 183 184 187 191 192 193 196 197 199 202 203 205 206 208 209 214 218 224 225 228 231 233 237 
21 1 84 86 87 92 97 99 102 106 109 110 111 115 118 119 120 133 136 137 139 140 147 151 152 159 161 163 167 168 176 179 189 191 193 195 200 202 203 204 213 214 216 217 222 224 
38 86 93 109 111 112 124 149 172 178 196 205 206 216 
51 81 89 92 93 98 102 104 105 107 112 116 122 123 127 133 141 144 145 149 154 155 166 167 174 184 193 196 205 210 218 226 228 236 237 
22 84 85 86 88 92 98 99 100 103 110 111 114 115 117 118 120 126 128 129 130 131 134 135 137 140 148 149 152 153 155 156 157 158 161 165 166 169 171 175 178 187 188 193 194 195 197 204 205 206 207 208 209 214 216 220 223 228 229 233 235 238 239 240 
78 138 
70 83 98 102 105 115 117 121 122 125 137 149 151 157 161 164 167 177 181 183 184 189 200 209 210 211 216 218 219 220 228 234 240 
16 83 95 107 113 117 118 119 120 129 135 144 149 152 159 168 172 175 178 179 181 194 203 210 212 213 214 218 232 234 237 
54 81 83 86 93 101 108 114 116 117 118 120 127 129 132 133 134 135 139 141 144 145 149 161 164 174 180 186 189 190 199 209 210 214 217 218 219 221 225 229 233 236 238 239 240 
27 92 93 102 104 107 110 112 113 116 119 135 138 148 154 158 161 162 165 167 168 172 175 180 183 186 192 197 207 214 216 219 223 226 227 230 231 232 233 238 
42 83 91 108 113 117 118 125 131 147 153 166 170 175 176 187 194 195 206 217 218 239 
16 85 89 94 103 108 111 123 124 133 135 136 147 150 154 160 162 164 168 170 171 172 175 177 181 201 202 203 210 214 216 218 219 224 226 227 229 234 240 
21 82 89 93 97 98 99 104 109 114 116 121 122 129 130 135 136 138 139 140 144 148 149 158 160 165 168 169 175 177 179 188 191 196 198 201 209 218 221 225 233 240 
68 83 86 88 96 99 102 103 104 109 115 119 124 126 127 129 130 131 135 136 138 140 141 142 145 151 157 158 159 162 165 169 171 175 176 182 185 187 191 192 195 196 198 204 207 214 217 221 225 230 231 233 235 237 
57 82 83 86 89 99 102 103 114 115 117 121 122 124 127 132 137 140 143 148 154 161 165 167 168 169 173 174 182 183 184 187 188 190 191 192 195 200 201 203 204 205 207 208 210 217 223 227 228 240 
27 82 83 84 86 89 90 102 103 104 106 110 111 118 121 124 127 131 133 136 138 139 143 145 148 149 150 152 153 159 165 170 172 178 179 181 182 183 185 186 191 193 198 202 208 210 211 212 216 220 226 231 237 239 
66 83 87 94 96 99 106 113 120 124 125 126 134 143 145 147 151 154 157 158 159 163 167 168 173 174 185 186 187 188 190 194 195 198 202 203 207 219 224 227 230 
96 85 91 92 95 98 99 101 102 103 104 105 106 108 109 110 113 114 117 118 119 121 122 126 134 142 143 146 150 151 153 159 161 168 169 176 178 179 185 186 187 188 194 196 201 202 203 205 211 212 214 217 221 224 226 228 231 234 236 237 239 
98 83 85 86 87 91 92 99 101 104 110 114 126 127 128 129 134 135 136 139 140 145 149 151 159 160 161 166 167 172 177 185 190 200 206 209 210 212 213 216 217 223 231 235 
80 21 8 32 54 58 56 44 42 43 92 40 87 16 17 50 50 57 27 4 39 50 77 44 63 46 72 80 6 99 51 87 66 38 6 11 91 97 98 66 47 54 61 81 10 52 63 85 63 96 77 59 12 90 25 75 61 49 10 47 76 75 53 45 54 10 3 87 49 77 27 76 28 34 86 24 95 7 40 88 36 36 42 52 17 100 65 57 52 99 8 87 48 38 89 35 84 33 28 60 88 66 23 86 18 25 38 31 61 66 20 100 27 66 34 27 12 26 26 25 84 59 93 95 78 15 68 77 65 98 8 96 23 1 45 41 28 93 21 29 75 72 31 14 36 22 44 24 12 19 91 50 94 19 61 36 46 67 66 82 90 60 66 23 95 58 79 13 9 23 88 57 42 80 80 75 16 40 38 32 87 27 33 11 73 29 37 63 6 31 50 75 23 71 81 75 12 21 84 29 4 72 41 52 21 36 87 47 39 67 11 98 78 86 88 34 65 52 17 92 89 68 79 63 27 16 38 44 98 12 14 28 74 26 84 49 96 64 24 74 
