166 249
1 84 87 89 92 98 99 100 106 107 108 111 112 113 114 117 121 125 126 127 133 134 138 155 157 159 160 161 166 167 170 179 181 185 187 188 189 193 194 195 196 207 212 219 223 225 227 229 230 231 232 237 238 241 242 244 246 
36 87 101 105 107 120 128 130 132 137 146 161 167 172 179 202 227 238 239 242 245 
37 86 94 96 97 98 104 105 109 111 117 119 121 125 126 137 140 142 145 147 150 151 152 157 160 172 173 178 185 190 194 196 199 200 206 209 212 219 221 226 233 235 236 237 240 242 245 
6 85 89 92 107 112 115 118 123 144 146 148 151 155 162 163 164 169 174 181 182 186 187 198 202 209 217 219 226 236 237 238 244 245 248 
52 103 111 
26 110 115 125 140 151 162 170 244 
5 156 160 181 190 216 220 
10 85 86 89 98 100 102 110 113 116 117 118 121 122 124 125 127 128 131 132 139 140 141 144 148 152 155 159 160 165 167 168 171 180 183 186 187 192 195 198 199 201 202 203 204 205 206 207 209 213 219 228 232 234 237 238 239 240 241 246 
96 1 196 226 
50 87 90 97 98 103 105 106 107 109 119 126 129 132 136 139 141 142 143 145 154 155 158 167 177 178 186 192 194 199 207 223 224 233 234 240 241 
25 88 91 93 101 102 103 107 110 113 116 120 126 128 129 130 131 133 136 141 146 148 152 154 155 156 162 167 171 174 179 186 188 196 197 200 202 204 210 213 217 218 220 222 226 230 231 236 239 241 243 248 
92 89 90 98 102 106 107 112 114 117 121 136 140 148 161 163 166 167 173 178 187 190 209 215 220 223 226 236 241 242 244 
75 84 85 86 88 92 95 109 112 114 116 117 119 121 126 131 133 139 140 146 148 151 152 155 160 163 164 165 166 168 169 176 180 187 194 195 197 198 211 214 216 218 219 223 224 235 237 239 241 244 246 247 
60 86 88 89 90 91 95 98 101 102 104 108 110 117 120 121 122 131 133 135 137 138 141 146 148 156 157 172 178 181 185 186 187 190 192 196 198 202 204 205 207 208 210 211 212 216 217 220 221 223 225 226 227 232 234 235 236 240 242 244 246 247 248 249 
27 1 85 87 88 93 94 95 96 97 99 100 103 105 107 109 110 111 114 119 122 123 126 128 133 134 136 139 140 141 142 144 146 148 150 152 156 159 163 165 166 168 170 171 175 179 187 188 189 194 197 198 201 202 204 208 210 213 216 218 222 225 229 232 235 237 238 241 247 248 249 
16 182 
27 85 88 89 90 91 92 96 98 99 106 107 109 115 118 119 128 129 130 132 133 137 139 144 148 156 161 163 173 175 176 179 196 201 203 205 210 211 212 213 218 223 227 228 229 231 233 234 236 239 242 249 
63 85 87 90 94 95 96 99 106 111 118 119 121 133 141 142 151 161 164 167 170 183 186 200 202 205 211 217 218 219 222 223 228 229 233 235 236 
99 87 90 94 95 101 107 108 109 118 120 121 122 123 124 126 127 129 131 133 138 141 143 147 148 150 151 155 157 159 160 161 165 174 176 179 181 183 186 187 190 192 193 194 196 197 201 202 203 208 209 210 212 216 224 229 231 232 236 239 241 244 
10 84 92 95 98 101 106 110 111 113 115 116 117 118 123 124 127 128 129 130 131 133 141 143 144 149 150 151 155 157 158 161 165 167 168 169 170 177 178 185 188 193 195 198 202 205 208 210 212 215 217 218 221 225 228 229 234 235 238 241 249 
61 84 88 89 101 102 107 108 112 123 131 134 135 138 139 142 144 145 152 153 157 159 163 166 167 171 175 176 178 212 214 220 223 229 232 235 243 245 
79 1 85 87 90 92 94 97 98 102 103 104 106 108 111 112 115 117 118 121 123 124 127 128 135 136 140 141 142 148 152 155 157 158 160 172 173 174 176 183 184 185 189 192 195 200 206 213 221 223 225 228 233 242 244 245 246 
72 93 105 108 119 122 128 157 158 162 166 171 176 182 187 203 206 208 239 244 245 
15 212 
59 90 92 101 112 134 178 179 187 194 205 213 245 
5 112 114 117 119 125 151 166 174 176 185 196 197 211 231 232 240 244 
94 91 93 96 98 102 103 104 109 121 127 129 130 136 137 138 139 143 148 154 159 167 169 172 175 203 208 213 215 216 223 230 234 235 241 244 
22 86 93 103 104 105 107 110 113 118 121 124 127 128 133 139 152 159 163 169 180 199 201 206 207 211 212 222 227 230 241 242 243 246 248 
30 87 88 89 90 94 98 100 102 104 105 108 116 117 120 124 130 133 137 144 146 149 150 151 152 165 167 170 172 173 175 178 180 182 183 187 192 202 204 205 207 219 222 224 230 231 234 237 238 245 247 249 
30 89 96 98 108 111 113 115 122 124 125 133 141 143 155 156 167 171 172 174 178 181 182 184 192 195 202 206 211 215 216 218 220 228 230 231 241 242 243 
98 95 96 107 115 117 123 128 133 136 153 166 174 176 177 185 189 209 217 236 237 241 244 247 248 
24 1 88 89 90 92 93 99 101 108 112 114 116 121 122 123 126 132 133 134 138 141 143 152 156 157 177 180 183 186 191 196 200 206 207 209 213 214 216 231 233 237 240 241 247 249 
77 87 95 98 101 102 109 114 119 120 127 138 139 143 146 157 158 159 161 165 167 168 178 182 184 185 193 205 206 209 210 212 221 222 227 231 236 237 241 
44 84 86 87 89 94 95 96 99 104 107 114 119 120 122 124 132 134 137 139 141 149 153 154 157 160 161 163 165 167 169 179 180 183 186 188 189 191 192 195 196 197 202 206 209 210 213 214 215 217 219 221 222 225 233 234 235 238 243 245 246 247 
30 84 87 90 99 105 106 110 113 117 121 125 130 133 134 136 140 141 144 151 155 156 157 161 165 168 171 172 173 175 179 187 192 194 196 198 201 202 203 206 212 213 214 215 219 228 232 234 236 237 239 246 247 
7 164 174 181 239 241 
69 1 84 85 87 88 89 95 97 103 105 107 110 114 118 120 126 132 138 146 148 152 154 159 170 174 180 183 184 185 188 193 194 195 196 197 201 208 209 211 216 218 220 221 225 229 235 237 238 239 243 247 
69 84 86 87 89 91 92 93 96 97 100 103 110 111 114 117 119 120 121 123 124 126 129 130 131 132 133 136 137 139 141 142 143 144 145 147 152 154 162 163 166 168 169 171 173 177 180 181 187 190 191 196 197 200 203 205 208 211 214 215 219 221 224 230 238 239 241 248 
76 93 104 120 125 131 135 136 139 143 144 145 149 164 167 170 175 183 192 194 200 202 204 209 210 211 220 229 234 235 247 
18 1 85 91 95 96 100 102 106 108 118 121 123 124 127 131 136 137 141 142 144 147 151 154 156 157 158 160 162 165 169 173 181 183 188 190 194 196 197 202 204 205 206 207 208 216 217 225 226 227 229 232 234 236 238 242 
10 93 94 97 100 102 113 115 119 121 131 140 141 144 147 148 150 151 159 162 171 174 175 177 178 182 193 194 195 208 209 210 227 229 233 237 242 246 248 
69 85 89 94 96 98 115 118 122 123 126 136 142 145 146 152 156 163 165 167 173 174 175 188 196 213 222 225 229 230 237 244 245 247 
22 90 95 100 102 109 114 116 120 121 123 130 134 143 151 158 159 165 166 167 169 174 177 189 198 199 205 208 221 226 231 232 236 238 
39 1 84 86 90 91 93 98 100 102 109 112 113 114 118 121 124 128 131 132 133 137 143 144 147 151 157 159 162 163 171 174 181 183 186 193 195 200 202 203 204 205 206 209 210 214 220 223 224 226 229 233 235 236 237 240 246 247 248 
26 97 99 102 135 138 152 161 171 209 213 219 222 233 239 247 
20 94 110 153 160 178 183 206 213 232 234 237 240 
54 85 86 93 95 103 106 112 117 130 131 132 135 142 144 145 158 163 176 177 194 197 203 206 210 212 215 219 235 248 
16 84 86 91 95 103 104 109 110 117 123 127 130 131 135 140 143 145 154 158 160 164 167 168 176 181 183 189 190 191 192 193 194 196 200 201 204 206 208 210 217 228 231 234 235 244 246 247 
43 87 94 98 100 101 103 106 108 118 119 127 131 133 135 143 146 150 154 161 165 169 170 173 176 194 198 200 201 202 204 212 214 216 218 221 227 228 229 231 233 235 238 239 241 244 245 
35 1 84 91 93 95 96 103 104 109 110 115 119 125 126 142 148 150 156 158 161 162 163 164 165 166 167 168 172 175 177 180 182 187 188 195 199 200 205 206 207 212 213 218 220 221 224 231 232 233 236 241 243 249 
14 119 137 147 191 245 
69 1 85 87 88 94 96 98 99 106 117 120 123 126 132 133 138 143 144 147 149 150 155 157 159 166 168 171 175 182 185 186 187 193 196 197 198 199 201 203 205 208 209 210 212 223 227 229 231 237 240 246 248 
1 90 102 107 108 112 116 119 122 126 138 141 144 145 146 148 159 171 178 179 184 186 187 197 198 199 203 204 209 210 212 231 233 239 242 248 
43 90 94 102 107 111 115 122 125 128 131 132 141 142 143 153 157 159 162 165 167 168 169 170 174 177 178 181 183 186 190 193 198 199 201 202 206 209 210 211 218 220 227 229 232 237 242 243 246 247 248 249 
48 1 85 88 97 98 99 100 104 105 109 110 111 119 120 128 130 133 134 136 137 139 149 151 152 153 156 165 169 170 172 175 178 185 188 189 191 192 193 201 202 203 204 206 207 214 217 221 222 224 225 228 230 238 241 249 
36 86 92 99 114 118 123 124 132 141 148 154 160 170 184 185 186 189 194 196 202 205 206 207 212 213 214 221 224 227 228 231 232 236 239 244 248 
87 1 91 93 96 102 104 106 107 118 121 123 128 130 132 133 134 136 137 138 144 145 147 149 152 153 155 157 162 164 165 175 176 178 181 182 183 185 191 192 193 194 197 199 206 209 210 211 214 216 218 219 224 225 231 233 241 242 243 248 249 
95 1 85 95 96 99 100 102 106 108 117 119 125 126 129 130 137 143 145 147 149 151 154 159 170 171 172 176 185 187 188 189 190 192 195 196 201 203 211 216 218 225 227 228 238 241 242 246 
5 92 98 99 119 128 133 136 156 158 163 171 173 191 194 207 228 230 233 234 240 
31 88 94 97 107 114 124 125 140 151 188 204 217 222 227 233 
92 85 86 97 105 107 108 111 117 124 125 127 128 132 134 138 140 142 143 145 148 149 154 156 157 161 163 165 166 167 173 177 178 182 184 198 199 200 202 203 205 210 213 214 217 223 226 227 232 233 234 236 237 240 241 249 
41 93 95 100 109 110 116 119 122 125 135 137 138 144 145 147 150 156 158 160 163 177 179 180 182 183 185 188 192 193 196 197 198 199 202 208 212 215 218 224 225 226 227 230 240 242 249 
35 87 89 95 101 103 105 111 120 123 125 126 127 128 131 136 148 149 151 153 156 169 170 173 179 184 185 192 197 198 208 209 210 215 227 229 238 240 242 243 245 248 249 
2 89 93 97 98 99 101 105 107 110 120 122 125 134 136 141 147 148 150 152 153 157 158 159 161 165 166 168 170 171 173 174 175 177 178 183 185 189 190 193 194 195 200 202 204 205 209 210 211 212 214 217 219 220 225 226 229 230 240 244 245 247 
93 93 95 97 100 106 115 127 129 131 134 139 140 142 151 153 163 172 176 177 179 184 187 191 192 196 198 205 208 212 220 225 233 240 241 245 247 
46 88 91 93 94 97 98 112 114 115 123 124 132 135 150 155 159 161 163 166 172 175 176 177 179 186 190 193 195 197 198 200 202 206 217 223 224 230 232 233 238 239 
93 87 99 105 113 144 162 168 180 194 202 206 211 215 235 236 238 242 247 
65 1 136 173 247 
21 1 89 93 95 96 98 100 101 105 106 107 108 110 111 113 115 116 117 119 125 128 130 133 134 135 136 139 141 151 152 159 160 165 177 178 180 184 186 188 190 195 199 201 203 204 205 207 210 216 218 222 225 226 231 232 234 236 239 240 242 243 244 
55 86 91 99 103 106 107 117 125 127 128 132 163 164 165 168 175 187 198 210 216 231 
6 84 89 100 102 103 108 110 111 112 118 121 127 129 133 140 141 142 145 154 156 157 160 161 163 169 172 173 174 176 177 178 185 186 187 188 191 193 197 206 208 211 217 219 221 223 225 232 236 238 246 
100 1 84 85 89 93 97 99 106 110 112 113 118 120 121 123 124 125 132 136 138 140 144 145 146 148 153 156 166 167 168 169 171 173 174 177 179 186 188 190 191 195 197 207 208 214 218 223 226 239 240 
91 90 94 101 102 110 116 125 147 150 167 168 179 186 189 198 202 204 209 215 224 227 233 241 249 
76 85 94 104 112 117 128 129 138 145 156 160 171 176 177 189 190 195 204 209 212 228 240 
21 87 90 94 100 106 110 113 114 115 116 121 124 130 132 133 134 136 139 141 145 146 147 150 151 155 157 158 159 161 162 166 167 169 173 174 177 180 184 187 191 196 198 203 205 207 210 214 216 217 219 222 228 230 232 234 235 236 237 238 239 241 244 246 249 
35 1 86 92 97 103 109 113 114 115 128 129 132 136 137 138 141 144 146 147 150 151 152 154 158 165 169 170 171 173 175 177 178 182 194 200 204 205 207 208 213 214 217 218 230 235 236 237 248 
30 1 84 89 90 91 94 96 98 108 109 115 118 119 120 122 124 126 130 132 134 138 141 146 148 149 156 157 158 161 162 165 170 176 178 179 184 188 196 204 210 212 218 223 225 230 233 234 235 237 242 245 246 248 
92 86 94 99 105 106 108 119 121 126 139 142 151 156 172 190 194 200 201 212 
14 95 97 100 106 109 112 116 117 118 119 121 122 128 129 130 131 133 134 139 140 144 148 159 162 166 172 175 178 179 180 184 187 189 195 200 201 204 205 210 211 212 219 223 224 226 228 230 237 239 
31 84 91 116 124 148 180 181 198 207 220 222 225 229 
30 87 89 96 97 101 104 108 109 112 114 117 123 125 126 129 131 132 136 137 138 139 142 144 146 147 148 151 153 155 156 160 161 163 164 166 167 168 169 170 175 177 182 190 191 193 196 197 200 208 212 213 216 219 220 224 225 229 233 237 238 
92 1 84 85 90 91 99 102 106 113 114 118 123 125 140 144 153 156 159 160 163 165 166 168 185 186 190 191 195 196 197 206 209 215 232 235 241 242 
3 84 85 92 110 114 120 125 128 149 154 159 167 168 187 193 194 209 220 224 240 241 
55 84 85 96 105 108 114 120 121 123 126 129 130 136 139 142 143 149 157 163 168 169 172 176 178 179 181 182 185 195 201 203 211 213 219 220 221 223 233 235 242 245 246 
67 85 86 90 91 95 98 101 107 108 109 113 116 117 118 120 122 131 133 138 139 140 141 142 143 145 150 151 152 153 154 155 163 166 173 174 178 181 184 186 187 190 193 196 197 199 200 201 207 209 213 216 217 218 227 228 229 230 231 233 234 240 241 244 245 248 249 
45 85 87 88 89 93 98 100 101 104 105 106 107 109 116 117 118 120 123 124 125 126 127 128 129 131 132 138 139 141 144 146 147 149 152 158 161 162 164 171 173 176 177 178 179 183 186 190 192 196 201 204 206 207 208 213 215 219 220 223 225 226 228 229 236 242 246 
82 87 91 100 105 108 111 112 115 116 117 119 120 122 124 127 128 134 139 141 142 143 145 151 154 155 156 159 160 161 163 164 165 166 168 169 170 172 173 174 176 177 178 181 182 187 190 196 197 200 201 202 206 213 214 228 233 241 242 246 
16 1 85 88 91 96 99 100 102 106 108 110 111 113 119 123 130 132 133 136 141 142 143 144 147 148 149 151 154 155 156 160 165 173 176 177 179 180 182 192 193 194 195 199 200 210 213 221 227 229 232 234 237 238 240 243 244 247 
5 91 95 97 99 100 103 104 105 106 107 108 111 114 118 119 121 125 129 135 142 143 148 149 152 155 156 157 158 160 161 162 166 168 176 179 180 181 182 184 185 189 194 198 199 201 203 220 224 225 229 237 239 244 
79 84 96 123 124 157 166 174 191 192 210 216 243 246 
92 84 86 93 102 103 105 111 113 121 124 131 135 140 146 147 149 155 161 162 168 171 173 174 181 184 185 186 190 191 193 194 201 204 213 217 218 219 221 222 230 242 245 247 
40 85 88 92 103 104 106 107 134 139 140 151 155 157 171 179 180 195 212 217 220 234 
25 85 89 91 95 96 100 101 102 106 110 123 130 138 139 141 142 145 152 153 154 157 160 161 163 165 166 167 170 171 175 176 179 184 188 195 207 210 216 218 221 235 244 245 
34 1 84 86 91 93 96 99 107 109 112 123 124 129 134 143 150 152 157 163 164 170 171 173 174 179 182 183 184 189 193 194 196 199 204 205 207 208 214 219 225 231 233 237 243 246 
83 1 84 85 86 90 91 93 94 100 105 112 115 117 126 129 131 145 148 151 153 154 155 156 162 164 165 170 177 179 180 185 187 190 191 192 200 201 204 213 218 219 220 225 226 227 230 232 235 236 237 240 242 248 249 
65 89 96 133 150 171 182 187 195 208 215 225 230 231 235 239 
22 85 86 87 88 90 97 98 102 105 107 114 115 120 131 133 137 141 149 150 153 154 155 157 158 164 165 166 167 171 173 174 177 179 181 182 185 186 189 191 194 199 204 209 213 219 220 222 230 232 233 234 238 242 243 246 247 248 
79 89 90 93 96 99 104 106 108 112 113 118 119 122 124 126 130 137 144 153 154 155 156 159 167 170 172 180 183 184 189 196 197 198 205 208 212 215 217 221 223 229 231 233 242 244 245 248 249 
87 1 92 123 135 137 153 154 159 164 166 174 175 176 178 185 186 189 191 198 201 206 207 209 216 217 221 231 236 240 244 246 247 
98 84 91 98 107 115 134 137 211 
86 106 110 112 115 118 120 124 125 130 145 152 163 165 167 175 176 186 199 203 208 213 220 225 229 231 236 240 243 244 
79 90 111 114 135 150 184 247 
94 1 88 89 91 97 98 102 103 104 109 112 116 117 118 120 122 124 127 131 132 133 138 140 141 145 150 152 158 159 160 166 169 171 174 177 179 180 186 189 193 196 197 198 199 201 208 209 211 215 216 217 218 219 221 224 228 230 237 239 240 241 244 245 246 248 249 
54 86 88 94 96 97 100 101 103 106 109 111 115 116 117 118 121 122 123 126 129 130 132 133 135 138 140 145 149 152 153 158 159 165 166 175 177 180 185 191 197 203 204 205 208 209 210 212 215 216 218 219 221 223 226 229 230 232 234 235 236 243 247 
12 86 97 103 107 112 126 130 133 134 137 145 152 157 164 167 176 177 178 180 182 190 195 200 201 204 210 224 227 230 231 235 240 241 245 
3 90 93 98 100 106 108 110 117 122 124 127 135 136 137 139 140 145 153 161 162 167 169 174 176 177 180 182 184 189 200 206 216 219 223 230 234 242 243 246 
16 124 203 214 
94 167 
74 91 92 95 97 102 105 114 115 116 127 130 133 134 136 137 141 143 146 147 149 150 162 164 165 166 167 168 170 172 182 187 190 193 195 197 198 200 202 209 211 221 222 228 231 236 237 238 240 241 244 247 248 249 
88 97 100 107 114 128 133 140 142 149 155 159 161 164 169 183 187 188 198 199 203 211 226 233 237 238 243 247 
25 92 93 107 112 118 123 124 130 131 133 155 161 164 170 174 188 195 211 214 223 227 232 236 239 
96 84 86 97 103 106 116 118 121 123 135 137 144 149 150 151 152 154 156 158 160 173 174 176 178 186 188 190 192 198 199 200 205 206 209 210 215 223 225 228 237 242 246 248 
13 85 92 98 101 103 105 109 116 117 119 124 125 129 133 139 141 159 162 164 170 171 179 181 199 206 214 219 221 222 225 227 233 234 239 246 248 
69 86 150 194 210 213 223 230 247 
46 87 88 93 98 100 101 102 115 116 120 126 128 133 135 137 140 145 146 151 152 156 158 159 161 162 166 169 174 175 178 179 184 189 190 191 195 196 200 201 202 206 208 210 212 219 221 222 228 234 236 240 241 245 248 
1 84 85 89 90 92 93 94 97 98 100 105 108 112 117 122 137 138 139 144 145 155 156 157 165 167 168 169 170 172 174 175 180 181 185 188 190 192 198 199 207 210 212 214 218 224 227 232 236 244 247 249 
75 91 103 109 112 114 115 119 122 123 126 129 136 144 149 154 157 158 163 165 178 183 185 188 191 197 205 208 214 220 222 226 229 231 232 233 234 237 238 243 247 249 
87 87 107 109 110 114 119 120 126 138 139 145 151 158 181 184 189 204 231 
27 84 85 91 92 95 100 109 110 111 121 127 131 135 140 143 148 154 159 167 168 176 177 180 181 183 185 189 191 192 193 199 200 202 205 216 217 220 226 231 232 240 244 245 
39 89 91 92 101 106 110 116 117 128 142 143 147 150 153 158 160 164 167 171 181 183 184 198 210 221 224 229 238 239 
84 84 90 98 102 103 106 111 113 117 123 125 127 131 133 134 138 145 147 151 154 166 167 171 176 177 184 185 186 188 191 194 195 198 200 204 205 207 208 209 220 224 226 229 245 247 
53 85 86 95 97 99 102 106 107 112 113 118 124 129 130 132 138 142 143 144 148 149 152 153 155 157 160 161 164 165 171 174 176 177 178 181 186 188 190 196 197 198 200 210 211 212 213 223 227 229 230 231 236 237 239 240 245 249 
93 85 86 90 92 98 99 103 107 109 112 115 117 121 122 123 124 136 138 148 150 154 162 164 167 169 175 177 178 195 199 200 201 210 237 240 243 246 247 
23 84 86 88 90 93 94 95 96 97 98 102 103 104 105 106 107 108 111 115 117 118 119 122 124 128 129 131 132 139 140 142 147 153 155 165 166 170 171 174 177 178 179 180 187 191 194 195 199 204 209 210 211 217 219 222 223 232 233 236 237 240 242 243 247 
100 145 247 
21 90 92 94 95 97 101 103 106 108 132 135 141 144 145 149 156 159 165 167 174 176 182 187 198 199 218 220 224 228 231 232 233 236 238 239 240 
98 90 94 103 108 115 116 120 126 133 139 146 149 150 165 166 171 175 184 200 206 207 210 213 232 244 
86 88 96 98 100 101 103 107 113 114 116 118 121 122 125 131 134 135 136 144 146 149 150 151 153 154 155 156 157 158 159 160 170 171 176 178 179 180 185 186 187 195 196 200 204 207 213 215 216 225 226 227 230 231 236 237 244 248 249 
7 87 88 95 100 104 105 111 112 115 121 122 125 127 128 129 136 138 151 172 173 175 179 182 184 187 189 193 194 195 197 206 208 215 216 217 226 229 232 237 241 242 243 245 
99 1 84 86 88 93 95 97 100 102 104 109 110 111 113 115 117 121 122 125 127 130 134 137 143 145 149 150 156 163 164 166 168 172 177 179 180 182 186 199 201 202 203 207 213 215 217 219 220 221 223 224 226 227 229 232 233 237 241 242 244 248 249 
32 85 87 90 91 94 100 103 119 120 123 126 131 138 141 143 149 150 154 157 161 162 164 168 171 175 180 186 191 194 202 203 207 211 213 215 219 226 230 231 243 245 247 
87 89 91 93 95 100 101 104 105 107 111 116 118 124 131 135 136 143 145 148 151 168 170 176 186 206 210 227 231 235 244 246 
41 84 86 93 96 104 106 108 111 113 118 124 128 129 130 132 133 136 139 154 155 157 158 161 166 167 169 170 171 172 183 184 186 188 189 194 195 199 202 206 207 210 212 213 214 216 219 220 222 225 226 228 234 235 237 238 240 244 245 
43 90 97 106 113 119 134 137 142 145 147 166 167 188 206 209 216 217 232 244 245 
83 84 87 89 90 93 100 114 122 123 133 134 136 138 140 142 147 150 158 159 163 165 167 169 177 179 185 190 198 214 219 222 225 228 242 243 249 
23 1 84 87 88 89 90 91 95 102 103 110 111 115 129 136 137 139 142 146 149 152 159 162 164 166 168 171 172 183 184 188 194 196 200 203 204 205 213 221 223 224 225 226 227 229 237 240 246 248 249 
100 87 94 95 97 98 99 101 102 108 113 117 119 121 122 123 132 133 135 137 141 146 150 154 158 162 164 167 172 175 176 178 190 194 199 203 208 212 214 216 218 220 221 222 226 230 242 243 246 247 
55 85 86 89 93 98 100 102 103 111 112 114 115 117 118 119 121 122 123 124 126 127 128 129 130 133 136 139 140 144 145 155 159 160 161 162 164 166 171 172 178 182 186 189 198 199 201 203 204 207 209 211 213 217 226 230 231 232 233 234 236 244 245 247 
89 125 140 142 146 165 166 170 183 201 228 
66 86 87 97 106 116 136 143 144 148 181 188 191 201 211 212 214 216 227 232 237 245 246 
22 87 92 95 98 99 100 104 110 111 112 113 115 116 120 133 142 143 144 146 148 150 151 153 155 157 158 159 164 171 173 176 177 181 184 196 199 203 212 213 218 219 223 227 246 249 
92 1 85 105 111 113 114 118 135 138 143 159 165 167 178 179 181 183 187 196 206 216 228 237 245 246 
24 88 89 90 91 92 97 98 99 107 112 113 114 118 120 125 127 131 135 136 138 143 146 148 151 156 160 162 168 169 173 176 177 180 181 188 195 198 199 204 209 218 219 221 222 225 233 237 240 241 242 243 244 
18 85 86 89 92 93 95 98 99 100 101 104 106 114 119 122 126 129 133 135 136 141 142 145 147 148 149 156 157 161 162 163 167 171 180 187 188 194 200 202 203 204 207 211 217 218 219 222 225 228 229 233 237 238 242 245 249 
74 1 84 85 88 89 90 91 95 99 109 112 113 114 115 116 125 126 129 131 133 135 137 138 144 145 148 149 150 153 155 160 161 162 165 167 172 178 179 184 188 190 194 200 204 205 206 210 211 213 214 218 221 223 224 227 228 230 234 236 239 240 243 247 249 
29 1 94 96 98 100 105 106 109 111 113 115 126 130 145 149 166 169 170 177 178 182 185 188 190 194 201 210 212 219 231 232 235 242 243 245 
87 86 89 92 93 129 168 184 197 207 213 222 227 230 238 
81 96 98 99 105 150 161 185 191 203 205 215 217 238 
33 90 103 105 107 136 141 148 153 162 166 172 178 235 248 
93 1 85 87 90 107 114 115 116 123 124 128 132 135 137 138 139 140 148 149 150 154 169 174 177 192 202 203 208 214 215 218 222 225 226 233 237 243 
79 1 98 105 109 113 118 126 149 155 166 170 180 192 199 205 213 225 228 235 
38 88 92 101 102 106 107 109 113 117 123 126 132 133 135 147 150 152 156 160 163 164 165 168 170 176 186 190 192 195 201 204 205 219 221 227 239 244 248 
11 94 96 99 100 107 111 113 114 119 122 126 130 134 135 144 145 147 156 165 176 181 185 201 204 211 213 214 215 224 229 230 232 233 239 243 244 246 
69 84 85 92 106 110 120 122 136 137 138 145 174 183 207 208 214 217 219 224 225 228 229 232 243 
68 136 
78 91 102 121 124 134 135 157 161 184 189 199 200 206 209 210 214 216 219 231 232 237 240 
48 93 97 122 132 153 159 191 245 248 
60 1 85 90 91 96 97 99 102 105 113 117 126 133 139 140 142 143 146 147 150 151 152 155 158 159 160 163 169 172 177 181 185 189 190 191 197 199 201 203 212 213 214 215 217 221 222 224 225 226 227 230 231 234 237 238 239 240 243 247 249 
19 1 101 108 114 117 121 122 130 145 148 149 156 161 162 164 165 177 183 204 213 232 240 243 
8 87 91 97 104 110 115 117 119 120 121 138 143 157 162 164 166 175 178 179 189 196 216 221 222 223 228 229 233 241 246 247 
87 1 88 89 91 93 100 107 110 111 119 121 122 142 149 152 156 159 162 164 170 176 180 183 185 189 192 200 217 224 226 228 237 238 239 240 242 245 
38 87 88 109 111 118 127 129 138 139 145 152 157 160 163 165 171 174 181 185 187 191 194 200 211 221 225 231 245 248 
54 84 88 98 102 109 112 114 127 133 134 145 149 150 159 165 167 168 179 183 189 191 194 197 203 205 208 212 213 227 228 230 231 233 236 242 244 247 
57 85 86 88 92 93 94 100 102 104 106 107 111 112 118 119 120 121 123 124 126 127 129 130 131 132 140 141 144 148 149 152 153 165 166 167 171 174 183 185 188 190 191 201 203 205 207 212 213 214 217 218 231 232 233 235 237 239 240 242 244 
65 1 89 94 95 96 100 107 111 113 117 118 124 125 131 133 138 140 141 145 148 149 150 151 153 154 155 157 159 163 167 168 176 182 183 184 186 189 195 196 198 199 201 204 206 207 211 212 217 224 226 227 229 233 237 238 242 244 
49 1 91 96 99 100 103 111 113 114 117 118 119 123 127 128 136 138 140 142 147 149 157 158 161 162 163 165 166 168 170 171 175 179 181 184 185 188 192 195 197 215 217 222 226 227 230 232 233 234 236 237 241 244 245 246 247 
75 19 25 54 31 13 82 30 75 28 14 5 86 40 26 51 43 88 13 54 74 60 38 18 10 19 29 25 45 2 56 24 77 6 77 69 5 33 3 59 43 1 46 76 9 96 99 95 57 48 2 64 62 55 87 71 31 24 78 79 14 31 40 10 61 11 90 70 23 75 23 91 61 27 7 24 64 85 74 98 37 9 99 65 93 80 58 32 45 14 32 42 76 40 36 14 80 2 28 65 65 2 3 26 51 47 86 49 72 28 36 29 13 15 9 54 3 13 71 97 79 5 92 72 11 14 97 11 69 38 50 97 79 57 88 9 25 35 17 91 57 16 7 63 3 20 56 56 4 57 91 49 51 80 67 20 16 89 59 41 66 42 47 34 20 36 18 21 70 23 36 71 7 35 17 74 5 73 57 22 65 5 69 92 65 52 100 95 49 4 60 18 74 85 95 64 73 56 4 96 83 50 71 20 33 79 92 1 37 64 45 76 53 85 94 65 81 88 96 27 9 83 41 64 54 85 22 95 10 81 27 68 25 11 53 5 55 32 42 51 49 34 82 84 68 12 41 53 84 
