168 252
46 1 85 86 91 100 102 104 106 109 110 114 115 120 128 130 131 132 138 139 140 146 148 149 153 156 158 159 165 168 169 174 175 193 196 197 202 205 208 211 215 219 223 224 225 227 231 233 237 238 240 243 245 246 251 
14 1 93 104 106 113 114 115 116 121 130 132 142 144 153 175 176 183 187 199 206 215 217 225 233 
98 90 106 145 164 168 176 189 193 200 211 223 233 236 
11 85 88 93 96 99 102 104 115 116 118 119 121 123 129 131 132 133 145 159 160 161 163 164 166 169 170 171 172 174 178 179 181 185 186 187 188 189 190 193 194 200 203 207 210 211 214 216 219 220 221 230 232 238 239 242 244 245 250 
17 112 118 119 123 145 167 178 188 191 200 239 241 248 
2 1 90 91 92 93 100 102 104 105 106 108 109 111 112 113 117 118 119 120 121 122 125 129 134 135 138 143 153 158 159 161 165 167 172 174 178 179 180 181 185 186 188 189 195 202 204 205 208 215 218 219 223 234 235 236 239 242 247 248 
43 85 86 90 91 92 101 110 112 113 117 121 122 123 131 132 133 140 143 147 151 156 158 159 161 169 171 178 180 182 183 184 189 193 198 199 200 204 206 208 211 227 232 233 236 240 241 242 243 244 245 246 251 
26 87 91 102 107 111 114 116 121 122 126 129 133 134 137 138 140 141 142 145 147 148 149 151 157 160 171 176 178 180 181 184 187 188 191 196 197 199 204 205 207 208 210 211 212 220 226 227 228 230 233 239 241 243 244 248 252 
72 85 98 102 116 130 137 149 168 191 197 198 204 206 216 221 226 231 234 236 246 249 
16 1 95 98 101 105 109 111 112 114 127 134 136 147 148 150 151 153 154 155 157 158 159 167 176 177 180 182 184 186 198 202 206 212 213 216 221 222 227 234 237 240 243 244 
65 92 95 99 102 107 108 112 113 115 124 129 133 145 160 163 167 168 171 172 189 195 198 201 211 213 215 217 220 229 238 240 242 250 252 
66 85 89 95 102 110 118 137 171 205 210 238 250 
41 85 86 87 89 98 102 104 106 110 111 114 126 131 132 134 135 137 138 143 146 147 157 167 168 174 176 185 189 193 198 201 203 204 214 222 226 248 
48 89 91 94 97 99 100 104 105 107 111 120 122 132 134 135 136 142 143 145 156 164 168 171 173 180 186 189 193 199 203 207 213 220 223 224 241 243 244 250 252 
33 1 86 91 92 94 97 99 111 113 117 118 120 121 122 123 125 131 133 139 141 143 149 150 154 158 163 167 170 174 178 181 182 183 191 192 199 210 214 217 218 220 222 225 228 233 234 240 241 249 250 
52 1 106 122 130 141 192 237 
3 1 85 90 91 92 94 95 99 101 105 106 109 110 111 114 120 121 122 125 128 135 142 143 148 149 151 156 161 162 170 172 178 180 181 186 188 190 191 196 197 201 202 206 212 213 216 219 224 225 228 233 238 239 241 242 243 246 247 249 251 
2 1 86 88 93 96 98 104 107 110 111 113 116 117 120 121 123 124 129 132 134 136 140 141 142 143 144 145 146 149 150 152 154 159 160 161 163 165 167 168 175 176 177 187 188 193 195 198 199 200 201 206 207 214 215 218 221 224 225 226 229 232 236 237 246 251 252 
98 1 85 89 90 93 102 112 123 124 135 156 169 172 177 187 190 211 215 219 221 224 233 241 243 247 251 
14 1 88 91 92 93 95 100 101 103 104 105 107 112 119 121 122 129 130 136 137 138 140 142 146 147 151 156 158 164 166 167 169 170 172 176 179 181 188 190 196 199 201 205 206 207 209 211 212 213 216 217 218 222 225 228 229 232 233 238 244 245 246 248 249 
65 86 92 94 96 97 98 104 105 106 109 114 116 118 122 124 126 127 132 135 136 139 145 148 151 152 153 156 157 158 159 160 164 165 166 172 173 174 176 177 179 185 187 189 190 193 195 197 200 202 204 208 210 211 214 221 222 229 233 237 240 241 242 244 246 247 248 249 252 
59 1 88 90 92 95 97 98 99 100 103 106 110 112 121 122 125 132 135 136 137 140 143 145 148 150 153 155 161 162 163 164 165 166 167 169 172 177 178 180 184 185 186 188 189 190 192 195 198 204 205 206 208 211 212 221 223 225 238 246 252 
7 90 91 95 98 100 103 104 114 118 127 134 135 137 140 142 143 150 153 154 155 159 163 167 169 170 180 182 183 185 198 204 208 214 215 217 219 226 230 234 236 244 246 247 252 
30 86 89 97 98 99 100 102 109 111 118 126 130 135 137 140 143 148 149 150 153 159 162 164 167 168 169 172 173 175 177 182 195 196 199 200 203 204 205 209 213 215 216 217 225 226 234 236 237 238 242 244 248 250 
33 94 96 113 125 133 147 152 166 168 176 192 203 207 209 213 234 238 243 244 
62 103 170 195 200 202 211 217 
95 1 87 90 91 94 95 102 103 105 106 108 109 118 124 125 129 132 136 137 139 144 145 151 152 154 156 160 166 170 172 182 188 190 203 210 218 226 231 235 240 246 249 251 252 
27 88 93 96 99 103 108 109 118 127 132 134 140 141 142 146 159 171 175 180 191 205 206 212 216 219 220 221 225 227 236 242 243 244 252 
18 86 93 96 112 131 142 144 159 175 189 199 212 222 246 251 
97 1 85 86 89 90 91 92 94 95 96 97 104 106 110 113 117 123 124 126 127 128 129 132 138 143 148 153 154 157 160 164 166 167 174 178 179 180 181 183 184 186 189 191 196 199 203 208 214 219 220 226 227 228 229 232 233 235 236 239 243 246 249 251 252 
5 85 87 91 93 95 101 102 104 105 106 110 112 113 117 120 125 129 131 138 141 145 146 148 159 161 164 165 167 177 182 184 188 200 204 207 212 213 214 219 223 224 228 234 238 240 244 245 246 248 250 251 
70 147 
91 92 94 97 100 102 103 104 107 110 121 126 129 137 138 141 144 145 147 148 149 151 152 156 157 159 161 164 178 180 182 183 185 188 189 192 195 197 201 205 210 219 223 226 227 230 231 233 234 237 249 
26 86 87 90 91 93 94 95 96 97 98 105 109 112 113 116 119 122 127 130 135 136 141 144 147 148 149 150 151 156 159 166 174 175 177 182 184 186 187 188 190 192 194 198 199 203 205 209 213 214 217 220 223 226 238 239 241 243 247 249 251 
46 89 93 100 102 103 104 106 116 119 120 122 134 142 145 156 159 165 171 177 179 187 190 200 204 206 208 222 225 230 236 244 
45 1 88 93 94 95 97 99 102 105 114 117 120 124 131 133 135 137 139 141 151 154 155 161 165 168 170 171 172 174 175 176 177 178 180 184 185 189 192 197 200 215 216 217 218 220 229 231 232 238 242 243 244 
94 91 92 94 95 96 98 102 105 109 114 115 116 117 126 128 135 140 146 150 151 152 153 155 156 159 160 162 163 166 168 173 180 182 195 201 205 206 207 208 210 211 212 217 219 221 222 225 238 249 251 
74 195 225 
6 114 121 130 156 180 181 192 195 198 226 246 
64 1 85 86 90 93 96 97 104 107 111 112 115 117 118 119 121 123 127 128 131 132 133 134 136 139 141 143 149 150 155 160 164 165 169 170 171 174 176 177 178 179 180 182 188 189 190 194 196 199 200 201 203 206 209 213 216 220 225 226 230 234 235 237 242 244 245 247 249 250 
78 1 88 89 106 109 117 119 120 121 127 131 132 134 143 145 149 151 156 160 169 173 175 179 181 196 199 201 207 210 212 226 228 230 240 241 242 245 
37 1 94 99 101 102 105 107 108 115 121 123 125 134 138 139 140 146 150 154 160 164 167 168 169 173 176 179 187 190 191 194 198 201 202 203 211 213 214 220 221 227 228 233 237 241 244 246 248 250 252 
36 90 96 99 101 103 107 109 112 117 118 120 123 136 143 146 151 153 155 156 158 161 164 173 175 176 178 179 181 185 186 189 190 200 202 203 206 208 209 213 214 216 217 222 223 224 225 227 229 232 237 245 247 249 250 
52 89 94 95 96 97 100 101 102 106 109 118 119 126 128 130 131 135 136 142 144 149 152 154 156 158 160 163 164 171 174 178 180 181 182 183 190 193 205 206 212 213 219 220 222 225 232 234 235 241 243 244 247 
47 1 90 92 93 101 104 113 116 124 125 127 131 132 135 140 152 156 162 163 167 171 174 176 185 187 190 191 195 202 203 208 212 213 223 225 237 240 241 246 249 251 
95 85 86 89 91 92 93 94 95 104 105 108 109 111 114 115 116 120 121 124 128 129 130 132 136 139 141 150 152 159 160 164 165 169 171 173 178 180 183 186 188 189 190 195 197 201 202 203 208 209 214 217 219 223 226 228 231 233 235 237 238 240 242 245 247 249 250 251 
82 86 89 90 93 98 102 103 105 106 108 109 115 121 123 125 127 128 132 135 141 145 152 153 157 158 162 163 166 167 170 171 179 180 188 192 193 194 200 201 204 213 218 220 222 227 228 236 240 241 245 247 249 252 
49 118 155 168 207 218 222 231 239 
18 1 86 87 95 99 102 103 108 109 110 111 113 115 121 122 124 128 129 135 139 141 143 144 146 148 149 150 151 154 158 159 160 163 164 171 173 177 182 189 195 197 204 207 215 216 217 221 223 226 230 232 234 246 247 252 
90 1 85 87 89 102 104 105 110 111 116 119 120 128 132 138 142 149 150 155 156 160 169 171 173 177 180 182 184 186 189 194 195 200 202 207 208 222 223 225 226 231 232 233 234 235 241 243 244 245 247 
61 85 86 90 91 92 95 96 98 103 104 109 110 111 118 123 124 136 139 140 142 145 149 153 154 159 168 179 182 189 191 209 212 213 220 221 222 224 227 230 235 239 244 247 250 251 
63 1 88 94 101 105 115 117 123 126 131 134 136 137 138 141 143 145 146 147 148 150 153 156 158 168 170 174 175 180 182 183 185 186 187 192 195 197 201 202 205 206 211 219 222 228 232 235 242 250 
78 87 90 94 97 110 118 127 129 140 142 144 145 148 149 157 168 181 190 191 200 213 250 
52 91 93 94 95 96 97 108 112 115 119 121 122 128 129 131 139 146 154 156 162 167 172 177 178 180 187 193 197 206 208 210 214 215 221 223 225 232 234 235 237 241 243 246 
87 1 89 93 94 96 97 98 99 103 109 110 114 123 126 127 132 134 135 140 141 143 152 155 157 158 163 164 175 176 177 181 183 189 190 195 197 201 203 205 208 209 211 213 214 217 218 220 222 223 230 231 237 240 245 247 251 252 
30 90 91 97 104 112 115 120 123 128 129 133 134 141 145 150 153 157 160 162 165 166 173 176 179 185 186 191 198 199 201 204 205 216 222 227 235 236 241 243 244 245 248 
66 93 102 111 117 131 133 156 193 207 220 225 230 234 
21 107 166 173 182 207 244 
71 85 90 96 108 110 118 122 127 131 134 136 142 147 148 150 152 154 156 165 168 170 176 183 184 189 196 199 207 210 215 216 220 223 227 233 234 248 249 
80 1 102 115 130 137 141 147 148 151 154 155 157 162 169 170 176 182 183 187 189 195 198 201 202 208 211 217 219 225 241 249 250 251 
98 88 94 95 102 105 106 109 110 117 122 123 135 136 140 143 144 152 153 159 160 163 164 168 170 181 187 190 196 198 201 205 211 214 215 217 218 219 225 226 229 236 240 242 249 251 252 
63 87 92 94 96 98 101 104 105 109 111 114 120 128 130 133 134 140 146 153 154 158 165 170 183 186 188 189 190 193 196 207 211 214 225 229 230 232 233 242 249 250 
57 120 136 137 158 179 190 
59 92 100 110 114 129 132 135 150 193 199 204 218 222 223 232 239 240 244 252 
48 117 153 177 201 229 230 233 251 
39 1 87 90 96 104 109 113 116 120 121 124 128 130 134 135 140 146 147 151 153 154 155 157 162 163 169 171 176 181 185 187 188 189 190 192 194 198 199 202 203 206 209 210 211 212 217 219 224 225 229 233 234 237 238 240 241 244 245 248 249 
97 85 86 88 89 90 92 95 96 101 104 108 109 110 111 113 117 118 121 124 129 131 134 136 137 142 145 146 147 148 149 158 167 169 172 173 176 177 183 184 186 187 189 191 192 193 195 196 197 198 200 207 208 210 211 213 220 224 227 230 234 235 236 241 247 250 
19 86 89 91 92 94 95 98 100 121 123 124 129 132 134 135 142 148 152 155 165 167 172 173 176 177 178 180 181 185 186 190 191 192 203 205 213 219 220 221 222 224 230 232 237 238 239 241 
84 122 125 129 135 165 176 188 194 230 234 
99 109 129 136 159 166 175 176 204 214 219 225 229 235 238 246 247 251 
4 86 99 102 104 108 123 130 133 155 161 166 169 208 237 
3 1 95 101 119 120 124 125 126 129 144 148 161 177 182 185 195 196 198 205 209 210 216 223 225 227 230 238 239 242 246 
63 86 92 93 96 100 103 105 109 117 118 137 142 143 144 145 146 149 152 156 158 160 162 171 172 178 179 180 182 183 184 191 194 195 209 212 220 222 225 226 227 228 229 235 240 241 245 252 
4 1 85 86 95 98 99 103 104 107 109 110 112 117 124 125 129 136 139 142 143 144 145 146 149 150 151 153 159 163 164 169 172 173 175 179 181 182 185 188 190 195 201 202 204 213 215 219 220 222 225 227 231 232 233 234 239 241 242 249 
56 86 94 99 101 108 110 118 123 132 136 143 158 169 192 193 197 199 212 232 236 250 
43 1 86 90 91 92 94 95 96 97 99 100 103 105 112 114 119 124 126 136 137 138 141 143 146 151 152 154 157 161 162 166 168 171 173 183 185 187 194 198 209 213 214 218 220 224 227 234 235 236 237 239 243 247 248 251 252 
63 86 103 104 105 107 111 112 121 127 130 133 140 143 145 147 156 158 160 162 164 176 177 178 180 187 189 190 202 204 205 210 215 216 222 235 236 238 242 243 247 
92 88 92 96 102 103 104 107 110 113 116 119 123 126 128 131 136 138 140 142 143 145 149 154 155 156 160 164 165 171 177 181 189 193 196 200 201 208 210 211 218 225 228 236 238 241 244 248 250 252 
71 95 97 98 103 104 106 107 112 115 117 118 123 124 126 127 133 146 147 152 155 161 169 175 179 180 186 187 194 197 199 201 206 209 225 226 230 232 236 239 241 242 245 247 248 
58 96 102 110 129 146 150 151 157 159 160 165 173 193 208 219 232 238 240 
11 88 91 96 103 105 106 111 117 119 131 132 144 145 155 161 162 165 166 167 171 177 186 191 207 210 214 219 223 224 226 231 232 
94 85 86 88 89 90 91 92 98 102 104 105 106 113 118 119 120 125 127 133 134 136 137 141 150 154 162 163 164 165 168 169 173 174 175 176 177 180 182 188 195 197 198 199 203 205 206 209 210 213 216 219 221 224 230 231 234 236 238 239 243 244 250 252 
5 105 139 142 148 151 157 159 186 201 224 235 
69 90 91 94 100 102 103 111 112 118 120 131 133 134 150 156 172 174 178 185 202 203 223 225 231 238 240 252 
98 89 96 97 98 135 169 173 184 220 222 225 248 250 
54 103 154 186 200 208 
88 85 86 92 94 95 97 104 106 109 110 111 117 118 126 127 129 133 136 138 139 142 143 150 151 155 156 159 164 165 166 167 168 170 172 174 176 177 180 184 187 188 190 192 197 202 203 205 210 212 214 216 218 224 227 229 230 237 241 242 
19 86 93 100 101 106 107 108 109 110 112 115 116 125 129 131 138 141 147 151 152 159 163 164 169 173 177 181 187 189 199 201 207 217 219 229 236 237 238 249 251 252 
6 85 91 99 107 108 109 110 113 114 115 118 121 122 123 127 132 136 137 139 142 144 146 148 150 151 152 153 155 158 171 172 173 177 184 185 186 199 201 202 204 207 208 212 214 215 216 218 221 231 233 240 241 245 
52 89 90 91 94 98 99 105 108 112 114 115 116 117 121 122 124 126 127 128 134 140 151 152 155 156 158 159 161 163 166 167 170 172 173 175 178 180 182 190 195 199 205 209 210 212 213 214 215 216 219 225 227 228 233 234 235 236 241 243 245 246 247 251 252 
23 105 118 119 122 150 163 173 175 179 181 194 197 198 202 207 210 220 223 240 
47 1 86 91 96 98 106 111 117 122 132 145 147 148 149 150 151 153 154 159 162 163 170 172 177 185 191 193 197 202 205 207 208 209 210 211 219 220 221 231 233 241 242 244 246 252 
9 85 86 89 91 93 94 96 97 99 103 108 109 110 114 116 122 125 126 129 134 135 136 137 138 146 147 149 160 162 163 166 169 170 175 177 178 179 185 187 188 189 191 192 195 196 197 198 199 202 205 207 211 212 216 219 221 223 225 227 228 234 236 239 240 241 242 244 245 246 
76 87 89 90 95 102 103 106 108 111 113 114 115 120 125 126 127 128 130 132 135 136 140 143 145 146 148 150 153 159 162 163 166 168 169 172 176 177 179 180 181 182 187 191 199 208 210 212 214 218 219 220 234 235 238 239 240 242 252 
11 86 89 91 98 101 113 115 118 119 120 123 129 131 137 140 142 143 146 147 152 156 165 169 173 182 185 188 190 194 198 200 202 204 206 207 210 211 212 214 218 219 221 225 230 234 239 240 244 249 
29 86 87 94 96 113 114 116 118 119 120 121 124 126 128 132 146 149 150 151 156 160 161 165 166 168 171 172 173 174 175 179 182 184 185 186 187 190 191 192 194 202 206 210 213 214 215 218 220 222 224 226 227 231 232 233 235 239 240 241 242 244 245 250 252 
80 85 89 92 95 96 97 100 106 107 110 113 114 119 121 127 129 133 140 141 143 145 146 148 149 151 156 158 159 160 161 162 165 166 168 172 174 175 178 180 185 188 189 191 192 195 199 202 205 206 207 219 222 223 224 225 226 228 231 239 240 242 246 247 248 249 
45 85 93 95 96 97 99 105 106 109 116 117 122 131 132 138 140 142 149 151 152 153 156 157 162 165 168 172 173 174 176 181 183 184 186 187 188 190 192 193 194 195 197 203 206 207 208 213 214 216 217 224 226 231 232 239 240 244 245 246 248 249 
93 90 91 106 119 125 130 152 153 162 164 179 197 201 204 209 221 247 
24 91 112 121 124 138 143 156 170 174 176 189 239 249 
80 85 88 91 119 126 129 136 138 142 162 172 183 189 196 198 200 211 221 234 246 249 252 
98 1 85 87 92 93 97 101 103 106 111 116 121 126 128 129 133 134 137 141 143 146 149 151 153 154 156 159 162 163 168 169 171 172 178 184 185 187 190 191 192 194 196 198 201 202 204 210 211 212 215 217 219 220 222 224 227 229 236 237 242 243 251 
14 95 101 138 156 163 185 188 192 194 220 239 
89 92 97 101 107 110 113 115 116 125 126 133 138 139 141 142 143 148 150 153 154 155 156 163 164 166 176 177 191 201 213 214 215 217 218 220 223 229 230 237 242 246 247 248 251 
88 86 89 99 102 109 115 119 120 125 133 134 139 149 151 155 156 159 160 170 178 179 190 195 201 209 210 212 213 215 217 223 224 228 229 233 239 240 241 244 245 248 250 
4 85 86 89 91 95 99 102 103 107 109 110 114 115 117 118 121 122 124 126 128 132 142 143 144 145 146 148 149 152 154 162 163 166 169 170 174 178 179 180 183 188 189 190 193 202 204 206 207 208 210 214 217 220 224 227 228 229 233 237 240 246 248 250 251 
96 89 91 92 95 97 100 101 102 108 109 110 111 115 119 120 126 128 129 132 135 142 149 152 155 165 167 168 176 177 181 183 185 191 192 203 216 217 221 222 225 229 231 234 235 239 251 
29 108 176 205 
31 102 103 143 168 235 237 
37 1 87 91 97 99 100 101 103 104 106 111 112 113 115 120 122 133 134 136 137 142 143 145 148 152 156 167 173 177 180 184 185 187 191 193 196 198 200 202 209 211 214 217 220 221 222 223 228 240 249 251 
5 135 145 172 
100 88 95 96 109 114 115 121 126 130 131 137 139 147 149 152 154 157 180 188 191 200 205 212 216 222 224 227 229 232 236 244 248 251 
60 86 93 97 99 104 109 118 119 120 121 123 125 130 135 136 138 140 142 147 148 150 151 153 157 160 162 164 168 172 174 175 176 180 188 197 201 203 207 208 216 217 218 219 222 223 224 225 227 228 233 235 237 239 241 245 247 249 250 
31 91 94 103 117 121 132 135 139 148 152 157 162 167 184 195 200 205 209 210 213 215 234 235 237 244 
64 1 86 88 92 104 106 110 111 122 129 140 141 150 157 162 163 166 167 173 174 177 181 183 185 187 189 192 194 196 197 203 209 217 219 225 226 228 229 231 233 234 239 240 248 252 
95 1 88 93 97 108 109 113 118 120 123 124 126 127 131 139 142 143 145 150 152 157 162 166 167 169 181 184 189 192 195 198 200 201 207 211 214 215 221 225 226 227 232 233 240 243 245 248 251 
55 1 86 92 93 94 98 109 112 113 115 116 119 122 123 125 126 147 151 155 157 158 162 163 166 176 179 180 183 187 193 197 198 200 202 203 208 210 211 225 236 237 249 250 251 
33 1 85 90 95 96 97 98 101 103 107 108 109 110 114 115 116 120 123 125 130 132 138 141 144 159 162 164 167 170 172 179 181 192 193 197 202 204 206 217 218 220 221 222 223 226 233 235 243 246 249 250 
67 85 89 91 92 96 97 100 102 103 104 109 113 117 118 120 123 124 138 141 147 150 155 156 165 169 170 171 173 179 186 188 189 192 194 196 199 202 204 205 207 209 212 214 215 216 219 220 223 224 226 231 232 233 235 242 245 247 250 
50 116 118 152 162 169 183 186 187 190 193 200 202 208 225 248 
81 94 96 109 155 161 162 167 217 
80 1 88 89 90 91 93 95 98 100 104 109 113 119 120 121 122 124 126 131 133 136 145 147 155 170 174 181 188 192 194 195 197 199 202 207 208 209 210 216 220 228 231 234 235 238 239 240 241 243 249 250 
70 85 86 88 96 97 100 101 103 109 114 116 117 119 122 124 127 132 133 138 139 140 144 146 151 152 153 154 157 159 161 163 167 168 169 170 173 174 177 179 181 182 183 184 185 186 187 189 191 192 193 194 196 200 203 208 209 220 221 222 225 228 232 234 235 237 238 240 242 245 246 249 251 
44 95 96 102 110 113 117 122 124 126 128 138 145 146 157 160 166 169 170 207 208 220 229 243 245 
1 1 85 87 89 91 93 98 101 102 103 104 105 107 109 110 111 114 118 120 121 125 127 129 130 136 138 139 143 145 151 152 153 156 158 161 164 166 168 169 176 177 178 180 183 193 200 201 203 204 219 221 222 224 225 226 230 232 233 235 236 238 244 245 246 248 249 
29 86 89 90 92 97 103 106 112 116 121 123 129 141 143 148 155 156 162 164 168 170 183 194 198 211 212 214 216 217 221 225 227 229 231 239 245 247 249 250 252 
39 94 102 118 167 212 214 232 
21 104 112 121 127 129 158 174 228 241 246 
93 235 
90 1 89 91 92 93 95 96 99 100 103 104 108 111 127 130 134 135 137 140 143 144 145 148 154 159 161 162 163 168 173 177 182 184 186 199 201 204 208 215 216 221 227 232 236 237 239 240 244 247 251 
46 87 90 92 102 120 122 126 127 131 134 136 137 138 141 142 149 150 153 158 160 163 164 165 168 171 175 177 179 180 189 192 193 194 195 197 201 209 211 217 222 223 224 232 249 
42 96 106 109 146 165 166 172 187 214 225 
69 91 93 97 109 135 151 157 173 200 201 203 211 217 222 224 247 250 
23 1 86 93 94 95 97 100 101 102 106 114 117 119 121 122 126 128 131 132 137 138 139 144 149 150 156 157 164 167 173 184 185 194 196 200 202 205 208 210 211 214 216 218 219 220 222 229 237 242 243 244 248 
5 85 94 98 105 116 126 138 183 200 206 209 228 
27 86 88 90 94 95 97 104 105 106 111 113 116 117 120 122 123 124 126 127 128 131 133 137 138 143 144 150 152 155 163 166 167 169 170 171 173 176 178 181 186 190 191 197 198 200 201 202 203 205 208 212 219 222 223 225 233 235 244 248 251 
6 185 
91 110 166 184 190 248 
100 88 92 99 101 118 145 189 
32 1 93 109 113 115 136 155 217 
86 89 90 96 100 101 102 105 109 115 118 120 128 136 137 141 143 146 153 159 163 165 167 168 170 179 188 191 197 198 200 201 207 210 219 231 240 242 243 244 250 
9 85 109 114 131 169 175 189 209 222 225 239 
97 126 211 
54 1 91 92 103 104 106 107 109 110 115 116 117 118 119 120 121 123 124 126 127 128 135 136 141 144 146 153 155 159 160 161 163 164 170 172 176 178 180 181 184 190 196 197 200 203 204 210 211 213 214 216 218 220 223 231 237 242 246 247 249 
32 103 112 135 140 142 144 145 166 184 202 217 221 229 236 238 
31 100 119 122 126 142 145 175 176 177 181 185 215 226 227 234 
52 85 86 94 102 110 117 119 120 121 133 134 143 149 164 169 170 177 193 198 205 216 226 228 232 236 238 239 242 
58 1 86 92 95 100 101 102 104 105 107 108 110 117 118 119 122 129 137 140 141 152 157 159 167 169 170 171 173 179 181 184 190 191 195 197 202 203 208 214 220 221 229 232 233 239 241 243 247 252 
32 87 89 91 97 99 100 105 123 131 132 141 148 150 170 175 176 180 190 193 195 218 230 232 233 236 239 251 
33 87 90 91 93 105 106 110 111 122 135 139 145 148 149 151 152 154 167 171 173 176 180 185 188 196 197 202 212 213 221 223 229 235 238 240 248 250 
10 85 87 88 89 90 91 92 93 94 102 103 106 110 120 121 122 125 127 128 131 132 134 145 147 150 152 153 155 156 161 164 165 166 171 178 188 190 192 199 201 204 206 209 211 217 218 219 220 223 225 226 229 230 233 235 236 238 242 244 245 246 
13 1 86 91 94 99 100 119 121 128 130 132 139 142 146 147 150 152 164 169 170 178 181 185 191 194 198 202 204 212 221 222 228 236 238 241 
29 92 96 98 110 114 122 123 124 133 140 142 143 144 153 155 164 172 174 176 181 182 183 189 195 198 199 200 207 209 211 212 218 220 228 232 247 251 
10 100 133 143 160 168 173 176 182 188 189 190 193 195 204 225 244 249 251 
83 87 92 94 97 101 104 110 113 114 116 117 118 119 121 140 144 145 150 155 156 157 159 161 162 165 166 167 169 171 176 177 178 179 180 181 185 188 189 190 196 199 201 204 206 207 208 209 211 214 215 217 220 221 222 225 230 231 232 233 235 237 243 246 248 251 252 
49 87 94 100 103 107 111 116 119 122 134 140 145 155 156 169 175 179 202 208 216 225 228 229 230 247 
26 86 88 89 91 92 98 101 106 108 112 121 122 128 131 132 133 136 137 140 144 146 148 149 154 155 157 159 161 163 164 167 168 176 177 180 182 186 194 203 204 206 208 220 221 222 224 226 227 232 233 234 237 239 241 242 251 
92 1 85 88 94 103 105 114 119 120 124 128 142 143 150 156 158 174 178 187 191 193 198 212 214 217 220 221 227 238 248 252 
79 143 147 148 150 158 182 193 219 226 233 247 249 
44 85 90 92 93 97 99 100 103 104 115 118 119 121 122 123 125 129 130 132 136 142 149 153 155 156 158 160 175 176 182 185 186 187 188 190 191 196 197 201 205 208 209 211 215 223 225 232 234 238 239 241 243 246 247 248 
66 91 122 136 137 140 142 144 148 149 152 155 163 168 183 185 186 198 212 231 247 
77 1 85 91 92 95 98 102 104 108 113 117 118 121 129 130 131 134 135 141 144 145 149 162 168 169 172 177 180 190 201 202 204 210 211 212 213 214 217 219 220 221 226 227 228 229 230 231 232 238 245 247 248 252 
69 101 120 130 142 159 177 184 190 198 214 215 237 243 244 
28 1 85 86 88 90 91 92 96 97 98 99 100 101 102 103 105 111 114 117 118 119 120 122 129 134 138 139 144 145 147 151 155 160 161 167 168 182 184 193 196 197 200 204 206 207 210 216 226 228 229 230 233 234 236 240 242 243 244 248 251 
10 1 86 87 88 91 92 95 96 102 106 107 108 111 113 114 116 118 122 123 129 130 131 133 134 139 140 144 151 152 153 160 165 166 169 173 174 175 179 180 186 187 189 193 194 195 197 198 201 203 208 209 211 212 213 215 220 226 231 234 235 240 242 247 248 250 
22 88 110 112 113 115 120 121 124 132 138 141 153 165 168 169 170 172 174 181 192 196 199 202 203 206 207 209 213 214 218 227 231 233 244 251 
45 93 94 98 100 103 104 105 106 114 116 119 120 122 129 133 136 140 142 144 146 149 155 159 164 167 170 171 172 174 178 179 181 183 187 188 189 190 192 196 202 204 206 208 209 210 212 216 218 219 226 228 236 237 243 245 247 252 
11 85 90 91 92 93 98 101 108 109 111 114 118 121 123 125 126 133 134 142 144 147 153 154 155 157 161 165 166 169 171 172 174 177 181 184 193 194 195 205 209 211 214 219 220 222 223 227 230 238 243 246 247 249 250 
33 1 54 53 88 82 46 82 58 97 91 47 83 64 88 31 74 28 30 33 48 18 38 7 22 100 78 87 71 95 65 86 86 29 73 40 50 96 13 21 28 3 75 53 84 58 67 6 23 95 29 65 63 27 93 70 90 81 71 44 92 66 64 5 82 93 40 40 48 45 87 51 88 37 91 97 91 21 35 35 69 60 61 51 74 89 2 39 41 3 4 91 63 79 20 22 62 76 59 94 62 18 95 30 1 11 99 98 54 57 95 33 53 23 15 90 69 4 10 25 76 74 28 27 76 52 12 57 77 78 26 18 25 22 49 11 95 13 63 43 98 85 10 7 34 59 33 4 63 74 40 93 69 18 58 71 92 55 6 56 3 61 96 37 69 88 12 76 98 91 41 68 36 66 49 77 8 67 1 68 44 69 4 99 24 44 22 34 47 32 64 41 56 17 69 36 34 9 77 50 84 100 65 81 13 61 13 72 39 13 82 87 37 64 69 7 1 51 28 56 16 65 27 95 87 78 26 71 61 71 37 64 84 38 10 48 100 67 22 49 74 39 64 68 59 88 5 17 56 57 14 64 
