172 258
19 88 103 113 115 116 118 120 131 142 163 164 166 167 169 185 195 197 201 203 205 214 216 218 224 225 227 232 236 237 238 243 
34 92 98 108 114 123 125 127 133 134 137 141 151 163 170 183 192 195 201 204 208 226 227 228 230 
67 87 98 99 105 134 142 162 163 177 191 201 208 210 214 223 225 227 236 239 240 244 245 247 251 
11 89 95 98 101 106 124 136 143 144 159 167 173 181 185 187 189 201 202 232 235 251 
55 1 92 99 118 127 128 130 131 132 145 148 149 155 175 185 191 198 201 202 204 217 221 232 238 251 252 257 
21 138 145 157 188 
100 1 92 97 99 107 117 120 133 149 150 153 154 156 170 172 173 179 180 182 183 186 192 196 197 204 211 222 227 234 256 
59 87 92 118 134 138 143 147 162 184 187 204 217 226 228 230 232 
71 176 204 227 
40 100 109 122 139 145 161 174 201 246 
63 1 90 95 99 100 103 106 108 110 115 118 121 123 125 126 128 130 131 132 133 134 140 142 145 146 148 153 154 156 157 161 164 165 168 172 173 178 183 190 201 202 207 209 212 215 219 230 232 235 237 240 242 243 251 252 256 258 
6 91 95 109 113 114 118 137 141 151 162 163 178 181 185 187 190 198 208 212 213 215 230 231 233 254 256 
40 90 91 94 102 107 108 109 111 112 117 119 120 121 122 123 126 130 132 133 140 141 143 147 151 152 156 158 160 163 164 169 170 174 176 177 179 181 183 187 190 196 205 208 216 217 221 223 228 234 235 236 243 244 245 250 251 257 258 
90 87 90 91 96 99 101 102 106 112 115 116 119 120 123 124 125 126 127 138 143 145 147 151 153 154 156 157 158 163 164 166 169 172 173 174 176 178 180 181 189 194 199 208 209 211 214 219 220 222 223 224 226 231 233 235 236 237 238 239 243 252 256 257 
15 99 104 151 157 230 249 252 
10 178 236 
64 1 89 91 101 102 108 125 134 138 140 141 144 146 147 153 154 157 171 187 200 202 210 214 217 219 220 230 244 245 
5 87 89 98 100 102 107 108 109 111 112 120 123 126 129 135 137 142 149 153 154 155 160 162 166 167 171 172 173 177 182 187 198 199 200 205 208 213 215 216 224 226 227 231 232 234 235 238 239 241 245 249 250 255 
11 101 105 107 113 127 132 134 141 142 143 151 157 171 179 191 195 204 212 214 220 221 227 235 238 241 251 
26 87 101 110 126 129 131 135 145 146 148 160 163 164 170 195 200 210 217 222 
43 87 89 100 106 107 109 110 111 112 115 117 118 126 127 128 130 136 141 142 155 157 158 159 161 166 168 169 172 175 177 181 183 185 198 202 204 205 206 209 212 217 218 219 220 223 226 228 234 235 238 241 242 244 245 249 256 
82 87 90 91 92 94 98 99 104 108 116 120 121 124 130 131 132 133 134 135 136 140 146 147 148 150 155 162 172 176 177 179 182 183 185 190 194 199 209 210 211 215 217 219 222 223 226 227 229 231 233 236 237 240 243 247 249 250 252 254 255 258 
99 90 91 101 102 105 106 111 115 116 118 121 122 125 127 130 133 136 143 146 153 154 162 166 174 178 181 187 188 193 195 196 199 200 201 203 208 211 212 213 217 227 230 233 234 237 238 247 252 254 
73 107 132 136 141 143 146 151 166 
22 104 109 117 204 
1 142 163 200 253 
68 115 116 118 120 135 148 158 182 183 185 203 206 209 211 218 220 225 226 243 251 
17 88 89 92 94 102 106 110 113 118 120 122 123 127 128 130 134 135 140 142 148 151 153 158 165 170 176 178 180 181 182 183 185 187 188 189 192 193 194 198 204 205 206 213 216 217 223 224 225 226 228 236 240 241 242 245 246 247 252 256 257 258 
87 90 99 101 114 117 118 121 132 140 152 164 184 188 192 193 226 233 243 249 255 
42 1 91 94 101 108 110 111 113 114 115 117 118 119 120 121 123 128 129 130 131 132 138 142 143 147 148 156 157 162 168 169 178 181 184 187 189 192 196 197 204 207 212 218 220 223 227 229 232 233 236 238 241 245 249 250 252 257 
3 91 92 93 94 95 105 109 111 112 113 115 118 123 124 125 126 130 132 134 138 145 153 159 162 163 164 167 186 192 193 195 199 202 206 207 210 215 216 217 218 219 221 222 223 226 229 230 234 235 241 244 245 246 250 253 254 
86 97 99 111 117 123 127 139 146 149 151 163 172 177 190 194 202 205 210 216 217 222 224 234 242 244 245 249 256 
63 89 95 97 101 102 103 105 107 113 118 119 120 121 122 126 127 128 129 140 144 150 151 152 153 160 161 163 165 168 174 179 183 185 188 189 190 192 200 201 202 203 205 208 210 214 216 221 223 224 226 227 229 234 235 238 243 246 247 248 249 252 254 256 257 
83 90 93 103 110 120 127 130 133 143 152 158 159 184 190 202 207 216 220 230 231 245 247 250 253 
51 1 95 102 110 111 127 130 132 135 140 141 144 150 153 164 165 170 174 193 205 208 209 210 214 217 218 222 223 224 227 228 233 235 242 246 247 249 250 251 253 254 256 
91 87 90 94 95 103 104 111 112 113 115 116 120 121 123 124 126 127 131 133 136 141 145 150 154 156 158 164 165 167 174 177 178 180 181 190 192 193 198 201 204 205 207 208 209 210 214 220 221 222 226 232 237 239 240 243 244 247 252 253 
39 92 95 96 100 119 136 139 167 170 180 191 206 209 213 215 255 
87 90 91 103 108 112 117 124 132 143 147 151 162 165 167 173 180 183 185 193 210 217 218 223 225 227 234 235 236 240 243 256 
27 88 97 107 114 126 144 152 157 160 183 197 199 213 215 224 227 242 245 246 254 257 258 
100 113 127 130 144 163 171 173 177 205 221 231 254 
65 89 92 93 96 107 108 109 111 116 117 123 127 137 143 148 149 155 158 159 160 163 168 174 190 191 199 230 231 234 248 252 
95 121 145 186 
46 87 88 90 95 97 100 101 114 118 119 122 125 131 133 135 141 142 148 150 151 156 173 175 176 181 184 194 195 207 208 209 210 212 215 216 229 232 234 258 
41 87 88 89 91 95 98 99 101 102 112 115 123 124 132 137 140 148 150 152 154 159 167 170 174 182 183 186 189 191 192 195 196 205 208 210 211 234 235 236 238 242 246 247 252 256 258 
67 145 149 185 190 223 229 
65 95 110 112 124 133 139 143 145 146 149 153 169 190 191 196 205 229 244 245 253 257 258 
98 89 91 92 93 100 103 105 110 115 116 121 123 125 127 135 140 141 143 144 157 164 165 168 170 173 177 179 181 183 185 188 190 192 195 197 198 204 205 206 208 209 212 213 218 219 230 231 232 234 235 246 249 250 252 253 258 
95 93 94 95 102 118 121 124 128 134 143 152 171 184 187 191 192 199 210 211 214 226 237 239 250 251 252 258 
29 87 92 95 106 107 109 110 119 121 125 130 131 134 138 143 146 147 149 150 153 157 158 160 172 173 182 183 185 193 201 209 214 215 217 219 233 238 239 246 249 
87 87 91 94 95 97 99 101 102 103 104 105 106 107 109 111 114 115 116 122 130 131 132 136 142 147 148 149 153 158 163 164 167 169 171 181 183 185 187 188 189 190 193 198 207 216 222 231 234 237 241 242 247 248 251 255 
36 90 92 95 98 118 119 123 126 134 136 140 141 145 146 154 161 164 173 178 179 185 186 187 194 197 200 201 202 208 211 218 221 222 226 238 242 243 252 258 
29 87 88 96 98 103 107 108 109 110 111 112 113 114 115 120 126 127 129 133 134 137 138 139 141 143 152 155 162 163 166 171 172 177 178 180 185 188 191 193 196 199 201 205 208 210 213 217 218 219 220 224 230 232 233 235 239 242 243 
65 95 98 99 102 105 110 113 114 118 119 122 124 125 127 128 129 131 136 138 140 141 147 152 153 158 160 167 169 170 176 177 180 182 187 189 191 197 198 201 204 205 213 221 225 227 230 235 238 241 243 252 254 255 
26 87 90 93 96 97 99 103 104 108 110 114 119 127 131 137 147 149 152 156 159 160 161 162 163 168 169 172 179 183 184 185 188 193 194 198 207 208 214 216 217 218 227 229 233 234 237 241 243 246 250 252 255 257 258 
55 92 94 99 100 104 105 106 113 116 117 118 120 124 125 130 134 135 144 149 152 153 154 162 163 168 171 174 175 178 179 182 183 189 192 195 200 202 209 212 214 217 222 223 226 227 228 229 230 231 236 238 241 242 244 246 256 
5 88 91 92 94 96 97 102 104 106 111 114 115 116 119 120 122 124 126 128 129 130 133 137 139 142 148 149 151 154 155 157 158 162 166 167 170 176 179 181 182 183 188 189 199 202 207 210 213 222 225 226 230 234 235 236 239 241 242 251 253 257 
47 158 171 177 219 225 238 245 
54 87 91 94 97 100 103 106 108 111 121 132 135 148 163 166 171 178 179 196 209 214 217 222 232 239 247 
56 87 88 89 93 105 106 111 115 116 127 129 132 136 145 160 166 168 171 173 175 179 186 187 190 191 193 196 200 201 208 221 223 225 226 228 229 231 233 241 243 244 246 247 253 255 258 
66 89 93 94 97 99 111 118 123 129 132 134 135 136 137 138 141 157 158 159 161 162 163 164 171 176 185 190 191 193 195 197 200 201 202 204 205 207 208 209 213 220 223 225 227 232 233 234 238 248 249 251 252 253 257 
68 97 105 130 136 155 164 172 173 181 183 191 199 201 210 220 243 250 255 
100 88 91 97 100 109 112 124 141 143 149 154 162 164 168 169 178 182 191 207 215 220 221 224 225 241 242 248 249 253 
58 93 117 142 167 200 232 238 
1 95 105 107 112 113 115 118 124 125 126 128 129 133 135 138 151 152 153 154 157 160 161 162 164 168 169 172 174 179 181 183 186 187 188 189 190 193 195 196 197 200 202 204 205 210 211 212 214 217 218 220 221 225 227 229 232 235 238 239 244 246 
25 88 98 99 104 108 110 112 113 115 116 121 123 126 129 131 132 137 143 154 156 172 177 181 182 184 186 195 196 198 221 225 232 239 245 249 257 
39 95 97 117 118 132 155 161 166 172 177 196 198 200 201 207 208 211 213 225 226 239 244 254 256 
18 87 88 108 117 132 133 141 144 146 149 162 163 165 169 171 173 183 189 193 198 200 207 208 209 211 214 226 227 242 256 257 
71 91 94 97 101 102 107 112 115 117 122 123 124 132 134 136 137 139 140 147 152 155 158 170 173 189 194 202 205 208 221 225 229 240 241 246 252 256 
73 98 132 140 147 153 161 163 171 180 182 201 226 227 241 244 
71 1 87 91 93 96 100 102 103 119 120 124 127 128 130 137 138 148 152 154 161 195 196 201 212 216 219 224 225 226 243 245 248 252 256 258 
4 92 95 97 99 100 103 104 108 116 122 129 141 142 144 145 147 154 164 167 168 169 171 172 173 176 186 190 202 203 205 208 213 215 218 220 228 229 230 238 240 242 248 249 253 
40 93 94 95 100 101 104 110 111 116 120 122 126 128 129 132 134 135 136 137 142 147 148 152 154 155 158 160 161 162 164 165 167 168 170 172 174 175 177 183 188 191 193 195 198 200 201 203 204 205 207 209 215 226 227 230 232 237 238 240 242 244 246 248 
89 96 97 103 112 113 114 119 120 133 135 138 146 157 159 166 173 174 175 183 186 187 195 206 211 216 218 231 232 233 234 247 249 250 251 252 257 
46 1 87 93 94 97 98 101 104 105 106 108 111 113 114 118 119 122 128 131 133 135 136 139 140 141 147 148 152 160 165 168 169 171 172 173 175 186 188 190 195 206 208 210 213 214 215 219 222 225 226 231 234 237 238 241 243 247 253 256 
98 113 
58 89 96 97 102 107 108 115 117 120 122 124 125 130 131 133 136 140 143 145 152 153 156 158 161 165 169 170 175 184 186 191 192 193 201 203 204 206 212 219 223 229 230 234 236 240 241 247 248 251 253 255 
28 91 92 97 104 116 119 122 125 126 130 135 140 143 151 162 178 199 203 207 209 214 217 223 224 226 232 236 240 241 252 253 255 256 258 
47 104 105 118 144 145 148 158 166 180 186 189 195 219 255 258 
23 92 95 97 101 110 111 120 123 141 143 144 149 151 156 168 174 177 184 190 191 195 198 226 231 246 250 
19 95 97 114 116 118 150 159 205 216 218 226 236 238 239 246 
74 103 105 106 109 113 131 149 156 157 169 177 178 180 184 196 209 217 221 
49 1 88 91 94 98 101 102 110 112 114 115 116 119 121 126 127 128 133 134 135 136 137 141 142 146 148 153 159 163 170 180 186 187 190 191 195 198 204 205 207 208 211 213 214 221 223 224 228 229 231 233 238 240 241 247 249 251 254 255 256 257 
46 98 105 108 111 113 114 122 123 131 141 145 146 147 154 157 158 161 168 171 174 182 188 190 191 216 218 228 229 231 237 241 243 254 
88 87 88 91 94 118 119 121 124 129 130 137 140 141 156 158 162 165 168 172 184 188 190 192 193 203 207 213 215 219 220 221 224 227 228 235 237 238 246 252 258 
81 88 94 102 106 112 119 120 121 125 128 131 133 138 144 145 156 162 163 166 168 169 174 176 178 180 181 183 184 189 195 198 201 206 213 214 227 232 241 246 258 
57 1 91 97 113 116 117 124 127 134 138 163 170 172 188 204 207 217 218 229 236 237 242 246 252 
24 92 94 95 102 107 114 125 130 161 177 183 191 227 230 248 
99 122 132 146 164 181 186 198 211 215 221 228 233 
55 94 101 107 109 123 127 129 152 163 170 183 187 191 195 196 198 207 214 216 223 224 225 233 235 236 237 
96 88 89 90 95 104 106 112 119 124 130 142 144 146 151 153 157 165 166 167 174 177 180 183 184 189 192 195 203 209 210 212 213 216 224 227 230 235 248 255 
66 137 156 180 234 
98 109 131 
83 91 102 106 111 123 125 128 141 146 149 157 161 164 169 188 212 225 229 233 
16 88 92 100 101 102 103 114 128 141 142 144 149 152 158 166 175 181 191 203 214 220 225 250 256 
89 107 117 124 134 143 154 157 182 196 199 227 252 
79 88 89 91 94 98 101 106 107 108 110 112 114 115 122 125 127 129 139 140 143 147 150 153 154 155 158 162 166 167 169 171 172 176 179 180 182 183 189 192 200 201 203 212 213 215 216 217 219 222 223 224 230 235 236 244 245 246 247 252 254 256 257 
77 90 96 97 100 101 103 104 108 109 114 124 125 128 133 134 137 139 140 142 144 149 152 156 161 163 166 167 183 184 190 194 203 205 209 210 215 225 231 239 245 247 252 253 254 
43 92 102 106 115 124 132 136 137 142 146 147 157 158 161 188 209 216 218 219 223 224 227 230 232 233 235 240 252 
68 90 91 93 94 96 101 102 103 104 107 108 109 113 114 118 120 126 129 130 131 133 135 137 142 144 148 149 151 152 155 160 163 164 169 170 174 186 187 188 189 190 191 196 200 202 204 205 206 211 215 216 222 223 225 227 230 231 232 234 235 241 252 253 254 256 257 258 
87 88 97 101 135 168 177 195 203 232 238 251 
96 88 102 105 110 115 120 122 127 133 135 136 149 150 160 162 167 171 182 193 205 237 238 239 241 245 252 257 258 
57 1 88 98 106 116 119 127 144 145 162 176 190 191 195 206 209 211 238 
85 88 101 108 118 137 169 178 181 201 206 235 237 
85 91 96 103 106 111 118 138 143 149 167 173 178 179 185 188 209 214 219 229 231 233 234 235 241 242 257 
33 109 116 167 171 244 253 
37 87 89 91 95 99 100 101 109 111 112 114 124 126 130 133 137 139 140 141 147 148 155 156 159 160 162 164 166 167 168 173 181 183 185 189 191 192 199 200 201 204 205 206 207 209 210 212 216 218 220 221 222 224 228 231 234 236 237 238 241 242 243 244 247 250 252 253 256 
41 87 88 89 92 94 95 96 100 108 111 120 128 129 139 142 148 150 153 159 161 164 168 178 181 187 191 193 196 198 211 220 233 234 235 244 248 253 256 
52 1 93 107 117 124 139 146 154 155 169 174 189 202 211 214 238 245 
80 89 126 182 200 211 218 
17 123 145 149 
19 88 90 91 94 96 97 100 101 102 103 105 106 109 110 113 116 117 118 119 121 122 124 133 135 137 142 156 157 158 169 173 176 182 183 184 188 190 193 194 202 205 206 210 219 220 223 226 228 229 231 236 238 240 242 243 244 249 252 
13 93 98 103 107 110 114 115 120 122 126 127 128 138 140 143 144 146 154 155 157 161 163 166 167 168 173 174 176 181 182 186 189 196 197 198 201 204 205 206 208 209 221 223 224 234 245 246 251 253 254 257 
50 1 88 92 93 104 107 116 119 121 123 127 129 131 139 141 143 145 146 149 150 151 161 164 166 170 171 174 175 186 188 189 191 196 206 207 210 211 213 215 217 218 219 220 221 223 224 226 227 228 230 232 233 236 237 239 240 243 245 246 250 
61 89 91 93 97 99 104 106 107 112 113 115 116 117 118 119 120 124 125 126 127 130 131 132 133 134 135 136 138 139 143 155 156 163 173 179 180 181 185 188 190 192 196 197 198 202 206 207 209 216 218 219 222 228 232 236 237 239 240 243 252 253 
75 87 101 103 110 120 160 163 183 201 212 216 220 223 237 242 252 254 257 
49 87 102 112 116 127 135 170 171 178 183 184 193 195 202 203 213 214 217 236 241 255 
15 114 145 166 175 200 205 210 211 213 234 236 242 246 248 
42 94 96 108 128 140 142 143 149 156 165 166 168 169 179 182 184 187 195 197 198 205 218 220 232 234 235 245 246 254 256 258 
9 91 117 133 156 159 171 178 184 202 220 225 244 245 254 257 
76 122 142 174 194 196 223 
90 87 91 99 100 101 105 111 120 123 126 133 134 136 138 139 144 150 155 156 157 163 164 167 176 183 185 187 188 192 196 198 202 208 211 213 214 223 232 234 237 242 254 258 
82 1 87 90 92 94 97 101 103 106 114 117 121 122 125 126 136 140 141 144 147 156 164 167 171 182 188 190 192 194 195 198 199 200 205 209 215 220 221 222 224 227 232 236 242 249 250 251 253 255 
95 135 158 162 169 172 181 198 203 204 
17 89 94 96 97 99 100 104 105 108 110 117 119 120 125 126 127 129 139 140 141 156 161 162 164 167 173 176 177 178 180 182 185 187 189 192 194 199 201 202 207 211 214 217 219 222 224 225 231 232 233 234 241 242 243 245 247 249 251 256 258 
17 91 95 99 100 101 102 111 117 118 119 122 123 137 138 151 153 158 165 169 171 173 176 177 179 181 187 192 198 199 201 207 209 216 218 221 227 231 232 246 249 251 253 255 
36 88 91 94 100 102 111 119 141 150 160 167 169 192 205 215 220 222 230 231 232 244 250 251 258 
89 90 91 102 105 112 113 134 146 154 167 169 177 183 185 189 190 193 219 229 235 243 249 255 
37 98 101 105 108 124 128 131 133 137 141 145 146 153 155 159 160 161 166 175 177 182 206 213 216 222 226 227 229 232 236 241 251 
39 1 90 96 98 99 100 105 106 107 108 110 115 116 119 120 122 124 126 132 134 137 144 147 148 150 151 157 159 164 166 167 168 169 174 176 177 181 184 185 186 187 190 191 192 193 194 196 198 202 204 205 213 214 215 216 217 219 223 229 231 232 234 235 236 240 246 247 249 251 252 254 
5 115 120 136 156 160 162 164 171 174 187 189 195 237 240 244 245 
93 93 99 107 140 143 160 166 170 182 185 187 199 229 237 241 
4 93 95 98 101 102 104 105 107 108 109 112 120 121 123 131 133 138 142 143 144 147 152 155 156 157 162 163 164 165 166 174 177 189 197 206 209 211 212 215 216 217 219 221 223 226 227 228 229 239 240 246 253 
17 87 88 89 91 92 93 94 97 98 100 102 113 114 119 124 132 134 137 139 143 149 151 153 154 155 159 161 163 170 171 174 176 183 188 192 193 194 196 197 199 202 203 206 208 209 213 215 224 225 226 229 232 233 246 251 253 258 
74 87 89 95 100 103 106 109 111 112 113 116 118 120 125 126 128 130 137 138 143 144 146 149 156 157 158 160 165 167 169 173 175 179 192 195 197 202 203 210 213 215 217 227 242 244 247 249 254 255 
28 186 
5 87 92 96 97 103 110 112 114 119 121 122 123 124 129 130 131 134 139 149 150 153 158 163 170 171 180 183 184 186 189 197 203 209 218 226 229 231 234 235 237 245 246 253 255 
79 107 111 116 131 153 161 162 171 177 208 236 
81 92 101 103 171 185 200 202 242 254 255 
55 101 107 109 110 120 129 131 158 182 183 190 196 201 206 210 212 220 234 235 236 238 244 249 
29 1 88 89 90 91 92 93 98 111 112 114 119 124 127 128 129 133 138 139 140 141 143 146 151 156 159 160 165 169 172 173 179 186 188 193 196 201 202 203 214 216 219 224 226 228 233 234 242 245 246 247 248 252 254 258 
60 89 98 102 104 105 106 107 108 109 121 128 139 143 148 157 176 182 188 190 191 207 215 228 236 243 
21 99 113 120 127 134 135 143 158 168 170 178 184 193 196 202 204 207 212 222 223 224 226 231 233 235 237 239 241 244 
97 1 92 95 96 100 102 109 112 114 118 120 133 141 142 146 150 154 157 162 166 177 178 190 191 192 208 218 223 225 236 242 252 253 
53 87 97 102 103 104 106 112 114 115 117 125 129 130 131 137 144 148 153 157 159 168 171 178 180 181 185 191 192 194 199 201 203 204 206 214 216 218 233 234 238 243 244 247 254 
48 87 102 106 124 129 131 133 165 168 171 178 192 201 208 209 238 255 
17 98 103 104 107 110 113 128 131 138 145 148 159 173 177 189 207 222 240 243 245 250 253 256 258 
76 102 106 108 109 111 118 123 124 134 144 146 154 155 163 167 169 174 182 194 197 208 217 220 229 242 246 250 
99 87 88 89 96 99 101 102 104 107 115 116 119 127 132 135 138 140 142 145 151 153 154 158 161 162 163 164 168 170 174 179 180 181 183 191 193 194 200 201 202 204 205 211 214 215 216 220 221 233 234 235 242 249 
29 92 95 96 101 104 105 120 121 125 126 130 137 147 155 160 169 170 172 173 174 177 181 183 185 187 188 197 198 204 211 212 214 216 219 220 222 225 226 234 238 246 248 250 253 255 
40 92 149 166 193 227 255 
11 90 91 93 95 96 98 103 110 111 115 116 117 122 129 133 138 139 146 148 154 157 160 163 165 169 175 176 179 185 191 196 198 205 212 213 215 217 219 221 227 229 232 234 237 239 240 242 243 245 247 248 250 253 254 256 
37 88 90 93 96 100 102 105 106 107 110 113 118 125 126 135 137 139 140 142 143 144 146 147 149 150 151 153 162 165 168 169 170 172 174 175 176 177 181 185 192 194 195 197 203 204 205 206 208 209 216 220 225 226 229 231 232 237 239 241 242 246 254 256 258 
65 89 92 100 102 103 106 109 118 127 134 136 143 158 161 164 167 174 188 192 202 203 204 205 209 214 220 226 227 234 236 239 241 248 252 253 254 256 
87 87 92 96 102 103 104 120 135 136 140 144 170 179 185 186 192 212 233 239 249 250 253 255 256 257 
8 118 126 139 145 165 205 208 218 220 236 246 
54 94 101 104 109 110 114 116 118 120 122 127 128 131 132 133 134 146 154 157 164 165 168 169 170 172 177 179 180 188 196 198 204 205 208 209 210 212 213 218 220 232 233 235 246 247 252 255 
57 91 103 115 117 119 131 172 173 177 191 239 248 
90 115 138 167 
85 89 94 98 103 106 109 120 134 136 142 144 162 165 184 186 191 192 200 205 214 222 224 230 238 241 257 
83 90 93 94 95 98 99 106 107 108 113 114 115 116 118 128 129 131 133 136 140 143 144 145 150 151 153 156 157 159 167 170 171 179 180 181 182 187 191 194 197 198 201 203 204 205 207 208 209 210 211 217 218 227 231 232 233 237 239 240 245 247 248 251 257 
94 137 151 153 178 212 224 
97 1 91 93 96 98 100 109 113 119 124 136 141 142 152 157 158 162 165 170 172 175 179 184 193 197 199 201 203 208 209 210 216 218 220 225 226 236 252 258 
31 88 90 91 93 97 103 104 107 111 112 115 116 118 121 122 123 124 125 127 128 131 137 139 140 142 145 149 152 155 158 159 160 162 168 170 171 172 173 176 181 183 184 192 198 199 200 204 213 215 216 218 223 225 230 233 237 249 250 252 254 256 
13 89 93 97 103 105 107 110 112 119 120 121 122 127 132 142 143 150 155 163 164 169 170 192 198 201 205 207 213 215 216 222 224 233 240 241 242 245 254 
45 92 96 98 101 122 124 127 159 163 179 206 210 214 215 224 228 229 230 236 238 242 249 252 255 
67 1 90 91 93 94 99 103 105 110 113 115 116 117 119 120 121 128 132 133 138 139 142 143 145 147 148 153 157 161 163 169 179 181 184 185 187 191 193 194 195 202 204 208 209 211 219 224 225 232 241 242 243 244 245 247 249 251 253 257 
27 88 93 97 98 101 105 107 108 113 114 118 122 125 128 130 131 140 142 144 148 153 154 158 159 160 164 165 170 176 177 178 182 187 191 193 206 207 208 210 214 217 224 227 235 240 241 246 253 256 258 
4 1 88 91 94 106 107 108 116 118 119 120 121 126 130 131 133 136 137 141 145 147 149 151 153 156 159 160 161 162 168 169 173 176 177 178 180 182 185 186 187 188 189 199 206 207 213 214 218 225 226 232 234 236 238 241 243 244 248 249 
4 92 98 106 116 120 123 124 139 146 162 172 176 182 185 196 199 202 212 216 219 220 232 236 237 244 245 253 
18 87 89 90 92 97 103 107 108 113 115 119 122 124 128 132 135 138 141 143 146 147 150 151 152 153 156 172 178 181 182 185 189 194 195 206 213 218 226 229 238 242 248 249 250 252 253 257 
51 92 95 96 100 103 108 113 115 121 126 136 138 140 147 150 158 160 164 179 182 186 192 194 198 200 215 220 221 226 227 232 237 240 243 244 245 250 253 257 258 
68 87 92 93 105 106 109 114 117 119 123 125 127 128 129 130 140 141 142 145 148 158 159 161 163 166 169 170 172 179 181 182 183 185 190 193 194 196 197 204 206 207 208 209 210 218 220 222 225 232 233 234 237 238 241 245 247 249 250 251 253 256 257 
49 85 64 19 47 21 90 45 99 46 86 33 45 32 14 40 6 96 45 45 22 20 6 55 89 43 25 6 64 1 6 68 80 6 80 74 80 48 97 85 34 48 56 31 71 70 50 70 10 95 75 82 76 69 77 84 39 48 24 57 72 84 24 1 26 13 54 90 44 51 60 98 79 1 71 85 8 3 9 69 31 32 8 89 89 99 5 41 41 31 99 45 11 11 17 32 1 63 47 99 27 66 87 64 32 93 37 64 47 94 3 89 28 81 72 5 3 25 96 10 70 17 48 76 16 33 19 38 27 40 31 64 24 42 11 79 8 27 22 90 39 32 16 33 22 42 27 76 10 16 36 11 99 52 28 35 82 5 70 62 77 53 84 19 24 65 80 67 27 98 69 88 15 78 72 92 43 69 58 70 91 33 92 15 13 96 73 37 36 100 31 82 28 81 100 63 11 82 11 50 68 97 54 30 71 20 81 98 47 75 23 32 86 18 32 90 7 73 27 35 54 62 14 85 74 28 78 37 63 53 41 98 7 55 27 63 73 33 48 75 61 75 48 41 1 77 27 73 49 53 48 23 42 95 44 89 38 88 
