174 261
86 88 92 97 121 131 137 138 142 165 174 179 186 191 197 202 215 246 250 
93 92 93 100 101 106 107 110 112 114 115 117 120 121 123 125 127 129 131 133 136 153 157 159 160 163 167 168 169 172 173 174 175 182 184 186 189 196 199 201 202 204 205 206 207 210 213 214 222 225 226 227 228 230 233 236 237 240 244 246 249 250 252 253 254 255 256 257 260 
74 91 95 101 104 114 115 124 132 135 140 146 149 157 164 167 168 192 193 198 204 206 207 210 212 224 225 228 233 242 243 252 256 257 
86 1 89 94 96 97 100 107 108 113 114 117 119 122 123 124 125 127 128 130 131 134 137 141 143 144 147 150 155 156 158 159 160 168 170 176 183 189 191 193 200 201 203 209 212 220 223 224 228 231 232 238 242 243 247 250 252 261 
35 205 
40 90 116 120 123 124 133 141 142 150 152 153 169 175 181 204 209 217 218 223 226 228 229 231 234 238 248 257 259 260 
53 93 95 96 98 105 109 111 113 115 122 124 130 132 133 144 148 154 156 163 165 170 172 181 182 190 194 200 205 206 207 210 211 212 225 226 233 236 242 244 254 257 
10 102 105 114 116 122 127 132 140 141 159 164 165 191 192 197 204 216 218 230 231 250 
95 1 92 103 112 125 134 137 138 151 161 168 174 176 187 189 191 195 203 204 220 231 242 246 259 
73 94 96 99 103 107 108 109 111 112 117 132 135 136 141 143 147 151 154 155 156 157 158 160 163 166 169 170 174 177 181 188 191 192 193 194 196 198 199 201 211 212 213 214 218 222 225 228 229 231 232 238 245 250 256 259 
4 89 96 97 99 119 135 136 144 149 154 158 159 161 167 170 172 176 177 182 183 187 188 213 224 226 229 231 232 233 243 247 258 259 
78 101 103 106 112 132 133 156 173 175 184 213 216 223 229 231 233 250 253 257 258 
28 1 100 101 102 105 114 119 122 132 134 136 138 140 154 157 165 168 170 173 174 175 179 183 189 190 191 194 199 203 204 215 218 223 227 243 244 248 249 250 257 259 
100 1 97 100 108 110 111 114 115 119 122 125 126 128 133 143 145 147 148 149 150 152 153 166 168 169 170 174 180 187 188 189 191 192 194 195 196 199 200 201 203 205 206 208 209 210 211 213 215 219 220 223 227 231 234 241 252 253 255 
62 102 120 121 125 127 128 129 133 139 142 148 151 153 156 187 192 195 218 219 220 221 228 234 245 248 255 
29 1 96 99 103 106 107 108 114 116 120 133 135 136 137 138 139 141 142 162 165 166 167 169 173 176 192 204 210 212 218 224 226 227 239 241 245 247 252 256 261 
76 88 90 99 100 111 112 119 124 130 133 134 147 148 153 156 157 159 161 163 167 168 171 172 173 177 178 195 198 200 205 210 212 213 215 223 224 228 230 231 234 236 239 240 245 249 250 254 258 
84 91 93 96 116 124 128 140 143 144 166 184 186 188 189 196 199 204 206 217 243 247 255 
8 89 92 93 96 97 98 102 103 109 118 121 123 125 131 134 137 138 145 146 147 151 158 163 164 173 176 185 186 189 191 196 206 208 210 211 212 216 217 218 220 222 227 228 231 232 233 236 238 239 240 247 249 251 258 261 
82 1 90 94 99 101 113 119 125 126 131 139 145 146 152 156 159 161 163 164 174 177 178 183 184 186 189 191 197 201 202 206 215 219 223 228 233 234 241 242 245 246 255 256 261 
47 90 92 95 96 98 101 106 110 112 113 114 126 128 129 130 131 132 133 134 135 137 139 143 145 146 151 156 160 168 170 174 178 179 185 187 189 191 192 194 195 197 198 200 202 203 204 205 206 207 208 209 210 214 215 216 217 220 225 227 234 235 251 252 254 256 260 
98 90 92 97 110 120 130 133 135 138 141 145 163 179 184 188 203 207 219 233 241 250 251 253 256 
49 89 96 99 109 128 136 137 147 158 162 163 168 180 183 185 186 198 201 221 225 245 253 
13 91 93 96 97 98 107 112 118 119 125 128 130 132 135 138 140 147 150 151 153 158 159 163 165 169 183 185 192 193 195 205 207 208 222 227 231 235 237 239 240 242 243 244 250 251 252 253 259 
58 1 93 100 102 103 105 108 109 110 112 114 115 116 117 119 120 129 133 138 141 142 144 145 149 152 153 155 160 166 169 170 171 174 181 183 187 191 193 195 197 199 202 203 217 220 223 224 226 229 239 240 242 245 246 249 254 258 
62 1 92 93 100 101 109 111 112 115 119 121 126 133 136 142 144 147 150 151 155 158 165 166 167 175 176 179 184 185 193 196 197 198 200 214 218 219 234 261 
78 88 89 91 94 95 109 112 128 142 143 145 158 164 174 175 176 177 182 186 187 188 195 209 214 216 224 229 233 239 240 241 245 250 
64 90 91 92 94 109 125 141 144 149 165 180 181 195 198 202 221 225 228 231 238 
81 88 91 99 101 104 105 113 115 116 118 119 122 124 125 126 127 131 133 135 139 141 144 145 148 149 152 159 163 165 168 170 172 176 185 192 194 195 199 203 204 219 223 225 226 228 233 234 237 241 244 246 257 258 259 260 
71 97 106 218 220 224 234 243 251 254 256 
85 1 88 103 124 132 186 208 215 223 227 234 244 
20 89 91 110 113 115 117 121 123 132 145 147 152 154 157 158 162 168 172 173 192 206 216 217 220 225 235 236 237 239 251 254 255 
23 88 94 99 101 127 137 140 149 155 156 157 162 170 174 179 182 184 201 206 208 214 215 229 232 244 247 248 251 253 
50 89 91 93 94 104 105 113 114 117 123 125 128 130 139 140 141 149 152 156 158 160 162 166 167 168 169 178 179 182 186 189 193 194 196 203 210 214 223 224 225 227 228 236 256 258 261 
16 88 91 93 95 99 102 105 109 114 117 119 121 122 123 132 138 142 145 151 154 156 159 162 164 165 168 171 177 191 193 198 199 203 206 208 218 221 229 233 236 245 249 256 
90 91 94 99 101 105 142 157 213 221 238 
77 1 88 91 94 95 99 105 107 114 115 120 121 124 125 135 141 142 149 151 154 157 158 160 167 168 170 173 176 179 190 192 194 198 200 202 210 211 217 218 219 221 225 226 227 231 234 237 244 247 253 
36 89 92 96 103 106 111 112 113 119 120 121 123 124 126 127 128 132 138 139 142 147 151 155 161 169 181 182 183 187 189 190 191 192 198 200 201 203 205 207 214 215 223 225 226 227 230 233 235 238 240 241 245 252 261 
65 1 88 89 95 96 102 103 106 107 114 122 123 126 128 132 136 137 139 144 146 149 155 157 160 165 167 170 178 179 188 189 194 196 200 205 217 224 225 226 227 230 233 240 243 244 248 252 253 257 261 
62 88 90 94 99 100 101 103 107 112 115 117 118 120 123 124 128 130 133 134 142 143 147 148 157 158 159 160 162 166 172 173 177 182 183 184 186 188 189 190 191 194 197 201 202 205 211 213 214 218 220 221 222 224 226 231 232 233 242 245 250 251 253 
20 113 148 198 218 225 256 
76 92 93 101 104 113 120 135 140 149 158 159 172 186 203 211 218 224 226 227 256 
7 88 91 92 98 100 108 110 113 117 120 121 123 127 129 131 138 139 147 148 149 150 154 158 161 162 166 167 171 179 190 192 193 195 197 198 199 200 202 203 207 211 213 220 221 225 226 227 228 229 234 236 239 240 241 242 244 246 250 253 254 257 261 
13 95 98 101 107 110 114 115 117 120 123 129 131 132 133 135 139 142 143 145 147 155 158 160 162 164 169 174 175 184 186 187 189 192 193 195 198 200 201 203 205 206 208 212 213 215 220 224 225 227 230 233 236 239 241 248 251 253 254 255 
91 1 89 101 106 111 114 120 122 124 137 138 142 145 152 153 156 160 162 164 174 179 182 184 185 186 189 192 196 199 202 204 209 214 217 225 230 232 233 238 240 241 243 245 251 255 257 
41 92 97 107 108 117 120 121 124 132 135 136 138 139 145 147 148 161 170 174 182 183 184 185 188 191 194 196 201 210 214 217 219 221 224 227 230 233 246 249 
19 88 91 100 106 107 111 112 115 128 132 133 139 140 147 150 152 157 158 170 182 184 186 203 207 208 211 213 216 220 223 225 229 232 234 237 241 242 247 253 257 260 261 
42 1 96 105 106 110 116 118 121 122 123 129 132 134 135 141 144 147 149 157 162 163 164 165 167 178 181 199 202 208 220 222 228 231 252 253 257 
4 98 101 104 106 108 117 127 128 132 136 137 140 142 153 154 155 156 159 160 161 164 165 166 170 172 177 178 179 188 189 194 195 196 199 201 205 209 211 213 214 226 228 239 245 248 249 252 253 255 260 
40 94 97 98 100 103 126 127 160 181 197 209 222 229 233 235 238 242 249 253 
82 88 92 99 107 111 113 116 118 120 121 122 123 127 129 134 136 140 151 154 155 158 162 168 169 170 171 174 175 178 183 184 185 187 189 190 194 195 201 202 206 211 213 214 215 216 217 218 220 221 222 227 234 235 239 241 243 246 252 
83 1 90 92 94 95 100 106 107 108 113 115 122 123 125 127 129 135 136 141 143 147 150 151 155 156 161 165 167 172 173 178 180 189 191 194 196 202 204 212 223 239 242 244 250 254 256 258 
37 93 98 99 106 107 108 109 117 118 124 133 142 147 152 165 166 171 174 180 188 190 193 198 211 213 220 225 231 233 237 241 252 253 
54 89 94 113 122 123 124 125 129 130 141 143 150 151 155 156 159 160 165 171 173 184 185 190 191 207 212 232 245 248 249 251 255 256 
70 1 88 98 100 108 118 120 121 124 125 127 132 136 138 159 169 176 181 184 195 206 214 217 218 226 227 230 238 239 241 
48 88 91 95 99 100 101 103 109 110 114 118 120 123 124 126 129 133 134 137 140 143 147 150 151 152 156 158 164 165 171 173 178 179 183 185 200 201 206 208 210 211 213 214 217 220 230 233 234 237 241 249 251 254 257 261 
14 101 104 105 109 113 121 125 129 130 137 143 144 147 148 170 188 189 202 203 204 208 216 225 227 231 252 260 
28 1 89 94 96 97 98 101 104 107 111 114 115 118 124 125 126 136 139 143 144 146 150 151 154 155 156 158 160 164 166 167 168 172 174 178 179 182 184 190 197 199 201 202 206 208 211 212 213 216 217 222 228 230 232 235 237 239 242 244 249 252 256 
27 91 92 93 94 96 99 102 103 105 106 118 124 125 126 128 129 134 136 137 140 142 143 146 152 154 157 161 164 165 171 172 173 177 178 180 182 183 186 187 193 199 201 202 203 211 215 218 219 222 223 224 228 229 230 237 238 241 244 245 246 248 250 251 252 255 259 260 261 
54 1 89 93 98 100 106 108 110 112 114 116 118 119 120 121 122 124 125 130 135 136 137 141 147 149 151 152 154 155 158 161 162 163 164 168 178 179 181 183 185 186 194 196 197 198 199 206 208 209 210 211 213 216 220 223 224 232 235 237 238 239 240 241 243 244 249 251 253 260 261 
96 88 89 91 93 94 95 97 100 103 109 113 115 119 122 124 125 126 133 134 141 143 146 149 152 155 156 159 162 164 165 166 167 168 170 171 172 176 177 180 181 182 189 194 197 198 200 205 208 209 210 216 218 221 223 225 227 230 234 238 239 240 242 244 246 248 253 260 261 
65 1 88 91 92 93 97 100 101 102 113 114 117 122 123 125 134 139 142 144 150 151 155 156 157 158 159 165 166 169 171 175 177 178 182 185 189 190 192 193 203 205 207 210 212 215 217 218 219 226 227 235 236 238 241 243 248 250 251 252 253 257 259 260 261 
91 88 99 101 104 108 111 118 119 120 122 123 125 126 128 129 131 136 138 139 142 144 150 152 155 160 161 174 177 178 180 182 185 189 203 208 210 212 213 218 227 229 231 234 240 245 247 250 252 258 259 
41 90 102 105 126 170 171 173 177 226 227 231 238 239 
46 94 100 102 103 108 109 110 114 116 118 119 122 124 130 133 136 137 140 141 144 150 151 153 154 157 160 164 169 171 173 177 179 184 190 198 199 200 201 202 204 210 214 215 218 222 223 224 228 229 230 231 235 238 239 241 243 247 249 252 257 259 261 
21 93 94 95 96 98 101 102 108 110 111 114 116 119 120 123 129 130 131 132 134 136 140 142 145 148 153 155 160 161 163 166 169 171 173 176 179 180 181 184 185 189 191 197 199 201 208 209 214 218 219 220 221 222 223 226 229 230 233 240 247 249 252 256 259 
45 98 113 116 144 149 151 162 173 178 180 185 189 218 227 231 234 236 251 253 254 
45 88 94 95 96 103 105 110 112 115 118 119 120 122 123 124 125 134 137 139 145 146 150 152 159 163 164 168 169 175 177 178 181 182 183 185 186 189 192 193 194 195 197 200 207 209 212 216 217 221 226 227 228 234 238 239 240 241 248 256 257 259 260 
57 97 119 129 139 155 160 198 222 226 234 243 244 
48 1 88 90 91 92 97 98 101 105 106 107 110 112 114 116 117 122 123 127 129 130 131 133 134 141 146 147 148 150 152 154 157 158 163 164 167 174 176 177 178 182 184 186 187 190 191 194 198 199 200 201 204 205 209 210 216 219 221 222 223 225 229 234 235 237 238 243 246 252 254 255 256 258 
27 94 101 108 112 122 132 148 153 176 185 187 199 223 227 235 244 249 253 255 
88 1 91 92 93 100 113 118 120 121 122 129 135 144 153 154 160 162 164 167 169 170 182 187 193 210 220 224 225 227 231 232 237 243 247 254 
39 1 90 104 108 111 119 120 128 129 132 154 156 165 169 173 174 175 177 178 180 182 201 205 215 227 230 234 238 251 252 254 255 
73 1 90 92 93 97 99 101 105 108 109 110 111 112 113 119 120 121 124 129 133 135 136 138 143 152 154 156 163 165 168 169 170 182 186 193 199 203 204 207 210 212 218 226 230 237 240 245 247 256 261 
90 90 105 106 110 116 186 210 216 230 254 
69 88 92 94 96 99 111 116 118 124 126 130 133 134 137 138 143 147 148 152 154 161 163 168 170 172 178 179 186 187 192 195 197 204 205 206 207 211 212 215 216 225 226 227 228 230 231 233 240 242 244 245 249 250 252 257 259 260 261 
20 89 90 92 93 96 98 99 101 103 109 111 115 116 120 125 127 132 135 136 137 141 144 147 149 150 152 154 155 162 171 177 181 184 187 189 190 196 197 198 199 204 205 206 207 212 213 214 216 217 218 222 224 225 228 231 232 235 236 242 245 248 249 251 253 255 256 
9 1 91 111 116 120 133 146 150 171 174 205 207 221 224 240 242 248 255 
13 1 122 189 205 226 244 249 258 
76 89 92 104 106 108 113 116 119 120 124 125 128 131 134 139 142 148 151 152 154 155 157 159 161 163 170 189 204 205 211 222 224 235 244 246 248 252 254 
56 89 100 104 115 125 133 144 168 173 177 185 187 189 190 224 228 234 252 
77 113 147 168 192 239 245 261 
20 1 92 94 96 97 100 101 104 112 121 128 130 131 132 137 140 143 144 148 165 166 169 175 177 180 181 183 186 191 197 202 203 211 222 228 240 241 243 247 248 254 259 
94 146 148 191 206 225 226 254 
97 92 93 94 95 96 100 101 102 103 104 106 112 113 114 117 121 122 124 126 138 140 142 143 145 148 154 156 157 161 162 168 170 177 178 181 189 192 193 194 195 198 201 204 206 209 210 218 232 237 239 241 242 245 246 247 253 
35 1 89 91 92 93 96 97 98 99 100 102 103 104 106 108 111 112 117 119 120 127 130 132 144 147 151 152 153 156 158 160 161 166 168 175 178 183 189 191 200 201 206 207 208 213 214 215 224 229 231 233 243 244 245 249 259 260 
51 88 101 105 108 110 116 122 123 134 135 138 144 145 152 156 158 160 165 166 173 175 176 179 180 182 186 187 193 195 198 201 202 211 213 216 222 231 232 250 251 256 259 260 261 
2 95 102 103 108 115 117 126 131 136 142 154 157 158 162 165 170 177 178 181 187 188 189 191 194 195 196 200 208 214 217 219 226 230 232 239 245 248 251 252 253 260 
45 92 93 94 104 110 114 123 125 130 131 133 134 136 139 145 146 150 153 156 161 162 165 171 175 177 189 194 195 202 203 212 213 220 237 238 244 247 250 252 259 
7 91 93 106 107 115 118 127 138 142 145 146 150 154 157 158 170 175 176 178 179 183 185 186 189 192 200 201 202 203 204 206 207 211 212 217 221 223 227 229 233 238 239 241 242 245 247 250 251 253 255 258 260 
70 88 89 101 103 105 110 113 114 119 120 121 124 128 140 141 145 148 151 155 156 161 166 168 170 180 181 182 185 187 212 215 221 223 229 233 242 246 247 248 250 252 
68 88 89 92 98 107 115 118 120 122 125 134 137 140 142 161 164 179 192 196 197 198 201 205 208 215 219 220 229 236 241 247 254 259 
47 89 103 113 115 117 127 128 130 131 141 143 146 153 156 164 165 167 171 172 180 181 202 203 208 211 221 224 227 234 245 246 247 249 250 254 258 
25 89 103 121 132 137 170 215 217 219 232 243 252 
11 89 92 95 101 106 108 111 113 115 120 122 135 139 140 147 149 156 160 168 169 171 182 183 191 193 196 200 209 220 226 229 234 243 246 258 261 
49 88 90 101 105 108 109 115 116 120 128 129 133 140 141 145 146 147 156 164 170 173 177 179 181 186 188 190 193 194 201 207 209 212 213 214 216 222 224 225 227 232 234 237 240 242 244 245 248 249 250 258 259 
97 1 88 91 93 96 98 99 100 101 102 103 106 107 111 114 118 130 133 136 138 141 144 149 150 153 154 159 162 163 173 175 176 177 192 212 213 215 219 227 231 238 240 244 246 247 249 254 261 
100 98 103 107 133 139 163 164 179 185 194 207 208 213 236 253 255 258 
61 89 91 96 101 103 105 106 109 110 113 116 119 120 122 124 128 129 132 137 139 140 143 146 148 152 158 159 161 167 168 172 175 180 182 185 191 193 195 196 198 199 202 207 209 215 219 220 221 223 224 226 229 231 234 235 236 238 240 245 249 250 252 255 256 261 
6 92 95 121 124 131 144 145 172 179 190 191 196 204 207 209 218 226 234 236 246 248 253 259 
87 93 94 95 109 111 118 123 126 128 135 136 139 141 143 145 148 149 152 154 157 160 167 172 173 176 177 178 180 184 185 191 197 198 210 211 214 215 217 218 220 227 228 229 231 237 244 252 255 256 258 261 
21 1 89 90 92 93 96 98 99 101 106 109 113 116 119 124 126 131 133 142 147 157 160 169 172 185 190 198 199 200 201 203 204 207 208 209 215 220 225 239 241 242 244 246 255 256 257 261 
4 111 117 122 130 133 137 162 168 191 201 255 
78 1 88 90 96 100 104 109 115 118 119 130 131 140 163 165 174 179 180 183 188 196 199 200 204 213 215 216 219 224 225 231 234 235 237 239 244 246 251 255 258 259 261 
3 88 91 92 94 96 102 103 107 110 123 127 129 130 132 136 137 157 159 165 167 168 170 174 177 179 181 193 206 213 219 222 225 226 233 237 238 240 243 251 258 260 
83 89 125 128 154 168 192 193 227 239 
25 100 104 107 114 117 126 129 131 132 134 135 136 150 151 155 156 163 166 172 173 175 176 180 181 182 184 185 187 189 190 191 194 198 199 200 203 204 206 210 211 215 219 220 227 233 235 238 240 242 245 253 256 258 259 260 
1 97 98 99 102 103 109 112 113 114 116 117 123 129 136 138 139 142 144 145 149 154 158 161 163 165 166 167 174 176 178 179 180 184 185 186 190 191 193 203 204 205 206 207 208 215 220 225 229 232 236 238 239 243 247 248 252 258 
30 88 214 229 244 249 251 
34 95 96 105 106 108 119 120 124 125 150 151 160 163 178 184 186 192 194 198 200 201 203 207 214 216 217 223 224 231 236 242 243 252 
12 88 89 102 109 110 113 115 117 118 127 145 148 163 166 170 175 178 186 192 193 194 195 202 208 213 214 218 228 230 239 251 
50 88 95 96 98 99 100 102 105 107 109 113 118 122 126 131 133 138 139 140 141 144 149 152 155 156 157 161 162 163 169 171 172 177 178 179 190 191 193 197 203 206 209 211 217 218 220 221 224 225 226 231 232 233 235 243 249 250 261 
71 99 114 135 147 181 182 183 200 223 259 
28 93 97 99 102 103 104 107 119 121 127 132 140 148 154 155 156 163 165 166 167 172 175 176 177 186 190 191 193 194 197 199 208 212 218 221 225 232 242 243 251 255 
90 90 97 126 135 138 142 148 152 156 158 163 165 168 174 190 193 194 197 198 212 217 222 236 241 244 246 248 259 
49 1 96 101 104 106 107 110 111 117 121 124 145 148 153 155 157 159 175 187 193 196 209 217 221 223 226 242 245 255 261 
28 89 94 96 97 102 103 104 105 112 119 121 125 128 133 135 136 138 140 142 145 147 150 151 157 162 163 166 168 169 172 177 178 184 185 193 194 195 197 201 202 208 211 213 214 215 216 219 222 234 236 238 242 244 245 247 248 250 253 
10 91 102 110 115 123 126 132 134 135 136 144 145 147 149 150 155 161 164 170 172 180 184 192 199 203 204 217 219 239 243 247 
32 90 92 100 114 122 139 142 150 157 160 162 179 185 190 193 199 218 238 244 246 255 
46 1 95 98 109 112 118 126 141 142 143 144 148 151 164 165 166 169 172 177 179 185 190 191 222 231 239 250 253 258 
64 1 90 93 97 98 99 100 105 111 112 113 114 115 116 117 121 131 132 139 143 144 145 150 151 153 158 160 161 164 165 169 170 174 175 179 182 183 185 187 188 194 203 208 209 213 215 226 235 236 238 240 242 243 245 250 252 255 257 
25 89 90 94 95 96 99 111 112 114 122 134 135 136 154 155 157 160 164 169 185 186 189 193 201 207 212 219 229 231 233 235 243 247 255 259 
58 1 89 93 100 101 102 107 108 114 117 122 123 125 129 130 136 138 139 142 143 148 150 151 152 153 156 165 168 169 172 174 176 180 182 183 184 189 192 195 196 197 200 204 206 208 209 210 211 213 214 218 223 225 230 235 239 243 245 247 249 252 258 
69 89 93 99 102 103 104 105 106 108 113 116 118 121 126 129 134 137 139 140 141 150 154 155 158 165 168 171 172 177 178 179 180 183 184 186 190 193 194 197 199 200 202 203 204 206 208 210 212 213 214 220 222 229 236 237 238 239 243 244 246 247 250 252 259 260 261 
43 93 96 97 98 99 100 103 105 106 109 112 115 116 117 122 124 127 134 136 138 144 148 154 155 158 161 164 170 175 178 180 185 189 191 195 197 209 217 218 222 226 234 236 237 238 240 252 253 254 257 260 
2 1 88 92 99 102 106 107 108 109 114 115 118 122 131 135 136 137 141 148 150 151 156 157 159 161 162 168 169 171 174 176 185 189 194 198 203 204 206 210 211 214 216 217 220 221 224 226 227 228 231 244 246 247 251 252 253 257 259 260 261 
96 91 103 104 108 111 116 120 126 130 132 140 154 155 161 165 166 173 183 193 196 197 200 207 213 217 218 220 225 233 236 238 240 241 245 247 252 256 259 261 
2 96 101 112 118 121 123 133 138 144 152 160 161 164 165 168 174 179 182 186 188 206 212 220 226 227 229 233 243 259 
34 89 90 92 96 113 114 122 124 126 135 138 140 142 146 157 158 160 169 187 193 196 198 202 207 210 218 220 223 224 234 235 245 246 
15 1 89 93 94 101 105 106 108 110 111 112 113 114 121 122 123 125 130 131 133 134 136 138 139 142 144 147 149 151 153 156 158 160 161 168 174 176 177 178 179 182 183 185 190 191 193 197 199 204 205 206 210 212 216 218 220 222 228 230 232 237 242 243 244 249 250 255 258 259 261 
34 1 90 91 98 103 105 106 107 110 111 114 115 116 118 123 127 131 132 134 136 138 142 144 146 148 151 152 153 154 155 159 165 166 168 170 172 174 175 181 184 186 187 195 196 199 203 204 205 210 211 213 217 218 219 220 221 223 228 229 230 239 242 245 247 251 252 253 256 260 
52 90 106 126 139 163 166 173 174 178 179 185 188 189 200 201 208 210 214 223 230 250 
24 89 90 91 102 122 126 131 135 148 149 153 156 158 163 175 187 190 213 217 235 236 240 254 260 
90 89 92 94 99 101 103 107 108 109 110 112 114 115 117 127 135 136 141 142 144 147 148 152 154 156 159 160 170 181 186 189 195 200 210 211 213 222 227 234 235 237 238 241 242 246 250 252 
4 90 91 93 96 97 98 101 105 107 109 115 130 131 133 135 136 137 140 144 148 149 150 153 155 162 164 166 168 174 175 176 177 180 185 186 194 196 197 198 200 201 204 206 211 212 214 219 220 221 224 225 227 229 232 234 242 252 255 259 261 
26 92 93 98 100 104 105 112 118 121 124 129 136 151 152 154 159 165 166 171 173 183 199 200 206 209 211 213 216 228 229 231 239 244 245 246 248 249 251 254 257 259 260 
3 91 92 112 139 146 150 152 155 165 173 205 212 213 222 239 245 
100 1 88 89 91 92 97 99 108 111 113 115 117 118 122 123 128 130 131 135 136 139 144 147 148 149 156 157 158 161 166 170 171 178 182 183 186 191 194 195 196 197 199 202 205 208 210 211 212 213 215 218 220 228 229 234 237 240 246 250 251 253 254 256 260 
55 106 110 113 114 133 140 149 154 164 168 173 176 194 202 211 222 225 
51 88 109 112 115 119 136 145 155 168 172 173 175 176 179 183 205 208 210 215 221 225 233 238 239 246 259 
20 88 89 92 103 106 111 116 120 122 123 128 138 146 152 157 158 161 163 169 174 177 181 183 190 191 195 202 206 207 212 218 220 222 226 242 247 248 252 255 257 258 
64 90 107 108 111 118 120 122 125 128 129 133 137 139 142 146 147 153 156 160 171 194 195 216 217 228 230 233 235 237 240 243 248 255 260 
40 92 108 111 115 117 126 146 157 168 170 180 181 186 196 211 213 214 215 226 235 238 242 248 249 251 256 257 259 
23 1 94 98 102 105 109 116 120 131 136 139 148 158 159 167 168 169 174 176 181 182 196 199 200 204 208 213 214 215 221 228 232 233 234 245 246 251 255 256 259 
24 1 88 93 94 97 98 104 107 108 112 113 115 117 120 125 133 139 140 145 151 154 156 158 160 161 163 170 174 177 179 182 184 187 191 192 193 194 195 196 197 199 201 203 210 211 212 213 215 216 220 223 224 225 226 227 232 235 237 239 240 245 247 250 255 259 
95 1 91 92 93 94 95 100 101 102 104 105 106 107 109 118 124 126 130 131 133 139 140 143 145 150 153 154 156 157 160 161 168 172 173 175 180 183 184 185 187 189 191 197 199 204 206 220 224 226 229 232 234 236 239 241 244 248 258 
18 1 93 94 96 101 103 105 110 111 112 115 118 119 122 123 124 128 132 135 136 137 141 142 145 147 153 154 156 160 164 169 172 179 181 182 184 185 186 187 188 194 195 201 202 205 207 210 212 214 216 219 220 222 228 229 231 234 240 243 247 248 249 254 256 258 260 261 
50 1 90 98 103 104 109 111 113 114 115 122 130 132 133 136 137 139 142 147 150 158 159 170 172 178 182 183 186 193 196 197 199 200 201 204 205 207 210 212 215 216 219 221 227 228 230 231 235 240 241 243 245 246 253 254 261 
31 126 195 214 217 219 243 
12 93 97 98 103 115 119 124 126 127 128 130 133 135 138 140 142 143 144 145 146 148 156 166 167 169 174 177 179 180 184 188 197 202 203 205 207 213 235 239 244 248 253 255 256 260 
62 89 90 111 117 119 129 136 137 159 170 171 185 194 207 221 225 227 239 257 
54 93 95 109 111 118 119 120 123 132 139 150 151 163 167 176 180 181 186 188 189 200 202 207 217 218 219 236 241 249 253 255 261 
88 91 92 101 103 113 117 120 122 124 128 130 137 140 142 144 145 149 155 163 171 174 178 179 183 184 186 188 189 190 193 197 200 206 212 218 220 221 222 225 228 229 230 231 232 233 234 235 239 244 250 252 255 257 
36 89 90 91 93 94 95 98 102 105 107 113 114 118 120 121 122 126 130 131 132 134 137 139 141 142 148 154 163 169 170 172 177 179 180 184 187 190 195 204 205 206 207 210 212 218 219 221 223 224 225 226 229 232 235 236 238 239 241 242 245 251 253 254 257 258 261 
48 1 88 91 92 94 101 102 104 105 106 107 108 116 117 121 122 123 127 130 135 139 140 141 150 153 159 161 165 171 172 175 178 181 182 191 193 195 206 207 212 216 217 218 221 224 228 231 232 235 236 239 241 243 244 249 253 254 255 258 
89 110 126 162 170 172 180 183 242 246 
58 1 88 89 90 94 97 104 105 106 114 115 117 121 127 131 138 141 142 144 147 151 152 158 159 163 164 173 177 183 186 189 190 195 197 199 201 203 206 210 211 213 214 215 222 223 226 227 231 235 242 248 250 255 256 260 261 
98 94 97 99 108 111 114 118 121 124 127 132 133 136 139 141 143 144 145 152 154 164 170 174 177 178 179 184 187 188 198 200 205 209 216 220 223 224 234 235 237 239 244 249 250 255 
34 88 100 103 106 113 114 139 165 227 228 
73 88 89 90 94 96 100 114 137 150 166 173 175 177 182 187 193 199 209 218 220 225 226 227 230 232 241 245 247 250 259 
89 90 95 98 103 110 116 118 121 123 134 135 139 143 173 175 188 190 212 222 233 238 246 259 
69 1 90 108 110 115 133 140 141 146 147 148 167 170 173 176 180 182 187 188 191 193 196 197 205 218 222 223 231 232 235 246 247 249 261 
43 88 90 92 93 96 97 99 101 105 107 114 118 120 121 122 124 125 127 133 134 136 137 138 140 141 146 148 154 155 157 159 162 165 166 169 172 175 178 180 186 189 193 195 196 197 199 200 202 205 209 210 211 212 223 230 234 235 236 238 241 246 254 255 261 
5 92 93 116 122 127 147 162 176 187 209 243 246 
81 93 101 107 112 116 123 125 126 127 142 153 180 183 185 188 191 199 201 214 221 223 224 234 237 240 242 244 250 
45 92 95 97 98 113 114 118 122 123 136 139 141 148 150 161 162 166 175 176 185 187 188 193 203 204 205 206 210 229 234 243 261 
43 1 89 93 96 111 113 114 115 124 127 135 136 160 162 167 175 178 181 183 188 190 199 208 211 224 226 241 245 256 
43 1 89 93 95 98 99 100 101 102 103 104 105 106 109 112 116 119 120 122 127 136 137 140 141 146 147 149 151 152 153 154 155 157 159 160 161 162 163 164 168 169 176 177 180 183 189 197 199 200 204 206 207 212 213 215 217 224 225 233 241 243 245 246 249 250 251 252 253 
16 90 93 102 107 110 114 115 119 124 126 144 148 150 153 155 179 183 187 195 205 223 230 231 237 238 240 243 249 252 257 
79 88 97 98 99 102 103 110 112 117 128 135 136 137 138 141 148 149 152 155 156 163 166 172 178 181 187 192 201 208 212 215 221 223 231 233 238 245 248 249 251 254 255 258 260 
98 90 97 102 104 105 108 118 123 136 137 141 146 150 153 156 157 160 166 167 171 173 174 175 181 183 184 186 188 192 194 197 198 201 204 205 207 213 217 218 219 225 227 228 230 231 233 237 238 239 248 251 253 254 256 257 258 259 
41 90 96 98 101 104 107 108 112 113 115 117 119 121 124 128 133 145 146 147 151 171 172 175 184 187 191 193 196 197 198 203 205 208 211 213 220 222 226 233 234 236 245 246 247 252 258 260 
77 91 102 106 109 126 129 139 145 147 152 156 161 166 183 187 203 204 222 223 224 235 236 252 
68 89 90 92 95 97 100 104 110 115 116 119 120 122 125 126 127 128 129 131 133 134 138 139 142 146 154 155 158 159 163 164 168 170 171 177 179 181 182 185 187 188 189 190 191 199 206 208 211 215 219 220 225 229 235 236 240 241 244 246 249 253 254 256 259 
70 8 83 52 55 10 16 65 16 97 84 7 91 94 21 91 42 88 94 43 53 63 99 70 60 40 77 39 11 78 79 93 40 23 44 93 34 28 21 3 39 19 53 69 59 83 21 33 90 88 4 89 56 55 87 39 26 15 1 1 18 22 34 47 83 29 41 6 35 20 19 64 100 27 69 93 14 52 11 55 97 68 27 52 9 53 85 14 45 29 32 3 18 51 95 54 35 31 60 57 91 94 68 13 43 24 37 37 4 18 45 67 43 23 18 23 31 38 86 87 55 51 42 39 18 23 84 20 77 55 53 74 54 87 25 60 64 87 38 35 65 78 65 72 80 25 56 62 47 42 3 78 28 48 5 62 67 3 5 36 41 16 18 16 86 91 92 23 98 95 51 60 70 99 23 61 75 31 95 43 45 31 93 74 94 93 74 65 99 81 14 67 79 3 18 54 28 16 87 37 43 83 14 37 1 69 30 21 17 35 17 85 98 91 86 92 100 69 39 21 18 64 93 62 29 40 36 41 68 26 16 97 26 43 11 17 46 91 77 17 60 6 11 32 17 25 32 30 6 30 60 31 97 28 22 14 31 78 68 46 45 
