178 267
93 90 93 98 100 107 113 135 163 167 178 187 244 
86 90 91 97 101 107 114 116 118 120 123 125 126 129 133 141 146 150 153 156 171 173 197 212 214 225 230 234 237 238 239 246 253 255 266 
61 1 92 93 94 96 98 99 100 101 102 103 106 107 109 110 111 113 114 117 118 119 120 121 122 123 128 131 135 136 137 148 149 151 153 162 163 166 167 171 173 174 178 185 186 187 190 193 196 199 200 201 203 204 205 209 218 220 223 227 231 232 233 238 249 250 253 255 257 258 260 263 
66 92 93 94 97 103 109 110 111 114 117 118 130 133 136 137 140 144 154 155 157 158 159 164 165 170 173 174 176 180 181 183 187 190 192 198 200 201 202 203 212 213 217 224 227 229 230 232 234 238 239 243 245 248 255 257 260 261 264 265 267 
80 1 92 93 94 95 96 97 101 102 103 107 110 111 112 113 114 123 127 130 136 140 142 144 145 149 150 152 156 157 158 159 171 174 178 179 182 183 184 195 196 201 202 203 205 210 215 216 217 219 221 227 231 234 235 238 241 242 244 245 248 250 252 253 255 257 260 263 265 266 
80 126 170 197 213 221 235 254 
87 1 91 93 95 97 98 101 105 106 107 109 110 113 114 115 117 121 125 135 136 138 140 142 143 144 146 147 149 150 156 157 159 167 171 180 182 183 184 186 195 196 204 207 208 209 210 212 216 220 222 231 232 234 235 238 239 240 250 251 252 255 262 263 264 267 
62 1 90 91 92 94 95 100 106 107 108 109 111 118 121 126 129 130 134 140 141 147 149 151 152 154 155 156 159 160 161 162 164 165 167 168 169 174 175 178 181 182 185 191 194 200 202 204 214 220 221 222 224 231 232 233 236 239 241 244 248 251 253 255 256 257 258 263 264 
72 90 93 94 95 97 104 112 115 117 118 119 120 123 125 126 128 139 140 145 146 152 154 156 157 164 169 170 172 174 176 185 202 204 205 210 214 218 222 223 226 228 243 244 249 250 254 258 259 262 263 266 
67 93 94 99 105 107 110 113 116 124 135 138 139 140 146 147 149 150 152 155 161 170 178 182 183 197 198 204 207 212 213 216 221 223 232 235 240 245 248 250 262 263 
61 106 112 114 120 121 122 123 128 133 140 146 157 166 172 173 176 181 198 203 214 215 221 224 231 234 235 236 248 256 258 266 
6 93 100 142 144 178 193 221 261 
27 99 106 114 115 139 144 148 152 154 176 182 184 187 190 195 202 206 212 215 230 235 246 251 263 266 
4 1 91 92 93 98 104 111 120 121 124 127 134 138 139 142 145 155 159 160 166 167 170 172 173 180 187 190 193 200 202 205 206 209 214 220 222 224 226 228 230 231 233 235 239 258 259 261 262 264 265 266 
49 1 91 110 111 116 118 119 120 124 129 132 146 174 182 198 207 210 225 229 246 253 258 262 
96 92 94 97 99 101 104 107 108 110 111 112 116 120 128 140 141 144 152 153 154 157 158 161 163 164 168 176 178 181 182 188 192 194 197 203 208 213 218 219 220 227 232 234 235 236 254 257 261 264 265 
84 93 100 110 115 119 123 130 137 144 147 148 154 155 156 158 168 174 181 183 186 191 194 215 223 229 245 246 247 252 259 
64 95 96 97 101 102 105 113 116 125 126 130 131 136 138 147 148 149 152 154 157 158 161 162 163 165 174 177 179 180 182 185 194 198 199 206 208 209 212 216 218 219 220 222 223 225 226 235 239 240 241 245 248 251 254 255 258 259 260 
64 116 179 259 
13 115 116 117 122 130 136 139 154 170 177 180 197 200 207 211 221 224 228 234 236 237 
60 1 94 104 111 114 115 116 117 119 121 122 125 128 132 137 140 142 143 145 146 148 149 154 155 156 159 160 164 165 166 168 174 175 176 178 180 182 184 185 188 192 194 197 199 201 203 204 205 208 210 211 213 214 222 223 230 233 240 242 243 245 246 247 248 249 251 259 260 267 
34 94 104 110 111 121 125 126 140 147 154 165 171 172 174 188 189 204 206 217 224 225 228 229 234 236 237 240 241 245 256 258 259 
66 93 100 101 103 105 106 108 109 111 114 125 131 134 143 151 152 155 159 162 166 172 177 182 185 195 197 199 202 207 209 210 213 214 218 220 227 228 229 231 233 238 239 247 248 251 254 259 262 266 
16 90 92 94 95 99 100 101 111 113 118 119 120 125 128 130 132 136 137 138 140 141 142 146 149 150 153 157 158 159 162 163 165 171 177 178 180 183 186 188 192 193 194 196 201 203 204 207 211 213 214 216 219 221 222 225 231 232 233 238 239 240 245 248 255 261 264 267 
30 91 92 94 96 97 104 105 125 130 144 146 147 148 161 162 165 175 176 200 201 203 206 209 212 213 217 234 236 246 247 254 267 
65 90 99 119 133 135 146 156 163 174 177 181 183 187 208 211 215 219 248 249 258 
5 1 90 105 117 134 135 144 156 168 170 175 176 182 185 189 192 194 205 214 217 221 233 235 247 257 261 
60 92 93 94 95 100 103 107 108 109 115 117 119 124 128 129 132 134 136 137 139 147 148 150 152 153 156 159 160 165 173 174 176 178 181 183 186 190 191 193 194 196 200 203 204 205 206 213 214 216 221 222 224 226 227 229 230 240 243 247 257 258 262 263 264 265 266 267 
49 1 95 96 98 101 109 110 111 117 120 123 124 126 132 134 135 147 149 152 156 159 160 161 162 163 165 167 169 171 172 176 177 178 184 185 187 196 197 202 203 205 208 210 214 215 218 220 223 224 231 232 238 240 246 250 257 262 263 266 267 
48 105 108 119 123 127 138 140 148 151 154 155 164 179 185 193 194 197 202 212 232 240 
4 113 114 115 117 118 120 121 122 129 130 132 134 135 137 139 140 141 142 146 147 149 161 163 166 168 170 184 186 187 190 193 195 196 197 202 204 206 207 209 213 216 217 218 219 223 224 226 232 235 236 239 240 246 247 250 254 255 262 267 
30 1 95 96 100 105 111 114 117 120 124 127 128 131 132 138 140 141 142 143 153 155 165 166 167 172 179 180 183 184 195 196 203 204 209 217 223 226 227 229 233 235 236 237 239 240 242 244 246 248 251 253 255 258 260 264 
58 104 111 115 117 126 137 150 164 174 182 190 196 207 212 216 223 231 248 249 250 252 256 257 259 260 
48 92 93 104 105 106 110 115 116 118 122 133 136 142 153 155 165 166 172 174 176 177 181 184 196 207 222 223 230 237 238 249 259 264 
92 102 111 114 122 123 124 125 135 140 143 144 149 152 155 156 166 173 183 187 212 216 220 221 226 227 240 258 259 266 
25 1 94 95 104 106 107 111 115 124 135 137 138 145 147 149 153 154 156 160 162 164 169 173 178 184 194 200 202 203 207 208 210 212 215 217 219 221 225 246 247 250 252 256 257 258 264 
79 1 100 103 104 109 110 111 118 125 130 133 139 141 149 150 152 154 158 167 169 171 175 182 194 197 199 205 206 210 212 216 221 223 225 227 229 232 238 239 242 261 263 265 267 
43 92 93 100 110 111 113 117 119 126 131 132 141 142 144 149 151 154 156 160 162 164 165 167 170 178 182 184 197 198 199 201 202 208 209 210 217 221 224 225 227 228 229 230 234 236 237 241 242 244 247 250 251 252 255 259 260 262 263 264 266 
41 96 100 101 102 105 151 171 174 175 178 180 190 192 194 195 206 210 223 234 236 249 260 264 267 
37 96 118 119 122 127 128 129 130 131 137 145 148 151 154 155 156 157 158 163 166 168 174 175 180 182 192 194 209 219 227 228 229 233 236 237 245 260 264 265 
86 125 180 202 233 248 
17 90 93 100 101 113 114 116 117 118 123 130 134 136 138 139 148 153 156 158 160 161 162 163 165 167 169 170 172 180 182 183 184 192 193 194 197 198 203 204 206 212 214 221 225 226 227 229 230 232 233 234 240 241 242 243 244 248 249 251 254 257 259 263 265 266 
35 115 136 167 203 263 265 
60 93 95 108 113 116 118 121 130 131 146 151 161 173 183 197 199 217 218 225 228 230 231 232 239 248 252 260 
77 1 99 102 113 115 127 130 134 135 143 145 160 166 173 176 189 195 203 208 212 240 241 249 250 251 252 255 256 262 
48 94 95 97 98 105 112 114 116 119 122 124 126 129 132 133 134 140 142 144 146 148 150 153 154 158 159 161 162 165 168 169 170 171 172 175 176 178 179 182 186 188 195 196 198 200 202 204 208 211 216 217 220 222 223 230 231 236 239 243 245 246 249 252 258 262 263 264 266 
32 97 98 105 106 113 114 117 122 124 130 135 138 153 155 160 165 169 171 174 176 183 185 190 193 207 208 209 212 213 214 215 224 226 231 232 235 242 246 254 259 261 262 264 266 
86 97 101 103 108 113 129 130 139 145 154 162 166 193 199 212 216 220 229 231 236 261 
16 90 93 95 96 101 111 112 113 122 133 139 142 148 153 155 160 170 172 173 176 177 190 191 192 193 194 204 208 220 222 234 248 256 262 263 265 
54 95 99 101 105 109 111 113 119 127 130 133 137 138 146 147 159 163 164 179 183 184 186 189 190 191 195 203 207 211 218 223 226 231 235 239 250 252 257 259 263 266 
77 127 128 129 157 182 229 243 245 
63 117 164 194 204 265 
37 91 95 96 99 103 105 106 111 121 125 129 134 136 137 139 141 142 144 145 146 147 149 150 161 164 167 169 170 171 174 175 176 178 184 186 187 189 190 191 192 194 200 204 205 206 208 212 214 216 218 219 221 227 237 240 242 243 244 248 251 252 253 255 259 266 
32 102 107 108 109 133 144 152 169 173 192 204 214 221 230 239 253 
56 1 90 91 92 94 97 99 102 103 106 109 113 116 125 140 142 144 145 146 161 162 163 165 166 169 171 172 173 174 180 185 186 187 190 193 208 217 226 228 234 235 239 242 244 255 263 267 
90 92 100 101 104 108 109 118 123 128 132 133 134 135 138 139 143 145 152 154 159 160 161 162 167 170 172 179 180 182 184 186 188 190 193 194 195 196 200 202 206 210 215 217 226 235 237 240 242 243 244 247 250 252 253 255 257 259 260 
33 93 97 98 102 109 110 113 118 119 127 128 135 138 139 141 142 147 149 150 153 156 157 160 170 172 175 181 182 191 196 197 198 201 203 204 209 211 213 215 218 219 220 227 228 231 232 233 236 237 244 248 250 251 255 258 259 261 267 
20 94 100 112 113 116 117 118 120 121 122 123 124 131 136 138 142 145 149 151 154 157 158 163 164 168 171 172 176 179 188 189 196 198 199 201 202 217 220 221 222 224 226 228 234 235 241 242 248 260 262 267 
7 94 95 99 105 106 107 110 111 112 115 119 120 126 128 132 134 136 137 138 141 142 146 149 150 152 155 156 158 159 160 163 165 166 168 171 177 178 181 184 185 188 189 190 193 199 203 207 211 218 222 224 225 229 231 232 233 234 236 238 239 240 242 243 249 253 258 259 261 262 263 266 
48 93 108 109 111 115 120 121 124 134 138 142 146 148 149 150 152 153 155 157 174 175 178 180 184 188 191 193 194 197 198 200 201 203 209 210 211 212 214 222 225 229 231 233 235 241 244 246 247 248 250 251 259 263 
27 90 92 99 104 119 135 154 156 165 167 181 183 191 199 226 230 238 239 240 244 247 252 253 258 263 265 
97 94 97 101 126 130 131 142 151 157 164 168 173 175 180 188 192 203 213 226 229 236 240 247 257 260 265 
18 92 96 97 101 103 105 106 108 109 111 114 115 118 119 121 123 125 128 129 132 135 137 142 143 144 146 147 149 155 161 164 168 172 173 174 177 179 189 191 192 193 196 201 202 203 206 210 213 215 216 218 226 229 238 242 247 251 253 255 256 262 
16 104 105 110 123 130 136 151 157 159 169 189 192 201 205 210 213 216 218 219 224 225 226 231 232 234 247 252 258 259 263 264 266 267 
44 99 111 137 140 161 162 173 188 201 203 207 210 214 221 223 228 231 232 233 238 239 242 243 247 251 254 257 259 261 
84 90 99 109 117 118 119 130 137 146 149 150 164 170 171 182 190 211 214 219 239 242 244 250 254 264 
49 91 92 100 102 103 104 106 108 112 114 116 117 120 121 135 137 138 144 148 151 152 154 155 159 161 167 176 179 181 188 195 196 197 199 200 202 204 214 216 218 219 220 222 224 225 232 240 243 248 250 259 260 262 265 
45 111 121 127 145 150 164 182 183 185 199 209 243 253 
47 91 94 98 104 106 107 111 115 117 118 120 121 124 129 131 133 134 136 139 141 142 143 148 152 153 159 167 171 176 181 182 183 185 186 195 196 198 199 201 203 205 206 220 223 224 225 226 229 231 232 235 238 239 241 242 250 252 254 255 256 257 260 263 264 265 266 267 
80 90 102 108 115 117 122 127 131 133 146 149 157 162 163 170 175 178 182 184 187 190 193 204 205 208 211 215 217 220 224 225 228 230 243 248 250 256 258 263 
24 94 96 107 108 112 117 121 136 146 183 190 217 236 
30 112 123 126 135 140 161 181 182 187 194 200 216 243 244 247 264 
65 102 109 122 130 139 144 148 151 154 159 162 173 181 183 184 189 195 211 223 227 231 239 248 250 251 254 258 
73 103 119 135 183 193 220 247 249 259 266 
48 103 119 126 141 161 174 185 190 212 245 257 262 
42 1 94 111 112 120 122 123 130 132 133 140 143 147 149 151 156 163 164 168 174 188 190 195 197 202 206 208 218 221 225 228 229 230 235 236 238 240 241 245 247 248 251 255 256 258 259 260 264 266 
37 98 101 103 111 112 113 122 125 128 132 136 138 139 140 145 147 153 162 166 170 181 185 191 192 195 196 199 200 209 218 219 227 228 233 240 241 244 250 252 257 266 
59 92 95 103 105 108 111 116 118 120 129 132 135 137 140 141 143 145 146 154 157 158 165 167 174 175 179 184 185 187 188 199 202 203 204 205 206 207 210 211 215 218 219 225 227 231 236 237 241 256 257 260 261 263 264 266 267 
6 90 95 99 102 103 104 107 108 112 113 115 118 119 120 125 126 133 134 137 140 144 145 147 150 157 161 164 165 173 175 176 179 184 187 192 194 196 199 201 203 206 207 208 209 210 213 214 215 217 218 223 229 230 236 238 240 245 246 248 249 250 255 257 260 261 266 
75 92 95 98 100 102 104 109 113 114 118 121 126 128 129 130 132 135 138 140 149 150 152 154 155 162 165 167 170 171 176 178 179 183 184 189 191 192 195 196 198 199 205 207 209 212 220 223 225 236 238 239 244 245 247 250 251 255 257 264 265 267 
78 93 102 105 106 111 112 119 125 135 136 153 158 164 165 177 183 186 190 191 193 205 209 211 218 228 231 235 238 239 252 256 257 260 263 264 
25 120 123 129 131 146 157 191 192 198 199 205 217 225 235 241 244 256 264 
82 1 91 96 97 98 102 103 104 108 113 115 116 121 123 124 132 134 135 136 139 140 142 149 152 153 156 160 162 166 167 174 178 181 183 184 188 193 198 199 200 201 203 205 209 210 213 214 219 222 223 230 233 239 244 245 246 247 248 250 251 256 258 263 266 
72 92 98 101 102 107 110 113 121 122 125 131 138 140 147 150 157 159 163 166 169 172 174 179 183 191 198 199 200 208 209 211 217 222 224 227 228 238 241 245 246 249 250 253 256 261 262 264 
24 90 93 94 102 109 113 114 118 119 123 124 126 127 130 134 135 140 145 146 147 150 151 154 155 156 158 166 167 169 170 173 177 179 183 187 194 195 198 199 200 204 206 210 212 216 218 222 224 225 227 238 239 240 242 243 250 252 253 254 255 256 260 263 265 
93 94 96 107 111 117 129 132 143 149 153 155 156 165 170 174 189 196 199 204 212 213 216 218 220 226 230 233 245 246 250 253 259 262 265 266 
40 92 99 107 115 116 117 118 127 129 131 137 141 143 149 154 156 161 170 174 176 177 200 203 207 211 212 213 219 223 226 232 233 243 248 253 264 
1 1 94 98 99 100 105 108 109 113 116 118 119 124 126 127 135 136 142 143 145 147 151 154 155 157 158 160 161 164 166 167 168 170 171 172 173 183 186 202 204 207 210 213 215 220 222 228 231 233 234 238 242 250 255 257 261 267 
40 96 128 142 174 184 189 191 219 226 235 239 242 249 256 265 
15 92 103 109 112 113 115 124 152 156 161 174 175 184 188 195 217 224 228 230 231 239 247 253 257 
50 91 99 101 102 118 121 130 142 156 163 165 176 192 194 203 208 215 223 225 232 235 238 246 256 261 
82 108 114 118 119 136 149 170 175 182 191 192 193 195 203 208 221 224 236 261 263 264 
12 90 96 98 100 101 103 112 113 116 118 119 122 128 131 138 139 141 142 144 151 153 154 155 156 167 169 171 172 179 180 184 186 187 192 193 195 196 199 203 204 205 206 208 213 214 215 216 220 227 229 231 232 235 236 238 241 243 248 250 252 253 254 259 262 266 
35 90 91 93 95 98 100 108 112 122 127 130 141 158 160 161 167 168 169 170 181 182 184 186 188 190 195 197 201 206 209 224 226 230 232 237 248 249 253 260 262 263 264 266 
57 96 108 131 135 137 139 142 147 181 183 184 205 209 210 216 217 219 222 228 233 248 255 257 258 265 
4 92 96 98 107 108 111 112 113 118 122 124 126 127 134 135 138 142 144 146 147 148 152 155 156 157 170 171 172 181 184 185 187 188 191 196 197 205 208 212 214 225 233 236 238 243 247 250 252 253 258 262 263 265 267 
26 98 100 107 113 114 115 116 122 123 131 132 138 139 140 149 151 154 156 157 165 175 178 179 181 190 192 194 197 200 204 205 207 220 221 230 236 237 240 252 258 259 263 
89 92 93 105 109 111 116 121 123 125 127 129 132 140 142 150 164 167 171 173 180 181 183 185 190 195 196 200 201 207 208 210 215 219 222 223 229 231 243 245 248 249 255 265 267 
56 99 105 111 118 120 136 150 164 171 175 202 214 226 239 242 252 256 
8 91 92 94 97 100 105 106 109 112 115 116 118 125 128 129 132 136 138 140 148 157 158 164 167 168 173 177 181 185 190 192 193 213 220 221 224 225 227 233 234 239 242 243 244 246 249 253 254 258 259 263 265 266 
87 90 100 112 114 116 126 127 128 129 143 149 160 162 167 168 173 174 176 178 186 197 211 216 221 240 244 248 255 260 
11 93 189 
62 90 99 103 106 110 114 116 124 128 129 137 150 156 166 167 175 183 184 191 194 195 199 201 205 207 209 210 216 219 222 223 232 233 235 236 238 240 248 250 251 252 254 256 258 260 265 
72 96 99 100 101 104 111 114 115 116 119 121 123 125 127 130 131 136 137 159 160 161 169 170 171 188 196 201 205 207 212 216 227 229 230 231 234 237 238 240 243 247 251 258 260 262 263 267 
38 91 100 101 102 104 108 109 110 111 114 115 118 119 124 128 130 131 136 137 139 143 147 149 151 152 158 160 162 166 169 170 172 175 176 181 182 183 185 187 190 191 192 193 195 198 203 215 216 218 219 222 223 233 238 239 240 242 243 244 245 248 249 253 254 257 258 261 263 264 267 
16 91 96 97 100 103 104 106 114 116 118 120 121 122 128 131 136 141 143 144 148 155 158 160 169 175 177 178 181 183 193 196 199 202 205 206 207 208 209 210 211 214 216 217 219 222 227 228 230 231 234 236 243 244 246 247 257 261 264 
95 1 90 94 95 99 102 106 109 114 118 121 125 126 127 136 138 149 151 153 154 155 161 163 164 168 169 170 177 178 181 185 187 188 189 192 199 202 205 207 208 209 210 211 213 214 217 219 222 223 227 231 232 236 240 244 249 250 254 255 257 259 262 264 267 
6 99 113 120 126 130 133 156 167 171 188 190 210 212 213 224 230 231 233 254 258 267 
12 117 143 153 178 183 187 218 231 240 242 250 252 
92 101 102 107 109 110 113 115 116 120 122 126 127 128 129 131 141 145 146 147 149 151 152 153 155 156 160 161 165 166 167 169 177 180 182 184 187 188 189 190 191 192 196 197 199 200 203 205 207 210 212 214 216 229 231 232 236 241 244 245 254 255 256 260 
59 90 94 96 97 99 104 107 108 123 124 139 141 151 155 158 162 173 174 178 185 188 192 195 200 214 216 219 221 222 227 232 235 242 259 262 266 
76 92 94 95 101 102 109 116 121 128 130 131 136 144 156 157 163 178 184 187 188 195 197 201 211 212 219 222 223 224 230 231 234 236 238 240 266 
57 90 92 97 100 105 107 112 115 120 124 130 140 145 148 149 162 166 168 170 171 172 175 178 180 182 186 192 194 195 206 209 212 213 214 217 219 222 224 231 233 234 237 241 242 243 249 252 253 254 257 258 260 261 
86 93 97 98 107 116 124 126 130 140 147 148 155 159 161 164 165 168 169 171 172 173 174 177 190 194 195 200 202 203 208 218 220 222 224 225 240 244 249 250 253 257 258 266 
31 93 102 103 104 105 106 109 110 111 114 115 118 119 121 122 123 125 131 132 134 138 139 147 149 150 158 163 164 165 166 167 170 174 176 177 183 188 190 191 192 193 195 197 199 202 207 209 215 217 219 222 227 232 236 237 243 244 249 256 258 261 263 
59 1 91 96 99 104 106 114 116 128 129 142 146 149 156 158 163 165 177 179 185 186 190 191 195 201 210 214 218 219 221 223 225 227 228 229 230 237 238 240 243 245 246 252 259 
47 90 95 96 97 101 103 104 113 114 116 117 123 126 132 137 138 140 153 154 156 163 176 179 180 185 191 192 193 198 199 206 207 213 217 218 223 230 239 245 246 247 253 255 260 262 263 266 267 
53 99 115 116 117 123 127 130 139 145 146 147 161 162 163 170 175 180 186 187 194 196 200 202 204 211 216 222 227 229 232 235 237 246 247 256 257 262 
62 93 112 124 126 137 139 142 146 148 153 163 167 186 188 196 202 208 209 216 229 235 237 239 241 246 252 254 256 260 
74 1 92 94 97 98 105 106 113 115 119 121 126 128 130 138 140 142 147 148 149 151 158 167 175 180 181 182 183 185 187 188 192 194 202 203 204 205 207 208 209 211 219 224 231 232 236 237 238 240 241 243 246 249 250 251 252 253 258 259 261 262 265 266 267 
25 90 93 95 101 102 103 104 107 109 110 117 120 127 130 133 134 136 138 140 142 143 145 147 150 154 157 162 164 169 179 183 184 186 188 192 193 194 195 198 199 201 203 208 212 213 215 217 220 227 237 238 239 240 242 245 247 248 250 254 260 262 267 
13 94 95 99 100 104 109 110 113 114 130 134 135 137 141 143 145 156 158 163 167 172 173 175 182 191 192 193 200 201 203 204 206 207 215 217 220 232 234 235 236 237 238 240 242 244 250 251 252 256 258 260 266 
5 91 94 95 98 105 107 114 116 122 126 128 133 135 138 140 143 145 150 152 155 156 160 161 162 163 166 170 171 172 173 183 184 188 189 191 193 196 198 199 204 205 207 210 214 216 221 222 223 225 229 231 232 233 235 236 238 244 246 250 253 254 257 258 261 262 264 
62 95 107 172 178 192 202 229 243 248 
96 90 91 93 101 102 104 107 111 112 115 116 132 135 147 148 154 156 161 167 168 173 178 180 188 189 206 213 220 229 230 233 234 235 238 241 242 243 247 254 
32 90 98 123 129 134 146 147 158 201 206 221 223 248 257 262 
71 90 97 99 109 112 113 131 160 231 245 247 250 
100 90 91 93 98 100 104 106 109 124 143 147 149 151 153 155 158 159 161 166 169 171 172 173 177 178 188 192 195 203 220 223 229 230 234 246 258 266 
42 91 92 98 104 105 106 112 113 119 124 127 128 135 136 139 142 145 153 156 159 160 165 166 171 178 188 189 195 200 203 206 211 213 214 216 222 223 225 226 227 228 229 230 233 236 243 245 247 249 251 252 257 259 266 
78 90 92 96 97 98 101 102 103 108 109 112 113 114 116 117 125 135 137 138 140 142 143 150 152 156 162 163 164 168 169 170 173 174 176 180 182 185 190 191 193 195 200 202 213 216 218 220 221 223 225 228 229 231 234 236 240 253 258 265 267 
83 90 92 94 102 107 108 116 119 120 128 129 131 134 155 156 159 169 177 179 180 182 184 187 195 203 212 214 217 220 226 228 239 247 265 266 267 
93 1 94 97 99 100 111 114 121 130 131 135 141 148 149 152 153 157 158 167 169 172 183 186 195 199 205 209 210 220 222 224 226 232 233 235 237 238 248 249 252 256 261 265 266 
86 92 94 98 99 100 104 105 108 109 115 116 122 125 130 131 132 135 136 137 143 148 151 153 154 157 158 161 162 165 166 172 176 178 179 184 186 197 204 206 210 212 219 228 229 232 236 237 239 240 246 247 248 255 258 259 261 265 266 267 
100 91 120 127 136 153 155 158 160 178 184 186 197 201 211 218 225 231 232 233 245 250 257 261 
89 91 93 95 98 99 101 103 109 114 140 141 143 176 185 189 192 193 195 199 205 213 220 225 229 230 234 237 258 259 262 264 
8 90 97 101 103 104 111 113 116 121 126 130 133 134 135 137 138 145 154 156 158 159 160 171 177 179 181 188 189 190 194 206 207 208 210 211 213 215 219 220 223 229 230 232 233 238 239 243 245 246 247 250 252 255 256 261 263 
80 91 92 93 97 100 101 105 111 126 127 136 140 141 144 145 148 151 155 156 160 162 166 172 190 202 207 217 220 224 227 232 234 237 241 251 253 254 257 260 265 266 
34 1 93 100 111 134 147 157 163 190 205 207 226 256 264 
96 92 98 101 106 112 120 122 123 125 126 130 131 132 134 135 136 139 143 146 147 149 150 152 154 161 164 167 169 175 177 179 181 186 195 196 197 199 205 212 213 215 216 217 220 221 223 234 238 239 244 249 254 255 263 266 
36 1 90 92 96 97 109 111 113 115 117 119 123 124 126 127 129 132 137 138 139 142 143 145 146 151 152 153 155 157 158 159 161 162 173 174 177 178 182 183 184 186 188 192 193 195 199 200 203 207 211 214 215 222 224 228 229 230 233 249 250 251 253 254 257 258 260 261 264 265 266 
6 106 122 129 130 138 147 196 205 208 210 235 240 247 249 
62 111 116 123 135 139 156 172 173 179 181 190 208 209 213 217 221 
26 101 128 206 226 262 
85 92 95 97 99 102 103 106 107 109 111 117 118 119 121 125 130 134 135 137 141 143 145 148 149 150 151 152 157 166 169 175 177 178 183 184 186 187 189 190 193 194 198 200 206 210 215 217 219 220 221 223 227 228 234 239 240 241 244 246 249 250 251 256 257 258 265 
37 93 99 103 112 145 151 152 157 159 169 175 179 180 191 192 198 200 201 210 215 227 235 237 241 242 247 254 255 266 
6 1 90 91 92 93 96 105 136 138 139 147 151 166 167 170 171 175 178 179 182 188 193 198 202 203 205 208 213 217 223 230 241 242 243 245 246 259 267 
51 1 93 94 96 98 100 102 107 108 111 113 121 124 125 127 129 130 133 139 140 145 146 148 154 155 157 160 161 163 169 172 173 175 185 186 189 191 195 197 199 203 207 209 217 218 222 231 235 239 247 253 254 257 
19 90 92 94 101 102 111 112 115 116 120 121 126 128 130 131 133 134 137 139 141 144 145 146 152 154 161 164 165 166 170 182 185 186 187 188 190 194 197 199 201 202 203 204 214 216 217 218 219 222 223 225 227 232 235 240 241 245 248 249 252 253 257 259 260 267 
87 96 146 181 186 201 238 247 261 263 
44 91 97 102 103 107 111 112 114 120 121 124 126 127 128 135 136 137 142 144 146 157 165 169 170 171 174 176 181 185 190 197 203 206 211 221 226 232 239 241 242 247 252 255 261 267 
43 95 135 158 173 190 194 217 235 241 
29 97 103 107 111 112 113 114 120 135 138 143 146 147 148 157 161 167 169 170 177 187 191 209 210 213 215 224 226 231 238 239 242 245 246 247 266 
55 98 99 103 120 122 123 131 136 139 142 143 167 180 183 191 198 202 220 232 263 
95 1 90 93 94 96 99 101 102 103 107 115 116 118 119 122 126 127 131 136 139 141 142 144 147 149 151 152 155 156 165 167 170 171 172 183 186 187 194 198 199 200 201 202 204 206 207 209 210 214 215 217 218 219 220 226 228 240 241 248 255 256 261 262 267 
34 114 169 239 
68 98 112 158 171 179 183 234 
60 94 127 129 143 154 159 160 170 171 188 190 191 194 196 198 199 200 205 211 213 221 222 226 252 253 254 255 259 262 
36 90 91 92 94 95 99 100 101 103 112 114 116 120 121 123 124 128 132 135 140 142 144 145 149 154 156 157 161 164 165 169 171 173 175 176 177 180 182 191 193 195 199 205 207 208 209 213 214 215 219 220 226 228 229 230 235 236 243 246 247 251 261 262 263 265 266 
42 1 101 124 130 141 142 146 153 154 157 158 164 165 171 172 175 190 194 205 225 231 251 265 266 
83 1 90 92 98 99 100 103 105 108 111 114 115 116 119 120 122 127 132 133 134 136 139 140 142 143 145 146 148 153 154 156 159 164 167 168 169 173 176 177 178 179 180 185 187 193 195 199 201 207 208 214 216 218 220 221 224 228 232 233 238 239 246 248 257 259 264 267 
52 94 95 103 105 122 136 139 148 159 164 175 180 195 207 216 217 228 230 250 252 254 260 261 
81 1 90 98 100 118 127 128 130 132 134 138 140 144 145 151 159 162 163 165 170 176 178 188 190 192 198 203 208 222 226 227 233 234 235 238 241 244 247 248 249 252 262 
64 90 93 94 95 101 105 107 108 110 111 118 120 121 122 124 127 131 132 134 136 139 140 141 146 148 150 151 153 157 158 160 161 164 165 170 172 174 177 178 179 180 184 185 190 193 194 195 199 201 203 204 207 208 209 212 220 229 231 234 237 238 240 242 243 247 249 250 255 256 258 260 262 
7 96 99 106 109 110 114 116 117 120 123 126 135 136 141 144 151 153 156 159 160 161 163 165 166 175 177 181 186 190 191 194 196 197 198 199 201 202 211 213 215 217 218 221 225 231 232 234 242 244 247 253 255 257 259 260 262 263 264 
1 1 101 110 113 114 115 117 120 122 123 127 142 144 148 150 154 155 156 157 161 163 166 167 175 177 180 181 193 196 197 198 205 208 209 210 226 230 231 236 238 239 254 256 261 264 
60 1 90 103 105 107 110 117 121 126 129 134 140 141 145 146 147 150 151 152 157 160 162 164 166 167 169 170 172 173 174 183 186 187 193 194 197 200 201 202 203 204 207 208 212 213 216 217 220 221 228 229 230 232 243 244 247 251 254 257 264 265 266 267 
89 224 229 
76 92 94 99 105 107 110 111 116 117 118 125 132 134 141 142 148 151 152 163 164 165 169 175 177 179 180 188 189 192 194 198 201 203 211 215 219 224 225 227 228 240 245 247 249 250 262 
86 91 97 98 100 101 102 108 119 120 123 124 131 135 139 149 151 152 161 166 168 169 170 179 180 192 200 201 208 209 211 216 219 223 225 232 238 241 244 245 257 258 259 
45 90 91 97 98 99 100 103 105 107 108 114 115 117 125 127 129 131 132 133 136 142 145 149 150 153 154 155 157 158 159 163 166 169 170 174 179 180 181 182 184 185 186 188 192 193 194 196 198 207 220 227 229 231 232 234 236 239 240 241 243 245 246 248 250 251 252 254 257 259 266 267 
14 120 142 263 
18 92 93 95 96 97 98 100 101 107 108 110 114 119 121 127 132 134 138 141 143 151 152 154 155 157 159 164 167 171 174 175 186 192 195 197 199 200 203 206 216 219 226 228 229 237 238 241 244 249 250 254 262 263 266 
1 1 90 93 95 96 104 105 120 121 126 128 132 133 135 139 142 147 148 153 158 159 163 169 172 183 188 191 192 193 195 200 208 211 213 214 221 223 235 236 237 240 244 250 261 
68 114 115 125 126 128 133 166 170 173 174 175 180 190 228 229 232 244 249 251 258 
25 1 91 95 99 100 104 105 107 110 113 116 118 121 138 143 149 155 163 168 169 174 175 188 189 191 192 193 194 197 200 201 205 210 211 217 220 221 223 224 228 234 239 241 242 247 248 253 254 257 258 261 262 
100 1 92 93 94 96 99 100 103 104 105 106 111 112 121 122 123 126 131 132 135 136 137 140 144 147 154 155 156 159 161 170 171 178 181 183 184 186 192 195 196 197 199 204 208 210 217 226 227 228 232 237 240 242 248 249 251 252 254 256 257 263 265 266 
71 90 93 95 97 99 101 102 103 107 113 120 121 123 124 131 132 137 139 148 149 150 152 153 155 156 157 162 163 166 168 171 172 174 175 176 178 184 185 187 192 196 199 203 204 205 207 211 212 213 215 217 218 219 220 228 229 231 237 239 240 242 243 245 247 248 249 250 259 264 266 267 
42 1 90 93 95 98 101 105 106 107 109 113 116 117 118 121 122 129 131 132 142 144 148 149 152 153 154 155 157 161 165 166 169 172 173 174 180 184 185 187 188 189 190 191 192 193 198 200 201 203 204 210 212 218 221 222 226 228 234 236 240 242 249 250 253 256 258 260 261 263 266 267 
32 70 86 57 90 84 15 86 6 46 44 15 73 98 4 29 54 44 50 79 65 25 70 10 58 91 29 50 87 15 91 52 29 81 18 25 71 79 95 40 76 81 12 41 89 72 78 28 8 61 100 33 46 8 63 29 61 94 95 79 85 25 43 36 7 94 76 61 22 45 15 41 37 53 53 69 10 88 23 65 58 65 67 67 67 52 25 88 52 32 78 46 42 86 19 14 50 8 56 95 13 56 96 59 55 76 88 50 92 51 95 19 73 5 67 96 87 30 51 30 7 62 63 73 21 97 67 83 48 39 86 7 21 87 35 44 10 85 4 8 38 72 95 53 32 51 94 75 100 40 66 76 38 59 87 97 82 73 48 38 16 7 72 14 79 21 80 9 69 3 34 45 19 91 76 7 30 66 38 78 26 47 69 84 19 39 34 76 77 9 58 57 65 92 100 20 17 95 51 67 61 22 31 66 13 35 62 28 47 30 81 26 21 94 45 18 88 55 53 14 99 25 27 89 33 77 40 72 61 83 25 16 33 93 53 25 55 26 15 26 78 76 69 23 89 41 76 56 30 1 46 8 32 79 70 44 94 72 49 40 42 68 26 71 21 12 70 
