184 276
88 93 115 133 136 137 147 160 172 177 209 211 212 217 220 221 222 245 263 270 272 
4 94 122 135 222 232 233 241 
74 100 217 
92 1 93 94 99 102 107 108 110 111 115 117 118 119 121 127 129 130 137 141 142 147 148 149 150 154 157 158 160 161 167 169 175 176 180 183 185 187 190 193 194 195 196 202 205 206 215 216 217 219 226 228 229 231 233 241 244 252 257 260 262 263 264 265 270 273 274 275 276 
78 161 
51 115 131 137 140 184 208 
43 109 130 134 172 201 205 219 220 271 
43 96 99 103 104 107 117 119 123 124 125 126 131 133 136 138 139 141 142 143 147 150 153 155 156 158 159 161 164 167 171 172 174 175 182 183 184 186 187 194 195 201 206 208 209 212 213 215 219 221 222 225 233 235 236 238 241 245 247 249 250 254 257 258 259 262 263 265 267 269 271 
62 95 98 100 104 105 106 108 110 111 115 123 124 125 129 130 145 150 151 156 157 167 168 169 170 171 190 192 196 197 207 209 210 219 220 225 228 234 237 239 241 242 245 251 254 257 261 264 268 269 270 271 272 274 
41 96 97 98 100 106 108 115 129 130 132 136 143 144 154 156 165 167 176 178 182 186 187 191 194 196 197 198 205 207 208 213 217 224 225 226 228 233 234 236 240 246 264 270 
100 101 102 105 106 108 112 116 119 121 125 128 130 133 139 143 151 153 157 159 161 162 164 166 169 173 177 186 187 188 189 197 205 209 214 218 220 221 224 229 230 233 243 245 248 252 254 258 262 266 268 269 271 272 
17 106 109 241 268 
51 1 100 105 113 119 122 123 126 128 129 134 141 147 154 156 164 178 181 184 186 187 189 191 194 200 210 211 219 221 222 230 233 247 249 257 264 267 268 272 
51 93 117 120 129 130 132 142 143 147 148 161 162 167 168 170 181 182 183 186 189 200 201 210 221 223 229 233 241 242 244 257 262 263 265 267 
81 95 98 102 103 106 127 129 142 143 154 163 181 188 190 195 202 208 209 214 226 228 237 243 264 269 272 
100 96 99 102 104 108 115 116 118 124 136 138 141 143 145 158 164 184 186 190 195 196 197 198 213 225 226 253 267 
52 101 102 103 105 107 110 114 116 122 124 129 130 132 133 141 145 150 151 158 162 173 174 180 185 187 202 205 210 216 220 226 229 230 232 235 242 253 255 258 260 276 
91 95 97 102 106 107 111 117 120 121 127 139 158 165 178 181 182 190 195 208 211 225 232 238 246 255 272 276 
96 1 94 95 128 137 147 194 223 248 261 
32 93 97 98 106 111 112 113 115 133 138 139 142 144 145 157 158 159 161 163 165 167 168 170 173 174 175 178 179 180 182 183 185 188 189 190 193 198 200 205 207 211 213 214 224 227 230 231 233 236 238 239 243 244 251 252 257 260 272 273 275 276 
82 96 100 101 103 109 114 117 118 121 127 128 132 138 140 142 143 146 152 154 157 160 161 168 171 173 175 180 182 184 190 192 195 197 203 208 214 219 221 223 230 239 240 242 255 256 259 261 265 267 271 273 274 276 
90 113 120 142 156 160 175 207 235 252 255 271 
26 1 94 95 103 106 108 109 111 115 120 121 122 123 127 128 129 131 132 138 145 146 148 149 154 155 157 158 163 165 169 170 172 174 185 194 196 202 204 213 214 217 222 223 224 228 231 232 233 234 246 256 260 263 264 
36 97 104 105 107 109 114 115 117 125 127 129 133 134 151 153 157 168 175 176 187 197 200 203 212 233 245 246 249 257 259 261 264 267 275 
96 106 135 219 238 253 255 276 
71 93 97 101 103 109 112 113 114 116 120 123 124 125 126 129 130 135 136 137 140 141 143 149 150 151 155 160 162 164 166 174 175 177 178 181 183 186 187 191 194 195 199 201 203 205 210 214 215 218 219 220 224 229 243 245 261 264 266 271 274 276 
87 125 
58 94 96 101 105 109 110 112 113 115 116 117 125 129 131 135 136 139 141 142 145 153 157 165 168 174 181 184 190 193 195 196 200 205 206 209 210 211 212 223 224 230 234 237 242 249 256 259 260 261 262 264 267 269 274 275 276 
84 104 105 124 128 133 139 150 152 162 165 174 188 193 197 209 218 226 227 230 234 235 245 256 257 
8 96 145 147 163 169 191 206 209 229 
17 96 97 99 107 111 113 116 117 119 120 122 132 133 141 142 144 145 147 148 149 152 153 155 156 157 162 189 191 196 197 199 201 202 204 206 211 216 220 223 226 229 235 237 241 249 253 259 263 268 271 
53 99 102 105 106 116 121 124 127 129 133 139 141 142 144 145 154 167 172 176 180 181 182 184 186 190 198 219 226 228 236 239 242 244 250 253 260 266 274 
72 96 97 102 106 108 118 119 134 140 141 145 147 150 159 163 164 165 169 171 180 182 183 185 188 189 196 198 199 200 203 208 210 211 212 213 223 226 230 234 235 238 248 250 251 252 259 266 268 269 273 
32 1 93 94 95 97 98 102 110 116 117 120 121 126 131 132 136 141 145 146 150 153 154 157 159 160 164 173 178 179 184 186 189 191 194 195 196 197 201 202 203 205 209 213 216 221 228 229 233 234 236 238 245 246 250 254 256 257 261 265 267 269 272 273 274 275 
64 96 97 123 128 129 133 141 145 148 149 157 159 164 166 174 175 185 187 193 197 201 204 207 216 219 221 228 229 231 232 233 237 255 264 265 268 
23 1 93 103 105 107 112 116 131 133 138 144 166 172 184 190 198 200 203 207 208 220 229 237 251 262 268 
51 119 127 155 167 185 203 212 
71 97 98 104 105 119 135 142 154 155 158 159 161 163 164 169 174 175 177 184 190 191 194 195 198 203 205 207 215 220 221 223 232 239 240 245 250 254 262 267 
41 1 102 104 130 134 136 146 149 158 160 173 182 184 188 193 195 202 209 211 240 259 261 272 
49 1 95 96 98 99 101 103 106 111 112 113 114 117 122 123 124 125 128 129 136 139 143 146 147 149 152 154 155 158 163 165 166 169 176 181 183 185 190 195 196 197 198 199 200 203 204 215 217 219 224 230 239 241 243 249 251 253 256 257 258 266 267 268 269 271 273 
57 1 95 99 103 104 105 111 114 118 119 132 135 138 141 143 144 147 149 150 151 152 159 160 175 179 180 181 182 187 188 189 193 201 203 207 208 212 217 218 224 225 226 232 233 234 239 246 248 253 261 264 268 270 273 
74 1 94 98 99 102 106 111 112 113 114 122 128 130 131 137 149 152 154 156 157 162 165 173 175 177 181 183 184 185 186 188 189 190 191 192 200 205 209 214 216 219 229 242 243 253 260 261 262 264 266 274 
74 145 147 155 167 216 219 
74 97 98 113 141 143 153 156 161 170 176 189 194 207 219 232 241 256 259 271 
3 130 139 145 149 171 
87 1 93 96 97 99 103 104 105 108 114 123 130 132 137 139 140 141 142 143 150 156 158 167 171 172 184 185 187 190 191 193 198 199 201 202 205 208 209 216 217 219 224 227 229 230 234 236 237 238 241 242 243 245 251 252 255 260 261 264 272 273 274 275 276 
57 115 128 140 152 231 252 
68 97 110 135 147 155 179 213 248 263 
3 105 125 163 171 207 228 245 248 259 
63 172 210 254 
58 1 96 99 100 101 110 112 113 114 116 131 137 140 142 146 148 153 159 160 161 162 165 166 167 169 171 172 173 174 175 176 177 179 180 187 191 195 197 198 202 203 205 206 208 214 216 218 220 221 222 224 229 230 231 232 234 237 239 241 246 247 250 252 253 254 262 267 268 270 271 274 
92 97 100 105 111 112 116 118 120 121 124 127 130 136 156 162 165 169 172 178 184 188 193 195 198 203 204 205 207 210 217 218 219 222 223 231 239 241 242 244 248 254 256 260 261 263 266 268 269 270 273 274 275 
23 102 131 133 154 163 187 191 194 219 229 252 
33 95 96 97 105 106 109 110 127 133 136 139 147 151 153 162 169 170 176 187 188 190 193 200 207 210 214 233 237 238 241 245 255 257 258 259 262 266 270 
96 93 94 100 105 112 114 115 116 119 121 122 129 130 133 134 139 143 144 148 150 157 160 162 165 172 179 180 183 196 198 205 206 207 209 211 212 217 218 220 224 230 234 239 243 244 245 251 253 255 258 261 265 266 267 270 276 
77 168 
71 94 101 109 110 114 115 117 120 139 141 145 148 156 161 162 165 168 176 177 179 181 184 185 187 188 189 191 193 195 198 206 211 212 213 215 218 221 225 231 232 235 241 242 245 246 259 260 261 267 271 276 
23 96 107 108 113 134 135 136 139 150 160 174 175 178 194 196 198 205 209 211 220 221 243 254 262 265 269 272 
90 1 94 106 116 121 127 130 137 138 144 146 147 162 165 172 180 183 187 209 224 236 249 255 258 267 
35 103 105 107 111 112 114 117 119 126 132 134 137 143 145 152 154 157 164 167 169 170 174 175 177 178 180 182 183 188 193 197 198 203 209 218 221 222 228 234 239 241 243 249 251 255 257 259 262 266 269 
6 93 98 102 104 106 107 113 114 115 116 124 125 128 129 130 131 132 135 142 144 148 150 152 153 154 157 163 164 166 169 173 178 179 180 184 189 191 194 196 203 205 206 210 212 215 217 223 226 228 236 242 244 246 250 251 254 256 259 260 266 269 274 
57 102 115 133 160 201 240 244 248 263 
76 133 248 
36 96 97 99 101 103 110 111 118 123 124 132 133 139 141 144 146 156 158 163 164 168 169 170 175 181 182 184 189 192 195 197 200 203 207 212 215 216 221 223 225 226 231 236 238 241 242 244 245 246 247 254 256 257 259 263 265 266 267 273 274 
29 1 94 101 103 104 110 112 116 121 128 130 145 149 156 157 163 165 183 191 198 199 207 216 221 224 225 227 232 240 245 251 259 264 273 274 
22 97 98 102 108 109 112 115 116 121 123 124 128 130 134 136 139 146 152 155 158 164 172 173 176 177 186 189 192 199 203 204 206 211 212 223 228 230 232 238 240 241 243 245 247 248 249 253 254 255 260 263 264 270 273 274 
42 94 97 101 104 114 117 123 126 152 155 156 158 171 177 180 188 191 194 195 203 205 220 222 233 235 239 240 247 248 249 253 259 269 270 271 274 
1 94 107 108 118 120 131 138 152 171 175 179 195 200 206 223 227 228 243 244 261 263 273 
47 93 97 105 106 108 114 115 121 124 126 129 132 134 144 147 149 152 154 156 161 167 185 187 189 190 193 195 197 199 203 215 216 221 223 224 229 231 235 236 239 242 245 247 253 254 256 257 259 265 266 267 270 271 272 273 
26 1 94 98 103 105 107 108 109 110 111 119 124 125 129 130 131 134 136 138 141 142 145 146 149 150 153 155 156 159 160 163 166 168 171 172 173 178 179 180 184 190 191 195 196 198 204 205 207 211 212 213 214 216 219 223 225 234 236 237 240 245 254 256 258 259 260 261 264 265 266 269 270 272 273 
72 94 99 104 128 161 172 176 180 182 183 188 193 196 197 217 223 224 231 263 265 271 
95 96 99 138 141 218 222 230 232 234 251 
39 194 
87 1 99 100 101 108 111 113 115 116 119 121 122 123 124 126 129 133 137 138 142 143 144 147 152 154 157 161 162 169 171 173 174 175 178 179 180 184 188 191 195 196 197 204 206 207 208 212 214 226 229 230 231 232 234 235 239 240 241 247 249 256 257 258 259 261 262 266 267 269 272 
5 100 101 108 109 110 112 114 116 127 128 129 131 132 135 141 143 144 145 148 151 154 155 157 160 162 163 166 169 171 173 174 175 177 178 179 182 184 186 195 197 198 200 202 204 206 210 212 216 218 221 223 225 234 237 241 243 250 251 253 258 259 261 267 271 
41 101 103 143 156 243 262 
58 99 103 
12 110 113 131 184 185 211 222 245 246 275 
29 94 96 101 103 104 106 114 119 120 121 122 129 134 143 154 157 158 165 169 171 172 175 179 180 188 194 197 198 201 207 211 218 221 224 230 231 242 246 249 253 254 255 256 261 263 267 271 272 273 
13 1 93 94 96 97 104 111 113 115 117 118 120 121 122 126 128 133 138 141 142 144 146 148 153 156 162 166 170 174 175 177 181 182 185 188 190 192 193 198 204 205 207 214 216 219 221 222 224 225 228 229 233 235 236 238 240 245 250 255 258 266 270 271 272 274 275 276 
98 93 95 108 119 120 127 128 129 131 134 146 147 152 157 158 160 164 166 169 173 174 177 184 185 186 187 188 191 194 198 200 202 203 214 215 217 218 219 222 223 225 238 243 245 254 259 266 272 273 274 
28 118 127 136 137 146 160 168 182 186 188 200 201 218 239 241 244 250 270 274 
24 1 93 95 97 101 102 104 106 109 110 116 117 118 123 126 129 131 135 138 150 151 152 155 163 172 173 179 180 181 186 191 192 193 196 208 209 211 215 221 227 228 236 242 249 259 260 263 265 266 273 274 275 
37 94 101 107 108 110 119 129 134 135 140 142 149 153 156 162 163 165 172 175 177 184 189 192 194 199 202 205 206 211 218 235 240 243 247 260 262 263 266 269 272 
81 108 157 176 261 
15 96 113 121 124 125 133 145 147 150 164 165 175 176 191 196 203 215 218 236 238 239 240 241 250 255 261 275 
57 105 145 153 156 169 175 187 214 220 233 256 272 
23 1 95 99 105 106 107 111 115 126 135 136 142 148 149 152 156 157 159 166 170 174 179 182 183 185 187 188 191 193 194 196 199 201 202 205 208 210 216 221 222 224 225 229 230 233 248 252 254 255 262 264 265 266 267 268 272 
24 1 96 97 100 102 103 105 107 112 113 114 115 122 128 132 135 140 142 144 147 148 156 157 160 162 172 174 176 178 179 183 184 185 186 194 196 198 202 207 208 209 210 211 214 224 225 226 227 237 243 244 250 257 264 266 272 274 
49 97 99 103 106 108 111 113 116 117 122 123 135 141 144 145 152 162 167 172 174 175 176 179 182 184 185 188 191 192 193 194 199 204 209 213 223 224 227 239 240 242 243 245 250 251 252 254 258 262 276 
59 1 97 104 107 110 118 123 132 133 138 142 144 146 147 150 160 161 163 164 168 169 171 187 189 190 191 220 223 240 246 250 251 255 257 258 263 265 272 276 
32 1 95 101 103 104 106 115 120 125 129 130 136 137 140 144 149 150 153 156 158 159 164 169 173 174 178 179 180 183 188 189 190 192 194 198 199 200 201 204 205 206 207 211 214 218 220 225 226 231 234 237 240 242 248 251 253 255 260 261 262 267 269 271 273 
1 97 98 100 106 121 123 125 143 145 161 168 170 174 189 191 192 194 195 205 209 215 225 233 240 241 263 267 269 272 
58 96 97 98 103 106 109 118 121 124 126 129 133 135 143 145 146 147 155 163 174 176 177 179 182 187 188 194 195 198 202 204 208 211 213 216 217 219 226 228 238 239 243 245 250 253 255 256 260 265 275 
47 98 100 101 104 110 111 113 118 121 122 123 124 131 132 133 138 139 145 151 156 159 161 164 171 172 177 180 183 184 186 187 188 192 196 199 212 217 218 221 225 232 239 242 247 264 274 
23 97 100 106 107 110 111 113 115 116 117 122 124 130 131 134 138 140 149 153 157 160 162 167 170 173 177 179 181 182 183 185 187 189 195 203 208 211 219 221 228 231 238 241 242 245 249 251 254 258 259 261 262 263 264 273 274 276 
99 1 96 97 108 111 116 130 156 157 171 184 190 196 205 207 210 220 224 226 232 234 243 262 268 
70 106 117 125 141 146 152 156 168 169 172 174 185 192 209 212 221 223 226 228 246 248 261 271 272 273 275 
51 94 152 158 160 172 212 222 242 
6 1 96 97 102 107 111 114 115 121 123 125 126 128 131 143 153 158 160 163 165 166 167 170 172 173 174 175 177 179 181 185 186 193 195 197 200 202 204 208 209 210 215 216 224 225 229 232 235 236 237 240 243 245 249 252 253 254 255 256 257 259 261 268 269 271 272 273 276 
54 94 95 97 100 101 107 108 109 111 114 122 123 124 127 130 137 144 145 147 149 150 157 159 160 162 163 168 170 176 178 182 184 186 190 191 192 206 211 215 216 217 218 220 221 224 225 226 227 228 230 234 235 236 246 251 256 259 260 262 265 267 274 
93 93 99 100 128 160 169 171 172 173 176 182 184 193 196 207 208 215 221 223 230 233 263 
7 1 101 103 111 114 115 120 128 134 140 143 154 159 160 161 162 164 166 172 173 174 181 190 196 206 209 212 214 215 222 225 226 230 234 235 236 240 253 255 257 266 268 
90 1 93 99 106 107 112 114 116 120 122 126 130 135 138 140 148 149 153 156 160 163 164 168 170 172 173 186 188 195 206 210 211 223 226 234 252 256 
26 93 94 97 100 102 105 109 111 113 120 132 135 136 137 138 139 142 145 166 176 186 190 193 196 201 204 206 208 210 229 233 238 239 241 256 259 261 269 275 
76 258 
45 93 102 103 124 127 132 133 139 144 145 150 155 157 162 174 175 179 181 187 188 194 195 196 199 200 204 215 222 226 235 243 245 251 259 263 268 270 272 273 
58 1 96 117 120 125 128 143 145 148 163 171 174 187 190 193 196 197 203 204 207 211 219 222 225 228 233 236 239 240 253 254 255 270 275 276 
68 93 96 98 105 111 113 114 117 123 125 129 133 137 142 156 162 164 183 187 189 193 209 215 216 218 222 233 237 239 247 271 273 274 
57 94 95 99 107 108 109 114 116 117 122 124 125 129 131 133 134 143 146 148 151 159 160 163 167 169 170 172 174 182 183 185 187 189 198 201 202 205 206 207 212 214 215 225 227 228 229 241 242 257 265 276 
15 97 100 105 117 120 122 131 144 149 151 159 162 167 168 169 174 178 180 188 198 204 207 213 216 218 231 235 238 247 248 249 252 259 267 273 
69 94 104 109 124 128 133 135 138 156 167 184 190 191 203 221 222 224 228 241 246 249 258 259 262 265 270 
58 113 132 133 174 180 259 
53 212 237 264 274 
23 100 101 108 109 112 115 116 125 128 141 142 145 146 148 160 165 167 178 180 186 188 194 195 197 198 200 203 204 206 208 213 215 216 218 230 235 236 257 258 269 
41 1 93 100 117 120 126 131 158 172 185 195 198 200 205 212 222 235 238 274 
9 96 98 99 104 107 108 109 111 114 125 127 128 135 139 145 147 152 154 155 157 161 168 171 173 175 182 183 185 187 190 191 192 198 200 205 210 212 214 215 225 227 228 230 234 236 244 246 259 266 270 276 
64 93 94 95 98 107 113 132 136 138 144 145 153 156 166 167 176 188 194 196 199 200 219 222 224 228 232 235 245 247 248 249 256 257 261 276 
18 94 96 98 102 103 104 113 116 121 127 134 159 164 169 170 171 175 176 177 179 189 192 198 199 203 210 214 225 226 228 231 242 244 250 251 261 265 267 269 270 272 
34 93 97 111 112 134 143 147 148 153 157 165 167 171 182 187 190 195 206 235 253 254 262 267 268 271 274 
15 100 163 211 238 251 
79 96 101 103 105 107 109 110 112 113 114 121 127 129 131 138 145 146 150 151 155 157 160 163 164 168 170 179 181 185 188 191 196 197 206 210 211 212 222 223 224 225 229 235 237 238 239 245 247 248 249 250 251 255 257 261 262 263 267 268 273 274 
71 1 93 94 95 100 101 104 107 109 111 115 119 122 124 125 130 134 135 141 142 143 144 146 147 148 150 152 153 154 163 166 167 168 169 171 173 176 179 180 181 182 183 186 187 188 190 194 197 201 202 203 205 206 211 213 216 220 222 223 225 227 230 236 242 244 245 253 256 265 266 267 271 272 274 
10 1 118 155 165 207 208 250 265 
9 96 106 107 119 133 140 161 168 173 176 177 188 196 197 199 201 206 211 212 216 229 230 239 245 248 256 258 261 274 
49 94 100 108 110 111 115 116 117 119 127 135 137 146 150 152 155 156 158 167 181 187 194 202 214 220 229 233 234 243 245 247 250 260 266 273 275 
6 1 99 102 103 105 106 108 110 113 115 116 119 122 124 125 127 133 136 139 144 146 147 162 167 168 170 175 176 178 184 187 190 192 194 197 199 202 206 210 218 220 222 223 224 225 229 230 231 235 247 249 251 252 254 261 263 265 266 268 270 272 273 274 
25 1 96 111 116 123 130 131 137 138 144 160 163 168 171 172 175 181 185 187 188 190 196 197 199 209 217 218 219 225 228 232 235 237 242 244 249 252 259 260 262 265 267 272 273 
28 96 99 117 126 142 151 159 181 189 193 194 201 202 207 225 228 233 238 247 260 262 270 272 273 
10 97 99 100 106 114 116 122 123 128 135 139 142 147 148 151 152 153 155 157 158 162 163 173 183 189 195 203 207 225 241 243 245 251 252 263 276 
96 95 101 106 108 111 112 114 116 123 127 128 130 136 137 139 151 152 160 167 175 178 180 181 186 191 193 194 195 203 204 207 209 212 214 215 222 223 226 229 233 236 244 246 248 253 254 255 259 260 261 267 269 270 
35 1 95 98 100 113 117 126 128 129 130 134 137 143 150 152 153 164 173 182 187 192 195 196 199 206 212 218 219 222 233 239 244 248 252 256 257 259 261 271 273 274 
47 97 100 107 113 117 118 120 128 132 142 147 153 154 158 160 163 164 167 176 180 183 184 192 194 203 209 211 221 228 248 250 256 258 259 270 276 
63 1 154 157 202 206 211 215 239 240 242 251 271 
34 96 99 112 119 121 122 126 129 130 137 138 139 143 147 153 158 159 163 176 181 182 185 187 188 191 197 199 206 208 212 213 216 230 233 234 238 245 247 249 258 274 276 
80 97 249 
48 105 131 133 140 141 204 209 241 271 
76 1 99 101 107 108 113 115 127 130 133 135 150 154 159 165 181 188 191 192 197 202 204 206 219 228 234 265 270 274 
33 93 102 110 117 123 129 130 131 132 134 135 139 145 164 169 176 181 183 186 200 201 210 214 233 240 243 253 259 262 266 
23 99 111 114 121 122 130 133 134 137 143 147 153 155 170 177 182 184 200 205 206 209 224 235 240 242 245 249 250 254 257 258 259 263 266 274 
67 97 101 110 193 195 201 221 247 
66 1 98 109 113 128 129 131 143 149 150 169 188 189 196 201 210 220 221 243 258 260 262 264 267 270 276 
93 96 99 102 103 112 113 115 118 129 149 151 158 164 165 167 169 171 180 184 189 191 212 216 217 220 221 224 226 242 245 256 257 260 267 268 276 
69 95 96 108 112 113 115 117 124 136 145 150 152 153 159 165 166 169 177 181 193 194 203 211 214 221 222 225 230 234 239 241 244 249 250 252 254 255 259 268 269 273 
51 101 118 122 136 139 141 190 192 194 195 204 218 224 229 236 243 250 270 272 
52 1 102 109 112 116 123 125 127 136 142 144 154 160 164 168 170 176 192 195 197 199 200 204 205 208 210 226 231 233 244 245 246 247 255 258 262 268 275 
42 95 102 124 
92 1 93 95 96 98 99 100 105 108 113 118 120 123 124 128 131 133 134 136 140 145 153 156 163 167 171 173 174 176 198 201 213 216 221 224 225 226 231 234 239 247 251 252 253 255 258 264 265 266 268 270 272 276 
5 95 96 100 101 102 104 106 112 113 115 116 117 118 120 128 131 132 133 138 139 142 143 146 147 151 153 157 158 160 163 164 165 171 172 174 176 179 180 181 183 189 190 191 194 198 199 200 201 202 205 207 215 216 217 218 219 221 227 228 229 234 245 247 261 262 263 267 268 274 276 
71 93 96 98 100 101 105 106 121 123 124 131 136 139 141 152 169 171 176 184 195 197 206 209 210 212 216 218 222 233 237 238 239 242 246 248 251 254 258 263 266 272 273 
40 95 105 108 109 110 112 114 116 117 121 124 125 128 131 133 138 139 145 148 161 169 170 174 176 177 181 185 186 187 190 191 195 197 200 207 208 209 214 215 218 220 227 228 236 237 240 242 244 247 248 250 251 252 254 259 263 264 273 275 276 
32 94 96 108 111 117 123 128 129 131 133 137 144 148 151 157 162 164 167 168 170 171 176 177 179 185 186 189 190 192 193 194 200 202 207 212 215 218 220 223 224 226 227 229 234 235 237 238 242 243 246 247 248 254 260 264 269 272 274 276 
43 122 128 223 234 252 255 271 
26 1 93 97 99 102 103 112 115 117 118 119 122 123 124 125 126 128 130 133 136 139 140 142 144 145 152 154 159 162 168 171 172 176 183 187 188 192 194 197 203 205 206 209 211 214 215 218 223 225 231 236 240 242 244 246 248 249 256 261 267 268 271 276 
100 102 105 113 135 147 151 161 164 165 170 179 191 200 201 216 221 231 232 240 248 249 251 256 258 
9 93 95 101 105 106 107 108 111 114 116 119 121 122 124 127 131 135 137 138 139 142 145 147 149 150 151 154 162 164 166 167 168 171 172 174 177 181 182 187 191 194 197 199 200 201 207 212 217 218 220 222 225 226 228 230 231 240 241 243 244 245 249 252 260 261 262 263 267 270 
80 94 96 97 101 102 105 108 111 115 126 127 133 141 142 143 153 154 156 158 159 178 190 196 198 200 201 205 208 217 221 222 225 227 229 237 247 249 262 276 
95 1 93 96 98 99 101 104 105 113 119 123 130 139 141 142 147 150 152 155 158 161 165 166 169 170 171 184 185 187 190 192 197 199 201 206 208 210 212 214 215 216 218 221 222 223 228 230 233 235 239 242 247 249 250 251 252 265 269 272 276 
12 98 99 109 110 113 121 122 123 129 130 135 137 140 142 144 148 153 156 161 163 171 172 173 176 179 182 184 185 187 188 189 196 201 202 204 206 210 212 214 217 220 225 227 230 232 234 235 237 238 240 241 242 243 244 249 250 251 253 254 258 260 263 271 275 
78 94 96 101 102 103 107 127 149 157 164 174 177 178 181 182 183 187 189 194 195 200 201 212 213 214 216 221 225 228 237 238 247 255 259 260 261 264 266 267 276 
10 188 267 
8 93 97 101 102 103 104 105 110 117 118 119 120 121 122 125 127 128 129 131 136 137 138 140 153 154 155 158 163 171 172 179 181 188 190 192 193 195 197 198 199 202 208 211 212 214 220 227 228 236 237 239 245 246 251 252 255 258 262 264 275 
1 1 93 100 102 107 109 110 119 120 121 147 148 156 160 167 172 175 188 189 205 207 219 228 246 261 262 265 
28 93 94 95 97 101 103 107 108 112 116 117 118 119 124 129 130 131 132 133 135 137 139 142 145 149 152 154 161 162 168 170 175 176 177 183 186 188 191 197 199 201 207 215 217 222 223 225 226 227 228 231 232 234 236 238 240 243 247 249 250 252 255 259 260 261 263 266 267 268 269 270 271 274 275 
18 1 102 110 111 112 113 115 119 124 133 138 139 144 148 153 157 164 167 168 174 177 187 190 192 193 194 195 199 200 205 212 215 220 232 240 241 246 249 250 251 253 262 265 267 274 
29 94 95 97 100 101 105 107 110 112 119 122 124 125 126 127 130 132 135 138 139 140 143 144 156 160 161 162 164 166 167 168 170 178 179 180 182 183 187 188 189 194 196 198 202 203 207 211 217 220 225 226 227 229 233 236 237 246 250 251 255 258 262 263 267 271 274 275 
40 94 96 106 108 110 113 115 116 118 119 120 121 130 131 132 134 136 139 140 142 146 156 162 169 174 175 177 178 179 180 182 184 185 186 187 189 190 191 192 195 200 201 204 207 211 215 216 218 220 222 223 227 232 236 237 238 242 245 246 253 256 261 263 
50 95 96 103 104 109 111 112 113 115 116 119 120 121 127 129 137 145 146 147 150 151 158 165 166 170 171 172 173 176 178 179 180 184 185 186 188 191 192 193 195 196 200 201 202 206 209 213 214 218 220 221 222 225 227 232 233 236 237 240 242 244 249 251 254 255 265 268 270 276 
45 103 136 169 182 218 219 264 
13 93 107 110 112 117 122 123 127 128 129 135 136 138 142 144 146 150 154 155 157 163 169 174 180 181 183 186 193 194 195 199 200 205 207 211 212 214 215 221 222 225 228 232 233 234 236 240 242 247 251 254 256 262 274 275 
64 208 
12 1 93 97 105 106 108 109 112 117 134 137 141 147 152 154 155 156 163 164 169 173 186 189 190 192 194 198 200 202 203 206 207 208 210 214 216 217 218 220 228 230 231 234 236 239 241 242 246 250 251 255 258 259 263 266 267 268 
24 94 97 103 110 111 115 119 123 125 127 130 131 133 136 138 139 154 155 159 160 161 162 163 164 169 170 171 174 176 177 179 183 184 185 188 194 202 206 207 208 210 212 215 217 224 226 227 229 230 234 235 236 239 240 242 247 249 251 252 256 257 261 265 271 272 276 
100 95 96 99 101 102 106 116 117 133 137 141 150 161 169 174 175 184 186 189 190 194 195 196 201 204 205 207 208 210 214 223 224 228 231 240 244 256 260 263 266 
100 115 118 119 138 143 149 259 263 276 
57 124 129 176 183 189 190 197 216 229 249 252 258 
35 93 95 98 99 108 109 111 120 135 139 143 145 150 156 158 161 164 166 170 173 182 183 186 194 213 214 216 220 228 240 245 253 261 267 270 275 
21 104 116 117 123 126 130 133 162 206 224 240 
2 101 103 104 108 109 111 113 115 116 120 128 131 132 134 135 136 142 145 146 148 149 151 153 156 158 160 162 168 169 174 175 177 178 181 188 189 190 191 192 195 199 200 207 220 221 228 230 234 237 238 239 241 242 244 248 249 255 258 261 264 270 271 276 
89 95 97 98 100 101 103 107 110 113 118 119 120 122 130 131 134 142 143 144 147 148 154 155 158 162 164 165 166 167 169 171 174 180 185 190 193 194 195 198 201 205 206 208 210 217 218 230 232 233 234 238 239 241 242 243 244 248 253 255 258 261 262 264 267 275 
67 93 96 97 99 100 102 105 106 107 111 112 113 114 121 135 136 139 142 143 147 149 158 160 162 164 168 171 172 177 178 200 204 206 209 213 217 218 219 222 223 226 227 231 236 241 242 244 252 263 270 274 
44 138 141 169 209 250 
55 98 102 115 125 127 136 141 148 152 163 184 186 197 217 220 236 251 252 261 276 
85 93 99 100 103 104 110 113 114 116 121 122 124 127 128 132 139 140 144 146 151 152 156 158 169 170 171 172 173 176 184 186 188 189 191 192 194 197 211 220 228 229 234 238 240 241 244 247 248 257 260 265 266 269 276 
88 4 59 29 63 29 10 100 13 21 85 19 46 26 65 59 92 54 79 40 89 75 93 17 75 88 27 45 69 71 38 80 69 84 44 87 17 68 51 38 76 61 34 62 100 45 58 88 61 10 69 13 80 65 100 77 16 37 3 87 1 48 72 35 34 1 97 59 87 43 81 17 77 61 75 96 80 33 27 35 44 20 57 20 61 67 66 19 5 9 23 19 32 64 28 3 22 44 46 31 37 10 61 26 84 34 53 75 1 31 89 55 61 40 77 36 19 65 84 3 2 39 62 21 79 53 18 81 95 26 23 31 4 71 95 77 67 69 99 6 27 82 19 36 20 56 64 97 41 10 89 61 9 7 75 96 34 42 4 36 60 60 28 83 50 46 58 18 27 55 69 43 14 82 33 87 83 49 76 97 73 2 71 91 36 83 1 79 93 19 53 13 22 98 64 11 39 29 52 44 72 11 26 34 12 70 62 80 47 76 18 83 23 84 38 86 13 35 37 76 31 53 9 43 86 93 66 85 70 72 35 26 11 7 39 59 84 67 94 27 42 77 2 56 96 41 40 26 1 16 68 2 34 81 39 40 100 6 17 92 23 86 99 96 95 87 87 17 15 38 68 50 32 46 48 16 
