186 279
64 94 98 99 106 108 110 114 115 121 123 124 126 128 129 134 135 145 146 155 160 161 163 164 173 181 183 186 195 197 201 206 209 210 217 218 220 222 225 232 233 234 235 239 246 248 250 251 255 257 259 260 268 269 277 
74 114 129 131 134 143 157 195 204 212 213 224 233 240 241 266 275 277 279 
49 94 99 104 108 109 113 114 124 132 137 139 142 143 145 148 151 154 155 158 159 165 168 172 175 176 177 180 183 186 188 189 190 196 198 213 214 224 231 232 233 234 237 240 243 244 248 249 255 257 258 259 260 273 277 
38 98 101 104 106 107 110 115 118 120 121 127 132 135 141 146 148 160 170 175 183 185 192 193 194 196 205 209 217 218 228 229 239 241 243 246 262 268 
16 145 166 191 256 259 274 275 
30 95 108 124 135 145 148 149 156 158 160 173 182 187 190 191 192 214 218 226 229 230 236 242 246 252 257 258 266 269 273 275 278 
53 95 97 105 109 113 114 116 117 122 125 126 127 131 134 141 145 147 148 150 152 154 159 160 163 164 166 177 178 185 186 187 200 201 202 204 207 209 210 211 216 217 219 224 227 235 237 240 243 245 246 248 251 253 254 256 260 262 263 266 268 272 275 
10 95 96 97 99 101 102 103 105 106 109 110 112 113 117 124 133 137 142 143 144 145 149 152 153 156 160 162 166 167 173 177 179 181 185 186 188 190 193 194 195 203 204 212 217 218 219 225 226 227 228 232 236 237 238 245 251 252 253 261 262 264 267 270 273 275 276 
97 102 103 112 118 120 122 125 132 133 138 142 145 151 153 155 157 162 170 172 173 176 186 189 198 199 210 217 223 241 243 245 250 257 259 260 265 271 276 
80 96 97 100 102 103 106 108 110 114 117 118 120 124 125 127 131 132 135 139 140 141 143 145 147 148 149 150 154 155 157 159 162 166 175 179 188 189 190 192 194 197 203 209 210 216 217 219 224 227 228 230 235 238 243 244 245 247 248 255 259 263 264 268 274 
100 188 193 204 211 214 230 232 243 245 259 273 
67 94 96 99 104 105 109 112 115 122 123 131 133 138 140 142 151 153 156 157 160 164 168 187 189 190 194 200 202 205 208 209 217 229 241 242 245 246 247 253 259 260 261 265 267 270 277 
38 1 98 100 104 105 108 122 132 136 139 152 158 159 161 162 163 164 165 169 171 185 189 191 194 197 199 202 206 208 212 215 217 220 224 240 245 247 248 254 256 259 262 264 265 268 271 273 274 276 
79 96 101 106 109 112 120 127 128 130 147 152 153 158 160 161 162 176 179 180 189 190 192 200 203 204 207 213 214 225 229 240 250 255 265 
77 99 102 103 104 115 124 131 136 147 152 153 154 165 174 175 179 180 184 188 190 194 209 215 216 217 218 221 226 241 257 265 278 
93 99 101 110 113 115 120 121 122 127 129 132 133 140 143 145 146 148 153 154 155 156 163 173 174 175 178 184 199 200 204 206 221 222 229 231 233 249 253 255 257 258 259 262 263 268 269 272 274 
70 98 102 107 109 110 114 115 116 117 118 119 124 126 129 139 145 147 150 152 154 156 157 159 164 166 167 171 173 174 185 187 190 196 197 201 202 204 217 218 219 221 223 230 234 236 239 240 242 245 247 250 251 252 255 258 259 260 262 266 273 275 276 
54 1 104 105 109 110 111 115 118 120 124 127 134 137 138 141 144 145 148 152 155 158 168 170 174 177 179 180 181 185 190 194 195 199 201 203 205 207 214 216 220 224 226 228 232 234 235 236 239 242 251 254 256 257 268 269 271 276 278 
11 131 274 279 
78 105 112 119 148 218 243 254 258 
72 103 149 152 177 179 182 198 200 212 227 243 255 266 272 276 
62 1 101 106 116 121 123 124 125 128 131 138 141 152 159 160 162 163 165 169 176 182 186 188 189 191 199 200 203 210 215 217 218 219 233 235 237 242 248 252 254 257 258 261 262 263 265 269 270 272 274 278 
2 95 98 101 102 110 113 116 118 120 125 128 131 142 152 158 159 162 166 168 169 175 178 180 181 186 190 195 197 200 205 206 210 215 216 222 227 238 240 241 249 260 261 265 269 275 
10 96 98 99 103 104 108 110 112 116 117 118 121 122 127 128 130 131 138 140 145 147 149 151 156 158 159 160 161 163 169 170 172 175 180 184 186 187 188 189 191 192 203 205 208 209 211 212 217 226 227 228 241 244 248 249 252 253 255 261 270 271 272 273 274 276 279 
17 95 96 99 100 101 108 109 114 123 126 127 128 130 131 132 134 137 138 141 148 149 150 153 155 157 160 161 166 168 169 174 177 182 183 184 191 196 198 200 203 204 205 211 213 216 218 224 233 234 235 248 249 251 252 253 255 258 259 264 268 273 274 277 278 
12 108 122 129 133 142 155 159 165 167 174 188 192 197 203 204 211 218 225 226 228 236 261 271 272 276 
45 96 97 101 103 105 107 108 109 111 113 119 125 127 129 131 133 134 138 141 149 150 151 152 153 158 159 162 168 170 176 179 182 189 194 195 196 198 205 208 209 210 211 212 213 215 217 219 221 223 224 229 235 236 237 243 244 248 249 250 254 256 257 263 269 271 278 
12 94 103 109 111 121 127 128 131 135 140 142 143 145 152 157 161 170 177 179 181 182 187 191 199 201 202 204 216 219 220 223 227 233 236 241 247 251 252 262 266 267 270 274 
5 99 119 131 135 136 138 140 142 144 154 155 156 159 163 169 173 175 177 187 188 191 192 203 213 219 221 224 226 245 254 259 260 262 263 265 273 
20 102 107 113 114 117 119 137 139 141 144 148 164 165 177 181 183 199 201 202 206 207 212 228 229 230 237 253 255 267 
90 94 104 109 116 119 124 130 135 140 143 147 148 154 156 158 164 167 189 190 194 197 201 203 210 212 214 216 219 223 225 229 233 234 237 239 241 242 248 251 253 254 261 262 263 264 265 268 270 272 277 
63 1 104 107 109 114 115 116 117 124 126 128 129 131 141 142 144 146 147 148 149 150 151 152 153 157 159 170 174 185 186 189 191 194 196 202 204 206 212 215 217 218 221 224 227 230 233 235 237 240 241 242 244 248 251 252 253 254 256 262 271 272 278 279 
94 105 112 117 119 121 124 129 130 136 137 138 140 143 145 161 168 191 195 207 208 210 214 219 226 228 232 240 242 247 250 269 270 273 276 
98 1 98 99 102 104 105 107 109 111 112 123 124 125 129 131 133 135 136 139 144 149 153 156 158 160 163 164 165 166 173 176 187 188 191 194 200 202 203 204 207 212 219 220 222 224 225 230 231 232 234 243 245 251 265 268 270 272 273 275 277 278 
47 1 116 124 151 155 160 175 200 231 242 249 
78 95 96 107 112 113 117 118 121 122 126 134 148 149 150 152 154 155 156 158 159 168 171 184 192 194 201 204 210 217 219 222 225 230 241 247 250 251 253 259 261 262 267 268 270 271 278 279 
25 1 97 109 111 112 113 115 119 120 121 122 129 130 135 137 147 148 153 157 160 162 164 166 167 173 176 182 184 189 190 191 194 202 205 206 211 214 215 221 222 224 227 231 232 241 242 245 249 250 251 254 260 261 268 270 271 273 275 278 
58 103 136 146 155 159 213 241 261 
75 126 190 263 
3 95 96 99 100 101 102 103 105 106 107 108 110 111 116 118 119 120 122 125 126 130 132 133 134 136 142 143 145 151 153 156 161 165 168 169 170 174 179 181 182 184 186 190 193 195 197 198 200 203 205 219 221 229 231 232 236 237 239 240 243 247 252 254 256 257 259 262 265 270 272 273 274 275 278 279 
1 111 118 119 123 125 129 136 138 140 146 149 150 157 159 160 161 163 170 171 173 175 178 186 189 194 197 199 203 213 218 221 224 229 230 234 237 241 246 255 256 261 262 269 274 275 279 
69 94 105 111 123 145 146 153 155 160 184 187 188 194 195 197 201 205 208 211 217 227 232 257 259 263 268 276 279 
57 94 96 104 105 107 109 113 114 115 117 121 122 124 125 127 130 131 136 137 139 140 141 142 149 152 155 157 158 160 163 165 172 173 174 177 179 180 184 190 192 195 197 201 202 205 207 208 209 214 215 216 217 220 222 226 229 235 239 240 242 245 248 250 256 259 262 266 269 270 271 
32 95 102 104 106 110 112 114 118 119 126 127 128 130 134 135 136 140 142 145 146 153 155 156 158 159 161 163 165 168 171 175 177 182 190 199 207 209 214 215 218 219 222 223 230 234 237 238 246 251 252 256 258 261 262 267 268 272 
62 95 132 220 225 266 
92 1 96 97 109 111 114 115 119 121 122 125 126 132 135 142 143 144 147 152 155 162 163 166 168 171 173 177 179 180 185 189 191 193 200 201 204 210 217 219 222 226 228 232 234 235 236 247 249 250 258 259 266 267 270 271 275 
13 96 97 98 100 102 107 110 113 114 116 117 118 120 122 128 135 142 143 145 151 154 159 160 164 166 167 169 170 172 174 176 177 180 182 189 191 194 197 203 204 216 219 221 226 228 231 235 236 246 251 252 253 254 257 258 261 262 265 272 279 
70 94 97 110 115 119 120 121 126 128 138 142 147 165 166 168 178 181 190 191 197 204 216 217 228 232 236 241 246 250 259 263 265 276 277 278 279 
71 95 98 113 114 118 134 135 138 148 153 155 164 167 170 179 180 185 189 192 196 200 202 216 225 229 233 237 238 243 248 249 258 268 277 278 
91 100 110 126 129 161 212 221 229 236 263 269 
86 1 96 97 107 113 119 121 122 124 125 128 129 130 131 134 142 145 148 152 155 160 169 175 177 180 181 190 191 192 193 196 213 220 224 226 237 239 242 245 248 252 257 258 262 265 275 276 
48 127 162 174 180 192 197 251 278 
68 96 98 109 114 116 119 123 125 130 134 136 139 141 143 146 150 153 154 155 158 160 161 163 164 167 168 169 175 179 183 186 193 194 197 200 207 212 221 226 230 231 235 238 239 246 247 248 252 253 256 257 258 262 263 269 272 273 277 278 
47 95 119 156 162 192 194 199 211 218 234 235 238 258 274 
84 105 163 190 
23 1 94 96 99 109 112 115 116 117 124 126 127 128 132 136 137 139 140 142 143 145 149 153 155 157 161 163 164 165 171 172 177 182 183 186 187 201 208 213 217 221 222 223 224 227 229 231 235 238 239 241 244 245 247 248 249 255 256 260 262 263 267 268 269 270 274 
65 94 98 103 114 115 119 121 124 126 130 131 135 138 139 141 143 144 148 150 152 153 154 155 159 162 164 166 169 174 177 179 187 188 195 198 200 203 205 206 211 220 222 223 227 231 233 234 235 236 238 239 243 245 248 249 252 258 261 262 263 264 266 269 272 279 
54 1 94 95 112 114 117 120 134 157 246 249 
96 108 110 117 121 140 151 156 160 169 179 182 189 236 243 
78 94 95 96 97 102 109 117 118 120 121 126 128 133 138 141 148 150 151 153 154 158 160 161 164 169 174 175 176 178 180 188 190 192 196 203 204 206 217 220 228 231 238 240 241 244 255 258 273 276 
56 1 103 111 113 116 118 122 123 124 126 130 132 133 138 147 149 150 152 160 161 165 172 173 175 187 193 194 195 202 203 205 207 218 237 243 251 253 256 261 270 271 275 276 
90 94 96 97 98 100 102 108 112 114 117 119 121 123 124 126 127 129 131 132 133 134 135 136 137 138 139 142 143 153 154 156 160 165 166 167 173 177 179 180 187 188 189 190 195 198 203 204 205 209 218 225 227 228 230 234 238 243 245 247 256 257 260 262 264 267 269 270 273 274 276 
53 122 141 142 172 180 184 222 278 
2 95 102 103 105 106 107 111 114 117 119 122 124 131 133 136 137 138 140 144 145 146 148 151 152 154 155 157 159 161 169 171 180 181 183 186 187 188 191 193 195 199 200 203 204 205 206 208 214 215 219 221 222 223 227 229 230 236 238 240 241 243 244 246 250 252 257 258 260 264 265 271 272 274 275 277 278 279 
52 98 102 105 109 113 116 121 134 139 145 147 150 160 163 179 187 189 193 196 198 201 202 203 207 215 217 220 221 230 233 243 245 246 247 251 254 255 257 261 264 268 273 276 277 
89 94 97 100 102 114 121 125 127 134 135 142 153 165 215 230 232 260 262 268 269 276 
45 95 140 158 
30 101 102 107 114 117 118 130 132 147 201 211 215 231 238 243 270 275 
20 1 94 96 97 105 107 108 113 118 120 123 126 130 131 132 137 139 140 142 146 147 151 153 154 156 158 166 169 174 179 182 186 188 197 199 200 201 205 212 214 216 217 231 234 235 240 242 248 249 251 252 256 257 260 272 274 275 
62 114 118 121 125 126 129 132 138 142 150 153 163 170 172 173 178 182 190 196 202 208 215 217 218 226 230 232 235 242 246 252 255 261 262 267 268 273 277 
94 1 98 99 100 102 104 105 106 111 114 118 125 127 133 135 139 142 143 147 148 150 153 154 157 158 160 167 169 170 171 173 175 176 177 179 180 182 183 190 194 195 197 203 208 209 211 216 220 221 222 223 224 226 229 231 240 242 243 245 248 250 251 258 260 261 262 263 264 265 270 271 272 277 279 
89 99 101 102 123 125 137 149 150 151 170 175 177 178 182 191 195 225 230 245 260 279 
5 104 108 111 157 162 184 188 189 190 191 205 216 229 230 262 
71 95 97 100 112 119 129 131 133 143 153 154 167 171 173 175 179 183 184 190 193 200 201 203 213 220 228 236 237 246 254 261 267 273 274 275 279 
47 96 100 101 107 112 129 130 139 141 142 145 146 147 153 162 163 165 178 184 185 186 188 195 197 198 203 207 211 214 217 219 220 223 225 227 229 232 233 238 248 250 254 256 260 270 271 275 277 
3 95 96 99 100 107 109 115 116 132 139 140 143 147 150 154 155 166 172 175 177 183 186 188 194 211 231 233 239 241 242 251 256 266 268 269 275 276 
89 99 122 134 147 155 162 176 182 187 198 199 208 213 223 230 231 233 236 238 
95 95 96 98 108 109 110 111 118 119 121 122 129 139 142 145 148 162 164 165 168 178 185 187 189 193 198 203 208 209 211 212 215 217 220 221 227 232 234 236 246 251 252 254 261 264 265 268 272 274 276 277 278 279 
47 107 116 124 153 161 166 174 178 186 228 233 278 
67 97 101 102 105 106 110 112 116 121 123 128 131 132 136 140 143 158 163 167 169 178 180 183 187 192 193 198 205 210 216 217 219 230 237 244 253 255 258 266 271 277 278 
53 95 96 100 110 118 122 125 126 133 138 144 151 156 159 160 163 165 167 168 169 177 178 180 191 196 201 204 218 227 236 240 243 244 251 255 261 262 265 274 276 279 
35 96 100 116 124 130 136 150 158 162 163 167 169 171 185 189 192 209 223 241 243 268 
1 94 97 101 109 118 119 129 131 136 137 139 143 147 149 152 153 163 171 173 178 181 184 185 186 188 193 197 198 199 203 208 209 215 217 218 221 224 231 232 233 238 240 241 243 244 247 250 251 254 260 261 262 266 274 275 277 278 
97 104 113 117 120 121 123 128 129 130 131 132 135 139 149 154 158 160 162 165 166 169 173 177 181 186 192 196 197 198 199 203 209 213 220 225 226 248 251 253 256 259 260 263 264 274 275 279 
49 1 95 100 103 105 106 107 108 111 117 119 133 135 139 153 156 158 161 168 174 177 179 184 214 218 224 238 239 248 249 252 257 258 261 262 264 272 275 276 
73 1 95 99 100 101 102 118 120 128 131 138 142 145 165 176 185 186 189 190 200 201 202 203 207 209 215 221 227 236 244 246 250 254 255 258 260 270 273 
75 104 105 107 109 115 116 118 126 129 131 132 133 135 144 146 148 150 151 154 155 158 167 172 174 175 181 184 185 186 188 190 191 198 199 201 202 203 210 218 221 222 224 228 230 231 234 239 245 247 248 251 253 254 257 263 264 265 267 270 279 
15 95 97 100 101 112 114 115 117 126 132 134 137 141 143 145 152 158 160 161 163 165 167 169 180 198 202 203 206 210 216 218 224 225 230 234 242 244 249 250 253 271 279 
17 1 94 101 102 104 115 126 135 136 137 138 147 153 158 161 166 169 170 179 191 192 196 200 201 212 214 217 221 225 227 228 230 238 242 244 249 250 252 254 255 256 257 258 262 263 270 272 276 
70 1 95 96 102 104 105 107 108 113 114 119 121 122 123 125 127 129 130 131 132 139 140 142 147 154 156 160 163 167 168 169 170 174 175 177 178 180 181 187 191 193 195 196 197 199 200 201 209 211 218 220 227 230 231 233 235 238 239 243 246 251 252 263 265 266 267 268 269 275 
54 94 107 120 122 129 130 133 137 140 153 190 203 208 210 211 216 218 226 235 239 247 248 251 254 257 276 
80 99 108 142 147 151 162 177 188 195 197 202 213 216 219 220 230 240 241 255 269 
83 1 94 95 97 99 109 123 131 138 142 144 145 185 192 197 199 208 237 241 251 259 265 271 273 274 
38 97 107 197 
75 104 112 130 134 153 169 197 201 202 213 215 227 231 241 257 261 262 269 
42 1 100 101 102 109 131 139 145 148 153 160 162 166 170 175 179 181 183 190 196 197 207 209 215 219 220 229 242 245 264 272 273 275 276 
64 100 101 109 116 119 120 121 129 131 134 136 137 138 141 147 152 153 154 156 158 164 167 168 169 174 180 183 187 194 198 199 200 208 209 210 212 214 216 220 221 222 227 228 229 230 234 235 239 240 242 244 246 249 250 251 252 255 258 260 271 272 273 276 277 
45 139 265 266 
7 1 113 117 122 131 138 139 150 151 154 160 165 169 172 177 178 188 192 197 200 202 204 207 210 211 212 216 219 224 234 235 242 250 252 254 258 261 265 270 272 276 
24 95 97 100 111 113 114 120 125 127 130 131 133 134 135 138 148 153 154 159 160 161 164 166 167 168 169 172 174 175 181 195 196 199 210 220 229 230 231 236 239 241 244 245 247 250 251 252 255 259 261 262 264 265 267 272 274 276 277 
29 94 100 102 114 115 120 126 131 138 143 145 150 165 177 206 218 221 224 225 227 231 238 251 252 278 279 
53 1 94 95 96 98 101 102 104 110 119 124 125 126 127 128 129 130 131 133 135 136 137 138 144 145 152 153 161 164 165 168 177 179 180 181 183 184 185 192 196 201 204 208 210 216 217 220 227 228 233 240 241 242 243 244 248 251 253 254 255 256 258 261 262 264 267 269 272 275 278 
23 106 108 118 123 126 128 132 135 139 145 148 156 163 170 173 175 183 187 195 196 197 205 208 216 222 227 229 232 236 238 242 243 245 256 260 264 270 
71 1 95 96 101 103 107 108 110 114 117 123 130 131 133 135 142 144 145 149 151 154 155 156 159 164 165 168 169 173 175 176 179 181 183 184 185 195 196 198 201 203 210 211 212 214 215 219 220 221 226 227 233 237 239 242 246 248 249 250 251 253 254 255 257 258 262 266 267 268 269 270 273 275 277 279 
22 94 96 98 105 106 113 115 116 120 121 125 133 137 140 144 152 154 156 158 159 163 166 171 172 184 185 186 187 188 191 193 196 198 205 207 208 210 213 215 223 225 228 230 231 234 244 246 250 254 258 267 278 279 
23 101 111 123 126 127 132 137 146 159 160 164 165 168 172 173 190 194 200 204 208 214 219 220 230 232 235 236 242 248 251 252 256 258 264 267 269 
12 1 95 96 97 100 101 102 108 111 112 114 115 118 120 122 124 130 131 135 137 138 142 147 152 156 163 164 166 176 179 180 190 192 196 198 201 202 210 212 213 214 215 217 220 226 228 233 235 238 244 248 251 257 258 260 262 263 266 267 268 271 274 275 278 
18 106 112 118 122 126 135 138 142 143 144 149 150 155 156 158 175 179 180 207 214 216 217 230 235 236 243 246 248 250 254 260 263 264 266 267 268 276 278 
44 115 118 121 123 124 138 143 145 162 165 169 174 178 192 195 203 235 242 247 257 261 271 274 277 
85 94 117 118 121 124 135 141 142 145 147 151 152 153 155 156 158 160 161 170 173 175 178 185 186 188 190 191 192 200 202 204 217 219 220 221 225 226 239 240 242 244 261 266 270 272 273 275 276 277 278 
64 1 97 101 104 106 108 111 118 119 122 124 126 130 136 145 147 150 155 161 162 164 165 167 172 173 178 180 184 190 191 192 196 198 204 206 208 209 214 215 217 221 222 227 229 234 236 239 241 242 243 246 247 251 252 253 260 263 265 268 270 271 278 
21 107 128 149 157 159 169 174 183 188 189 196 199 211 217 222 239 241 253 259 264 265 266 276 
41 109 111 117 119 120 121 130 137 144 147 148 158 171 181 185 186 187 189 190 193 195 201 203 208 215 217 220 222 230 231 238 239 240 250 252 259 262 271 272 275 
4 97 104 127 145 174 184 191 198 200 201 210 213 231 263 
57 95 98 105 112 116 129 131 132 162 167 168 186 196 199 201 214 221 223 241 242 244 246 254 262 267 
20 106 110 133 140 142 144 146 148 159 168 173 189 191 200 204 212 220 225 236 243 247 250 251 253 257 259 262 266 267 273 278 
30 1 98 101 111 116 121 123 125 126 128 129 132 134 143 145 147 149 151 157 159 167 169 184 186 189 192 195 198 204 205 220 221 225 236 246 251 254 256 257 263 265 273 274 276 278 
10 94 101 102 103 105 109 111 117 121 126 132 141 149 153 156 158 161 163 167 172 176 178 182 192 195 199 200 208 217 218 220 221 223 243 247 250 251 254 255 260 264 273 
11 96 97 103 105 108 117 118 119 125 132 134 138 141 142 144 145 150 152 153 161 162 168 169 179 187 188 190 191 193 194 195 204 205 208 211 213 214 223 226 230 232 234 244 245 247 248 249 254 255 260 263 264 270 271 278 
99 95 100 103 105 110 111 112 113 116 121 122 128 129 133 142 143 144 148 150 154 157 163 164 165 167 170 172 173 174 175 176 177 180 181 185 187 190 192 195 199 202 203 205 206 207 208 209 212 215 217 219 221 222 224 234 236 237 239 245 246 247 252 255 256 257 263 266 269 272 274 277 
7 97 100 102 106 121 124 134 139 152 161 162 165 166 168 174 183 188 199 201 220 232 242 256 264 265 270 271 
7 1 94 107 112 113 115 117 122 127 132 133 141 152 153 154 155 157 159 165 166 169 173 174 176 177 179 181 182 187 188 190 194 195 196 197 208 215 226 227 229 230 233 236 238 243 245 247 253 256 257 267 
74 94 100 105 109 110 114 120 121 124 125 127 128 132 136 143 146 148 152 153 154 159 161 163 166 170 174 177 181 182 183 186 189 190 191 192 193 194 195 201 207 208 210 219 220 225 228 233 237 241 242 244 248 249 250 255 264 266 269 270 278 279 
80 94 96 97 100 102 103 104 105 106 109 114 115 118 119 120 122 127 128 129 130 138 142 143 147 150 151 152 160 161 165 169 171 174 175 179 187 188 200 203 204 208 209 215 217 219 220 237 245 247 249 250 256 259 262 267 270 276 279 
23 102 109 117 137 139 163 164 175 190 244 257 258 271 
40 95 97 100 102 103 106 108 110 112 113 116 120 121 126 129 130 135 136 139 141 142 144 150 156 158 162 164 165 167 170 171 172 177 182 183 185 188 189 190 191 194 197 198 203 205 214 221 222 223 226 230 233 237 238 241 242 243 246 247 253 254 256 257 261 269 270 272 275 278 279 
28 101 125 166 180 208 217 235 
1 103 110 115 124 130 138 148 156 169 170 173 177 179 181 185 189 192 193 194 198 200 201 204 206 208 210 212 214 218 224 247 248 254 255 258 267 268 273 
35 94 95 96 100 103 115 119 123 126 127 128 131 136 138 139 143 145 149 151 156 158 159 163 165 166 167 169 174 175 178 180 182 185 187 188 197 199 204 205 206 207 210 211 216 217 219 222 224 225 226 228 233 236 238 239 241 246 252 253 256 257 262 264 265 267 273 
35 94 95 98 100 108 109 112 115 120 121 123 125 129 136 137 139 142 148 149 150 151 154 155 156 158 159 161 165 166 167 170 173 175 177 179 184 186 187 189 194 197 200 201 204 206 210 211 213 215 216 219 225 227 230 234 236 237 239 245 248 250 255 256 259 264 266 267 268 271 272 273 274 278 
79 99 104 109 112 133 146 148 151 164 166 168 170 173 176 188 189 194 196 199 202 206 210 225 235 236 237 252 253 255 256 260 271 274 278 
93 95 98 99 109 112 128 132 137 142 148 149 151 165 166 168 185 188 195 196 197 201 206 207 208 213 215 231 233 236 249 250 254 257 259 262 266 273 278 
59 1 95 104 115 121 123 128 129 143 155 192 198 224 244 251 272 
98 95 97 98 102 104 108 109 110 111 112 114 115 119 120 122 126 132 136 140 141 142 143 144 147 149 151 152 153 155 156 158 160 167 169 170 172 174 175 177 179 184 189 190 195 198 201 203 204 205 209 211 212 213 214 216 218 220 221 230 232 233 234 235 238 245 247 251 255 257 263 270 276 277 
91 99 111 118 123 125 126 127 128 131 137 138 139 140 141 144 148 149 158 159 167 170 171 174 190 194 207 214 217 220 228 230 234 237 242 249 250 251 254 255 262 264 270 
6 107 114 115 123 134 138 139 141 148 166 170 180 184 200 203 207 212 219 221 231 247 260 261 267 268 273 
72 97 98 102 130 178 198 238 
39 101 104 106 115 116 125 134 148 151 160 164 168 179 189 196 198 206 208 214 220 227 228 230 234 238 255 
73 94 96 103 110 113 115 116 117 118 119 125 127 129 130 131 132 134 136 142 145 146 147 148 149 150 151 158 161 166 167 174 182 185 191 193 195 197 198 203 207 211 215 221 226 227 229 230 233 235 236 242 243 246 248 251 253 254 258 260 266 271 274 275 276 277 279 
43 120 121 124 139 141 152 178 210 228 237 242 246 259 263 273 
28 100 107 108 111 114 116 117 119 120 121 127 130 131 132 137 140 142 143 148 150 153 155 161 162 165 172 178 186 188 189 190 193 195 196 201 205 210 211 213 215 216 219 220 221 226 227 228 230 234 236 240 243 245 253 254 256 259 260 263 266 272 275 
50 96 97 109 116 123 127 132 137 152 164 166 172 174 179 188 194 223 224 226 230 231 232 233 244 250 254 256 264 268 274 
35 94 95 97 99 112 113 115 116 119 125 126 129 132 134 135 136 137 138 140 149 150 153 158 160 164 166 169 171 175 176 180 181 183 186 191 198 201 205 210 211 214 216 226 232 233 235 237 238 239 243 244 251 255 262 264 268 273 274 275 
49 95 98 107 111 112 132 145 152 153 154 163 168 171 183 185 200 204 206 208 210 212 214 220 221 222 231 248 252 253 258 260 262 269 274 277 278 
42 130 145 159 
51 1 94 101 105 108 111 114 120 133 134 135 137 145 159 165 166 167 173 176 177 181 182 187 188 190 203 206 212 213 216 218 220 224 228 238 243 246 250 255 262 265 270 274 275 
70 95 97 100 101 106 108 111 112 115 120 124 129 130 133 136 138 139 145 149 154 155 159 160 164 165 167 172 173 176 181 182 185 189 190 191 194 202 203 205 210 213 215 218 222 223 225 226 227 229 245 247 249 256 258 260 261 272 274 276 278 279 
12 153 154 170 179 189 220 221 222 228 249 261 270 273 
18 102 103 142 148 150 153 157 161 165 166 173 203 213 217 231 239 
37 94 96 99 101 105 106 111 115 125 126 127 132 140 150 156 157 158 159 160 163 166 167 168 170 172 180 187 195 207 209 213 215 225 226 227 236 241 244 245 257 266 269 272 275 276 277 
88 97 104 107 108 110 111 112 121 125 126 135 138 146 149 150 152 158 162 163 164 167 169 174 176 183 193 195 196 202 207 210 211 223 230 234 238 242 250 252 253 255 258 260 261 262 265 266 267 269 272 
45 1 94 100 104 115 133 135 136 138 140 141 146 150 151 152 153 159 161 162 163 165 170 173 175 176 179 183 185 186 190 197 199 202 206 208 212 213 223 226 228 229 233 235 237 241 250 254 258 260 264 268 274 278 
12 1 97 100 103 104 105 107 108 110 117 120 121 136 139 140 148 152 160 161 163 168 170 171 179 181 182 187 190 194 195 202 205 206 210 215 216 217 219 220 224 225 227 228 229 233 235 237 238 240 241 242 245 248 250 252 254 255 260 263 268 269 270 274 277 278 279 
11 1 95 98 99 100 101 102 103 104 108 111 112 117 118 121 122 125 130 133 134 144 147 148 149 152 153 155 157 158 162 165 177 178 179 181 189 198 199 204 206 208 218 223 224 225 226 230 231 233 236 241 243 248 250 254 255 256 259 262 266 270 271 275 
41 1 99 101 109 118 119 135 142 145 151 152 153 157 159 164 166 169 171 176 177 180 181 188 189 190 191 193 195 198 203 204 210 211 213 214 220 222 224 233 237 243 244 246 249 250 251 255 258 263 265 266 267 269 271 276 
82 97 98 99 108 112 125 133 135 137 140 150 158 165 168 173 178 211 217 225 229 233 236 237 245 246 256 269 278 
65 1 104 105 108 109 122 124 131 134 137 139 144 150 151 158 160 163 165 167 168 172 173 178 179 184 191 195 203 208 213 215 219 222 235 239 244 247 255 257 258 271 275 276 
18 100 115 131 146 157 177 227 229 236 252 275 
29 101 124 132 150 198 199 203 267 268 276 
72 94 98 99 101 104 105 113 116 120 123 133 139 140 144 145 147 148 149 150 151 159 160 162 163 166 169 170 171 175 179 180 181 184 185 187 188 189 190 196 198 199 200 201 202 207 209 211 212 218 224 226 229 236 247 251 253 254 256 259 264 266 270 276 278 
51 106 112 170 185 196 208 225 230 234 248 250 259 271 273 
76 96 104 109 116 117 118 120 122 126 127 132 135 141 144 148 164 180 187 188 191 197 208 209 224 226 229 237 243 252 261 262 267 
59 1 107 110 127 142 147 148 149 150 154 160 163 166 173 175 176 178 186 192 197 207 213 217 220 222 228 234 237 238 239 248 257 273 
5 95 96 97 99 100 105 109 111 112 114 115 117 121 125 126 128 131 134 138 141 146 148 150 151 153 155 160 163 168 169 170 185 186 195 198 199 200 202 203 205 206 210 213 216 217 219 224 228 229 234 237 240 242 243 244 245 246 248 249 257 258 260 261 264 266 269 270 271 274 276 278 
10 98 103 105 107 108 110 111 112 113 129 130 132 139 140 150 153 154 157 158 162 168 173 175 178 180 197 206 221 225 230 234 240 243 245 246 247 250 262 270 272 273 279 
20 1 99 100 101 102 103 110 117 120 126 132 133 137 141 142 144 145 147 148 151 162 165 169 174 190 192 195 197 199 200 201 210 214 219 224 225 227 229 232 233 235 236 239 240 242 245 248 249 251 258 263 268 269 272 276 278 
40 95 97 98 101 106 108 109 110 111 112 116 117 119 120 121 122 123 129 133 135 137 138 140 141 142 147 153 155 158 159 160 161 162 163 166 170 172 173 175 176 180 181 186 187 188 189 190 192 198 204 208 209 211 217 220 225 226 230 234 237 241 242 252 254 256 257 262 269 271 273 274 
73 101 117 146 167 171 184 189 193 196 210 213 222 224 238 244 247 258 
4 1 94 97 101 102 121 128 132 133 137 138 144 146 157 160 164 168 170 174 176 177 179 182 188 194 195 196 212 214 218 219 220 222 223 224 225 227 228 229 230 232 233 236 243 245 250 253 255 266 273 276 277 
77 94 95 98 99 102 106 109 112 114 115 118 119 120 123 127 130 132 135 138 141 147 148 157 158 159 163 165 167 170 171 173 175 181 183 186 188 190 193 196 197 200 203 206 210 214 215 216 220 222 224 229 230 233 234 240 242 244 251 253 254 259 260 263 264 268 269 272 273 274 275 276 277 278 279 
50 104 115 121 128 137 140 144 147 171 173 175 181 200 203 207 209 212 217 218 221 240 244 249 253 254 260 262 265 274 275 276 
79 1 95 98 100 106 112 120 121 125 129 131 134 141 152 154 156 157 159 161 163 166 169 170 172 174 177 179 185 187 194 195 197 198 199 209 213 214 217 230 240 242 245 248 254 258 264 265 270 276 277 278 
64 1 105 109 111 117 119 120 121 125 126 129 134 137 145 157 167 168 171 177 189 192 196 200 205 207 209 213 226 227 230 231 236 241 245 246 249 255 259 266 267 269 270 276 
27 121 153 166 182 202 208 222 235 263 276 
34 113 115 116 124 140 146 166 184 197 204 211 237 267 
58 100 105 106 113 127 128 132 137 138 140 143 148 158 159 163 165 177 178 189 198 207 208 223 227 229 230 234 235 241 244 249 265 268 271 272 279 
13 1 95 98 101 104 105 107 109 114 124 125 132 140 143 151 154 157 160 161 167 169 170 171 173 178 180 181 185 194 197 200 203 205 208 213 216 221 222 223 230 231 232 238 239 240 241 243 244 249 250 251 252 253 254 260 264 269 271 272 275 
92 101 108 129 134 139 147 154 156 158 164 165 168 173 180 181 186 189 192 199 200 201 202 203 209 210 215 217 225 240 252 257 259 263 266 268 271 
76 98 102 104 122 126 141 144 152 165 166 169 176 186 198 209 211 216 219 222 231 232 237 239 248 252 253 260 265 266 272 275 279 
9 219 231 259 267 
95 94 96 105 106 113 119 124 128 137 140 143 144 151 154 155 158 159 160 161 165 169 170 182 185 186 187 189 193 194 199 200 202 205 206 207 217 224 228 229 232 233 236 238 239 241 242 252 253 263 267 272 
76 146 194 195 226 249 272 
2 1 96 106 110 111 112 114 118 119 121 124 127 128 129 130 133 135 136 139 145 147 153 154 155 157 159 161 165 166 168 169 175 176 179 180 182 187 188 191 194 197 198 201 206 210 220 228 229 231 241 243 245 247 250 254 264 268 270 271 272 276 277 
51 110 113 126 134 139 141 142 158 160 163 170 173 176 177 183 187 218 222 223 226 238 241 259 268 272 274 
31 1 97 98 99 100 101 105 109 110 115 117 122 125 127 128 130 133 134 139 142 144 148 150 154 155 156 163 164 165 168 169 174 175 176 182 191 195 201 203 204 208 210 211 212 213 215 225 227 230 231 232 236 237 239 242 244 245 246 250 254 261 262 267 269 273 275 
21 95 97 99 100 101 108 110 119 120 127 133 139 140 144 148 152 155 157 158 163 164 166 171 173 174 175 177 179 180 187 188 192 195 197 201 206 223 225 226 227 228 232 238 240 243 244 247 252 255 256 260 264 266 268 270 271 274 275 277 
33 46 67 91 30 60 50 31 31 72 91 27 30 36 86 84 25 57 56 74 38 45 83 88 24 11 1 44 44 35 33 97 11 23 94 57 46 23 97 29 27 20 90 76 54 51 11 88 24 13 48 86 45 90 78 16 3 22 48 31 67 30 52 92 42 51 11 88 88 56 3 65 49 28 1 89 97 14 64 41 62 22 89 37 72 67 51 8 13 75 18 51 69 56 5 21 58 70 3 86 56 6 11 34 48 68 66 63 49 83 91 22 100 95 62 76 41 61 9 82 69 13 1 68 8 96 94 56 64 40 31 14 8 2 27 21 97 77 84 41 32 66 20 84 67 21 86 1 97 37 82 15 16 14 9 22 94 9 58 40 3 67 27 44 49 7 66 8 83 52 7 59 8 3 64 42 78 79 95 62 15 62 52 69 66 20 68 14 3 13 5 48 96 62 31 57 15 99 12 16 9 15 8 36 39 54 5 60 21 33 2 61 100 42 70 37 67 55 2 73 40 6 2 11 25 32 8 38 35 13 49 46 68 83 43 34 19 39 76 74 81 95 70 90 40 79 43 44 92 7 96 74 33 28 20 30 60 64 42 38 27 66 30 24 17 78 59 6 3 4 49 64 19 97 73 79 89 14 5 
