188 282
32 98 106 108 111 113 124 125 136 142 143 145 149 150 159 160 161 166 173 179 180 184 192 193 194 203 208 212 218 224 226 228 239 252 257 261 266 271 275 277 
45 1 103 113 116 121 126 129 133 136 137 139 142 148 149 152 156 157 158 159 160 161 162 164 166 171 180 187 190 193 195 199 204 205 206 208 210 225 226 228 230 231 232 235 239 244 246 251 256 257 260 263 265 267 269 272 278 
13 96 136 193 195 230 236 280 
19 112 114 121 129 144 161 168 179 182 184 193 197 198 213 221 222 230 233 240 241 243 245 248 249 250 275 278 
88 100 112 117 129 146 162 202 211 228 259 
29 97 98 101 103 104 106 108 109 117 119 122 125 129 136 137 138 143 146 150 151 159 161 163 164 167 169 170 179 183 184 185 187 188 193 195 197 207 210 216 219 220 228 232 233 239 240 249 253 254 256 259 261 263 269 270 273 280 281 282 
32 1 95 96 101 104 106 109 110 112 115 117 122 124 125 127 129 130 136 138 139 140 141 142 145 147 148 151 155 158 159 160 166 169 170 177 178 179 181 187 188 189 198 204 206 207 208 210 212 213 215 216 217 218 223 225 229 230 232 233 234 236 239 240 252 255 256 265 266 270 273 274 276 278 282 
32 100 101 104 117 119 124 127 135 146 149 153 154 162 164 166 170 171 172 174 175 179 180 184 185 190 196 205 210 215 218 230 232 238 245 246 247 252 257 258 267 268 269 270 275 277 
54 97 100 102 104 106 107 109 110 112 124 127 128 129 135 144 146 150 154 161 174 178 179 182 188 195 197 200 204 209 210 211 213 221 222 224 227 233 234 238 239 244 249 252 255 259 266 268 273 279 
32 1 95 97 102 104 105 106 107 108 109 112 114 116 117 125 126 131 132 136 137 138 139 140 144 149 150 151 156 174 175 179 181 185 186 190 191 197 199 200 203 204 205 209 210 212 215 216 219 220 223 228 229 231 232 233 234 241 250 251 254 258 259 262 267 275 276 282 
13 1 100 102 104 105 108 112 115 119 122 124 126 130 133 135 141 142 143 146 147 149 152 156 168 176 179 181 184 186 189 194 200 202 206 212 214 216 222 234 236 237 238 240 242 249 255 257 260 263 264 265 266 271 277 279 282 
23 100 102 110 114 123 126 128 133 138 154 157 158 159 166 167 168 172 176 177 180 181 188 219 225 228 239 249 251 257 261 262 273 281 
20 1 96 99 102 104 106 109 111 112 113 114 115 118 119 124 128 129 130 132 134 135 137 138 139 142 147 148 163 164 166 167 169 171 174 178 179 180 183 184 187 196 199 201 203 214 219 221 224 225 228 229 240 241 243 246 249 252 255 262 263 264 265 270 271 273 274 278 279 281 
91 95 97 102 105 106 108 109 112 114 119 124 127 129 131 134 136 137 139 143 144 146 147 154 158 160 169 176 182 184 185 188 190 203 205 206 210 213 217 219 220 222 223 227 228 233 245 247 249 254 259 260 261 262 263 266 267 268 271 272 274 277 278 280 281 
50 179 180 197 198 229 
52 1 95 97 98 99 100 104 110 112 116 122 127 133 149 161 169 175 179 189 193 204 209 212 219 220 222 225 232 233 235 246 265 271 275 277 282 
60 96 103 107 110 114 122 123 129 133 136 142 145 150 151 152 153 159 161 165 172 173 180 205 207 208 209 210 218 223 231 234 237 238 242 246 254 257 261 269 273 275 280 
99 1 98 100 104 106 108 111 113 115 116 117 118 120 122 123 124 125 129 131 133 135 136 138 140 147 148 150 153 155 159 168 170 171 174 176 177 186 189 191 193 196 198 199 200 206 211 212 215 216 217 218 224 226 231 233 234 235 237 242 244 254 256 259 260 262 263 266 268 271 273 275 279 280 281 
12 149 175 220 278 280 
60 1 99 103 105 106 112 114 115 120 123 125 127 129 130 134 136 143 151 159 160 163 164 165 167 168 171 172 176 177 179 183 185 188 192 195 196 200 201 204 207 210 211 212 218 221 225 229 231 232 233 238 247 248 250 254 256 258 260 267 275 276 280 
58 97 112 117 127 133 157 172 179 207 216 217 276 
22 99 101 107 115 120 127 130 137 138 142 144 159 168 181 188 195 202 211 229 235 238 239 246 248 270 271 276 
74 95 124 128 135 139 163 168 181 195 199 239 240 245 262 276 
61 95 96 97 102 109 110 113 122 123 124 131 132 133 134 135 136 137 138 139 143 144 146 147 149 153 154 155 157 158 159 160 162 169 174 175 176 181 182 183 187 193 194 197 199 204 205 208 213 215 217 222 225 227 231 234 238 241 242 244 245 248 249 251 256 257 260 263 264 267 268 273 274 277 280 
35 98 100 118 122 182 191 197 233 243 262 264 281 
92 1 99 101 108 109 113 115 116 121 141 143 145 146 147 148 151 152 160 161 170 173 175 180 181 189 190 193 195 197 198 203 206 212 217 218 219 223 224 225 231 233 235 242 249 252 253 254 257 258 259 264 271 273 274 280 281 
88 96 97 98 100 104 107 109 110 111 113 115 118 124 128 130 131 133 136 137 138 139 142 143 152 157 161 166 168 175 176 177 178 179 181 186 192 197 208 211 213 220 223 227 232 239 240 244 263 265 267 278 280 
89 155 166 
4 100 103 114 118 127 142 151 152 163 171 183 188 202 205 248 263 272 
58 104 106 111 117 127 128 136 150 164 169 170 180 184 200 201 205 207 220 239 268 276 
39 100 103 104 105 107 108 109 111 112 113 115 123 124 125 132 134 138 143 144 149 150 160 167 168 170 174 175 177 180 181 183 184 186 188 202 208 209 218 224 229 230 238 240 244 246 247 248 250 252 253 254 258 259 260 263 268 269 272 274 280 
98 100 106 116 133 143 154 168 169 195 211 212 219 220 222 230 232 235 250 
93 101 104 119 125 142 146 164 170 172 192 199 206 212 241 266 270 276 
93 1 95 105 106 108 109 110 112 114 116 118 119 122 128 130 134 136 138 144 148 151 152 153 154 155 161 170 171 174 179 181 186 187 194 201 203 206 209 210 211 214 218 223 230 231 237 246 247 249 254 255 259 266 267 269 270 276 278 279 
86 95 97 99 104 110 111 113 118 119 120 138 142 143 145 146 166 167 168 170 172 173 176 178 186 188 189 191 192 200 202 206 218 220 221 222 224 226 229 231 233 239 240 243 244 250 256 258 263 266 267 268 271 272 280 281 282 
9 99 100 104 105 112 114 115 116 117 123 129 132 135 144 147 148 151 156 158 159 162 164 168 180 183 186 187 190 198 201 204 205 207 211 212 214 218 219 223 224 227 231 232 234 240 241 243 244 245 246 248 249 250 253 258 259 260 265 266 271 273 275 277 280 281 
21 101 105 117 127 129 146 151 157 163 167 170 171 191 198 204 205 206 208 211 212 214 215 216 217 235 251 253 261 263 265 267 273 279 280 
57 95 96 99 107 108 113 114 119 120 123 125 126 129 132 135 139 147 148 150 151 154 156 161 165 168 169 171 172 174 176 177 186 195 197 199 200 202 204 207 209 211 212 217 219 221 222 227 228 230 233 235 238 239 244 245 247 250 258 262 263 264 268 270 271 275 277 282 
37 96 98 101 106 114 127 138 140 144 167 179 184 185 204 246 250 259 281 
55 110 113 120 128 133 136 140 167 170 177 187 190 198 204 213 216 217 224 228 229 233 248 251 252 256 257 267 268 
40 98 120 122 124 135 137 140 142 149 154 167 172 176 178 179 190 192 194 203 213 220 225 227 228 239 241 252 259 263 277 280 
40 96 105 108 118 123 132 135 139 141 145 149 152 153 154 155 161 163 169 175 178 181 189 190 195 197 203 204 217 220 233 237 241 243 246 248 249 250 253 258 264 275 280 
23 1 97 101 102 104 107 109 110 112 113 115 117 119 122 124 125 126 128 131 134 136 139 144 148 154 155 160 163 164 165 166 168 169 171 172 176 179 180 182 185 187 189 190 191 195 202 204 207 208 209 210 212 213 216 218 225 228 234 235 242 243 244 246 247 249 250 254 260 262 265 267 268 272 273 277 278 279 282 
62 98 101 104 130 133 135 138 140 141 147 159 162 165 171 173 175 178 180 185 186 190 196 197 200 208 210 215 217 227 229 241 245 246 247 249 252 254 258 264 265 272 275 280 
73 98 110 121 130 132 159 178 208 213 225 234 240 244 260 281 
77 96 98 102 103 107 109 110 112 113 117 121 124 134 135 137 144 145 150 154 155 158 159 162 163 166 167 168 170 173 174 175 176 177 180 183 186 192 195 213 215 219 226 230 235 238 241 244 246 248 249 255 257 263 264 265 266 269 270 277 279 282 
89 96 101 107 113 118 124 129 130 134 141 142 143 145 150 151 153 162 163 172 173 178 179 183 186 187 189 191 196 199 200 201 216 225 228 231 247 248 252 263 265 273 
84 116 253 
29 1 98 105 108 114 116 118 120 124 127 134 139 141 145 146 152 154 155 158 160 196 199 201 202 204 205 207 210 213 216 218 221 225 234 236 240 243 247 248 249 251 252 258 259 266 269 273 
87 97 98 99 102 106 111 113 123 124 128 132 133 134 136 138 143 149 151 153 154 157 158 159 161 167 169 173 177 178 182 183 185 190 191 196 198 199 205 207 210 213 219 220 227 228 229 231 234 235 236 239 242 243 244 250 252 258 259 263 265 271 272 278 
10 95 97 100 104 118 127 132 133 134 149 161 163 166 168 176 180 182 183 190 196 199 200 202 203 208 211 221 233 239 241 244 258 266 280 
88 167 169 176 199 226 246 281 
71 100 103 104 107 108 109 115 117 123 124 127 131 133 134 135 136 138 142 143 144 149 153 159 161 164 165 168 171 173 175 180 181 182 186 189 190 192 196 199 201 204 209 211 213 215 216 221 223 226 229 233 234 236 239 242 243 244 248 251 256 264 267 268 269 282 
62 96 198 202 214 
66 1 95 100 101 102 110 114 119 121 123 126 133 136 143 145 146 148 152 153 157 161 165 167 170 171 176 177 181 182 184 185 192 193 197 198 216 217 221 230 232 233 234 240 242 246 248 252 253 255 261 269 273 
29 105 136 212 232 262 
97 120 121 139 166 183 184 190 191 198 210 211 221 230 231 240 254 259 271 
75 98 101 106 111 118 121 122 125 127 128 133 138 139 143 146 149 150 152 153 169 171 172 173 174 177 180 182 185 186 189 190 191 197 202 208 211 214 223 229 230 232 235 244 246 255 260 261 263 265 272 
81 101 112 138 142 162 187 201 216 230 239 248 256 
37 95 100 101 105 108 109 110 114 115 116 117 118 119 123 125 127 129 132 134 135 143 144 147 149 152 153 156 160 166 167 170 172 174 176 178 183 184 185 186 189 190 191 193 200 201 204 208 209 210 212 213 214 215 216 217 218 223 225 229 231 233 234 236 239 243 245 246 253 254 257 258 259 277 278 280 281 
100 97 98 99 100 101 102 104 109 111 114 119 121 123 125 127 128 131 136 137 141 152 156 157 158 163 165 166 168 170 171 175 180 181 183 184 185 191 195 201 203 204 205 210 212 215 216 218 224 225 226 229 232 235 237 239 240 242 247 249 250 252 253 257 258 262 264 266 272 277 278 282 
90 95 100 101 102 106 126 135 137 140 144 146 151 155 161 168 173 183 185 187 188 190 193 197 198 200 207 209 210 213 214 215 217 218 221 232 234 240 244 250 258 259 261 262 266 268 269 279 281 
45 105 106 107 119 123 131 132 150 156 167 170 171 176 178 179 190 191 195 199 201 203 223 230 233 234 239 241 243 249 250 258 270 271 
38 100 104 119 126 135 146 148 166 172 175 176 185 195 207 211 236 248 270 274 275 280 
73 101 103 104 107 112 117 124 127 133 139 145 146 147 148 155 160 165 171 173 197 204 209 211 215 242 243 248 250 251 257 258 261 264 265 272 274 276 279 280 
22 95 100 102 105 118 119 127 147 149 151 159 163 168 171 172 174 175 176 181 182 185 200 204 212 222 223 224 225 226 229 230 231 232 241 245 246 260 264 266 268 270 271 279 281 282 
21 1 95 97 98 99 100 101 105 106 110 117 123 124 125 127 129 136 137 139 145 146 150 165 170 174 177 183 184 185 186 187 188 189 190 193 194 195 205 207 208 209 210 212 216 217 220 222 223 226 227 228 229 232 234 236 239 241 243 247 249 250 255 262 264 265 268 270 274 276 
76 103 104 106 108 113 114 116 119 125 132 144 146 147 149 154 156 161 164 172 175 183 195 196 198 215 216 221 224 226 228 229 234 235 245 252 255 259 262 272 273 
76 108 139 147 166 189 191 197 222 248 252 258 274 
3 95 111 116 118 119 125 128 132 133 137 140 147 149 150 162 168 171 172 175 184 187 188 191 214 222 224 226 227 231 235 237 245 246 248 252 260 264 265 268 276 279 281 282 
43 99 103 104 107 109 119 121 130 132 141 145 154 155 164 166 181 184 196 197 198 200 201 206 212 214 215 216 222 223 226 234 237 244 248 249 250 265 266 274 276 277 280 281 
87 95 98 103 106 107 108 112 113 121 126 127 131 136 143 145 146 147 148 149 158 165 166 167 169 170 172 175 176 178 181 192 194 196 197 198 200 208 215 232 235 242 250 252 254 259 269 275 276 277 
1 108 121 129 142 151 157 173 181 184 191 195 197 222 243 251 
32 98 99 100 102 104 111 113 116 120 121 129 132 135 144 145 146 158 159 161 162 164 165 166 169 172 183 187 189 192 196 200 201 202 204 215 224 232 235 236 244 245 246 248 250 260 262 264 270 275 276 277 279 
41 1 99 100 109 111 116 119 120 123 125 129 131 136 138 143 146 147 148 158 167 169 170 172 180 181 185 187 193 195 197 203 204 208 211 212 216 218 220 223 226 228 229 231 232 233 234 236 237 242 243 247 250 251 255 256 257 260 262 263 274 276 279 
77 98 133 248 
23 101 115 120 121 126 131 138 144 154 162 163 171 173 183 191 192 198 200 201 206 207 215 217 218 220 226 233 238 245 249 263 264 272 274 276 277 
65 102 110 111 112 113 115 119 121 122 128 134 140 141 150 152 157 167 168 170 174 187 194 205 208 209 211 220 222 224 226 227 232 241 242 244 259 261 270 
17 1 95 96 97 98 99 100 102 110 112 114 115 117 121 123 124 125 133 136 139 143 147 151 152 154 156 157 160 161 162 163 164 166 168 169 170 176 180 181 183 184 185 188 189 193 198 199 204 206 207 209 214 215 216 217 218 219 220 223 227 232 233 234 242 243 250 252 253 254 255 259 264 267 274 275 278 281 
86 108 112 113 124 136 140 155 156 159 169 173 180 197 199 200 204 210 228 230 231 240 244 248 254 268 272 275 279 
81 133 139 148 152 163 165 169 174 179 180 188 189 194 196 199 209 212 218 219 224 236 240 249 250 261 268 271 274 278 
98 100 106 108 125 135 136 163 167 192 195 210 233 234 244 255 278 
54 95 98 101 121 127 145 159 169 170 188 190 197 198 201 215 219 222 223 227 247 249 277 282 
74 96 100 125 131 134 136 138 140 141 150 153 154 159 169 175 208 218 219 242 245 260 280 
47 95 100 101 105 106 109 112 117 118 121 125 126 127 128 133 134 135 138 140 141 143 145 146 149 150 159 163 167 171 173 177 182 194 196 198 201 206 209 210 211 214 215 226 227 233 239 247 248 250 251 252 256 257 259 265 269 270 275 277 278 281 
39 96 97 100 101 104 109 111 113 114 116 123 127 128 130 136 144 146 147 151 152 157 158 162 163 165 172 173 181 185 186 196 199 202 205 206 211 212 214 216 221 222 223 224 225 226 228 229 231 234 243 244 246 247 250 252 257 259 263 264 269 273 276 
35 97 104 106 110 112 115 117 128 129 131 136 140 146 154 164 168 169 173 187 199 202 204 207 215 216 217 234 235 237 240 241 243 252 261 263 268 271 274 
81 98 111 115 142 150 153 166 179 188 214 239 245 246 247 253 255 264 270 272 275 279 281 
50 97 100 104 114 116 124 126 128 129 132 135 142 146 150 151 153 158 168 171 173 174 194 198 200 201 208 210 211 216 217 219 232 238 243 245 247 250 251 255 258 265 267 268 269 273 274 276 278 
93 101 114 132 135 142 143 150 161 172 203 206 222 228 236 244 250 252 274 278 
39 95 97 102 105 109 115 117 122 126 128 130 132 134 137 140 141 142 145 149 150 158 159 160 163 165 169 181 184 188 191 193 197 198 200 202 203 205 211 212 213 214 221 222 223 224 225 230 244 246 249 251 256 257 264 265 270 272 273 274 278 280 281 
57 103 104 105 109 112 116 117 125 126 128 131 132 136 141 148 152 153 159 163 168 171 183 186 192 194 202 216 218 221 224 226 227 230 232 233 234 238 239 242 244 246 259 268 271 
5 100 103 120 121 124 125 126 132 142 144 151 170 176 179 180 200 206 211 227 232 237 238 246 256 257 265 
76 1 96 97 104 105 106 108 109 110 111 115 118 121 123 125 127 131 134 137 142 156 157 164 168 169 170 173 175 182 188 189 194 195 196 198 200 203 204 205 210 211 216 217 220 221 222 231 232 234 236 240 249 253 263 266 268 271 274 275 277 282 
27 138 153 220 246 
20 1 98 100 107 108 110 111 120 122 123 124 126 127 128 130 133 139 140 142 143 145 149 153 155 156 162 163 165 166 167 170 171 176 178 184 186 194 195 199 203 208 211 214 215 216 220 222 224 232 233 234 238 240 243 244 245 249 251 252 263 266 272 273 274 277 278 280 281 282 
79 97 120 134 136 158 166 194 199 236 241 275 276 281 
13 101 102 107 110 115 116 121 125 126 127 128 131 134 143 148 150 151 152 154 159 168 169 170 171 175 178 179 180 182 196 198 203 205 206 207 208 213 215 216 220 223 227 229 231 234 236 239 240 244 247 252 255 257 258 259 260 264 268 272 273 276 280 
44 95 104 105 114 130 136 141 143 144 155 156 170 189 192 196 207 215 224 225 240 241 268 281 
51 103 107 109 113 124 127 138 141 146 147 151 157 161 173 180 196 197 198 201 206 215 221 223 234 237 238 248 256 258 259 264 272 274 282 
70 1 95 97 102 106 109 110 114 118 121 122 123 124 126 143 145 152 153 155 156 159 167 169 170 172 174 175 176 179 180 182 189 191 193 196 201 206 207 208 211 212 213 214 218 223 224 228 230 233 234 236 237 238 239 240 241 243 245 257 262 263 272 275 277 278 280 282 
50 1 96 97 99 102 105 108 111 117 125 129 131 132 134 136 142 143 148 149 150 154 156 158 160 161 162 165 168 171 172 181 189 190 191 195 196 199 208 209 210 212 217 220 223 224 231 232 233 238 239 240 243 245 249 251 258 260 261 262 263 267 268 273 274 275 278 282 
87 98 101 108 109 110 112 123 128 129 137 139 143 145 151 153 160 170 174 190 192 194 210 219 224 231 235 241 246 248 255 267 272 273 274 275 277 278 281 282 
88 96 98 100 102 103 104 108 110 111 124 125 129 136 141 148 149 151 154 156 159 160 164 165 166 167 168 172 173 174 176 185 190 192 194 198 202 205 210 211 213 223 226 228 229 231 234 240 241 242 245 247 248 251 252 258 263 264 265 271 274 275 276 278 281 282 
38 96 110 115 126 172 236 
93 1 100 104 106 111 112 115 118 121 122 123 124 125 126 131 132 133 135 142 143 145 151 156 161 172 174 177 182 184 185 186 190 193 195 198 200 201 202 205 208 212 214 216 220 222 224 225 227 229 230 238 239 240 242 247 248 249 258 259 260 262 263 265 275 278 279 
94 98 102 103 108 110 118 119 123 124 125 127 131 132 133 137 139 141 142 144 154 157 158 160 164 167 170 173 174 177 178 179 180 181 183 185 186 196 199 205 206 211 212 226 228 231 234 236 237 238 239 240 241 242 243 246 248 249 250 260 270 272 275 
45 95 101 127 231 244 277 
31 101 117 125 159 171 191 219 239 250 252 253 264 
6 1 95 96 97 99 101 104 110 111 112 114 116 118 132 135 136 140 143 147 149 150 154 157 161 171 181 183 184 186 202 203 211 218 221 224 225 226 240 241 243 249 254 255 256 262 267 275 278 279 280 282 
68 98 99 106 115 128 129 131 132 134 137 140 145 146 154 156 158 163 164 166 170 173 174 177 181 183 200 203 205 212 213 214 231 233 234 244 249 253 258 261 262 264 265 276 282 
39 98 102 105 108 113 115 125 130 132 135 136 144 145 152 153 154 156 159 160 163 164 165 169 175 178 190 192 195 196 198 204 207 210 211 213 215 219 220 225 226 229 230 234 238 240 241 243 244 245 246 248 249 256 266 273 279 280 282 
95 99 101 104 118 119 120 122 125 135 139 140 141 146 147 150 154 156 160 164 166 167 169 171 184 186 188 189 192 195 197 198 199 201 210 218 223 224 225 226 230 231 237 241 244 245 247 248 251 257 259 266 267 269 272 280 282 
92 1 96 102 107 123 144 153 155 157 162 171 177 183 186 187 194 196 198 201 205 210 216 218 222 227 250 254 261 278 
9 95 105 109 111 112 113 118 121 126 132 133 134 136 139 140 146 147 153 158 161 163 170 171 174 175 190 192 197 200 201 208 227 228 231 236 246 252 253 254 258 263 269 271 276 277 
32 95 99 100 102 103 105 109 111 112 117 119 122 124 125 127 128 131 132 137 142 145 147 150 152 154 156 162 163 166 167 168 173 175 176 181 182 183 184 185 190 193 195 196 197 204 206 208 214 217 219 225 227 234 240 242 243 248 251 252 254 256 262 270 271 274 
40 110 113 115 116 123 126 129 131 133 135 137 145 146 148 149 152 153 154 157 161 162 166 169 176 177 182 184 188 189 195 196 201 204 206 209 211 212 213 218 222 228 230 235 239 249 250 258 261 263 264 265 266 270 271 277 280 281 
98 112 142 144 154 171 215 217 251 253 270 
20 105 114 115 119 132 133 141 142 145 148 151 154 162 164 166 168 173 179 182 184 189 190 201 202 214 217 221 228 231 238 259 260 266 281 
65 96 97 99 100 104 105 106 109 112 113 115 120 123 130 133 138 139 143 146 148 149 151 152 156 163 164 166 172 174 176 177 188 189 191 197 205 208 212 220 226 229 231 233 237 239 240 246 257 258 259 261 269 271 272 278 280 
56 96 110 112 119 126 127 129 131 135 139 141 147 149 152 163 168 174 175 181 183 187 194 199 201 202 205 206 208 214 215 216 217 218 219 225 227 230 234 237 241 263 265 272 274 276 278 279 281 
76 111 113 115 119 122 124 130 132 133 136 145 146 148 152 164 166 168 169 170 188 189 205 206 212 216 223 227 230 241 248 252 267 270 272 274 278 
75 100 118 130 141 164 179 185 190 197 204 205 207 221 239 259 263 
33 95 96 99 100 101 106 108 111 113 117 121 126 127 132 133 134 135 139 140 142 144 145 146 154 155 156 157 159 160 169 170 171 173 178 180 182 183 186 187 189 193 196 197 201 202 203 209 212 213 216 223 226 233 237 244 245 247 248 250 252 256 259 260 261 265 267 271 274 282 
39 103 
79 95 97 103 104 107 110 113 122 129 130 134 136 139 145 146 149 152 159 160 174 180 182 183 186 188 200 216 226 227 232 244 253 256 262 267 268 270 271 276 278 
26 1 100 111 196 263 
39 1 98 102 114 137 231 263 277 278 
96 104 116 117 132 141 154 171 177 200 212 215 223 235 251 
22 96 102 105 112 116 117 120 124 125 128 130 132 138 146 150 151 152 155 162 165 172 177 178 179 180 184 192 197 199 201 203 204 209 211 213 214 219 222 226 227 245 253 262 263 265 267 
72 99 101 106 108 116 122 123 132 137 148 151 152 154 161 162 164 165 166 167 168 170 175 182 186 190 191 193 197 198 203 204 205 206 212 214 219 221 223 224 226 227 231 234 239 254 257 258 260 262 263 264 269 271 273 
46 96 97 100 108 109 112 118 124 125 137 139 141 145 147 176 180 181 186 193 194 203 204 205 215 220 223 231 235 240 244 251 268 272 275 279 
1 95 96 99 102 104 114 120 121 122 125 135 136 137 144 146 147 151 154 155 157 161 179 181 182 183 185 193 195 196 197 203 209 214 225 227 233 236 248 249 251 253 256 259 263 267 271 279 280 
9 1 96 99 101 103 104 105 106 108 110 113 117 120 122 123 126 127 129 130 133 134 135 138 141 143 145 147 148 149 150 153 154 159 160 161 165 167 172 173 179 182 183 186 187 188 191 192 195 196 197 201 202 203 207 210 214 224 242 244 245 249 250 252 253 259 260 262 268 271 273 275 281 
16 97 98 105 106 110 111 112 115 116 120 124 125 127 129 131 133 140 145 151 153 157 159 161 162 164 167 168 172 173 176 177 178 182 185 187 189 190 191 192 193 197 200 201 202 204 208 210 211 213 214 218 220 223 225 232 234 237 238 239 246 250 251 252 259 260 262 264 265 266 267 272 274 278 
22 99 102 104 107 109 110 111 116 123 125 133 135 137 144 146 154 158 162 169 171 173 178 179 180 183 192 205 206 212 225 226 228 229 239 240 252 253 262 269 275 279 
21 95 99 103 105 124 125 129 142 148 167 170 175 183 190 198 202 207 230 234 247 252 254 257 261 276 278 280 
13 95 98 103 106 109 110 111 115 119 120 122 138 139 140 141 146 148 149 154 156 159 171 178 179 181 182 186 191 195 196 206 208 210 214 215 219 220 228 230 231 236 238 239 240 241 243 244 247 251 257 261 262 268 269 270 277 279 281 282 
53 160 223 281 
81 119 122 145 156 157 159 173 178 185 186 203 209 212 218 220 239 263 276 281 
38 97 99 110 114 119 125 126 127 133 135 137 142 143 144 145 154 156 162 166 169 170 175 177 178 179 181 182 184 186 187 200 202 213 214 216 218 220 223 235 240 243 245 246 248 251 253 254 255 256 260 264 266 267 270 274 275 277 
69 103 105 112 118 122 123 125 129 135 140 155 171 176 188 193 198 200 212 214 223 224 227 231 234 239 240 241 252 253 254 261 263 268 269 270 278 279 280 
35 1 107 108 112 118 119 120 121 122 127 128 129 130 132 135 136 138 142 145 147 148 150 152 153 163 166 171 178 181 182 185 186 189 190 193 197 198 199 202 203 205 207 211 213 218 224 226 229 234 241 242 244 245 246 248 251 256 260 262 265 266 268 269 276 277 
31 97 98 100 101 104 106 108 109 113 116 117 118 123 125 126 127 135 137 138 140 145 147 149 151 155 158 159 160 165 172 173 174 178 179 182 183 184 193 197 200 205 214 215 219 221 226 231 233 237 240 245 247 248 251 252 255 257 259 263 264 265 266 267 268 270 271 272 274 278 280 281 
39 103 111 115 121 134 147 160 165 166 177 186 200 203 207 213 220 236 241 242 248 252 255 259 273 282 
25 103 119 128 129 130 133 134 136 140 141 143 146 147 149 151 156 160 164 171 172 174 180 181 194 209 222 229 233 234 240 242 243 254 260 265 267 271 277 281 
27 96 106 107 113 117 120 130 131 133 136 148 151 165 173 179 204 210 215 218 255 263 270 282 
19 106 123 151 160 195 198 262 263 264 269 
33 99 121 141 147 160 162 173 179 184 193 202 206 213 216 238 240 241 245 246 270 
90 171 194 272 
44 1 97 98 101 103 104 105 106 107 113 115 116 123 124 126 128 130 131 133 135 138 142 143 148 149 150 151 155 156 159 162 163 165 166 171 172 175 177 180 184 185 190 191 192 194 197 200 203 205 206 207 208 214 219 222 225 226 228 233 237 240 242 246 247 248 250 251 253 254 259 260 273 274 277 280 281 
52 96 119 122 123 128 129 149 150 153 187 205 207 214 225 237 238 251 253 267 
12 98 101 104 105 114 115 117 118 121 122 123 129 130 131 141 145 150 157 158 159 161 163 164 166 168 173 178 183 186 187 204 208 211 214 222 226 227 229 239 246 249 250 252 260 264 266 269 270 271 279 
56 146 176 207 212 219 243 258 
6 95 96 104 106 107 112 115 118 121 122 124 125 128 130 131 132 137 143 148 149 156 158 161 163 164 165 168 170 172 173 174 176 178 179 181 182 183 188 200 201 204 207 209 212 213 218 220 221 222 224 225 233 238 242 245 246 249 253 257 260 262 265 268 278 279 281 282 
74 104 120 124 133 147 157 170 185 192 204 210 211 218 236 238 244 262 272 
58 1 98 102 103 106 112 114 116 117 122 123 125 126 127 131 135 136 139 141 144 148 152 155 158 163 166 168 170 178 179 187 189 192 199 200 201 205 208 210 214 215 217 221 223 226 228 229 233 236 237 238 239 240 242 246 247 249 251 253 261 262 263 265 267 272 275 276 277 279 282 
85 95 96 108 110 112 113 116 119 123 125 132 134 135 140 160 161 162 170 171 178 180 185 189 190 192 195 197 202 205 211 213 215 218 219 224 226 229 235 245 246 249 250 253 260 262 264 275 281 
11 1 96 98 99 103 104 106 108 110 113 116 117 118 120 122 124 128 131 132 133 134 144 145 151 154 156 158 164 165 167 168 170 171 174 175 177 178 180 183 184 186 193 197 202 207 209 210 213 214 215 216 218 219 222 229 236 238 239 246 247 249 250 251 253 256 257 259 262 263 268 269 271 273 274 280 282 
51 96 100 117 148 152 158 161 162 177 187 198 200 209 214 223 231 238 243 256 260 264 268 271 280 
14 99 119 132 139 142 154 167 172 180 183 189 205 210 214 219 228 252 264 273 275 279 281 
48 107 108 124 126 127 136 140 142 149 151 167 171 182 195 207 209 214 216 223 231 234 246 250 262 274 
82 1 97 98 99 101 104 105 107 109 118 119 125 126 131 135 140 142 144 146 147 149 151 158 166 169 173 174 175 178 179 186 187 188 191 192 193 195 196 199 202 203 204 205 207 209 211 212 214 220 221 225 226 227 230 231 233 240 245 249 258 263 264 265 266 269 271 274 
14 97 104 108 110 113 115 116 118 123 132 134 139 148 154 159 164 167 168 173 175 176 177 180 185 187 196 198 200 202 205 208 210 212 215 221 224 227 229 233 254 259 262 267 269 271 275 280 
49 141 179 219 
84 105 115 116 121 123 129 131 132 135 138 139 141 142 144 146 149 150 158 159 165 167 170 171 172 175 176 177 178 180 181 184 185 186 188 191 194 199 201 206 208 209 218 219 221 222 224 225 227 229 231 237 238 239 240 241 243 244 245 249 252 257 262 263 265 267 271 272 273 274 278 280 282 
12 1 95 97 103 107 108 111 116 117 123 130 132 134 135 137 139 140 143 146 147 149 150 151 152 155 158 160 162 166 169 179 180 181 182 183 184 187 188 189 190 192 196 198 202 204 207 213 215 216 219 224 226 232 235 238 239 241 243 248 252 253 254 256 259 261 270 271 272 278 281 
2 97 99 100 101 106 110 113 124 128 131 141 142 143 153 155 157 163 164 168 173 175 176 177 178 186 190 193 199 203 204 205 210 222 223 226 227 229 230 231 232 240 247 249 251 261 262 266 274 281 282 
42 100 103 129 145 160 163 169 178 195 229 256 269 279 
1 103 105 108 113 119 120 125 143 149 150 152 153 158 168 169 181 187 195 196 198 211 222 224 228 240 243 244 246 247 259 262 264 273 275 280 281 282 
14 108 113 120 121 122 127 134 158 160 161 168 170 183 188 189 200 206 224 228 233 246 271 272 273 
48 1 99 101 105 107 109 111 114 118 119 123 124 130 131 136 140 141 146 148 161 163 168 176 177 180 182 183 186 187 188 195 196 197 201 203 205 207 208 209 211 215 216 217 218 223 230 231 234 237 241 246 247 248 255 256 263 265 268 275 277 282 
31 167 216 276 
93 105 135 145 179 185 187 188 216 226 
27 97 101 102 104 106 108 115 117 118 121 122 124 125 126 127 129 131 132 134 135 136 147 151 152 154 157 163 166 176 178 180 186 187 198 203 204 205 206 211 220 227 228 229 232 236 241 243 244 246 247 256 257 259 260 262 267 268 274 280 282 
65 96 97 102 104 105 106 112 113 115 116 120 122 123 124 129 130 133 135 139 145 147 148 153 155 157 158 166 170 172 173 177 178 179 182 184 185 186 191 192 194 198 201 202 207 208 212 213 216 221 223 227 228 230 231 232 236 238 244 252 261 262 265 266 270 271 272 275 279 281 
98 100 102 103 106 107 109 116 122 130 131 132 134 135 141 143 146 149 153 161 162 170 171 174 178 179 185 188 189 190 199 200 205 206 211 213 214 215 217 219 224 225 231 232 234 235 237 245 251 252 254 256 257 259 266 267 268 271 273 275 277 282 
69 99 103 129 140 144 159 161 171 173 181 185 204 206 209 214 226 234 242 249 255 257 258 265 280 
12 96 97 98 103 105 106 107 109 115 116 117 118 120 121 122 123 124 128 129 135 136 143 151 153 154 156 158 159 160 161 166 169 171 176 177 178 179 182 183 190 192 194 195 201 202 207 214 218 220 221 222 224 230 231 235 236 238 239 240 244 251 252 254 257 261 263 265 271 274 275 280 281 
51 96 98 99 102 105 106 108 110 111 116 117 125 127 128 131 134 136 145 155 157 160 161 168 172 174 176 181 184 190 191 192 195 208 213 216 217 219 221 235 237 240 241 243 244 254 255 256 259 265 266 269 270 274 276 278 
9 95 96 113 116 117 119 137 141 155 159 161 167 186 192 193 194 196 198 200 212 219 225 226 232 241 251 254 255 261 263 268 270 278 279 
43 97 105 107 113 114 116 120 128 130 131 133 135 140 146 150 151 153 154 155 160 162 165 166 167 169 172 174 178 183 184 188 190 192 193 195 197 198 201 202 204 207 213 218 223 226 228 229 230 232 234 241 243 245 248 250 255 257 259 260 262 263 264 265 266 268 271 272 275 282 
52 95 98 99 100 102 106 107 111 112 122 125 137 144 149 150 151 154 155 158 159 166 167 169 178 180 184 185 186 187 190 191 192 193 195 196 197 199 201 202 203 204 207 209 210 214 217 218 222 223 224 226 227 229 230 235 242 248 252 255 256 259 263 265 266 271 277 278 
83 1 132 152 224 
63 1 96 97 99 100 126 128 130 131 133 134 143 146 147 151 152 156 160 163 167 169 170 172 173 181 183 191 192 197 202 204 206 210 216 219 224 230 231 235 239 243 246 248 249 253 255 259 261 262 265 269 270 273 277 278 282 
57 95 103 105 106 109 110 111 115 117 119 121 122 131 133 141 149 150 152 153 166 167 168 170 171 172 178 184 186 187 188 194 203 213 214 215 217 218 222 223 224 226 229 230 234 239 240 241 242 245 252 256 259 263 264 265 267 268 275 276 277 281 
59 1 95 97 98 103 104 105 107 108 113 115 117 119 121 122 133 134 136 137 145 149 153 155 157 158 159 160 162 164 165 166 167 169 174 175 176 177 180 185 188 190 193 194 195 196 197 199 200 203 204 205 209 211 212 214 217 221 223 226 229 236 241 246 247 248 252 253 256 257 261 262 263 267 268 270 271 273 276 280 
81 110 117 118 127 132 133 138 144 146 148 151 152 153 160 167 168 171 177 180 185 186 195 198 205 213 232 234 236 238 241 249 259 260 269 274 
37 66 62 64 6 6 25 29 94 59 4 69 70 88 49 26 22 95 56 60 25 1 96 57 52 61 16 58 93 80 96 81 90 46 53 16 37 84 72 17 62 36 76 41 8 22 73 47 78 89 31 97 79 23 31 86 52 2 63 36 38 9 35 87 4 27 33 63 79 85 73 63 80 21 38 67 11 94 92 94 7 31 67 41 22 97 42 13 59 84 2 44 6 18 2 70 46 28 81 99 60 48 96 89 4 1 95 13 83 61 28 43 34 93 83 99 46 100 43 38 26 18 1 11 17 43 68 56 26 24 58 35 54 78 17 67 36 98 43 91 26 83 46 87 43 17 83 13 26 66 97 9 74 86 24 59 54 40 38 24 24 69 44 86 77 31 65 8 32 30 39 84 56 20 64 93 83 1 96 40 64 9 83 20 19 44 89 5 50 28 3 47 6 39 95 99 88 91 57 42 62 42 37 46 85 62 83 39 79 51 83 88 88 51 80 66 63 40 48 91 56 82 62 26 59 3 11 21 19 30 33 71 7 95 47 74 70 82 41 62 45 95 22 49 94 8 4 84 79 91 95 31 26 28 65 43 77 15 65 76 89 86 10 8 66 42 98 47 19 84 47 70 70 54 84 39 66 63 30 37 21 83 
