192 288
52 1 104 105 107 109 120 128 129 132 136 137 138 140 144 145 148 150 153 157 158 160 162 163 164 167 169 173 174 175 176 182 183 184 186 190 191 192 194 195 200 204 209 210 213 216 217 220 222 226 227 228 231 233 234 235 253 263 267 273 279 287 288 
8 98 102 107 111 117 120 123 133 135 136 144 153 155 157 169 175 176 177 195 198 203 209 213 219 222 227 232 235 244 247 262 264 270 274 279 
34 97 99 108 109 111 114 126 128 129 132 133 145 157 158 165 171 175 178 182 183 187 195 198 201 205 207 209 214 216 220 223 225 229 233 234 235 240 243 245 254 268 270 273 274 
91 106 131 209 222 225 255 260 273 
94 97 99 101 103 105 108 114 115 116 118 120 121 124 128 130 131 136 137 138 140 143 145 146 147 148 151 157 164 166 171 173 175 176 180 181 183 184 192 194 196 201 202 203 208 209 211 220 226 227 228 231 233 234 236 238 242 245 248 256 258 261 265 270 287 
75 101 110 119 122 127 128 132 133 134 142 143 148 165 170 171 173 175 183 200 203 205 209 210 224 225 232 234 235 237 254 255 261 262 263 278 284 285 286 
50 103 104 110 121 130 135 148 163 174 177 182 190 209 216 219 253 255 275 
85 98 104 109 115 116 131 134 137 140 148 149 151 152 153 157 158 166 167 169 171 172 176 177 178 179 181 191 192 194 202 203 205 206 209 215 217 218 223 226 227 230 233 235 236 238 239 244 255 256 261 263 269 270 276 278 282 284 288 
61 111 132 139 143 158 181 237 251 
25 97 99 104 105 110 113 114 115 116 119 122 129 130 141 144 147 151 155 156 161 165 178 182 186 189 191 192 199 204 207 209 212 214 217 222 231 234 239 241 248 249 254 255 257 265 266 267 268 269 276 281 284 285 
88 99 102 108 110 111 112 115 119 123 125 126 129 130 133 134 135 136 140 144 145 148 155 156 158 159 162 171 173 174 175 176 178 181 184 185 191 197 198 199 201 202 203 204 207 209 211 217 222 225 227 228 229 233 234 240 242 244 251 257 258 262 264 266 268 270 275 276 279 280 281 286 288 
38 132 141 225 239 278 279 283 
48 143 204 236 287 
38 138 211 247 271 
70 97 98 99 100 119 122 123 130 138 140 144 146 156 158 162 164 165 168 172 173 175 186 188 190 191 192 194 196 197 198 199 200 201 207 208 209 220 227 231 239 247 248 250 252 253 256 266 268 269 281 283 284 286 
85 98 99 104 111 112 116 120 125 126 128 137 139 140 141 144 150 152 153 155 159 160 167 170 175 176 177 192 196 197 198 199 200 203 206 210 211 214 215 218 222 224 227 232 235 236 237 245 250 254 255 269 273 274 281 282 285 
5 1 97 98 99 106 109 110 111 112 115 117 123 124 126 129 131 137 138 141 144 145 149 151 155 156 161 165 167 168 169 170 171 172 176 179 181 186 190 191 193 197 199 200 201 204 206 209 211 214 220 222 225 226 232 235 236 243 248 249 250 253 257 259 261 264 267 269 270 272 273 274 275 277 280 281 283 
42 105 106 108 123 127 129 134 138 139 141 142 143 149 150 154 156 157 159 162 163 164 172 173 174 180 183 192 197 204 206 226 231 239 246 252 255 258 259 261 262 266 270 276 279 283 287 
1 1 98 101 110 111 117 118 119 122 126 129 130 135 142 143 144 146 150 153 155 156 158 160 161 167 168 171 173 177 179 181 182 184 190 191 193 196 197 202 206 208 209 212 215 216 221 223 224 225 227 229 238 243 244 248 249 251 253 256 259 263 266 269 271 274 276 278 284 288 
54 106 120 165 179 187 206 214 224 233 243 244 247 276 
80 98 101 104 106 107 110 115 116 119 122 124 126 127 132 135 138 145 149 150 158 164 167 169 177 179 181 182 187 195 197 200 202 204 206 207 208 210 212 214 217 219 220 224 226 228 235 236 237 238 242 245 246 248 249 251 257 259 263 264 265 270 271 272 274 276 279 280 284 
7 99 106 109 115 123 126 127 134 135 136 140 142 146 147 169 171 172 178 182 189 193 214 228 231 237 239 252 255 284 285 
40 97 101 105 107 114 115 116 118 119 120 126 127 128 134 135 139 140 145 152 154 158 160 162 163 165 171 173 174 175 177 179 187 192 194 195 199 202 207 211 221 222 226 230 232 233 234 237 242 243 244 246 247 248 249 250 252 253 255 256 259 267 269 272 
88 1 97 100 104 107 109 112 116 117 118 119 120 122 123 124 128 134 137 139 144 145 148 149 155 156 158 160 163 166 167 168 170 172 179 191 193 195 205 207 210 212 213 215 221 222 223 226 228 230 234 235 236 241 242 243 250 259 264 269 270 272 273 278 280 285 288 
38 100 101 108 111 116 118 119 126 157 160 161 163 169 173 176 183 186 187 194 200 204 205 206 208 210 217 225 240 243 252 264 268 274 276 279 284 288 
44 98 99 100 101 108 109 112 114 115 116 117 118 135 137 139 145 146 147 148 151 159 161 163 164 165 166 168 173 176 178 187 190 191 194 195 196 197 198 203 204 206 207 210 217 218 219 221 222 225 226 227 229 230 240 244 259 261 262 266 270 273 275 276 281 282 283 284 286 
94 118 161 183 205 214 223 229 243 248 252 
17 106 107 114 116 124 127 133 139 142 145 155 156 161 164 166 169 184 197 207 213 218 229 233 236 242 252 256 260 261 264 268 273 276 
31 98 101 104 105 107 109 112 113 120 124 128 133 134 135 136 139 141 142 143 152 154 155 158 160 167 173 176 178 182 184 186 188 189 190 191 192 193 207 208 212 213 215 216 217 218 219 220 222 223 224 226 228 230 233 234 236 238 240 241 244 245 246 248 251 252 256 257 258 261 265 266 275 281 282 285 
3 100 103 104 108 109 110 111 119 123 132 134 135 136 138 140 141 143 146 148 150 167 168 169 175 182 184 196 197 212 226 237 239 243 245 253 256 260 263 269 270 271 272 275 276 277 284 287 
13 1 97 102 105 108 116 122 124 126 129 130 131 135 139 140 145 148 149 150 152 156 160 164 168 173 175 184 185 188 206 208 209 216 222 225 226 227 231 235 238 245 248 250 252 254 256 257 258 261 262 263 266 272 276 279 
90 101 109 115 118 126 150 165 168 172 176 180 191 193 197 198 206 213 216 220 225 231 233 242 246 248 254 258 279 
59 102 104 111 113 114 118 119 122 124 126 128 132 135 140 142 144 150 151 152 153 154 155 166 168 169 170 178 179 182 183 187 188 192 194 197 207 208 212 216 218 220 228 229 237 239 242 245 261 262 264 265 268 275 276 278 281 284 286 288 
37 97 98 100 103 105 107 108 109 111 114 116 120 121 133 134 135 136 140 141 143 148 153 159 162 167 168 169 174 182 183 186 192 196 198 199 200 207 208 212 226 230 231 237 240 243 249 255 265 266 268 271 274 276 281 288 
13 101 112 113 114 117 118 128 132 134 144 152 155 162 166 167 169 170 175 182 184 186 187 188 190 192 198 215 220 223 229 231 243 247 251 256 264 268 269 271 277 280 288 
64 98 99 101 103 106 107 108 109 112 113 114 117 120 121 127 129 130 131 133 135 136 141 144 147 152 160 161 162 163 164 172 174 181 187 188 200 201 204 206 215 217 218 222 224 229 230 231 232 233 236 238 240 243 244 245 246 255 256 272 274 275 277 280 281 282 285 
21 98 102 104 110 114 117 124 130 134 138 139 141 142 146 150 151 152 154 155 156 157 159 161 163 168 169 172 174 175 176 177 178 179 187 202 203 205 208 216 220 224 225 228 229 230 232 233 234 235 238 241 243 246 247 251 253 255 258 259 262 266 268 269 275 276 278 280 285 286 288 
80 162 175 249 279 
4 132 140 197 202 205 208 221 225 230 234 236 238 256 263 270 281 
94 97 102 103 104 107 113 114 118 125 127 128 134 136 137 139 140 147 152 153 154 155 163 164 170 172 173 182 188 189 190 191 192 196 197 201 202 206 207 209 215 219 222 224 227 233 239 242 245 246 247 250 254 256 257 259 260 262 265 268 269 273 275 276 282 283 288 
100 98 122 125 126 128 133 137 138 139 152 154 157 158 164 166 177 185 186 192 194 200 202 207 210 219 220 221 225 226 230 231 237 239 246 249 253 255 256 267 268 275 276 277 279 
98 100 101 106 110 114 117 118 123 124 127 128 129 130 131 134 137 144 146 148 149 152 160 184 189 192 195 197 206 209 210 211 213 214 217 219 225 228 231 232 238 242 244 247 251 255 259 262 269 271 273 274 276 278 280 282 285 287 
16 97 109 139 161 183 202 219 224 229 261 265 
49 1 99 103 104 107 110 112 116 126 128 138 152 153 159 167 186 193 200 205 219 225 230 232 234 244 245 250 263 267 268 269 272 276 278 280 284 285 288 
84 97 107 113 135 145 152 167 169 174 175 176 179 191 194 203 204 212 230 232 239 240 241 262 273 279 283 
83 114 147 194 214 215 221 286 
93 112 133 153 156 183 193 224 247 259 
71 104 118 127 132 139 146 150 152 155 166 168 171 172 177 185 191 196 226 231 233 245 254 258 260 265 280 
83 103 109 113 114 116 119 126 128 136 138 141 143 154 157 165 172 176 181 188 189 191 192 193 194 199 215 216 222 223 232 235 239 240 241 243 248 253 254 259 262 263 265 268 270 275 276 278 279 280 281 282 283 
11 105 109 114 115 122 124 126 130 132 140 141 144 147 150 154 156 157 159 161 167 170 171 172 174 177 178 181 182 184 185 186 193 194 195 197 198 199 202 205 206 209 214 217 218 223 227 228 229 232 235 238 239 240 244 245 246 248 250 258 267 268 273 277 278 283 288 
15 100 107 109 118 128 140 147 156 160 168 170 171 174 179 183 186 189 197 199 208 211 212 233 243 245 249 251 254 258 267 275 277 287 
50 97 99 106 108 109 117 130 132 136 153 158 162 165 174 185 190 191 193 199 204 211 218 232 233 237 266 272 274 285 
55 105 135 193 247 255 276 
82 97 98 102 103 109 111 113 114 115 116 119 126 135 142 146 149 153 154 155 157 158 160 161 165 169 172 175 183 188 194 195 198 202 208 216 218 219 222 223 225 227 230 234 239 245 252 254 258 262 267 271 274 276 278 285 288 
65 98 100 102 106 107 113 115 118 121 137 138 147 153 154 156 164 167 183 186 188 193 197 199 201 207 211 212 214 219 226 231 237 239 242 245 247 251 256 261 268 288 
21 104 107 108 111 114 116 117 119 121 131 139 142 155 165 167 169 173 177 178 180 191 194 203 206 209 212 221 223 230 231 233 236 240 242 247 261 262 270 274 277 279 
25 98 99 101 103 106 110 111 114 117 121 122 124 129 130 131 134 135 136 139 140 144 145 147 153 158 161 162 163 165 167 169 170 174 179 181 182 188 190 192 197 200 201 203 205 210 215 228 230 239 240 241 250 255 258 259 263 264 266 267 268 275 277 278 279 281 282 287 288 
99 108 116 118 128 133 135 152 156 168 179 184 186 203 211 219 221 227 233 247 262 273 274 278 279 
21 97 100 105 111 121 123 124 127 135 136 138 139 146 147 155 158 170 177 181 183 184 186 188 196 197 202 209 211 219 222 224 225 233 234 238 241 247 248 259 263 269 270 272 273 286 
89 1 100 105 110 114 115 116 121 123 127 128 131 133 134 136 143 146 148 149 151 154 157 163 164 165 170 172 187 188 196 209 215 220 221 222 229 230 232 235 236 237 238 239 240 245 249 252 253 280 286 
98 104 119 126 128 131 137 151 158 164 190 197 200 215 259 275 280 
11 1 101 103 106 110 112 113 115 117 123 125 127 128 131 140 144 145 148 152 155 160 161 163 164 165 172 177 179 180 182 188 189 195 196 199 201 208 211 212 216 218 219 221 228 230 231 236 238 239 242 251 253 254 261 265 267 268 273 275 278 280 282 285 
64 97 100 104 106 108 113 126 128 133 136 139 141 143 146 147 149 154 169 171 172 174 183 186 192 199 204 208 214 221 223 226 230 231 235 237 239 242 248 254 255 257 258 260 263 271 277 279 280 281 283 286 287 
59 108 113 118 127 138 143 148 153 155 164 170 171 172 175 185 187 199 201 206 216 220 257 269 276 278 285 286 
98 99 104 106 108 111 115 116 120 125 128 129 130 133 134 135 140 141 143 146 149 151 154 158 159 166 171 172 175 176 178 183 184 185 187 189 191 193 194 196 198 199 200 201 205 210 213 214 219 220 221 224 227 231 237 241 242 244 248 250 251 253 256 257 258 259 261 269 270 275 276 278 279 281 283 285 288 
26 1 98 102 103 109 115 117 118 120 124 127 130 131 144 145 149 153 155 158 161 164 165 166 167 170 171 176 178 179 181 183 191 193 196 197 198 210 211 217 218 220 221 224 229 234 235 237 240 242 247 253 256 263 264 266 267 268 269 270 271 274 276 279 280 281 282 284 285 287 288 
50 1 97 99 112 114 115 121 123 130 133 135 137 140 141 142 143 149 150 154 156 158 167 171 182 183 185 191 193 195 198 200 206 208 212 215 216 220 221 228 231 241 242 243 245 255 263 267 268 272 273 275 276 277 280 287 
22 1 99 104 108 112 117 124 129 132 133 137 138 142 147 149 154 157 158 159 160 165 171 176 177 181 189 191 193 194 198 203 206 207 210 211 213 215 219 223 225 228 233 238 244 245 248 253 266 271 273 274 275 276 277 287 
63 116 154 155 184 215 227 
90 99 113 114 117 123 135 137 140 143 156 157 159 179 188 189 206 213 215 226 227 232 236 252 256 257 260 261 262 266 276 281 284 
93 97 98 100 101 102 106 107 109 113 116 117 124 125 126 129 131 140 144 148 150 152 154 157 158 162 167 169 175 180 182 185 189 197 202 205 206 215 216 217 219 226 228 230 232 238 240 242 243 244 245 246 250 254 261 262 263 265 266 267 268 273 274 284 
48 1 97 99 101 105 111 113 115 117 131 135 136 140 143 148 149 150 162 167 169 171 175 176 186 187 189 190 191 196 198 199 203 207 208 210 212 213 217 218 219 220 221 222 228 232 233 235 236 239 241 242 243 247 248 250 255 257 261 262 272 273 275 278 281 283 285 287 288 
56 99 102 119 123 126 128 133 189 194 206 219 221 233 246 251 256 267 270 272 279 288 
13 1 107 110 118 119 120 125 139 153 155 163 164 181 185 186 187 188 190 193 199 201 202 208 211 212 213 221 223 229 233 234 237 239 243 247 250 270 274 275 277 286 287 
11 99 102 104 105 110 112 114 115 116 137 147 148 156 158 162 163 167 173 178 181 192 196 207 211 218 226 227 228 229 230 231 233 236 243 244 248 252 253 257 259 264 274 280 283 285 
58 100 101 108 115 117 118 120 126 127 131 132 136 141 144 146 152 153 156 158 161 163 165 166 168 170 174 177 180 182 183 185 188 191 192 193 194 195 199 200 204 207 214 216 219 220 224 227 229 230 232 234 236 238 240 241 242 244 246 249 252 253 255 258 259 260 267 270 274 276 280 288 
14 97 98 103 104 105 111 112 115 117 120 126 128 133 135 137 138 140 146 147 150 152 160 168 176 182 185 189 193 198 200 201 204 207 208 210 222 227 230 235 240 246 250 263 270 274 281 
88 102 106 111 117 122 123 130 138 139 140 145 147 150 151 153 154 161 165 166 184 192 194 197 200 205 206 208 213 216 228 240 243 244 245 247 255 261 263 269 273 274 275 285 
22 100 101 106 118 121 122 123 126 128 132 137 146 154 158 160 161 166 168 169 175 183 193 205 208 213 216 218 220 222 229 234 236 238 240 241 242 247 252 257 265 269 272 273 275 276 282 286 
22 1 97 99 104 105 106 107 110 111 113 116 119 130 137 144 146 148 149 150 153 155 156 165 168 176 180 181 182 187 188 189 190 196 199 203 205 208 214 220 221 224 227 234 237 242 244 245 254 255 260 264 265 273 274 276 279 280 281 286 287 
55 98 132 134 144 148 168 182 205 208 224 230 
6 1 98 102 104 111 114 117 121 123 125 126 129 137 139 142 143 144 148 149 150 152 157 158 165 166 168 169 176 185 187 188 190 192 194 198 199 203 204 205 206 207 208 210 216 217 220 222 223 224 226 230 231 233 234 235 237 238 243 244 245 246 249 257 261 262 263 264 270 274 278 285 
62 1 148 177 283 
81 1 99 100 102 108 115 117 118 120 122 123 124 127 128 129 135 138 143 144 146 147 148 152 154 157 158 160 167 168 169 170 173 177 180 181 182 187 189 190 193 194 195 199 200 203 206 207 209 218 223 224 229 230 233 235 240 242 245 248 252 256 258 259 260 261 262 263 264 266 269 272 283 285 286 
47 1 97 99 106 107 108 119 120 122 123 124 128 137 139 141 145 147 149 150 152 163 172 177 181 182 183 184 190 192 194 196 198 199 201 202 203 206 210 212 213 216 221 223 225 227 232 233 234 237 238 240 241 247 250 252 253 254 260 262 263 264 272 273 275 278 282 283 286 287 
1 115 172 186 190 203 214 241 254 
56 100 101 103 107 114 118 131 133 141 144 146 162 168 185 192 194 208 217 219 228 247 250 251 254 256 271 280 286 
22 1 101 103 106 107 108 110 111 116 118 122 124 128 143 151 153 155 158 190 191 194 204 208 211 213 223 226 231 232 238 239 247 249 254 255 259 263 268 270 275 278 284 285 288 
60 1 98 99 125 130 139 142 143 151 152 161 165 167 179 180 186 190 192 197 210 212 221 235 243 248 253 254 258 275 278 
76 1 98 99 113 114 115 119 123 126 130 131 135 138 139 141 149 150 151 154 155 157 161 163 166 168 175 180 182 183 185 186 188 189 193 194 197 199 201 205 209 211 212 214 215 218 224 231 232 233 236 241 242 243 244 248 249 256 257 264 266 268 269 271 272 273 276 278 279 286 
23 130 171 179 185 211 234 243 251 268 273 285 
23 107 111 115 149 186 196 205 210 
26 98 107 111 112 124 128 139 144 146 147 153 155 160 162 163 168 172 174 178 189 192 194 195 196 201 202 207 208 209 222 223 235 238 242 251 252 254 255 257 258 263 270 275 277 279 280 283 287 
68 97 98 99 101 108 111 115 117 119 120 121 122 123 125 126 127 129 132 133 145 147 148 152 161 162 165 166 167 171 172 174 180 181 184 190 192 194 195 196 205 206 207 210 216 217 222 224 226 228 231 233 234 236 239 248 254 255 257 258 260 261 262 264 271 275 280 281 282 285 287 
89 118 169 273 
65 97 101 103 104 105 120 122 124 125 129 134 136 137 138 139 145 146 147 148 153 156 162 171 172 176 177 179 185 192 197 207 209 211 214 217 225 228 232 233 234 242 244 245 253 261 262 275 276 286 
10 98 104 114 120 131 133 141 174 176 180 182 187 191 202 207 221 228 231 232 240 270 
2 1 97 100 102 103 106 107 109 112 114 129 130 131 134 139 140 142 146 148 153 156 157 159 166 173 174 178 179 180 182 185 188 195 198 199 200 212 213 217 218 222 227 228 230 233 237 239 241 242 247 248 253 254 262 266 269 273 279 281 284 
6 104 112 114 115 123 142 143 144 181 186 191 194 196 201 205 208 214 220 226 227 230 237 245 247 248 252 253 254 257 259 266 272 278 279 287 288 
48 102 104 105 106 108 110 111 113 119 121 122 126 136 137 138 140 142 143 147 150 151 154 156 162 165 169 181 182 188 190 196 198 199 206 210 211 217 218 223 224 226 227 228 231 237 242 245 246 248 249 250 254 256 258 261 263 268 272 273 275 280 282 283 284 285 
17 1 100 101 109 120 121 135 137 144 150 151 155 158 159 163 164 166 170 174 176 179 180 184 190 191 193 195 205 206 208 211 212 214 218 219 231 235 236 237 239 240 244 246 248 250 252 253 255 256 260 266 267 269 272 275 277 278 287 
42 105 133 134 140 175 179 197 198 200 201 206 230 236 254 258 264 273 287 288 
6 98 100 101 106 118 119 124 125 126 133 136 139 142 143 146 148 154 156 157 162 174 182 192 219 222 225 231 245 262 266 267 269 279 
54 1 100 108 115 120 122 126 127 128 133 135 137 138 140 141 142 150 151 155 158 160 163 166 167 172 173 177 183 184 185 186 187 193 195 196 198 199 201 202 212 215 217 219 222 225 226 227 229 230 232 234 235 240 241 244 245 248 252 256 257 258 260 262 263 264 267 272 273 274 276 280 281 285 286 287 288 
90 99 114 137 141 155 181 189 193 199 201 204 207 208 211 219 222 230 233 236 247 249 264 265 282 284 
56 98 100 108 121 122 127 130 131 132 138 140 145 146 151 152 154 155 159 167 169 171 172 174 179 185 192 194 201 202 204 206 207 213 222 223 231 235 242 250 251 253 260 261 264 268 270 271 272 279 282 284 286 
53 106 109 110 113 114 124 126 127 128 130 131 135 136 137 139 142 143 145 146 147 150 168 169 170 173 176 177 179 181 182 186 188 190 195 196 197 198 199 200 203 206 207 209 212 215 217 218 220 225 227 230 232 234 238 241 242 249 252 256 259 261 263 269 272 275 277 278 279 281 286 
54 1 101 104 110 111 123 126 127 129 131 140 141 147 150 151 164 165 169 170 178 187 192 195 198 200 206 207 214 219 226 231 233 245 250 257 258 262 266 269 273 282 286 287 
15 98 99 103 106 114 125 131 154 158 167 177 240 250 253 260 262 277 288 
34 112 113 121 127 132 134 145 146 147 152 158 159 160 161 169 173 185 187 194 199 207 220 228 231 246 247 248 262 263 267 271 
34 103 106 107 108 110 111 122 123 127 129 131 132 133 139 140 148 149 158 164 165 173 178 179 181 184 185 188 189 193 194 198 199 207 212 213 215 221 222 224 228 229 234 240 251 257 262 263 274 277 283 284 288 
32 1 101 108 109 112 114 143 147 154 161 162 166 175 179 186 189 192 213 218 219 221 245 250 251 260 261 270 275 276 277 285 
42 100 101 104 107 108 111 112 114 115 117 127 128 130 133 142 144 145 150 154 157 158 159 160 165 167 168 169 170 172 174 180 189 194 195 196 205 208 211 212 217 221 223 224 225 226 232 233 235 236 238 239 241 242 244 247 248 250 251 252 257 259 263 266 270 271 273 275 279 281 282 284 
15 103 106 116 118 121 126 129 132 141 151 156 163 164 169 175 178 180 182 185 187 202 215 222 225 231 232 236 239 242 245 250 251 254 262 264 270 277 280 282 
30 97 101 111 122 144 177 181 207 236 239 279 282 
5 98 99 101 106 112 120 123 124 130 134 137 139 140 141 143 144 145 151 155 156 158 160 161 163 164 176 177 178 181 182 183 184 186 187 188 196 198 199 200 202 204 205 208 210 214 215 218 226 227 230 232 236 242 243 249 250 252 254 258 260 262 267 271 275 277 
83 102 103 114 133 145 146 175 201 206 226 230 235 237 262 264 273 279 285 
5 99 100 104 110 111 112 115 116 119 121 123 126 131 133 134 139 140 141 144 151 152 155 157 162 164 165 168 170 171 180 181 182 184 188 189 190 193 194 195 197 198 200 203 205 208 211 217 219 222 224 227 229 231 234 238 239 240 246 247 251 255 259 260 263 270 272 274 277 280 281 282 
46 97 126 131 134 146 158 166 169 189 203 211 260 261 288 
94 104 114 120 121 123 126 127 135 142 148 160 181 183 189 197 200 208 224 234 244 251 258 261 269 276 286 287 
56 97 98 100 102 109 111 117 126 132 133 134 138 139 140 147 148 149 151 153 154 155 156 158 159 161 163 168 169 170 177 180 182 185 186 188 190 194 195 196 204 208 211 212 216 220 221 222 225 226 227 229 231 232 233 234 237 238 242 243 246 248 250 251 252 255 256 257 260 270 272 273 274 277 278 284 285 288 
100 1 106 115 124 130 136 142 144 181 182 185 195 206 217 222 225 240 267 271 272 276 280 
53 106 109 113 116 117 119 121 136 137 150 156 160 163 165 167 174 177 189 193 200 214 216 223 224 238 242 243 245 248 261 263 272 275 280 283 284 
92 1 111 116 119 122 124 125 134 139 147 152 153 159 165 168 172 174 175 180 184 185 187 188 190 191 192 193 196 200 204 206 207 213 219 221 226 227 229 234 236 240 243 246 247 251 255 258 263 267 269 278 279 281 
80 1 102 104 113 118 120 130 131 132 133 135 139 140 145 147 148 158 163 164 165 170 173 178 180 185 192 201 203 210 212 219 223 228 231 232 236 239 241 248 256 257 264 266 276 280 
87 1 109 113 131 137 146 150 158 173 179 188 189 191 192 193 198 201 223 230 251 252 259 263 264 271 273 279 283 288 
61 1 105 115 139 148 150 154 158 160 165 168 181 183 199 212 220 222 229 237 248 252 262 284 
63 139 156 221 228 255 270 278 
96 158 191 
47 98 159 162 166 167 168 175 177 194 206 227 251 252 253 262 275 279 286 
67 97 98 102 103 109 113 117 120 122 124 126 128 129 144 145 148 150 153 154 158 161 163 166 167 169 174 176 181 182 186 192 196 199 200 205 206 207 212 213 214 215 217 220 227 229 232 233 237 238 242 254 256 259 261 262 264 266 267 269 277 278 
20 107 108 109 110 115 120 132 133 134 136 137 147 166 176 182 183 185 195 196 201 203 206 215 230 236 243 248 252 260 264 271 278 282 283 287 
66 1 97 102 105 107 115 116 117 119 126 135 138 146 148 149 150 155 156 157 160 161 166 167 169 180 183 186 187 188 190 193 198 201 202 203 204 210 211 215 217 219 221 225 227 228 229 230 231 232 234 236 238 239 241 243 248 250 253 254 256 263 268 271 272 277 279 282 284 
84 112 113 124 137 138 151 154 179 192 233 251 259 268 279 280 285 
5 1 97 100 103 107 108 111 113 116 121 134 142 146 149 151 163 164 165 166 167 171 175 179 180 182 184 187 192 199 201 202 209 215 221 226 227 228 234 236 240 241 242 243 249 250 252 258 261 272 273 277 282 285 
98 99 100 101 103 104 109 112 114 119 122 124 127 130 131 133 134 135 137 138 139 140 141 142 149 160 161 164 166 170 173 174 175 179 181 182 186 187 188 191 192 196 203 207 208 210 212 213 215 218 219 220 221 228 230 233 238 243 245 248 251 254 257 260 262 266 273 274 276 281 282 283 
20 98 100 106 112 116 130 156 164 172 184 188 201 208 225 226 230 231 236 261 266 278 279 286 287 
62 1 97 99 100 105 110 113 120 125 135 143 148 150 152 156 158 160 166 173 176 178 191 195 198 199 201 202 207 209 211 213 221 226 234 235 237 240 242 245 248 250 253 257 259 261 270 271 273 274 275 280 
16 109 112 117 118 134 136 139 162 164 170 171 174 175 184 186 190 191 193 194 207 213 215 218 220 229 230 234 235 236 242 243 265 
21 107 113 117 127 188 201 213 214 235 238 239 242 243 248 257 264 
27 117 127 132 192 195 226 
24 101 103 104 105 107 108 109 110 120 122 131 132 133 134 135 136 138 142 145 146 148 150 152 158 159 160 167 170 171 173 174 177 184 185 188 189 198 199 200 203 207 211 212 216 217 220 222 223 225 227 230 232 233 236 239 242 243 244 246 247 248 249 253 261 263 273 274 282 287 288 
81 146 152 175 201 215 220 244 254 281 
87 110 119 131 182 185 201 211 225 239 242 265 277 278 284 
84 98 113 115 117 119 121 126 129 133 136 140 143 145 146 147 149 152 161 173 174 178 185 191 196 204 205 207 209 213 214 215 218 220 222 224 227 230 231 236 240 242 257 261 266 267 268 274 279 287 
60 1 97 99 101 102 107 109 114 116 117 119 124 127 132 134 140 148 149 150 157 164 167 174 176 178 181 188 189 190 192 193 198 200 203 205 208 209 210 212 214 217 219 220 221 223 225 229 230 231 234 236 245 251 255 258 260 262 263 264 265 266 270 279 284 285 286 
22 103 124 135 142 143 149 157 165 175 181 190 193 198 215 229 233 241 250 254 256 275 287 
97 97 98 100 106 108 114 115 116 117 118 120 121 124 125 126 127 134 137 151 153 155 159 160 161 162 165 166 167 171 176 177 185 186 187 189 190 199 203 204 205 206 208 212 215 226 227 228 229 231 240 243 245 246 247 249 252 253 254 256 257 258 260 263 267 270 272 273 274 281 283 284 285 286 287 
14 144 199 202 221 224 
64 1 103 104 105 108 114 122 123 144 159 166 171 172 174 182 189 194 206 211 215 254 257 259 270 275 276 279 283 288 
87 149 150 173 183 198 215 217 222 241 268 287 
56 1 100 105 106 107 108 116 118 135 143 164 171 175 181 184 190 191 192 193 206 208 210 215 221 229 232 237 240 245 248 249 250 253 270 277 280 281 
38 103 109 120 127 128 132 133 134 137 146 147 150 151 156 157 161 164 166 171 175 176 178 179 180 181 183 184 190 191 193 199 204 208 212 214 217 218 220 226 227 228 229 231 237 242 243 250 253 257 260 261 267 268 269 274 277 279 280 283 288 
49 100 101 103 105 109 112 115 119 120 122 127 128 132 133 134 135 136 140 141 142 145 146 148 151 155 160 161 162 164 174 176 178 185 186 187 188 189 190 193 195 198 200 207 210 211 213 220 221 225 229 230 233 234 235 236 237 238 239 241 243 246 249 252 253 257 258 266 268 271 278 279 283 284 
41 108 112 133 142 161 180 186 196 200 221 223 229 231 250 253 269 273 275 282 
30 97 98 99 102 107 110 112 113 114 117 118 123 127 141 143 153 155 156 162 165 169 170 180 183 191 195 202 212 224 226 231 235 241 242 256 265 269 270 275 277 282 
20 118 127 148 150 152 167 177 182 193 195 204 216 219 226 239 246 248 251 256 261 276 281 285 288 
22 99 100 101 103 115 123 125 127 130 131 137 142 143 145 147 148 152 156 160 161 164 170 172 175 176 181 182 185 187 194 195 202 206 210 211 213 216 219 225 229 230 231 232 234 238 239 243 249 251 254 259 260 261 262 273 275 279 286 287 288 
46 98 99 101 102 107 110 111 115 117 118 124 125 132 134 136 139 141 143 145 148 150 152 153 154 158 161 170 175 179 181 183 185 189 190 193 197 200 201 202 204 206 207 208 209 214 215 223 224 225 226 228 230 231 232 233 236 239 241 243 245 246 250 251 254 257 260 262 269 273 276 277 280 281 283 285 286 
14 1 97 102 103 105 107 110 111 114 115 118 119 120 122 125 132 135 140 142 147 148 149 152 153 155 157 159 160 162 163 166 169 171 172 174 175 176 181 183 188 189 193 197 198 199 202 203 205 208 210 213 216 219 224 230 238 254 255 256 257 258 267 270 274 275 277 
85 98 107 108 111 113 115 116 117 124 128 129 136 143 145 151 156 160 163 164 166 168 171 172 174 181 183 186 190 191 200 202 204 207 208 212 213 215 216 220 222 225 226 229 231 234 235 238 241 242 248 250 255 260 264 265 271 275 276 277 279 285 
60 98 99 124 142 144 168 198 214 216 220 227 249 251 257 
38 1 97 106 109 119 132 135 140 143 152 155 160 165 175 180 182 185 186 192 212 214 215 216 217 222 223 225 231 233 235 236 238 256 259 261 264 265 269 274 278 279 282 288 
60 105 110 119 121 127 129 132 133 134 140 146 148 149 150 151 157 158 159 162 163 169 174 178 180 186 189 194 196 197 201 203 207 211 214 216 221 227 231 237 238 240 243 244 246 247 248 251 256 257 258 261 264 266 268 269 271 272 273 276 279 
53 101 200 
69 97 99 102 105 107 109 110 113 117 122 126 128 131 134 139 140 141 143 145 146 147 148 150 152 156 157 161 165 167 170 171 181 183 184 186 187 188 192 195 197 199 205 206 208 210 214 215 218 219 220 224 226 230 231 239 244 247 249 252 259 261 265 267 273 274 276 279 280 281 282 285 287 288 
75 1 99 105 111 122 124 132 137 144 147 150 152 155 170 173 175 181 187 188 190 193 196 201 208 212 216 219 240 242 245 246 247 266 275 278 279 282 
36 1 108 116 124 137 141 146 154 186 201 208 224 235 236 247 259 272 283 
83 97 101 102 105 108 109 112 114 115 121 125 126 128 132 133 136 141 144 146 147 148 152 155 156 158 162 164 171 173 176 177 179 186 187 193 196 198 201 206 207 210 213 214 215 217 218 220 221 222 223 229 236 243 244 251 258 260 272 274 275 276 280 282 
67 1 98 101 102 103 105 106 107 108 109 111 114 118 122 126 127 128 130 131 138 139 141 142 143 145 148 155 164 165 166 178 181 186 189 190 197 205 206 209 223 232 239 243 245 250 254 258 260 261 274 275 276 279 280 
7 97 100 101 102 104 106 108 112 117 120 127 128 130 134 136 140 142 144 148 149 150 152 154 155 156 159 164 167 169 170 176 177 179 183 186 187 190 191 196 199 206 213 215 217 218 220 221 223 224 230 233 234 236 237 239 240 241 242 244 247 249 251 257 258 259 261 264 268 270 271 276 277 278 279 281 282 
34 98 100 103 114 117 119 124 125 129 131 146 147 149 157 166 169 172 173 181 183 193 196 199 205 208 210 217 223 236 240 248 249 250 255 257 260 265 275 279 281 283 286 
39 1 97 98 103 104 106 108 111 113 118 119 120 122 123 124 127 129 136 138 140 146 155 156 160 166 167 171 173 180 182 183 185 186 189 192 193 195 198 204 205 209 211 214 216 217 220 221 227 229 230 241 244 246 250 257 258 262 266 267 275 277 278 281 284 286 
71 98 102 125 143 161 167 168 169 202 204 216 219 236 244 251 252 257 261 263 273 278 
16 110 125 126 133 139 147 179 220 236 238 279 
86 97 102 104 107 111 112 117 118 124 125 135 139 142 143 145 147 150 151 154 155 156 157 158 160 162 163 165 166 169 176 184 189 195 196 200 202 206 211 212 214 219 229 230 231 232 234 237 238 239 240 244 245 246 247 248 252 260 261 264 265 268 274 278 279 280 281 282 283 284 285 
45 97 102 106 107 108 119 120 128 129 133 147 155 157 160 162 163 166 168 169 172 173 176 179 182 183 184 188 189 190 192 202 203 212 213 214 215 216 217 220 223 226 228 230 233 235 237 241 242 244 245 246 249 250 253 254 260 262 263 264 266 273 274 277 278 281 286 
53 99 100 102 110 111 112 116 121 124 128 129 135 138 142 145 147 150 152 153 156 162 163 165 172 174 178 180 181 183 184 185 186 189 191 198 199 203 206 208 210 212 216 219 220 221 223 227 232 236 239 241 245 247 251 253 256 259 262 263 266 267 269 274 279 
91 101 108 111 113 118 121 122 134 143 144 148 149 154 159 165 166 177 182 191 197 203 204 223 237 239 245 247 250 252 254 262 265 272 
66 109 111 128 163 171 173 179 186 192 207 208 211 213 215 220 225 243 244 247 248 262 267 271 281 
64 100 106 112 113 115 120 124 131 134 141 144 154 175 179 184 189 199 206 216 220 227 230 237 244 248 252 256 259 265 269 270 271 274 280 
88 97 101 107 109 116 133 144 147 150 159 161 166 174 180 194 203 204 206 211 216 218 220 227 232 234 238 239 241 249 253 257 267 268 276 278 282 284 
72 97 98 99 100 101 103 104 110 122 123 125 126 128 134 135 138 141 142 145 151 155 159 161 164 165 167 170 171 174 179 181 185 186 189 190 191 194 198 202 204 208 210 214 216 221 222 223 224 225 226 227 229 231 232 238 239 241 242 244 255 257 259 263 265 271 272 273 276 277 280 
84 97 99 101 102 105 106 109 111 115 119 121 124 125 127 129 130 131 133 134 135 136 139 145 147 151 153 156 161 164 165 168 177 181 186 187 188 192 195 198 199 207 208 214 215 216 217 218 219 220 222 223 225 227 228 230 232 235 240 249 251 256 262 272 278 279 280 281 282 285 287 
43 106 111 115 126 127 147 157 175 180 204 207 209 221 225 231 254 261 268 269 
43 114 131 152 172 181 187 190 192 193 197 198 200 211 213 236 240 250 277 284 286 287 
29 100 108 109 128 132 144 148 158 171 190 191 193 224 230 241 245 252 286 287 
33 98 106 107 109 110 112 116 119 127 130 133 134 155 162 177 179 181 189 198 199 201 205 209 211 212 214 216 219 221 233 235 237 239 246 248 254 256 261 266 271 272 273 274 275 280 281 283 285 287 
5 1 97 100 102 103 107 110 112 113 114 124 125 129 134 135 137 144 146 150 161 164 171 178 180 183 188 190 191 194 197 207 210 213 216 223 228 230 231 239 241 244 251 253 257 258 261 264 269 274 278 281 283 287 288 
21 112 144 160 163 186 193 199 
76 102 104 106 107 109 120 122 124 127 131 134 136 139 143 145 146 147 148 149 151 155 157 158 159 161 162 163 166 170 172 176 178 182 183 189 192 195 198 199 205 206 208 211 215 216 217 219 222 223 226 227 228 231 239 240 242 246 247 248 250 257 258 263 269 270 274 279 282 283 
89 97 103 105 106 120 123 124 125 128 129 131 134 137 144 145 146 148 150 152 153 156 168 174 175 181 190 193 194 202 205 211 216 219 222 225 226 232 235 238 239 242 243 247 248 249 253 258 260 261 273 279 280 281 282 287 
37 22 68 65 52 3 94 43 10 8 91 73 13 79 26 35 59 87 38 21 52 34 61 51 86 70 88 20 5 70 15 49 21 67 99 79 33 14 98 3 92 76 99 22 9 78 58 33 1 93 27 12 83 18 70 35 26 26 27 29 75 17 48 20 7 5 74 12 88 8 97 6 80 90 45 47 53 43 1 94 98 67 85 7 70 97 71 9 68 56 83 71 46 68 95 11 36 6 13 73 84 16 42 92 23 98 91 14 60 92 57 75 31 95 65 27 47 54 3 37 61 89 27 12 10 66 25 65 35 68 19 91 77 48 100 88 97 43 51 25 79 37 90 19 5 2 36 77 96 15 15 25 77 19 30 10 10 60 49 95 37 58 54 6 29 74 3 62 52 93 8 67 29 2 69 78 33 61 99 81 48 19 70 10 95 82 43 22 45 35 50 100 55 47 83 15 80 56 88 91 87 63 12 44 85 86 22 80 60 93 96 83 69 8 12 12 79 90 64 64 39 57 100 4 61 62 80 60 53 50 40 9 91 3 21 72 52 53 63 97 94 70 60 85 81 45 99 61 40 57 55 94 15 1 82 79 85 50 2 19 81 40 2 95 9 54 67 21 41 3 85 93 43 70 42 48 73 17 79 53 35 71 81 45 3 63 38 79 
