194 291
75 105 106 112 123 126 141 154 155 160 174 179 195 202 205 212 218 225 226 245 251 253 258 
30 104 110 113 124 151 154 177 180 183 184 197 198 202 209 214 218 234 236 253 254 255 260 277 
66 118 173 209 231 237 245 291 
41 106 107 121 123 132 133 137 145 147 151 154 157 159 161 163 168 177 187 196 197 198 212 219 220 227 244 246 247 252 255 258 259 260 265 272 275 276 278 280 281 283 284 
21 103 181 
69 1 98 100 101 105 107 108 114 116 117 121 122 128 129 131 133 134 136 139 140 141 145 146 151 154 161 165 167 171 172 175 176 178 179 182 183 184 185 188 195 196 198 203 206 212 213 215 217 218 220 227 229 230 231 232 236 239 241 242 246 247 251 252 263 264 265 273 276 281 282 286 287 289 290 291 
23 99 122 128 136 152 156 158 166 167 170 171 207 231 238 240 243 249 269 285 
73 99 105 108 109 111 114 116 117 123 128 130 135 136 137 139 141 142 145 146 147 161 165 168 171 172 173 181 185 190 193 196 201 216 220 222 226 234 235 243 244 249 255 256 266 267 268 274 278 281 282 285 288 291 
83 98 103 106 107 109 111 115 116 117 118 130 132 134 136 150 153 162 165 166 168 170 173 174 176 177 179 184 185 187 188 190 191 197 198 211 213 215 216 217 219 220 225 226 230 233 235 236 238 253 261 262 264 265 270 271 272 273 274 277 282 283 285 290 291 
89 103 105 108 112 113 115 116 123 124 128 129 139 140 145 149 152 165 169 176 180 181 186 187 199 201 202 205 221 224 225 232 236 245 251 252 257 267 268 276 282 
96 103 107 121 134 135 149 152 154 155 162 165 170 176 177 181 183 186 195 198 200 204 211 217 239 241 242 250 260 264 265 269 278 280 281 283 
16 1 103 106 108 112 127 129 132 135 144 146 147 149 154 159 160 161 162 163 167 172 173 179 184 185 189 191 193 201 204 210 222 225 229 241 243 255 262 263 266 268 273 274 276 278 279 280 285 286 288 291 
85 1 101 102 108 124 145 148 155 159 165 169 171 172 174 175 177 182 184 192 197 202 206 210 223 224 228 238 243 244 248 251 254 257 272 274 280 287 291 
2 1 99 103 104 114 116 117 119 120 127 131 132 138 140 143 149 150 151 152 155 157 158 163 164 166 167 172 178 179 180 182 197 199 212 213 215 223 225 226 227 229 232 240 243 244 248 252 253 258 261 264 267 268 269 273 274 278 279 280 282 284 286 288 291 
54 1 98 103 104 109 116 118 119 121 122 123 128 129 133 135 136 147 149 150 151 154 159 180 181 186 187 195 198 205 209 230 249 269 280 281 282 288 290 
58 245 
92 98 115 158 178 208 214 218 236 274 281 
25 98 104 105 110 113 114 117 118 125 126 134 141 143 146 148 150 154 157 159 168 170 172 177 183 185 189 191 192 198 204 206 208 209 211 228 235 239 241 246 247 249 254 256 257 258 260 262 264 265 267 272 274 280 281 282 289 290 
41 104 111 112 114 120 121 122 125 127 128 133 134 139 141 146 150 152 156 159 162 164 166 177 187 188 191 199 204 207 208 211 212 215 220 223 225 227 231 240 242 244 247 248 253 257 266 276 278 283 
52 111 112 114 125 159 161 175 181 182 214 218 230 244 251 258 264 284 290 
90 103 104 105 106 109 112 113 115 124 125 132 137 140 145 148 152 160 161 162 171 172 173 181 192 198 204 205 219 227 239 240 243 247 250 253 257 263 266 267 271 278 287 
49 98 101 106 107 109 111 113 114 115 116 117 122 128 134 135 138 139 140 141 142 143 144 145 149 151 158 159 162 165 167 172 173 176 178 185 189 191 192 195 196 197 205 206 208 212 221 223 228 233 234 235 237 238 239 245 249 251 252 255 257 260 264 270 271 276 278 279 283 287 288 
59 98 99 106 108 110 111 112 113 114 119 123 125 126 128 131 136 142 144 148 154 158 159 160 161 162 167 171 173 175 181 185 186 190 192 198 201 202 207 208 213 214 219 222 224 228 229 230 233 234 241 245 246 247 251 253 257 259 263 264 265 266 271 277 279 284 286 289 290 291 
55 102 106 112 113 115 121 126 134 136 139 140 145 148 150 161 166 167 168 174 178 184 185 187 190 196 198 199 200 205 208 209 212 213 215 216 217 220 221 224 226 235 237 240 243 247 248 262 264 268 270 272 273 278 282 286 287 288 291 
50 1 101 103 105 108 110 132 142 146 158 159 179 180 184 185 187 189 191 194 195 199 205 212 229 232 236 237 244 246 247 250 261 265 273 286 288 289 291 
48 100 106 108 109 115 117 119 126 130 145 148 154 155 156 165 167 168 171 173 188 191 194 197 205 210 212 215 218 223 224 235 239 245 246 250 251 252 256 257 265 266 271 272 274 276 283 284 285 
98 1 103 106 107 108 116 118 128 163 168 176 180 184 185 186 189 190 192 193 200 210 215 218 220 228 230 231 232 237 258 264 268 269 274 277 280 282 285 
38 98 103 123 124 126 127 131 135 137 147 149 155 160 161 164 169 170 171 174 178 180 182 187 189 193 207 208 212 214 218 219 220 226 232 241 246 248 257 270 271 275 278 291 
48 126 136 137 170 216 227 231 240 277 283 291 
94 1 98 110 114 121 123 125 127 129 131 141 149 161 165 175 182 185 186 193 194 197 204 209 214 215 216 221 226 230 233 246 252 254 255 260 263 268 277 281 284 291 
73 100 103 144 151 155 166 168 179 186 190 209 224 238 240 246 253 274 279 284 
89 1 104 114 115 118 120 121 141 143 148 158 162 171 174 189 200 206 210 213 214 218 220 253 260 261 264 266 268 
73 99 106 107 109 125 126 130 133 136 137 142 143 155 160 178 185 189 193 194 198 200 204 214 231 236 241 244 254 259 266 269 274 
3 1 99 101 102 106 119 126 134 135 139 142 144 153 161 168 170 172 173 174 175 177 186 187 204 206 210 216 218 219 221 231 235 237 247 250 252 255 262 263 266 270 272 276 281 286 291 
8 1 99 100 105 111 115 124 126 128 133 143 145 146 149 152 159 161 162 166 174 176 185 188 190 192 193 195 203 206 212 222 224 233 235 237 240 241 244 245 252 253 254 259 260 262 265 270 274 275 278 280 281 282 283 285 
51 104 105 107 111 112 121 131 136 163 178 180 191 208 210 217 223 237 242 246 247 250 258 269 274 
2 1 100 102 105 114 116 118 119 120 121 123 133 135 137 139 142 143 149 150 151 155 156 158 159 160 162 164 168 169 175 176 179 184 186 191 192 194 196 197 202 204 209 212 213 214 223 231 233 234 237 242 257 259 262 265 268 269 270 271 272 275 277 281 283 288 
94 107 112 174 185 191 202 212 222 224 248 249 253 256 259 
58 231 
64 123 126 131 149 165 201 210 216 245 259 270 
59 99 101 104 107 108 112 116 119 120 122 123 124 125 131 133 139 145 146 152 153 154 156 169 171 173 175 176 184 186 189 191 194 196 207 212 215 221 224 225 229 248 250 253 255 259 263 264 267 269 278 280 
40 102 111 122 133 135 136 146 153 167 169 184 188 189 197 201 205 213 220 221 236 238 245 253 255 259 265 283 
53 99 101 102 103 106 113 117 120 121 123 124 126 127 128 135 137 140 141 142 147 150 155 160 162 163 169 171 172 174 179 180 182 184 186 187 188 189 194 195 199 204 213 216 217 221 223 225 226 229 232 234 239 243 245 249 251 252 256 257 258 260 261 262 264 266 267 270 272 275 277 278 280 282 283 285 291 
96 102 111 112 117 172 181 182 187 193 194 195 223 226 277 282 290 
90 99 104 105 106 114 118 119 120 121 123 126 129 131 137 140 142 144 145 146 152 154 157 160 165 166 167 171 172 179 180 183 187 194 200 201 203 204 209 213 215 216 217 220 221 222 228 230 232 238 248 258 266 269 274 275 280 283 284 285 287 290 
100 100 102 103 106 109 110 111 116 122 125 129 133 137 142 148 152 162 167 168 169 178 182 183 185 193 201 208 209 215 220 224 229 230 235 237 240 246 248 249 263 267 273 275 279 284 290 
50 99 113 120 123 160 182 185 191 196 197 219 220 246 252 254 269 270 276 280 
18 101 102 103 105 111 120 122 124 126 129 130 131 132 138 144 149 152 155 158 160 162 164 167 170 180 181 185 187 191 193 194 195 199 202 204 205 207 210 215 217 220 221 222 231 232 235 245 247 256 258 260 261 263 272 274 275 277 285 
76 100 101 108 109 115 120 124 125 131 136 141 145 147 150 155 158 168 169 173 180 183 188 189 192 193 195 197 201 203 204 206 209 210 217 219 224 225 234 238 239 242 243 244 247 258 259 265 266 269 270 274 280 285 289 290 
39 98 103 106 112 113 117 120 121 133 167 171 172 191 195 204 211 229 233 236 239 240 245 247 248 258 271 282 285 291 
46 1 99 100 101 109 110 112 113 117 122 124 125 127 129 131 134 135 146 151 152 153 157 159 164 169 170 175 182 184 187 190 193 195 200 201 210 214 216 218 222 226 231 241 246 248 249 255 262 264 269 270 273 274 276 277 278 281 283 290 291 
2 130 151 152 162 178 179 220 223 228 242 251 273 286 
99 285 
98 239 257 
78 120 125 132 137 140 145 150 155 157 162 169 178 183 189 208 211 216 222 239 251 252 253 260 
81 101 102 107 110 117 118 120 126 127 131 145 150 153 164 169 179 183 184 186 189 197 205 208 213 218 230 231 238 244 247 258 261 266 270 271 277 279 287 290 
74 101 112 116 130 140 150 151 153 161 169 171 172 174 176 177 178 179 181 182 189 203 208 209 212 215 238 245 247 260 261 274 277 287 288 289 
18 99 100 108 109 111 112 114 115 118 119 120 123 127 129 131 134 135 139 145 148 149 150 151 152 153 156 160 161 162 166 170 172 175 176 179 180 181 182 186 187 190 196 197 199 201 204 211 218 220 221 226 227 228 229 230 231 232 234 236 245 247 248 251 253 256 264 279 282 286 290 
85 102 109 117 119 120 124 127 128 134 140 142 153 157 161 169 175 184 189 197 201 205 215 231 233 234 236 244 253 258 260 264 270 285 289 290 
58 1 103 104 108 111 113 115 116 118 120 121 123 132 136 139 143 145 150 153 154 157 159 160 161 175 176 182 189 190 193 197 208 212 215 224 230 234 235 242 243 248 250 251 255 256 257 263 264 267 272 276 280 281 282 283 286 288 290 
73 114 121 139 148 158 164 167 194 217 235 240 255 259 284 
98 99 101 106 107 111 117 122 125 127 139 144 156 179 183 184 189 196 199 201 205 210 217 219 223 228 233 240 255 257 258 259 261 265 269 279 284 287 
82 102 108 115 130 132 134 136 142 143 152 153 156 160 161 167 173 179 183 214 226 227 228 230 232 244 248 252 253 255 256 258 262 263 267 268 278 281 284 285 290 
94 99 106 107 110 112 116 118 122 130 133 134 136 140 143 144 148 150 152 155 156 164 167 171 174 177 178 180 181 183 186 187 190 192 193 194 196 197 200 204 205 206 208 210 214 218 222 224 225 226 233 238 242 246 250 251 254 255 257 264 265 266 267 270 274 276 278 279 281 283 285 286 288 291 
62 98 99 100 111 120 124 125 139 141 145 146 152 155 157 166 168 170 173 175 182 187 194 197 206 209 210 211 219 223 244 255 265 278 280 286 287 288 
47 102 104 106 107 112 116 120 122 125 126 128 140 145 151 152 158 160 162 164 169 176 180 181 182 186 194 197 208 218 219 220 223 229 236 239 241 242 244 248 251 254 258 259 260 261 262 265 268 269 270 272 274 277 283 285 287 288 
70 145 210 213 233 247 254 264 
56 98 104 107 108 113 115 121 126 127 131 132 138 140 141 142 147 152 153 154 155 159 160 164 167 168 169 172 173 175 180 182 187 190 192 193 196 199 202 203 206 211 213 223 228 230 232 233 236 238 239 241 246 248 250 255 258 259 264 268 269 270 274 275 277 278 280 283 285 287 289 291 
24 100 104 106 107 108 109 111 112 113 114 128 136 139 143 147 153 154 159 168 169 182 192 194 197 198 203 209 215 216 221 223 229 233 235 238 240 245 249 252 259 260 261 262 263 279 
37 100 101 104 105 106 108 110 111 115 124 129 130 131 134 135 140 148 154 158 168 171 177 185 193 197 198 199 201 206 209 212 213 217 222 225 230 231 232 237 239 241 245 248 249 250 253 265 267 270 276 278 279 282 285 287 288 
11 105 198 240 
34 113 120 122 123 126 127 135 137 141 147 149 152 153 157 158 159 160 163 166 171 172 173 177 178 181 183 187 188 190 193 200 202 203 204 206 209 210 211 212 216 217 221 226 230 231 233 234 238 242 244 245 247 248 249 252 253 255 257 269 270 271 274 275 278 280 281 287 
22 100 102 103 106 109 111 124 128 132 134 146 156 166 168 171 175 176 177 181 182 183 186 187 189 192 194 199 202 204 206 214 216 217 222 224 225 232 236 239 243 254 257 263 270 271 272 274 278 279 285 288 289 290 
12 132 177 191 222 234 247 269 282 
19 1 99 100 102 103 104 106 109 110 114 115 117 118 120 125 126 135 139 144 148 149 153 159 161 163 164 172 173 178 179 181 193 195 201 205 206 214 216 219 222 224 225 226 227 228 229 230 232 243 248 252 254 256 260 262 264 265 268 274 279 280 281 282 283 284 285 290 
59 102 114 119 129 161 189 200 231 252 254 258 
51 105 106 117 142 148 151 153 177 194 212 218 231 234 257 259 290 
92 1 109 115 119 125 135 136 139 149 151 159 160 163 165 172 180 188 189 203 208 210 214 216 218 220 222 225 232 234 239 242 246 248 250 254 257 263 267 268 272 273 275 279 282 283 286 
20 99 100 101 105 113 117 118 119 120 125 129 134 135 137 138 140 141 143 145 148 151 152 155 159 160 161 164 165 168 170 173 175 180 183 187 196 198 199 202 203 204 205 207 209 210 211 212 216 217 223 224 225 226 228 231 233 236 239 240 241 242 247 249 250 251 257 258 259 261 263 267 269 274 277 280 286 288 289 290 
100 99 115 116 118 122 125 136 138 149 154 157 160 161 168 169 170 183 187 207 225 230 232 265 273 276 282 287 288 291 
66 99 100 103 105 107 108 112 123 124 126 131 132 137 139 141 145 146 149 150 152 153 156 157 160 162 163 165 168 169 171 173 175 176 177 186 198 199 200 202 205 206 208 209 212 213 215 219 220 222 223 225 230 234 235 236 237 239 240 243 246 247 250 251 257 258 270 277 283 284 285 287 291 
86 100 102 122 150 161 175 182 202 219 244 248 260 
29 107 126 134 142 144 148 155 159 165 188 191 195 201 214 216 217 228 235 248 258 286 
52 1 98 100 104 105 106 109 111 113 115 122 123 126 133 136 150 156 159 165 166 167 170 171 177 179 182 184 187 188 190 191 192 196 200 206 210 236 238 241 242 244 251 254 256 257 258 261 262 263 268 272 283 285 286 
100 103 104 124 132 135 144 161 165 168 199 206 209 215 220 222 226 231 234 245 246 252 269 275 291 
97 104 136 141 147 168 185 190 215 216 217 235 250 251 253 264 273 275 276 291 
24 100 103 104 110 111 112 119 122 125 130 131 133 137 143 146 149 183 184 190 195 198 204 207 208 211 217 246 264 268 274 
2 1 98 102 105 106 108 109 112 116 118 119 121 127 128 129 134 136 137 140 142 150 153 157 159 160 161 164 167 172 173 174 175 176 180 182 183 187 192 195 196 198 200 209 211 212 214 215 217 219 221 222 228 234 238 239 242 245 248 251 252 253 254 255 256 258 261 262 266 269 273 275 276 279 283 286 290 
55 113 117 118 123 125 135 150 160 162 163 169 175 178 179 187 192 196 197 200 201 206 211 212 213 224 225 229 230 232 233 240 242 243 249 252 253 259 260 262 267 269 270 271 272 273 274 275 280 281 282 283 285 286 
79 107 108 113 117 121 122 123 130 139 142 148 153 156 167 171 176 189 191 193 194 195 201 206 207 209 210 214 218 223 226 228 237 240 242 246 249 253 263 266 267 274 280 285 287 291 
17 1 100 101 102 105 110 113 119 127 128 135 145 152 154 156 160 168 170 173 177 180 187 190 192 199 202 209 216 222 229 231 235 236 239 243 249 251 261 276 278 281 282 285 289 
17 98 99 112 130 131 134 141 164 167 169 177 178 185 186 191 192 195 205 206 212 222 234 243 254 264 268 278 280 286 
76 1 99 100 101 102 106 109 113 114 117 122 125 126 127 134 135 136 137 142 143 147 151 155 159 170 176 177 178 181 183 185 186 190 191 195 196 198 199 205 207 213 216 218 219 227 228 229 231 232 234 236 239 245 246 247 253 256 261 263 267 270 274 278 282 284 285 287 289 290 291 
20 159 205 226 246 277 278 
70 1 99 100 101 103 105 109 115 117 119 123 126 131 135 136 140 141 142 148 149 150 151 152 157 159 160 162 163 167 168 169 171 173 174 181 183 189 198 201 205 206 211 216 224 225 227 230 231 232 233 235 236 237 238 239 242 246 248 249 250 252 256 258 260 261 265 268 269 272 273 277 286 287 
84 114 155 213 221 
98 1 100 105 108 110 111 115 122 127 129 130 132 136 139 140 146 147 155 157 159 161 162 170 176 189 190 192 198 199 208 214 230 232 235 249 261 262 269 272 279 
66 203 222 235 240 280 
23 102 103 105 108 112 116 117 118 129 131 132 133 136 139 144 145 147 155 156 159 161 163 164 166 170 174 175 179 180 184 190 195 196 199 202 203 206 211 214 215 216 222 223 226 235 236 237 239 244 245 247 248 250 252 253 256 257 258 259 264 270 272 275 276 278 282 284 286 287 289 
92 134 140 146 154 186 189 191 194 199 215 220 225 247 253 258 259 260 276 288 290 
7 98 100 101 106 107 108 109 114 115 118 119 132 151 154 160 162 164 165 176 189 198 204 208 214 219 225 226 231 232 234 235 237 239 243 249 251 254 255 259 264 265 267 274 275 279 282 283 288 290 291 
58 99 102 105 111 115 119 128 134 139 141 143 147 150 152 156 158 161 165 167 170 172 175 179 182 185 187 191 193 194 200 202 203 212 216 218 220 227 228 231 237 238 239 240 241 242 244 249 250 251 257 258 266 268 269 270 271 272 281 283 289 
76 1 98 99 100 101 104 108 110 119 122 125 130 136 137 139 140 142 145 150 154 158 160 163 172 177 186 187 188 191 192 193 202 205 206 208 210 213 215 216 217 218 219 220 224 226 227 230 231 232 234 236 238 239 240 242 243 244 246 247 249 250 251 255 256 258 261 263 264 265 270 271 275 279 283 286 289 
70 107 111 113 115 116 117 120 122 129 130 137 142 147 151 162 165 168 171 176 189 198 201 203 212 215 220 225 231 234 237 238 239 241 243 247 251 254 259 263 272 274 277 279 282 
4 99 105 107 109 112 113 114 118 119 121 122 123 127 134 137 138 139 140 142 145 148 152 159 163 164 166 172 174 177 182 183 185 190 195 196 197 199 200 204 205 207 215 218 223 224 227 228 231 236 238 248 253 255 258 259 263 267 272 275 277 279 288 
40 1 98 100 101 104 105 106 111 112 113 114 116 128 133 135 138 143 147 148 149 151 154 156 158 163 164 166 168 170 174 177 178 183 184 185 189 191 193 195 199 204 207 214 226 228 232 234 240 241 243 245 247 250 251 253 254 255 258 264 271 272 274 276 278 280 283 287 
16 98 110 118 119 121 127 131 137 138 142 145 147 150 154 155 159 162 164 165 168 170 171 184 191 208 214 220 225 226 230 233 237 239 240 244 249 255 271 276 278 280 285 290 
19 99 148 151 158 160 179 212 217 254 271 288 291 
65 102 111 113 116 124 128 129 137 144 149 157 159 161 162 164 172 179 180 181 186 190 194 196 213 214 215 217 218 223 235 237 240 241 265 284 
95 106 111 119 124 130 134 135 149 153 155 167 171 172 183 194 198 226 231 241 249 279 285 286 288 
94 99 102 103 104 106 108 110 117 120 121 123 125 129 136 137 140 141 142 143 145 147 152 153 154 156 157 160 163 165 166 167 168 172 174 175 180 182 183 185 187 192 197 205 212 214 215 220 221 224 227 229 234 235 245 249 254 256 258 262 263 264 265 268 269 272 278 280 281 282 
31 100 102 105 112 118 121 123 131 137 138 140 141 142 145 149 152 153 158 161 163 164 169 175 179 188 189 192 195 198 199 208 211 217 220 223 226 228 229 230 235 238 247 248 254 256 263 274 280 282 285 291 
95 1 102 105 111 115 116 119 126 128 130 136 140 141 142 143 146 147 150 151 162 165 170 172 173 184 185 186 188 193 194 202 205 209 216 219 222 223 231 232 239 240 245 246 248 249 252 254 256 259 260 264 265 267 268 269 273 274 279 280 286 287 
94 113 115 119 124 129 130 141 145 146 171 174 177 178 194 215 233 238 244 247 252 255 267 271 277 285 
46 98 99 102 103 104 105 106 108 109 110 112 113 120 121 123 127 128 140 141 142 144 146 147 152 154 161 162 163 173 176 177 178 180 183 184 186 190 191 192 194 198 199 202 208 213 215 216 218 222 223 227 231 234 236 244 246 251 254 257 262 264 266 268 269 275 278 279 281 282 283 286 287 288 290 291 
28 1 99 110 111 121 126 134 136 139 140 153 156 158 159 161 169 172 174 177 201 205 206 207 211 213 215 218 224 232 238 241 251 254 259 275 276 277 280 283 285 287 291 
72 101 106 107 113 114 115 118 122 123 124 126 128 132 133 135 140 147 148 149 150 164 174 175 176 181 185 187 189 190 191 192 194 195 205 213 214 220 221 223 225 226 230 232 234 236 239 241 244 248 249 250 252 254 257 259 260 262 263 266 268 274 275 276 277 278 280 283 288 289 290 
13 98 108 135 148 159 161 162 166 179 180 181 198 209 230 238 244 248 251 255 261 269 283 290 
1 111 120 124 133 134 148 154 193 196 215 230 241 258 261 262 267 273 277 
4 136 143 173 209 212 
72 103 111 115 117 125 131 133 140 143 148 157 170 177 189 194 211 225 235 239 241 247 249 251 255 266 268 277 282 289 
58 255 
15 99 102 107 113 114 115 116 119 121 126 134 135 136 137 139 142 148 151 153 159 166 183 190 192 196 204 207 208 210 214 218 220 231 232 239 247 249 252 254 264 274 282 291 
14 1 109 110 113 115 116 117 120 123 124 127 129 132 134 135 138 139 141 142 144 148 150 156 159 166 170 173 179 180 183 186 187 190 193 196 199 203 209 211 216 224 228 229 231 234 238 244 245 246 249 250 254 258 261 264 265 266 275 277 278 279 281 284 
67 103 106 108 112 114 115 118 119 121 123 129 138 140 143 144 145 149 157 158 159 161 171 172 174 180 182 187 190 194 196 197 203 205 207 210 215 227 228 229 234 245 246 249 250 266 267 273 275 282 284 
32 99 108 120 129 133 135 142 143 146 147 148 150 155 159 160 167 168 178 179 184 187 190 197 198 201 204 207 208 213 216 222 223 225 229 231 234 238 239 245 246 248 250 251 266 271 272 275 278 283 286 289 290 
45 99 101 106 126 129 137 145 147 148 157 162 170 171 176 181 182 187 188 190 194 198 202 210 213 219 223 229 235 237 243 246 257 266 267 272 274 
60 100 110 113 114 138 143 156 162 163 172 183 185 221 247 268 282 
97 105 118 120 142 206 208 216 262 274 289 
28 102 103 110 111 117 118 122 123 125 127 130 134 139 140 147 152 164 167 168 174 179 183 188 196 199 206 207 210 211 216 220 222 223 224 228 231 235 239 243 247 250 254 257 260 274 277 278 281 283 284 285 288 
62 98 99 101 103 104 105 110 111 116 127 133 134 135 142 147 150 152 154 156 161 162 164 166 178 180 182 184 187 196 200 201 203 204 215 216 217 218 223 224 228 229 231 233 236 239 248 251 268 274 275 276 278 282 
72 108 124 127 128 132 148 169 172 175 182 189 218 234 248 259 260 263 271 273 284 285 
31 98 99 100 101 134 140 155 168 176 177 179 189 196 208 211 215 224 225 231 237 239 242 251 264 267 283 285 
81 128 140 142 159 168 181 186 215 224 239 254 255 256 260 261 264 266 277 
91 100 104 105 106 107 108 109 112 116 118 119 124 127 131 133 136 137 138 139 140 145 147 149 150 154 155 156 158 161 162 163 167 170 174 178 188 189 192 194 196 201 202 206 207 208 209 216 217 222 225 227 229 232 233 243 244 245 248 249 255 256 258 262 264 267 268 269 270 276 277 278 279 282 283 285 287 289 290 
55 1 112 122 126 129 130 135 143 150 156 159 160 164 167 172 185 192 199 215 216 219 222 223 224 226 236 240 243 245 249 251 258 276 278 291 
87 98 108 109 110 114 122 127 132 141 150 151 152 153 160 166 167 173 175 176 183 184 186 190 193 194 195 199 202 205 217 224 229 233 247 265 266 272 275 277 281 283 290 
31 99 101 104 105 108 110 114 117 118 120 124 127 128 133 143 146 150 161 164 167 168 169 171 172 173 177 184 186 192 196 197 200 201 203 206 212 216 220 221 223 226 227 232 237 238 244 246 250 261 262 268 270 273 274 276 277 279 289 290 291 
42 1 103 106 108 111 122 123 140 145 155 163 171 176 178 183 186 190 212 217 226 230 238 240 242 246 251 259 263 264 273 287 
24 107 111 115 119 120 127 129 137 139 148 158 160 163 164 172 173 178 179 182 183 184 194 201 202 203 205 208 211 212 214 216 218 219 221 222 223 226 229 230 231 235 239 242 246 252 253 257 259 262 265 273 274 279 283 284 286 287 289 291 
46 112 139 165 179 189 204 210 239 260 274 
100 112 117 126 130 134 135 144 150 153 165 169 171 174 181 193 196 197 204 215 220 225 226 239 254 264 273 275 286 
57 98 103 104 110 113 119 120 121 122 124 125 127 135 137 138 142 148 151 154 168 171 172 175 179 182 186 188 189 190 191 201 203 204 210 220 222 224 225 233 244 245 254 262 267 268 271 281 288 291 
74 98 99 100 103 106 107 114 117 121 125 126 127 128 135 139 141 142 144 146 148 150 155 157 160 162 167 168 169 174 176 177 179 185 191 192 195 198 199 200 202 204 207 209 210 215 217 218 224 226 227 231 234 237 241 242 244 245 248 250 254 256 258 261 262 264 268 269 271 272 273 274 276 279 283 285 286 
97 98 100 103 104 105 107 108 110 111 115 116 118 120 126 127 129 131 133 135 136 138 140 144 145 147 152 155 158 161 162 164 169 170 176 181 182 191 192 194 199 204 205 206 215 217 231 241 246 251 252 260 266 270 278 282 284 286 287 289 290 
90 107 108 114 117 133 135 136 137 143 153 154 156 160 165 191 200 204 208 224 252 254 261 287 291 
15 105 106 109 113 124 144 154 161 162 190 230 232 234 235 237 238 240 266 272 274 276 
62 110 118 119 120 124 125 126 142 143 148 150 154 155 161 166 174 175 177 182 198 201 203 209 215 216 220 222 223 228 232 240 241 253 261 265 270 276 283 286 289 
47 101 108 109 120 122 126 131 135 139 157 176 180 186 191 199 204 222 225 228 232 238 241 243 253 262 272 281 283 289 
91 111 115 131 138 142 146 148 150 155 158 163 170 185 187 188 204 216 225 240 242 246 252 260 262 264 271 272 
28 98 99 101 109 115 117 119 122 133 142 143 149 151 158 161 162 163 168 169 173 175 180 181 191 193 203 206 207 209 213 216 221 225 226 231 236 237 241 249 252 255 256 257 274 275 281 282 288 289 291 
94 1 100 103 108 110 112 117 118 120 121 125 127 128 131 133 135 138 146 149 150 153 154 156 160 163 169 170 171 173 192 197 199 200 201 204 206 216 220 221 224 225 228 233 235 236 239 240 242 249 252 254 256 257 262 265 266 267 268 270 273 274 276 277 278 280 287 288 289 290 291 
28 98 99 107 108 109 113 116 117 121 124 130 133 135 136 138 139 140 144 149 157 161 165 167 171 173 177 179 180 182 184 187 189 194 195 203 204 206 208 209 211 217 218 220 224 225 231 234 237 241 245 246 248 250 256 258 259 260 262 270 277 278 282 
22 1 99 101 106 107 109 118 120 122 125 127 130 131 132 133 135 137 146 147 149 157 163 164 165 166 169 174 178 180 181 183 184 187 188 189 190 193 195 198 199 201 209 212 215 221 228 231 232 234 238 240 245 248 259 262 263 269 272 273 278 281 282 283 286 
57 123 127 137 170 171 217 266 277 291 
5 101 107 111 125 127 129 131 137 138 148 149 150 153 159 182 183 186 191 193 201 203 205 208 213 215 216 219 222 223 224 228 236 241 242 245 253 255 260 262 273 281 289 291 
49 99 101 118 131 134 137 138 141 145 152 153 163 164 166 171 176 191 193 204 210 213 217 223 238 242 246 248 249 261 264 280 
89 98 99 117 134 135 136 138 146 169 174 176 201 207 211 213 220 226 227 236 257 261 265 270 
49 102 104 106 109 114 115 117 118 121 127 130 141 152 156 157 158 161 164 165 172 174 175 176 183 187 191 194 198 207 209 220 221 222 223 229 231 238 239 240 241 242 245 247 251 254 258 259 262 266 271 274 278 279 289 290 
57 101 103 104 106 112 122 124 125 129 130 141 148 149 155 157 158 160 168 177 183 190 195 200 207 212 219 228 231 232 235 238 241 267 268 271 275 278 280 290 
21 1 98 101 104 105 109 110 117 118 119 121 123 124 126 134 137 138 139 141 143 144 145 146 148 156 157 158 159 160 162 164 165 166 167 170 174 177 178 179 186 189 200 204 206 207 214 219 227 228 229 230 232 234 237 242 244 246 251 258 262 265 266 273 276 282 286 
38 146 169 269 270 277 
33 98 100 116 125 141 149 156 164 173 181 187 191 199 207 210 224 228 229 231 237 251 265 
1 112 118 127 136 142 143 148 150 154 157 162 175 179 181 184 186 187 197 202 203 204 205 208 209 219 220 223 228 235 247 248 252 256 257 262 264 269 274 282 284 285 290 
20 1 98 101 110 114 115 125 130 137 140 142 160 164 165 167 169 174 185 187 193 199 204 205 206 211 220 232 238 247 259 260 262 273 281 286 
37 99 102 104 105 113 114 116 118 120 125 130 135 138 143 154 157 163 164 185 192 202 205 206 207 220 225 230 232 238 242 248 253 254 256 261 263 266 267 269 275 277 281 
58 98 101 108 109 115 116 117 119 124 134 136 138 139 141 142 145 148 149 150 160 182 185 186 190 197 202 216 218 220 221 225 228 231 234 248 249 252 258 267 275 278 286 287 290 291 
22 100 102 103 105 109 110 116 117 123 125 128 131 133 135 142 150 151 154 155 159 171 172 173 179 183 188 192 197 202 203 209 213 218 231 233 239 241 252 255 261 264 270 281 289 290 
93 133 139 225 
39 110 121 123 130 131 133 136 140 149 162 171 181 204 212 214 220 224 228 232 253 254 258 260 261 265 270 272 277 280 282 284 
96 99 102 103 105 108 112 114 117 127 130 131 133 135 139 141 142 143 146 147 149 151 158 160 162 164 171 172 174 179 180 183 185 192 194 196 199 201 204 205 212 214 216 218 221 223 225 227 228 229 230 232 236 237 239 242 244 249 258 259 260 262 264 266 267 268 269 270 271 273 274 280 282 286 287 289 
73 99 101 108 110 115 133 155 160 174 175 181 182 187 197 202 205 210 230 231 267 274 281 287 288 289 290 
18 101 104 107 118 122 128 140 144 155 158 159 160 167 174 181 183 187 188 191 194 197 199 204 212 219 220 222 224 227 231 241 243 244 251 269 271 281 283 288 
56 98 101 106 111 118 122 128 129 130 131 135 137 138 142 144 147 149 152 153 156 157 162 164 166 174 179 180 186 188 191 194 195 200 204 210 213 219 223 225 227 234 238 239 242 244 252 253 256 260 261 264 265 267 273 278 279 280 289 290 291 
46 99 100 104 109 113 114 116 118 121 122 126 130 131 133 134 137 138 142 143 146 149 151 153 160 162 164 167 168 174 178 180 182 186 189 190 194 195 201 202 203 204 207 216 220 221 225 226 227 228 235 238 239 241 246 247 249 250 253 255 256 258 260 262 266 267 268 269 270 272 277 284 285 288 289 
60 98 101 103 108 113 115 118 119 121 126 131 137 139 140 153 157 164 166 171 178 179 184 195 201 202 204 212 214 215 224 228 241 245 260 265 274 277 279 282 287 
1 110 119 159 166 169 181 196 209 210 227 230 231 238 239 245 250 252 258 271 274 286 287 290 
97 98 100 101 104 107 111 113 117 119 121 122 124 126 130 133 134 137 139 141 142 144 145 149 152 153 154 157 162 165 169 172 176 177 178 184 186 187 189 192 196 201 206 217 223 224 225 227 228 231 232 233 235 237 240 244 245 248 250 251 252 257 260 261 263 264 266 267 269 271 272 274 275 284 285 289 291 
69 115 130 133 137 138 141 148 156 161 164 168 172 175 180 181 193 199 212 231 232 252 256 260 264 268 269 272 276 289 
8 110 114 118 128 148 151 154 155 162 164 170 171 196 202 218 236 240 254 270 275 277 
99 111 113 124 140 146 179 205 216 250 267 271 284 
79 216 228 255 269 
77 98 100 103 104 105 106 107 108 112 114 117 119 122 129 132 136 138 145 147 150 151 154 157 159 165 169 170 178 179 181 190 192 195 199 200 201 207 209 210 212 217 222 223 224 228 235 238 244 248 250 251 254 256 268 273 274 276 279 281 282 285 286 287 291 
96 101 106 108 110 113 115 122 125 129 132 135 142 147 148 150 154 160 161 162 167 169 171 177 179 185 192 203 207 213 214 217 221 222 226 234 237 241 244 245 246 249 255 258 276 277 283 
90 102 111 138 168 174 198 214 218 228 235 236 256 264 276 279 286 
50 223 
23 1 100 101 102 107 109 110 111 112 115 116 122 133 134 137 142 145 149 150 151 152 158 159 162 169 170 174 175 178 180 181 183 185 187 193 196 198 201 203 205 208 210 211 214 217 219 220 221 225 233 240 241 242 244 245 248 249 252 258 260 262 265 267 269 270 275 277 279 280 282 285 287 288 290 
61 1 98 99 100 102 118 119 120 123 124 125 126 128 129 130 132 133 134 146 150 151 154 155 158 159 169 172 175 176 179 180 186 188 189 192 194 195 197 198 199 201 203 207 211 212 215 216 217 218 219 224 225 228 230 231 232 233 237 239 243 244 248 250 252 255 261 264 267 268 271 272 275 278 287 288 289 
25 102 104 105 109 112 117 118 119 135 137 140 143 144 156 158 159 162 165 167 170 171 174 176 178 185 187 188 189 191 199 203 205 209 212 213 215 217 225 232 239 242 243 247 248 253 262 267 269 271 273 277 278 
2 1 98 100 101 109 114 118 122 123 134 135 137 142 147 148 149 155 157 166 167 169 170 176 181 182 183 189 190 196 199 205 210 211 219 220 221 222 224 226 228 230 236 237 243 250 253 255 259 262 265 266 272 273 277 278 282 284 290 
66 1 99 102 103 107 111 115 119 120 121 122 126 127 129 130 133 135 137 139 147 151 152 157 183 187 192 196 199 201 207 208 211 212 213 215 216 217 218 220 221 228 232 238 241 242 250 259 260 264 266 268 270 271 272 
42 99 103 106 108 110 112 120 121 122 123 127 131 132 133 134 136 139 147 155 157 158 161 163 166 167 170 172 173 178 180 185 187 188 210 217 219 223 224 227 230 234 238 244 246 248 250 252 254 255 257 262 265 270 272 273 274 276 278 279 280 281 283 286 291 
26 155 156 161 176 187 206 218 266 280 288 289 
74 98 104 107 116 117 118 120 122 126 128 135 136 137 143 144 151 152 156 157 161 163 168 170 171 173 176 182 183 194 199 200 204 205 206 207 208 210 214 215 217 221 222 225 227 242 256 257 260 263 265 281 284 287 
36 2 52 25 95 48 22 28 74 67 75 32 81 96 33 64 36 20 12 39 33 73 42 44 35 98 86 3 77 67 42 11 43 88 90 95 58 58 58 17 12 34 82 59 9 42 86 80 15 2 91 9 55 90 49 92 48 89 94 64 78 45 93 32 58 37 78 13 28 38 75 8 38 52 35 57 83 72 77 15 40 15 27 4 90 2 20 70 89 36 92 72 55 34 42 72 82 88 91 90 49 78 13 96 66 2 71 44 41 87 31 7 87 48 51 68 42 41 80 11 6 9 43 97 94 53 30 84 2 92 15 50 97 62 36 14 78 91 11 69 27 63 20 80 46 9 53 85 17 84 33 76 67 23 16 33 98 36 46 43 29 1 15 71 70 42 78 69 64 55 22 89 50 26 65 41 14 78 50 39 80 60 27 66 68 15 90 57 18 95 1 72 6 10 70 83 52 2 71 50 45 87 9 58 100 22 86 45 4 17 23 86 21 67 65 18 63 9 13 67 98 54 85 80 78 49 19 19 9 14 16 22 24 18 78 77 76 24 50 33 77 33 50 20 78 60 67 86 4 41 31 71 90 89 5 62 39 45 30 59 74 99 66 18 60 33 17 64 74 23 97 85 20 93 71 29 60 69 75 57 2 28 73 76 40 70 48 78 83 56 71 
