196 294
72 109 110 121 124 130 138 140 146 160 173 183 185 194 221 241 248 256 259 269 281 289 294 
20 110 112 121 126 128 141 146 163 178 186 189 191 192 205 214 230 235 268 281 283 294 
34 101 198 224 236 242 255 
19 1 100 104 111 122 124 125 134 135 138 159 163 168 174 180 186 190 198 200 201 204 206 207 211 213 216 218 224 227 233 234 235 244 250 254 260 261 272 273 276 277 279 283 288 290 
93 101 109 116 117 118 120 126 127 132 133 139 147 151 156 164 173 175 176 180 185 186 187 191 194 197 204 207 209 213 217 221 232 234 242 251 259 262 263 270 278 283 287 288 289 
96 1 100 103 105 112 114 115 121 123 125 129 130 135 137 138 142 151 152 154 156 158 161 166 169 170 172 174 177 178 185 186 190 191 196 198 206 209 210 220 222 225 229 233 234 236 237 239 241 242 244 249 250 251 252 256 257 259 260 263 264 265 267 268 269 270 273 277 280 282 284 287 288 289 291 292 
32 102 105 120 137 142 147 162 170 185 195 202 241 247 248 261 267 271 274 
7 117 122 123 134 139 142 157 161 180 183 190 194 198 206 207 215 221 230 235 262 274 279 284 285 290 
26 101 104 105 106 107 114 115 117 123 124 129 133 135 138 139 145 148 151 153 155 159 165 166 168 171 172 173 174 179 198 202 203 206 207 209 211 213 214 216 217 218 219 221 222 225 226 228 232 234 235 237 238 239 240 241 242 244 249 251 253 255 257 258 260 261 263 265 268 273 278 281 283 289 292 293 
7 149 157 160 183 187 188 206 241 271 282 
36 100 102 112 119 125 126 131 144 150 152 160 169 175 181 182 183 202 203 208 212 214 219 222 223 225 230 231 236 237 241 249 250 251 252 257 260 270 273 284 293 294 
59 1 99 116 136 152 181 187 251 267 275 284 291 
63 99 100 106 107 109 114 131 132 133 134 136 157 158 161 164 165 169 175 176 180 183 198 200 201 202 205 208 209 217 222 229 237 240 242 244 251 257 259 262 265 267 268 269 282 283 292 293 
13 1 100 104 105 114 121 131 132 133 141 145 148 159 160 161 162 169 173 178 180 182 185 187 189 193 195 198 205 210 219 225 228 238 247 249 253 254 256 261 263 269 270 275 278 284 287 
16 101 110 127 162 171 176 197 211 212 215 235 245 246 266 271 274 275 
93 115 118 123 132 135 136 143 149 150 154 159 169 174 181 183 190 201 210 214 229 235 246 254 260 276 277 280 281 285 294 
34 101 102 104 106 107 121 123 130 135 137 140 141 146 150 151 154 156 157 159 161 170 174 178 182 183 184 199 200 201 207 218 238 246 250 268 275 278 281 282 292 
28 184 195 249 269 
77 103 105 115 116 119 125 126 127 128 133 135 136 137 140 143 144 147 151 161 163 172 174 176 180 182 184 185 191 192 193 196 197 202 211 212 216 218 220 221 223 224 225 226 229 231 232 234 235 238 239 243 245 246 249 256 257 258 273 276 285 286 288 292 
56 105 126 133 135 142 157 162 185 205 263 281 282 284 
72 1 100 101 110 112 120 121 127 129 133 137 138 140 141 146 148 152 153 154 157 158 160 163 166 169 174 175 176 180 184 188 193 196 197 200 204 205 208 211 216 218 222 228 233 241 245 247 248 253 254 257 267 268 271 272 280 283 287 289 293 
53 102 104 113 115 117 118 119 120 121 126 129 130 133 134 138 152 157 163 164 171 178 204 207 224 225 231 232 234 243 253 260 271 282 285 289 290 
52 1 102 105 106 109 110 115 116 117 120 123 124 125 126 132 133 137 140 143 144 145 147 148 151 152 157 159 162 165 170 171 174 177 180 181 182 188 189 193 195 201 205 206 210 213 218 220 221 229 232 238 240 243 253 255 260 261 263 264 265 266 267 272 274 276 279 280 284 285 286 287 292 294 
18 124 125 158 212 213 238 275 282 
98 137 140 198 258 
88 101 102 108 109 111 112 113 115 118 119 121 122 125 134 140 150 159 161 162 174 181 187 190 192 193 198 205 210 212 213 217 221 222 223 225 228 229 240 245 248 251 253 254 259 265 266 268 271 274 277 282 284 289 290 292 294 
83 1 110 127 128 133 134 141 155 160 162 170 177 184 188 190 191 198 199 204 207 211 212 215 216 218 220 222 225 240 260 262 270 272 274 275 
35 1 118 134 145 156 164 167 171 182 198 205 213 217 218 234 236 249 257 275 294 
80 200 204 210 266 291 
69 1 100 109 113 114 117 120 121 122 124 125 130 134 135 141 145 147 149 152 154 156 158 162 168 169 177 179 181 182 190 191 193 195 201 208 210 212 214 219 221 222 228 229 231 233 252 256 259 261 263 268 277 281 284 285 
53 1 99 103 112 115 125 129 130 136 137 142 143 145 146 149 150 154 159 170 171 178 185 190 195 202 203 204 208 211 218 221 224 226 228 230 234 235 244 246 251 252 253 254 265 266 270 274 280 292 
63 99 103 106 110 128 129 131 134 145 149 150 153 155 156 159 160 163 164 166 167 170 171 172 180 186 187 189 190 194 198 203 204 205 207 210 212 213 214 215 216 218 222 225 227 232 234 239 241 255 261 264 268 274 277 279 281 282 292 
21 100 101 103 105 108 112 118 134 137 146 148 158 159 160 161 173 186 193 198 205 207 222 224 232 241 262 268 276 280 284 
70 102 105 106 109 110 113 114 117 122 123 125 126 130 135 137 138 140 142 145 156 161 165 173 174 176 180 183 187 188 189 195 200 205 211 212 213 223 227 228 229 230 238 242 243 248 250 255 270 277 282 284 285 291 292 
21 106 108 113 117 123 136 140 145 148 162 164 175 181 196 204 206 215 230 234 265 266 270 272 275 279 290 291 
48 102 131 144 154 168 170 184 190 193 200 221 224 235 243 246 253 257 261 262 278 285 
29 1 100 107 108 109 115 117 118 119 120 127 132 134 137 138 139 140 142 143 144 145 149 157 167 168 170 179 180 185 187 193 195 197 198 200 204 205 217 226 230 232 233 236 239 240 241 244 249 250 251 252 254 255 256 264 272 273 276 277 281 282 284 285 286 287 288 291 294 
64 99 119 125 134 139 140 150 162 163 189 218 233 294 
32 104 117 126 127 134 137 142 155 160 171 175 183 185 192 196 200 205 207 211 225 226 247 258 275 282 286 
94 100 104 109 110 111 114 116 134 137 139 141 144 145 146 154 165 170 171 172 175 176 181 183 184 186 190 191 192 193 198 201 202 206 211 214 216 219 220 224 226 227 228 229 232 233 234 235 236 237 238 243 245 246 249 250 254 261 262 272 276 280 283 284 287 288 289 291 293 294 
63 102 103 104 106 119 127 133 143 145 146 148 154 156 160 161 162 163 167 168 173 177 180 188 198 199 201 208 209 214 216 219 222 230 236 240 244 245 246 250 252 256 257 259 261 268 278 284 290 
99 1 101 105 106 107 114 116 120 121 122 129 130 131 135 137 138 140 143 144 149 151 154 158 160 161 164 168 169 170 174 175 176 180 181 184 197 199 202 204 209 218 222 231 233 235 237 247 253 257 258 265 275 277 286 289 290 293 
97 101 107 108 113 115 117 118 119 120 123 124 128 131 134 142 144 147 148 154 155 157 158 159 160 165 175 183 184 185 190 193 195 199 202 203 207 210 218 219 221 222 225 226 229 233 238 243 249 255 257 265 266 269 274 277 280 281 282 285 294 
62 99 100 108 110 113 120 131 133 141 146 147 152 155 157 158 162 168 171 174 176 178 180 185 186 191 193 202 205 208 214 220 221 222 224 228 229 232 234 236 239 241 244 250 251 253 254 258 260 262 265 266 269 271 272 274 280 281 282 288 289 291 292 293 294 
24 104 106 113 117 119 122 124 131 137 141 142 165 168 172 175 176 180 192 193 199 212 215 224 227 229 231 248 251 258 263 270 275 279 282 290 
36 1 102 105 108 111 114 117 120 122 125 128 130 133 136 137 145 146 147 149 152 156 159 164 167 172 173 174 175 178 182 183 184 186 193 194 195 196 202 208 223 230 233 235 247 252 255 260 261 263 264 266 271 273 276 277 283 284 287 291 292 
33 1 99 102 106 121 129 138 142 150 153 154 155 158 159 162 168 169 175 176 179 181 198 199 200 207 216 232 236 242 244 245 252 256 257 258 266 268 269 270 273 275 287 289 
64 101 105 108 112 115 117 122 124 128 130 133 144 146 148 149 150 151 152 154 155 161 162 164 170 173 174 184 190 197 199 200 205 206 207 208 209 214 219 220 227 229 230 231 233 236 241 246 247 252 255 256 262 266 270 272 277 280 281 286 293 294 
61 101 102 103 104 105 106 107 109 111 115 116 119 130 136 138 142 144 145 147 149 150 158 162 164 168 171 173 176 180 181 182 184 185 188 189 190 192 194 196 200 202 204 205 207 213 216 218 219 220 223 226 229 230 234 237 240 246 247 254 257 258 259 265 266 268 269 270 271 273 276 277 280 281 283 288 290 292 293 
45 99 100 105 111 115 140 146 150 157 164 168 169 170 173 177 182 189 193 194 201 203 206 207 220 222 225 227 233 237 248 252 254 265 269 271 273 275 278 288 291 293 
45 100 101 103 105 106 109 110 121 127 128 129 132 133 134 147 156 161 165 166 169 176 179 183 185 187 188 189 190 191 192 193 199 203 206 213 214 217 221 222 223 224 232 241 242 244 248 251 252 256 259 260 262 264 270 274 277 279 280 283 284 286 288 289 291 
16 130 148 153 160 170 210 235 239 277 
84 109 114 118 119 132 137 138 140 141 144 146 152 153 155 159 160 164 166 168 170 171 173 174 184 185 190 192 197 199 208 213 215 247 248 249 253 257 264 269 270 274 277 280 282 284 290 291 294 
17 100 104 105 113 115 117 118 120 122 123 124 132 137 145 147 150 154 156 162 172 173 179 180 181 183 184 188 194 195 200 202 205 207 209 214 215 216 218 224 226 234 245 248 249 250 251 253 255 258 261 269 273 274 283 289 
28 99 108 112 113 117 127 129 133 137 145 150 158 166 172 174 175 182 185 187 188 193 206 209 210 217 226 231 236 239 243 248 252 253 254 257 265 267 268 269 272 274 283 
100 106 118 137 138 146 159 161 162 165 189 195 209 214 215 221 225 240 247 249 251 255 265 268 270 271 273 280 284 291 
48 1 99 100 102 103 110 112 114 115 118 121 123 124 127 128 130 132 135 143 144 155 159 161 169 173 178 179 180 182 183 184 185 190 195 196 199 203 204 206 208 209 212 214 215 216 217 220 227 231 236 240 241 243 249 252 256 258 259 264 268 270 273 279 281 282 289 291 294 
6 101 104 106 108 120 125 126 131 133 137 141 146 159 163 165 167 170 173 175 176 179 182 185 186 188 194 196 198 199 204 205 210 212 213 217 226 231 233 237 241 248 250 254 258 259 262 267 272 274 278 281 291 
47 1 100 101 102 106 108 109 112 116 117 119 121 123 124 125 126 128 129 131 140 141 145 148 150 151 152 157 161 162 167 168 169 179 182 183 185 187 188 190 194 196 197 198 201 202 205 211 218 219 228 231 234 235 240 246 250 251 260 262 270 273 276 281 282 286 288 292 293 294 
31 122 133 137 144 145 148 150 159 164 175 186 190 197 200 205 212 224 226 227 229 237 250 254 276 277 282 286 290 
2 106 108 131 143 148 152 156 161 162 171 178 181 182 186 188 192 199 206 211 218 221 223 227 229 235 236 241 242 249 254 261 262 266 267 275 276 282 287 
57 1 99 100 102 105 113 114 116 120 121 123 126 131 133 136 137 142 151 152 153 155 162 163 164 170 172 174 180 183 185 192 194 195 202 204 206 207 212 213 214 216 217 221 222 223 228 230 231 236 238 239 245 247 255 256 257 264 266 267 268 269 271 272 273 275 278 281 282 286 288 290 292 294 
97 104 107 108 109 116 118 120 126 127 130 132 133 138 141 149 153 154 156 157 161 166 167 168 172 173 175 183 184 187 192 195 196 203 204 210 218 219 221 226 238 239 244 246 252 258 259 264 266 269 270 276 277 280 282 283 284 285 288 291 293 294 
59 101 109 117 119 122 124 126 128 132 139 140 141 145 146 151 158 162 163 171 172 181 184 186 187 188 195 199 200 202 206 213 214 218 222 224 227 230 240 242 244 252 253 254 262 271 291 
64 1 108 130 170 173 190 202 222 262 290 
7 101 151 163 169 180 184 194 215 221 228 243 268 283 285 
1 103 113 122 137 149 154 165 166 171 182 186 194 200 204 219 220 226 231 251 267 273 282 286 
68 100 102 109 122 128 129 132 162 170 172 193 197 199 206 213 245 254 259 261 263 271 275 278 281 284 286 289 
35 99 100 106 110 113 114 121 125 140 142 145 152 154 159 172 174 186 187 189 190 195 196 197 198 205 210 217 222 227 232 233 235 236 237 241 248 254 256 258 260 268 269 279 286 288 290 293 
54 99 108 113 116 118 121 123 125 132 133 139 140 143 144 148 149 152 157 164 165 166 169 171 175 176 179 183 184 186 190 195 197 198 199 200 204 206 208 209 210 211 215 219 222 239 240 241 244 251 255 261 262 272 276 279 283 284 286 287 288 291 294 
71 101 105 110 113 114 118 125 130 134 139 140 147 148 149 155 159 166 167 171 173 179 181 182 183 184 185 196 200 215 220 234 238 244 246 247 252 257 265 271 275 279 287 289 294 
11 156 237 
88 1 104 107 108 110 111 112 113 121 122 131 134 138 141 142 149 150 153 159 160 161 166 171 174 179 181 182 186 193 194 196 199 204 205 206 207 210 213 214 215 216 220 224 225 226 227 230 231 232 234 236 237 240 243 248 249 251 255 259 260 263 264 266 271 276 280 286 288 289 292 293 
27 104 105 106 107 109 116 120 121 128 130 131 133 136 140 141 142 143 147 148 149 151 153 159 160 176 179 186 188 190 191 197 202 203 207 209 212 213 219 225 228 229 230 239 242 244 245 246 247 251 253 255 257 260 261 262 267 268 271 279 281 283 286 288 289 290 291 293 
99 102 107 108 112 124 129 137 138 165 168 171 173 180 181 182 185 193 210 217 220 230 247 248 257 258 264 271 277 287 
38 146 168 171 183 226 232 287 
38 103 150 185 210 232 246 293 
9 102 124 146 208 232 242 249 253 258 267 269 
95 107 114 116 122 127 133 135 142 149 154 155 161 165 168 170 176 177 182 185 186 189 191 209 212 214 224 231 236 254 259 261 269 272 273 275 276 279 283 
96 100 104 106 118 120 135 138 144 162 163 164 167 169 171 190 191 195 203 204 208 209 213 218 223 243 251 257 259 260 261 263 264 267 277 278 292 294 
54 146 170 236 248 292 
98 117 118 121 126 128 134 137 143 156 157 158 162 169 173 176 189 196 198 212 220 224 235 236 239 240 246 248 250 251 252 256 258 277 278 286 292 294 
23 99 102 103 108 109 110 112 113 117 118 119 129 132 135 139 140 141 143 144 147 150 151 154 159 160 166 167 168 174 186 187 188 195 200 201 203 204 208 210 212 213 214 219 222 224 225 226 235 237 250 258 259 266 270 272 277 284 287 289 291 293 
100 107 114 115 118 120 121 122 128 132 135 136 138 139 140 141 143 145 146 149 160 162 170 171 172 173 176 182 184 185 189 196 198 199 202 203 209 214 215 217 225 230 232 237 240 245 246 250 254 256 258 260 261 262 263 268 273 277 282 287 289 294 
29 101 103 109 117 121 126 131 136 143 144 153 154 156 162 165 175 178 179 181 193 196 200 203 208 214 215 216 220 224 230 233 239 242 250 251 254 258 264 266 267 269 276 284 286 
17 1 100 101 102 103 105 112 116 120 121 122 124 126 130 134 137 142 144 150 151 153 158 163 166 168 171 177 178 179 180 184 185 187 190 194 195 196 197 198 201 203 204 205 206 210 213 214 219 221 231 237 238 239 240 241 242 244 245 247 248 258 259 260 262 263 266 268 270 273 274 278 280 281 282 283 287 288 289 
9 101 116 122 123 124 127 130 134 143 145 148 150 153 156 163 166 171 173 180 182 196 199 221 227 228 229 246 252 253 260 262 273 274 278 279 284 285 286 289 
96 107 116 124 134 150 151 164 176 183 191 192 195 202 207 210 217 218 224 228 243 251 268 282 285 
83 113 116 119 123 125 128 129 139 141 145 146 152 153 155 156 158 161 163 166 167 168 177 185 189 191 194 210 211 219 221 223 226 241 259 271 273 278 291 
1 102 103 107 114 116 125 126 127 130 131 132 138 146 148 149 151 153 154 158 160 161 163 164 168 169 170 172 175 176 179 182 183 190 193 195 196 197 200 202 203 205 207 208 213 215 220 221 222 224 226 227 228 230 231 234 237 244 246 247 251 257 259 260 266 267 270 273 274 281 282 291 
57 1 105 108 113 116 123 126 129 131 142 145 153 154 157 162 165 167 168 179 185 192 196 198 199 200 202 205 206 218 222 229 238 242 246 248 250 262 271 272 274 276 277 286 287 291 293 
13 1 104 106 108 115 118 121 125 128 130 131 132 136 139 140 143 144 145 149 153 154 165 171 182 184 185 198 201 202 206 210 212 215 222 229 230 241 247 255 257 259 263 264 265 268 271 279 282 288 292 294 
77 100 109 113 114 120 130 155 171 176 179 186 218 220 241 248 255 257 258 259 268 269 278 282 288 293 
80 1 106 115 116 118 119 123 124 126 134 135 136 139 140 145 146 147 150 156 157 158 159 162 167 169 170 177 178 183 186 188 190 191 194 195 200 202 203 206 209 211 213 217 219 220 221 223 228 229 232 233 234 236 241 242 245 251 252 254 255 256 262 263 264 265 269 274 277 278 279 280 282 283 287 291 
63 121 127 129 130 138 146 247 251 253 276 286 287 288 
94 100 105 118 119 123 126 127 130 131 133 137 139 140 141 142 148 149 155 156 157 161 170 178 179 199 202 204 211 214 219 224 225 229 232 233 234 236 245 246 247 252 253 255 262 264 269 270 274 275 276 278 283 286 288 289 290 291 
8 99 111 124 127 128 136 139 145 167 175 179 180 181 189 197 199 204 207 208 209 210 212 213 217 227 242 257 263 265 268 269 271 274 278 279 
86 107 115 119 121 123 125 137 138 139 145 148 150 155 159 163 167 171 174 182 183 184 188 196 200 204 205 211 212 213 215 218 220 224 227 230 231 235 237 245 248 252 260 261 262 266 275 277 286 292 
63 101 103 106 112 113 116 117 120 126 127 128 129 130 132 134 156 157 158 163 165 168 169 171 172 174 175 185 187 189 192 197 199 201 204 205 208 211 212 216 217 218 220 223 233 235 237 238 242 243 245 247 251 253 256 257 258 259 260 264 265 266 267 270 271 274 276 277 280 281 284 288 292 
40 1 103 107 109 111 112 114 115 117 121 126 137 139 142 155 162 177 202 214 226 229 243 254 265 267 275 289 291 
62 1 111 122 130 138 151 156 158 178 200 202 208 216 218 225 233 237 238 240 248 256 257 265 266 287 
100 1 100 101 102 106 108 110 112 117 123 124 127 130 133 137 142 143 145 146 149 152 167 168 169 171 177 178 179 187 188 189 195 197 200 202 206 209 212 214 215 219 220 221 222 224 225 228 231 234 238 242 249 251 256 263 264 266 267 273 275 278 280 281 283 284 290 
76 99 100 104 105 110 113 114 126 146 160 161 165 170 172 175 178 180 187 190 191 196 200 204 211 215 238 248 262 264 272 289 
98 103 147 149 150 162 195 211 221 233 258 277 282 
79 100 105 114 115 119 122 123 125 126 129 130 131 139 140 141 143 145 146 148 150 155 158 161 163 164 168 174 175 178 181 182 189 190 203 204 210 220 228 229 231 232 233 234 236 237 238 239 242 245 247 248 250 262 266 267 274 277 279 281 283 285 289 
81 132 142 149 156 157 160 189 193 197 208 216 218 224 252 257 272 279 280 281 
56 102 112 121 122 130 131 145 148 153 158 160 171 179 185 193 201 204 208 209 212 218 220 232 237 242 255 277 278 286 
29 99 115 145 198 199 209 215 219 231 235 238 247 249 256 271 279 287 289 
94 101 102 103 106 109 117 132 134 139 140 143 144 148 151 152 153 154 155 160 163 171 172 175 176 177 179 185 188 191 195 196 197 200 210 217 222 224 226 229 232 234 243 245 255 272 278 280 282 284 289 293 
4 1 104 106 113 122 133 134 143 148 149 162 164 170 173 178 182 183 185 194 214 215 228 229 231 235 245 250 262 280 283 285 288 
78 99 102 108 113 117 118 122 125 131 132 135 137 140 143 145 156 157 158 160 163 164 165 166 168 171 178 179 180 181 182 190 198 206 211 213 216 219 220 221 228 232 235 238 240 243 244 247 257 258 262 264 267 273 274 276 279 281 286 
7 106 107 111 113 120 122 125 132 135 141 151 160 165 176 182 189 194 196 199 205 210 219 224 228 238 244 245 251 255 259 264 274 277 282 285 287 288 294 
95 99 125 138 141 149 150 171 174 179 180 223 245 248 259 267 
79 108 111 135 160 164 196 235 238 277 290 
32 100 106 109 111 115 117 120 125 126 130 141 143 144 151 152 153 155 158 160 164 171 173 174 176 179 185 186 188 189 190 193 194 197 200 202 212 213 215 223 225 227 228 229 231 233 239 240 242 244 248 259 261 263 265 276 277 278 282 286 287 289 291 293 
72 111 115 116 119 125 138 141 150 159 172 184 188 192 197 201 216 230 231 234 238 239 248 252 253 260 265 285 286 
25 102 105 108 110 115 118 119 120 122 125 130 140 142 143 146 147 149 154 155 159 163 165 167 168 171 177 178 179 183 186 191 197 206 209 215 224 225 227 228 232 233 234 237 238 240 241 246 249 250 254 256 258 263 264 265 266 268 277 283 285 287 291 292 293 
49 1 99 104 106 110 111 116 118 119 125 128 129 135 136 142 143 144 151 160 161 162 163 164 165 166 167 175 176 180 181 186 187 189 192 193 196 198 201 206 210 212 217 219 221 222 223 224 225 232 236 243 244 247 248 253 254 257 261 262 264 265 270 272 273 274 277 280 282 286 287 294 
69 1 101 103 108 109 116 119 129 136 137 141 150 154 164 166 169 173 178 186 188 196 197 207 208 215 218 219 222 225 231 233 238 239 249 252 255 281 293 294 
56 102 103 112 116 119 126 127 128 131 132 137 139 147 149 151 153 161 162 167 168 169 177 188 192 195 200 202 204 206 220 227 228 230 232 233 237 238 241 243 244 247 248 249 258 260 261 265 266 267 269 271 272 277 281 288 289 292 294 
13 99 102 103 105 107 110 112 114 118 119 122 123 124 131 132 139 142 143 149 154 157 163 166 168 169 174 176 179 183 184 185 187 188 189 190 199 200 203 216 219 221 222 223 224 228 234 238 239 240 242 246 247 248 250 257 258 260 261 262 263 266 269 271 272 273 276 280 284 287 289 290 293 294 
23 118 133 134 152 155 164 175 182 187 199 201 229 245 246 262 270 271 272 279 293 294 
12 102 104 105 106 108 113 115 117 120 126 127 137 141 144 153 154 158 163 164 168 175 176 177 179 185 192 198 206 210 216 222 223 225 229 231 232 238 244 245 255 257 258 262 268 270 273 274 281 282 287 289 
77 100 103 117 133 146 157 168 171 176 178 180 193 194 211 219 232 245 249 258 261 262 268 274 279 284 286 287 288 294 
93 144 273 
21 119 145 147 157 159 160 178 181 182 187 193 197 208 209 211 213 215 226 227 236 239 243 259 264 279 282 284 287 293 
7 1 102 104 105 106 108 112 113 116 117 118 120 121 134 135 140 142 143 145 146 147 148 151 152 154 162 163 165 166 167 174 178 180 184 187 193 194 195 203 204 210 211 213 214 221 222 223 228 229 234 236 237 241 247 249 250 252 254 255 256 260 262 267 268 273 275 279 280 282 283 284 290 291 292 293 
53 1 99 105 106 110 112 113 114 118 119 133 138 142 145 146 148 151 156 166 167 184 186 188 199 215 220 222 224 228 236 239 242 246 255 261 264 265 269 271 277 278 281 282 283 285 290 291 292 293 294 
78 101 105 108 117 119 128 130 136 137 139 141 142 144 150 152 160 162 163 165 175 183 185 187 188 193 194 198 201 206 211 220 228 229 233 245 246 249 250 258 263 267 268 270 273 281 287 289 292 293 
19 99 101 102 107 112 114 116 127 128 133 138 141 142 147 148 150 151 152 153 155 156 159 176 177 178 181 188 189 192 195 196 210 212 214 215 223 235 245 249 251 254 258 259 261 262 269 270 276 283 288 293 
76 102 108 109 111 114 123 124 125 128 134 136 138 139 141 142 143 146 150 154 155 156 157 159 160 165 168 169 170 173 174 179 180 182 188 189 191 192 195 199 201 203 205 209 210 212 215 220 222 223 225 226 228 229 233 234 235 238 239 241 244 245 249 255 260 266 268 273 274 287 288 291 292 
5 133 180 182 183 191 210 216 234 237 263 264 265 266 269 275 282 292 
61 1 100 102 103 104 105 108 112 119 122 126 128 135 142 146 154 156 157 160 163 165 175 176 183 184 186 198 206 215 219 223 228 231 233 236 237 244 248 251 253 255 258 264 270 275 277 278 281 288 
86 107 131 132 153 159 173 175 176 182 184 186 194 200 202 206 208 227 229 231 237 250 288 
28 110 118 124 139 174 178 180 183 189 201 215 229 232 239 252 266 270 275 287 
23 110 113 121 123 124 126 131 139 144 148 149 153 155 165 184 185 188 189 190 193 194 202 204 207 216 230 232 241 247 257 259 261 262 285 
43 99 108 109 117 118 120 122 129 135 136 142 145 146 162 164 165 168 175 179 181 187 188 189 191 193 196 204 209 211 235 238 239 240 248 250 251 253 257 258 260 262 273 277 280 281 282 285 289 290 292 294 
82 103 109 111 115 222 224 248 254 257 262 275 
6 1 101 104 105 111 115 116 118 120 127 129 137 140 144 145 147 149 151 152 156 157 159 163 167 170 174 175 176 185 187 188 193 194 196 200 201 207 223 224 231 232 234 241 242 247 248 249 259 263 268 270 274 276 279 280 290 291 293 
51 102 103 104 108 111 112 113 114 115 116 117 123 124 125 127 130 135 139 140 141 144 147 148 155 157 161 166 168 170 171 174 176 182 187 193 194 202 209 223 231 235 236 248 249 256 258 265 269 275 280 286 288 291 292 
49 1 99 100 102 111 112 114 119 120 128 129 133 136 139 140 141 146 149 160 161 168 169 170 171 172 174 175 178 179 182 184 185 187 191 193 194 202 203 206 213 214 217 218 224 230 244 247 254 256 257 258 266 269 270 274 279 286 289 291 294 
86 102 104 107 114 118 127 131 132 160 161 168 169 170 180 188 190 193 217 222 237 248 249 256 261 263 268 281 291 
100 100 101 107 113 115 118 124 125 126 127 128 129 132 143 144 152 154 158 166 167 168 170 171 177 178 186 188 200 202 206 210 214 215 217 218 220 221 222 226 230 231 234 238 245 249 257 271 273 274 280 285 286 287 294 
72 102 106 111 130 132 140 164 171 180 191 199 201 203 208 209 220 221 227 237 249 263 268 269 277 290 
16 106 112 113 124 128 129 134 138 144 145 176 178 179 182 186 188 191 211 214 215 216 222 227 230 244 253 268 269 272 293 
74 101 104 110 111 114 123 127 137 138 141 142 147 157 168 169 170 177 180 181 182 183 184 195 196 199 201 208 210 226 230 240 243 257 260 275 281 285 287 288 290 
12 113 120 133 151 164 173 190 210 211 215 218 220 238 244 252 265 286 289 290 292 294 
53 1 100 101 102 103 104 106 108 111 112 113 116 120 121 124 125 130 133 134 140 142 145 147 151 155 167 172 173 175 178 180 181 190 191 192 193 194 195 197 199 200 201 209 211 212 213 214 216 219 221 225 229 232 233 237 239 240 242 245 251 254 258 261 262 263 267 268 273 275 282 284 286 291 294 
19 99 102 105 111 115 116 117 119 120 123 125 126 127 132 137 143 145 149 150 154 159 160 161 162 163 166 171 172 173 174 175 176 179 185 190 198 201 205 211 214 216 218 221 222 226 228 232 234 245 262 266 268 269 270 275 285 288 291 292 294 
18 113 137 148 151 160 163 173 177 224 230 232 241 261 287 288 
69 1 99 100 101 103 108 110 117 122 123 125 129 133 136 144 147 148 150 151 153 156 157 165 167 168 169 176 180 184 185 197 204 206 211 212 217 224 227 228 229 236 237 242 245 249 251 252 253 256 259 263 265 276 277 282 285 289 
98 99 101 102 104 105 106 109 111 112 115 117 118 126 128 129 131 134 136 138 139 142 146 153 155 156 161 162 163 171 174 177 178 179 181 182 183 187 189 192 196 197 198 200 201 206 210 212 213 215 219 222 226 229 230 232 233 238 242 245 247 248 250 251 252 253 258 260 261 262 264 269 270 271 283 284 286 293 
72 105 219 221 253 274 
88 108 111 116 119 121 122 123 124 134 135 136 140 141 142 144 145 147 152 159 165 166 168 169 170 173 174 177 178 183 185 190 193 194 199 200 204 215 231 232 238 241 244 245 246 249 251 252 256 260 261 264 266 268 273 275 282 283 285 287 292 293 
29 1 108 116 129 142 145 147 149 152 156 157 173 174 182 183 201 204 205 206 209 210 216 228 234 242 244 245 248 252 259 262 263 284 285 291 292 
91 101 102 104 109 116 117 118 124 132 138 139 141 157 160 166 172 175 188 189 191 197 216 218 219 229 239 240 244 245 248 249 252 254 270 271 273 283 286 288 292 
49 99 102 103 104 109 115 116 119 121 123 126 133 134 136 144 145 150 152 153 155 157 158 170 173 174 175 178 182 184 189 192 194 195 196 201 212 214 216 217 221 222 223 227 228 231 234 235 240 241 244 245 248 252 253 254 255 256 258 259 263 266 267 273 274 275 278 279 281 283 284 285 290 292 293 
8 110 115 116 128 133 137 138 172 181 201 207 215 217 219 222 224 225 237 247 257 265 268 270 274 278 286 291 
21 1 99 100 102 108 111 114 117 124 125 128 131 133 136 137 138 141 142 144 145 147 152 153 154 157 158 159 162 163 165 166 167 168 171 173 174 175 176 177 179 182 183 185 188 192 194 197 206 208 211 213 214 215 217 218 224 225 231 233 237 239 242 245 247 253 254 255 264 270 272 274 275 282 286 287 292 
40 99 112 114 125 127 128 131 133 136 140 142 143 147 149 151 152 157 158 160 163 165 166 170 172 175 176 177 181 182 190 191 193 194 196 198 209 210 213 215 216 217 221 224 225 226 228 229 232 235 239 240 241 243 244 247 248 261 270 272 275 284 285 288 289 
39 108 116 128 144 170 172 177 181 194 196 205 207 208 209 217 222 236 240 250 251 276 287 291 
11 99 103 105 107 110 118 121 122 126 130 131 135 144 146 147 148 154 156 157 164 170 173 175 178 183 185 186 187 189 191 192 195 202 203 205 206 210 225 226 227 231 232 235 237 241 242 243 244 249 251 252 254 260 262 268 276 278 283 286 289 
5 1 112 113 117 120 122 124 125 126 127 128 130 132 134 135 137 138 149 150 152 154 156 157 159 162 163 164 165 167 170 180 181 184 185 188 189 190 193 194 195 196 197 201 202 205 207 209 210 216 217 227 228 232 233 234 243 245 247 249 250 259 263 269 271 272 275 276 277 280 281 282 284 286 287 288 290 
64 101 105 109 110 112 113 115 118 120 122 126 127 130 139 141 142 144 145 152 154 159 161 165 169 171 172 176 184 188 191 193 196 199 201 206 207 208 210 215 217 222 223 224 226 227 228 231 234 235 242 246 248 258 259 262 266 269 275 288 292 
10 1 99 101 102 107 108 110 114 115 118 119 122 123 126 130 131 132 134 138 143 148 153 162 164 177 185 186 190 193 196 198 200 201 203 207 208 209 211 215 216 218 220 222 225 226 228 231 234 236 238 243 245 246 253 254 256 258 259 260 261 263 265 269 271 272 274 277 278 280 282 284 287 294 
74 99 100 122 132 157 169 171 185 188 193 200 215 216 219 235 240 248 261 263 268 272 
72 1 105 110 112 119 120 125 130 133 135 137 138 146 149 152 154 159 160 166 167 177 197 201 202 208 222 223 225 233 235 240 244 250 253 254 257 261 270 272 277 278 280 283 292 294 
18 114 138 152 192 233 244 256 257 290 
68 101 102 103 110 113 114 119 120 121 126 131 135 143 149 152 162 170 171 174 179 181 187 189 190 197 198 205 206 207 208 212 214 215 216 224 225 232 239 245 251 253 255 256 260 265 268 276 278 280 281 285 289 290 291 
31 124 128 132 139 140 155 160 181 213 253 258 270 
44 1 100 103 104 116 118 121 122 125 127 136 149 161 163 164 175 177 178 179 180 189 190 193 194 197 198 199 207 211 213 218 223 224 226 230 231 235 240 241 243 247 249 263 279 284 285 286 
84 1 103 104 106 108 109 114 115 117 118 123 124 125 126 127 130 132 135 136 137 140 147 148 152 153 157 166 171 174 177 178 183 191 195 196 200 203 209 210 213 214 215 217 220 223 224 225 226 229 234 235 237 242 245 247 257 259 260 262 264 265 267 268 269 270 272 273 274 275 284 286 287 294 
41 104 106 109 114 117 120 125 129 133 136 139 147 150 151 155 156 158 162 164 165 168 171 172 173 177 187 190 191 195 201 204 205 211 213 215 227 230 231 235 237 242 247 248 254 259 271 273 283 287 291 
5 104 107 135 141 147 149 156 157 167 168 169 173 174 212 215 217 227 245 251 252 256 264 271 274 280 283 
82 99 103 124 127 149 159 204 222 277 280 
72 1 99 100 101 102 109 118 121 122 127 130 132 134 138 141 153 156 159 163 171 175 178 181 183 184 186 188 189 194 195 208 212 222 224 225 226 227 236 242 245 247 249 253 257 258 259 260 262 263 265 271 276 277 283 291 294 
88 111 135 202 204 207 244 260 286 293 
38 99 107 108 109 111 116 119 124 125 136 137 144 145 146 148 151 152 153 158 159 160 161 162 164 166 170 176 179 181 184 185 188 189 192 193 197 198 201 208 212 213 214 219 225 228 230 231 235 237 239 245 247 249 252 253 254 255 257 258 270 272 274 275 276 278 281 283 285 286 287 288 
27 129 179 198 199 210 240 250 283 
47 1 101 103 104 105 107 109 112 113 115 116 117 126 128 133 134 135 140 149 156 159 160 161 175 179 182 184 189 190 191 193 196 197 204 210 212 215 216 221 227 228 233 234 238 241 244 246 248 249 250 252 254 255 261 263 269 270 276 277 280 282 284 285 288 289 291 292 294 
32 110 111 112 118 128 132 139 143 144 159 187 191 192 193 202 220 221 234 242 243 255 265 286 
68 1 122 130 144 147 165 171 189 233 248 254 258 266 273 277 288 
95 110 120 178 187 275 
47 119 143 152 175 183 189 192 193 206 210 215 232 236 248 257 259 270 280 
79 101 108 111 112 116 117 130 131 137 138 140 142 144 147 154 158 170 181 187 199 220 224 227 230 237 242 246 250 252 259 263 266 267 269 273 288 
50 102 104 109 122 125 129 132 135 136 140 142 143 144 146 155 156 159 168 169 176 180 183 185 189 192 195 199 201 208 211 214 216 222 223 226 227 231 242 245 249 251 252 255 260 270 272 283 285 
72 107 111 113 116 119 127 131 134 138 149 153 154 165 168 171 185 187 196 199 200 202 204 207 210 217 220 222 223 229 231 232 237 241 243 244 245 259 269 271 277 281 283 292 
76 110 115 116 118 128 133 135 136 140 143 145 146 161 163 164 167 171 175 177 200 202 206 222 225 246 252 280 285 287 289 290 
16 1 114 154 174 177 188 190 191 202 207 217 220 222 248 255 263 264 271 273 277 286 288 292 
54 100 104 113 115 126 128 138 141 142 143 144 148 158 159 165 170 173 175 176 180 181 182 184 185 199 200 209 212 219 220 223 226 230 235 243 256 261 267 277 280 281 286 287 289 
29 106 107 109 110 128 129 135 145 146 161 169 170 172 174 175 186 188 191 196 206 207 209 210 215 217 218 225 233 235 239 245 255 257 261 262 264 268 274 286 289 290 291 
24 99 100 109 113 114 117 120 123 125 127 128 129 132 136 137 140 141 147 148 150 152 156 162 163 164 167 172 173 175 177 180 187 188 191 192 193 195 197 198 199 201 207 209 214 215 216 221 227 232 233 234 238 239 244 245 247 249 250 255 257 261 262 265 270 272 273 276 279 281 282 284 285 290 
45 113 116 120 137 139 141 147 148 151 156 159 164 165 169 170 175 183 188 189 194 203 210 228 231 233 234 238 253 254 269 282 285 289 
36 99 103 104 106 109 112 114 117 118 121 122 125 130 137 140 144 146 159 162 170 175 184 186 193 206 211 212 213 214 218 221 235 244 245 248 253 256 258 267 269 273 274 275 280 282 288 290 
87 102 116 117 118 119 121 135 138 145 148 153 170 171 174 181 183 188 195 204 208 220 221 222 224 226 227 228 229 233 239 240 253 254 261 264 280 287 292 294 
97 1 99 133 140 161 164 177 178 184 191 193 198 206 208 210 220 226 240 245 247 265 275 278 283 287 289 291 294 
90 18 76 50 9 79 43 89 34 60 41 77 19 55 9 78 76 86 51 59 10 76 68 70 23 1 85 69 73 65 82 47 25 95 97 86 31 87 36 32 26 15 88 29 3 27 2 64 95 100 27 26 77 57 46 41 28 52 93 79 47 65 74 21 46 11 12 95 59 65 48 94 84 42 89 7 92 76 16 31 70 8 65 90 65 25 82 42 9 31 76 25 16 27 86 91 76 66 4 66 12 6 12 24 91 95 56 9 41 55 96 21 85 9 18 86 12 54 72 27 65 21 15 97 25 100 55 13 3 99 72 51 61 49 67 77 85 34 69 74 22 72 37 95 49 75 97 5 53 52 28 51 30 67 10 49 31 90 59 12 24 8 36 100 84 98 6 60 71 96 59 76 13 15 97 16 24 43 85 61 27 5 32 7 77 34 22 49 31 62 96 95 82 77 9 83 81 93 29 18 1 81 28 64 69 75 95 79 94 7 78 73 12 8 70 33 66 60 92 40 87 74 33 89 41 55 86 25 29 100 76 38 31 24 37 64 74 20 57 77 23 56 66 32 2 75 100 90 83 69 61 10 59 11 80 65 7 71 44 91 94 84 30 19 8 48 23 87 16 87 65 3 92 39 34 84 32 62 54 34 88 37 8 80 64 30 63 88 52 91 76 53 42 65 
